MountainCar_std1_higher,IWMean,ReturnMean,AvgEpLen,Delta,ReturnMin,Bound,NumTrajectories,DenMISEMeanLog,ReturnMax,IWFirstEpisode,MinEpLen,GridSize,MountainCar_std0_higher,TimeElapsed,MountainCar_mu1_higher,IWMin,ReturnStepMax,IWLastEpisode,NumTrainableParams,Iteration,Regret/t,ActionIn1,IWMax,DenMISELogFirst,ReturnLastEpisode,ReturnAbsMax,TimestepsSoFar,DenMISELogLast,Regret,MountainCar_mu0_higher
0.14999999,,-0.00015651323,999.0,0.060792707,-0.00015651323,inf,1,1.4356552,,,999,1,0.14999999,0.3794412612915039,-10.0,,0.001456627,,2,1,5.0001564,-11.526329,,1.4356552,-0.00015651323,0.00015651323,999,1.4356552,5.0001564,-1.0
0.14999999,,-1.1597964,999.0,0.0060792705,-2.3194363,inf,2,-0.9501108,,,999,4,0.14999999,1.0615100860595703,-10.0,,23.050936,,,2,6.159796,-9.041432,,0.7425081,-2.3194363,2.3194363,1998,-2.6427298,12.319592,1.0
0.14999999,,-2.415148,999.0,0.0027018983,-4.925852,inf,3,-0.72230345,,,999,4,0.14999999,1.4806091785430908,10.0,,50.64431,,,3,7.415148,9.064367,,0.337043,-4.925852,4.925852,2997,0.5442414,22.245445,-1.0
0.14999999,,-0.42487985,812.0,0.0015198176,-4.925852,inf,4,-0.74044013,5.545925,,251,4,0.14999999,1.6494226455688477,10.0,,91.5956,,,4,5.42488,11.232971,,0.049360912,5.545925,5.545925,3248,0.068196,21.69952,1.0
0.14999999,0.9999999,-2.0702345,849.4,0.0009726833,-8.651653,44.18827,5,-0.9020284,5.545925,,251,4,0.14999999,2.147495746612549,10.0,,98.267006,,,5,7.0702343,9.032681,4.9999995,-0.17378265,-8.651653,8.651653,4247,-0.65580684,35.351173,-1.0
0.14999999,0.9999998,-1.9159389,784.6666666666666,0.0006754746,-8.651653,39.02172,6,-0.6622298,5.545925,,251,4,0.14999999,2.4291141033172607,-10.0,,98.267006,,,6,6.915939,-11.311659,5.999999,-0.3561042,-1.1444606,8.651653,4708,0.75522363,41.495632,-1.0
0.14999999,1.0000001,-1.9776642,815.2857142857143,0.00049626693,-8.651653,37.8209,7,-0.65461683,5.545925,,251,4,0.14999999,2.841686964035034,-10.0,,98.267006,,,7,6.977664,-8.852837,7.0000005,-0.51025486,-2.3480172,8.651653,5707,-0.37718216,48.84365,1.0
0.14999999,1.0,-2.4243155,838.25,0.0003799544,-8.651653,35.609657,8,-0.56786764,5.545925,,251,4,0.14999999,3.3160722255706787,10.0,,98.267006,,,8,7.4243155,10.955962,8.0,-0.64378625,-5.550874,8.651653,6706,0.2809495,59.394524,1.0
0.14999999,1.9432016e-10,-2.6672504,856.1111111111111,0.00015010545,-8.651653,26673480000000.0,9,-0.48509726,5.545925,1.7488814e-09,251,9,0.14999999,3.6887965202331543,,,98.267006,,,9,7.6672506,1.4463762,1.7488814e-09,-0.7615693,-4.610729,8.651653,7705,0.42618245,69.00525,1.0
0.14999999,9.0509406e-12,-3.2056007,870.4,0.00012158541,-8.651653,101617380000.0,10,-0.7878474,5.545925,,251,9,0.14999999,4.2683703899383545,-10.0,,98.267006,,,10,8.205601,-9.936898,7.530038e-11,-0.8669298,-8.050752,8.651653,8704,-2.564354,82.05601,
0.14999999,5.0222e-10,-2.91856,882.0909090909091,0.00010048381,-8.651653,102686120000.0,11,-0.8735815,5.545925,,251,9,0.14999999,4.662271738052368,10.0,,98.267006,,,11,7.91856,10.167503,5.12612e-09,-0.96224,-0.04815367,8.651653,9703,-0.77782106,87.10416,
0.14999999,1.03433366e-10,-1.9733409,828.9166666666666,8.443432e-05,-8.651653,3796904400.0,12,-0.95300984,8.42407,1.2412004e-09,244,9,0.14999999,4.787301778793335,,,98.68458,,,12,6.973341,-0.9133508,1.2412004e-09,-1.0492513,8.42407,8.651653,9947,-0.8695962,83.68009,-1.0
0.14999999,0.6347153,-1.9800258,842.0,7.1944036e-05,-8.651653,72.830414,13,-1.0316173,8.42407,8.251299,244,9,0.14999999,5.187804937362671,,,98.68458,4.521566e-10,,13,6.980026,0.11730114,8.251299,-1.129294,-2.0602465,8.651653,10946,-1.0143931,90.74033,
0.14999999,0.9999999,-1.8401123,853.2142857142857,6.203337e-05,-8.651653,53.699116,14,-1.0307119,8.42407,,244,9,0.14999999,5.608904123306274,10.0,,98.68458,,,14,6.840112,10.085866,13.999998,-0.71193343,-0.021236394,8.651653,11945,-0.54700637,95.76157,
0.14999999,1.0000001,-1.4601595,817.5333333333333,5.403797e-05,-8.651653,47.354855,15,-1.0097661,8.42407,,244,9,0.14999999,5.757422685623169,-10.0,,98.68458,,,15,6.4601593,-9.8387375,15.000001,-0.7809263,3.85918,8.651653,12263,-0.4437732,96.90239,
0.14999999,1.0,-1.3919142,828.875,4.74943e-05,-8.651653,46.079094,16,-1.1938707,8.42407,1.012368e-09,244,9,0.14999999,6.171431541442871,,,98.68458,,,16,6.3919144,-0.6199216,16.0,-0.8454648,-0.36823446,8.651653,13262,-3.6805086,102.27063,-1.0
0.14999999,1.0,-1.3891404,838.8823529411765,4.2071075e-05,-8.651653,41.64672,17,-1.2451532,8.42407,2.0208055e-09,244,9,0.14999999,6.61264443397522,,,98.68458,4.3079743e-31,,17,6.38914,0.9095976,17.0,-0.9060894,-1.3447603,8.651653,14261,-1.7888268,108.61539,1.0
0.14999999,1.1125513,-1.4884611,847.7777777777778,3.7526363e-05,-8.651653,40.6156,18,-1.2388333,8.42407,6.9889073,244,9,0.14999999,7.065207004547119,,,98.68458,1.844697e-06,,18,6.488461,0.620931,13.037006,-0.96324784,-3.1769145,8.651653,15260,-0.8528502,116.7923,
0.14999999,1.0,-1.4285122,855.7368421052631,3.368017e-05,-8.651653,40.45015,19,-1.4199845,8.42407,,244,9,0.14999999,7.573223114013672,10.0,,98.68458,,,19,6.428512,9.71995,9.5,-0.68925476,-0.349431,8.651653,16259,-4.580364,122.14173,
0.14999999,1.0,-1.1673415,828.95,3.0396353e-05,-8.651653,36.679714,20,-1.4739232,8.42407,,244,9,0.14999999,7.718976259231567,10.0,,98.68458,2.0075888e-10,,20,6.167341,9.0298,10.0,-0.7405481,3.7949054,8.651653,16579,-2.3351185,123.34683,-1.0
0.14999999,0.99930954,-1.1935248,821.0952380952381,2.7570388e-05,-8.651653,34.4324,21,-1.4116751,8.42407,,244,9,0.14999999,8.041441440582275,-10.0,,98.68458,,,21,6.193525,-10.001126,10.500001,-0.78933823,-1.7171948,8.651653,17243,-0.0018366907,130.06403,
0.14999999,1.0,-1.140403,829.1818181818181,2.5120953e-05,-8.651653,33.768154,22,-1.3664775,8.42407,,244,9,0.14999999,8.667011260986328,10.0,,98.68458,,,22,6.140403,9.68827,7.3333335,-0.8358583,-0.02484648,8.651653,18242,-0.2508751,135.08887,
0.14999999,0.99999696,-1.0803875,817.4782608695652,2.2984013e-05,-8.651653,33.23671,23,-1.3549185,8.42407,1.0482661e-09,244,9,0.14999999,9.024373054504395,,,98.68458,,,23,6.0803876,-0.75413346,11.5,-0.88031,0.23995832,8.651653,18802,-0.98573166,139.8489,-1.0
0.14999999,1.0,-1.0971957,825.0416666666666,2.110858e-05,-8.651653,32.74443,24,-1.3389254,8.42407,,244,9,0.14999999,9.624704837799072,-10.0,,98.68458,,,24,6.0971956,-10.917997,12.0,-0.9228696,-1.4837902,8.651653,19801,-0.8031389,146.3327,-1.0
0.14999999,1.1894971,-1.1651921,832.0,1.9453666e-05,-8.651653,31.888758,25,-1.4774423,8.42407,6.992011,244,9,0.14999999,10.109509468078613,,,98.68458,,,25,6.165192,0.15111762,12.2442255,-0.96369165,-2.7971048,8.651653,20800,-4.633053,154.1298,
0.14999999,1.0004606,-1.1210048,838.4230769230769,1.7986009e-05,-8.651653,30.099457,26,-1.433611,8.42407,,244,9,0.14999999,10.781697511672974,-10.0,,98.68458,,,26,6.121005,-9.21225,13.000002,-0.756302,-0.016320199,8.651653,21799,-0.35323355,159.14612,1.0
0.14999999,1.0000006,-1.2368517,844.3703703703703,1.6678383e-05,-8.651653,29.8476,27,-1.433722,8.42407,,244,9,0.14999999,11.284912347793579,10.0,,98.68458,,,27,6.2368517,9.06583,9.0,-0.7940423,-4.24887,8.651653,22798,-1.2667501,168.39499,-1.0
0.14999999,,-0.98699754,823.3928571428571,9.122555e-06,-8.651653,inf,28,-1.4218186,8.42407,,244,16,0.14999999,11.47665548324585,-3.3333333,,98.68458,,,28,5.9869976,-4.2397676,,-0.83040994,5.7590632,8.651653,23055,-0.9815479,167.63593,-1.0
0.14999999,1.8487531e-31,-0.99735975,829.448275862069,8.504261e-06,-8.651653,inf,29,-1.496505,8.42407,,244,16,0.14999999,12.351368188858032,-3.3333333,,98.68458,5.361384e-30,,29,5.9973598,-2.2135801,5.361384e-30,-0.8655013,-1.2875022,8.651653,24054,-2.6051683,173.92343,1.0
0.14999999,,-1.2056897,835.1,7.94676e-06,-8.651653,inf,30,-1.5631555,8.42407,,244,16,0.14999999,13.023017406463623,3.3333333,,98.68458,,,30,6.2056894,2.5241852,,-0.8994028,-7.2472563,8.651653,25053,-2.512873,186.17068,-1.0
0.14999999,9.3085575e-29,-1.2035632,837.8064516129032,7.4423347e-06,-8.651653,inf,31,-1.6508409,8.42407,,244,16,0.14999999,13.513206958770752,3.3333333,,98.68458,2.8856528e-27,,31,6.203563,4.6626554,2.8856528e-27,-0.9321926,-1.1397715,8.651653,25972,-3.297707,192.31046,1.0
0.14999999,0.02159159,-1.3793726,842.84375,6.984457e-06,-8.651653,1014179.44,32,-1.7167044,8.42407,,244,16,0.14999999,14.066119909286499,-3.3333333,,98.68458,,,32,6.3793726,-3.6891737,0.6909309,-0.96394134,-6.829463,8.651653,26971,-2.7742622,204.13992,-0.33333334
0.14999999,1.1589879e-06,-1.3438098,847.5757575757576,6.5675695e-06,-8.651653,1016804.8,33,-1.7447301,8.42407,,244,16,0.14999999,14.686126947402954,3.3333333,,98.68458,,,33,6.34381,3.8159776,3.824403e-05,-0.994713,-0.20580463,8.651653,27970,-1.6782216,209.34573,0.33333334
0.14999999,0.00018563156,-1.3483312,852.0294117647059,6.186923e-06,-8.651653,720786.7,34,-1.8196613,8.42407,,244,16,0.14999999,15.293618202209473,-3.3333333,,98.68458,,,34,6.3483315,-2.715099,0.006307191,-1.0245659,-1.497536,8.651653,28969,-3.3072453,215.84326,0.33333334
0.14999999,0.1717717,-1.3365597,856.2285714285714,5.8384353e-06,-8.651653,722526.5,35,-1.869999,8.42407,,244,16,0.14999999,15.75267219543457,3.3333333,,98.68458,,,35,6.33656,3.1648042,6.012009,-1.0535535,-0.93632394,8.651653,29968,-2.5960898,221.77959,-0.33333334
0.14999999,0.015634904,-1.303139,860.1944444444445,5.5185833e-06,-8.651653,358.77655,36,-1.8951852,8.42407,,244,16,0.14999999,16.22360849380493,-10.0,,98.68458,,,36,6.3031387,-10.361604,0.3657528,-1.0817244,-0.13341387,8.651653,30967,-1.9492445,226.913,-0.33333334
0.14999999,5.4005437,-1.2750963,863.9459459459459,5.224312e-06,-8.651653,357.67365,37,-1.9085993,8.42407,,244,16,0.14999999,16.778990983963013,-10.0,,98.68458,0.0026199636,,37,6.2750964,-9.641983,191.43787,-1.1091233,-0.2655596,8.651653,31966,-1.4207071,232.17856,0.33333334
0.14999999,0.104128055,-1.2534667,867.5,4.9529667e-06,-8.651653,312.718,38,-1.8736384,8.42407,,244,16,0.14999999,17.188116312026978,10.0,,98.68458,,,38,6.2534666,10.468964,1.9012468,-1.1357917,-0.4531739,8.651653,32965,-1.6273047,237.63174,0.33333334
0.14999999,0.5091805,-1.1789254,855.3846153846154,4.7022245e-06,-8.651653,313.1376,39,-1.9086493,8.42407,,244,16,0.14999999,17.450031280517578,10.0,,98.68458,0.021657145,,39,6.1789255,9.731033,17.527983,-1.1617671,1.6536471,8.651653,33360,-2.354014,240.97809,-0.33333334
0.14999999,0.44396567,-1.1191291,844.45,4.4700523e-06,-8.651653,53.48062,40,-1.9041265,8.42407,,244,16,0.14999999,17.652799367904663,10.0,,98.68458,0.008403631,,40,6.119129,10.176649,13.813085,-1.1870849,1.2129246,8.651653,33778,-1.1704755,244.76517,0.33333334
0.14999999,0.8772129,-1.0780222,835.4634146341464,4.2546603e-06,-8.651653,53.377068,41,-1.8966508,8.42407,,244,16,0.14999999,18.007336616516113,10.0,,98.68458,0.0044781063,,41,6.078022,9.285121,20.92488,-1.2117776,0.5662499,8.651653,34254,-1.0033005,249.19891,-0.33333334
0.14999999,1.0209357,-1.0125862,824.3095238095239,4.0544687e-06,-8.651653,53.084328,42,-1.9216114,8.42407,,244,16,0.14999999,18.19401264190674,-3.3333333,,98.68458,,,42,6.012586,-3.591233,41.99161,-1.235875,1.6702912,8.651653,34621,-2.6955361,252.52863,-0.33333334
0.14999999,1.1454589,-0.9978549,828.3720930232558,3.868082e-06,-8.651653,53.10239,43,-1.9224745,8.42407,,244,16,0.14999999,18.748738288879395,3.3333333,,98.68458,,,43,5.9978547,3.1657453,42.9513,-1.2594056,-0.37913775,8.651653,35620,-1.6844077,257.90778,-0.33333334
0.14999999,0.98501056,-0.9860787,830.8409090909091,3.6942577e-06,-8.651653,52.73493,44,-1.9550518,8.42407,,244,16,0.14999999,19.22078561782837,-3.3333333,,98.68458,,,44,5.9860787,-3.3511293,43.336235,-1.2823951,-0.47970337,8.651653,36557,-3.1966994,263.38745,0.33333334
0.14999999,0.75684035,-0.9668226,834.5777777777778,3.5318933e-06,-8.651653,52.804474,45,-1.9764432,8.42407,,244,16,0.14999999,19.851891040802002,-10.0,,98.68458,,,45,5.9668226,-10.385254,33.428856,-1.304868,-0.11955774,8.651653,37556,-2.614533,268.50702,-0.33333334
0.14999999,0.74509925,-0.9491424,838.1521739130435,3.3800018e-06,-8.651653,52.813976,46,-1.9720131,8.42407,,244,16,0.14999999,20.43210220336914,3.3333333,,98.68458,,,46,5.9491425,2.6696534,34.23782,-1.3268468,-0.15352972,8.651653,38555,-1.3530617,273.66055,-1.0
0.14999999,0.9588121,-0.9530777,841.5744680851063,3.2377015e-06,-8.651653,52.739273,47,-1.9972388,8.42407,,244,16,0.14999999,20.947696924209595,-3.3333333,,98.68458,,,47,5.953078,-4.4295883,45.05441,-1.348353,-1.1341026,8.651653,39554,-2.7254903,279.79465,-1.0
0.14999999,0.8831851,-0.97968787,844.8541666666666,3.1042032e-06,-8.651653,52.663166,48,-1.9927057,8.42407,,244,16,0.14999999,21.505369663238525,3.3333333,,98.68458,,,48,5.9796877,3.8910358,42.36565,-1.3694065,-2.2303631,8.651653,40553,-1.4625765,287.02502,0.33333334
0.14999999,1.9274344,-0.9706198,848.0,2.9787932e-06,-8.651653,52.71181,49,-1.9983549,8.42407,,244,16,0.14999999,22.096073150634766,-10.0,,98.68458,,,49,5.9706197,-9.447119,43.553993,-1.3900257,-0.5353567,8.651653,41552,-1.9130096,292.56036,0.33333334
0.14999999,1.0625099,-0.9630873,851.02,2.8608335e-06,-8.651653,48.53994,50,-1.9849057,8.42407,,244,16,0.14999999,22.53030800819397,3.3333333,,98.68458,,,50,5.963087,3.9317036,49.999886,-1.4102285,-0.5939933,8.651653,42551,-1.7710991,298.15436,1.0
0.14999999,1.0076003,-0.9918856,853.9215686274509,2.7497433e-06,-8.651653,48.380695,51,-2.010487,8.42407,,244,16,0.14999999,22.96088695526123,-3.3333333,,98.68458,,,51,5.9918857,-2.489673,50.99999,-1.4300311,-2.4317992,8.651653,43550,-3.0532196,305.58618,1.0
0.14999999,1.0655618,-1.0603878,856.7115384615385,2.6450014e-06,-8.651653,39.488953,52,-2.015845,8.42407,,244,16,0.14999999,23.597958087921143,10.0,,98.68458,,,52,6.0603876,9.357554,22.646954,-1.4494492,-4.5540056,8.651653,44549,-1.9995016,315.14017,-0.33333334
0.14999999,0.7019453,-1.0053602,847.433962264151,2.5461316e-06,-8.651653,39.275833,53,-2.017812,8.42407,,244,16,0.14999999,23.884975910186768,10.0,,98.68458,2.122057e-06,,53,6.00536,10.02869,18.715923,-1.4684974,1.8560766,8.651653,44914,-2.0494492,318.2841,0.33333334
0.14999999,1.0114925,-0.9874546,847.3333333333334,2.4527033e-06,-8.651653,38.119053,54,-2.004858,8.42407,,244,16,0.14999999,24.394811153411865,-3.3333333,,98.68458,,,54,5.9874544,-3.9314933,26.994608,-1.4871895,-0.038456988,8.651653,45756,-0.9490081,323.32254,-0.33333334
0.14999999,0.7942973,-0.9776983,850.0909090909091,2.3643252e-06,-8.651653,38.106377,55,-2.0033388,8.42407,,244,16,0.14999999,25.037501573562622,-10.0,,98.68458,,,55,5.9776983,-10.45512,23.441784,-1.5055386,-0.45085552,8.651653,46755,-1.7529283,328.7734,-0.33333334
0.14999999,1.1233137,-0.96461475,852.75,2.2806387e-06,-8.651653,38.085297,56,-1.9957508,8.42407,,244,16,0.14999999,25.533019065856934,3.3333333,,98.68458,,,56,5.964615,3.229902,27.96829,-1.5235572,-0.2450223,8.651653,47754,-1.2591505,334.01843,-0.33333334
0.14999999,0.99069726,-0.95092654,855.3157894736842,2.2013185e-06,-8.651653,38.064934,57,-1.9919064,8.42407,,244,16,0.14999999,26.094163417816162,-3.3333333,,98.68458,,,57,5.950927,-2.9624078,28.395176,-1.5412567,-0.18438366,8.651653,48753,-1.7162935,339.20282,0.33333334
0.14999999,1.5924653,-0.9357063,857.7931034482758,2.1260653e-06,-8.651653,37.754097,58,-2.0081272,8.42407,,244,16,0.14999999,26.55405879020691,-10.0,,98.68458,,,58,5.935706,-9.68214,28.185268,-1.5586485,-0.068153344,8.651653,49752,-2.7461395,344.27097,0.33333334
0.14999999,0.82479906,-0.9290587,860.1864406779661,2.0546058e-06,-8.651653,37.750378,59,-1.9919676,8.42407,,244,16,0.14999999,26.98478055000305,3.3333333,,98.68458,,,59,5.9290586,2.9615302,25.175243,-1.5757428,-0.5434964,8.651653,50751,-1.3924769,349.81445,-1.0
0.14999999,0.9552224,-0.92448336,860.1166666666667,1.98669e-06,-8.651653,37.775684,60,-2.0054536,8.42407,,244,16,0.14999999,27.42907452583313,3.3333333,,98.68458,2.6329506e-06,,60,5.9244833,3.8747742,29.989933,-1.59255,-0.6545437,8.651653,51607,-2.500138,355.469,0.33333334
0.14999999,0.9848972,-0.92249715,862.3934426229508,1.9220863e-06,-8.651653,37.04706,61,-2.001417,8.42407,,244,16,0.14999999,27.961633920669556,-3.3333333,,98.68458,,,61,5.9224973,-4.4896526,30.499893,-1.6090794,-0.8033238,8.651653,52606,-1.5523442,361.27234,-1.0
0.14999999,1.0213534,-0.94694537,864.5967741935484,1.8605837e-06,-8.651653,34.190704,62,-1.9975502,8.42407,,244,16,0.14999999,28.366077661514282,3.3333333,,98.68458,,,62,5.946945,4.0606823,30.999947,-1.6253399,-2.4382844,8.651653,53605,-1.5708079,368.7106,1.0
0.14999999,1.1243945,-0.98464763,866.7301587301587,1.8019862e-06,-8.651653,33.29563,63,-1.9991488,8.42407,,244,16,0.14999999,28.86894416809082,10.0,,98.68458,,,63,5.9846478,9.496664,20.311874,-1.6413401,-3.3221903,8.651653,54604,-1.944342,377.0328,-0.33333334
0.14999999,1.0050328,-0.9778136,868.796875,1.7461142e-06,-8.651653,33.021996,64,-1.9890018,8.42407,,244,16,0.14999999,29.297388076782227,-3.3333333,,98.68458,,,64,5.9778137,-2.266165,31.999992,-1.6570885,-0.5472693,8.651653,55603,-1.3563756,382.58008,1.0
0.14999999,1.863221e-24,-1.0307261,870.8,1.1068314e-06,-8.651653,inf,65,-1.9800209,8.42407,,244,25,0.14999999,29.83901858329773,-5.0,,98.68458,,,65,6.030726,-6.2008133,1.1674297e-22,-1.6725928,-4.4171214,8.651653,56602,-1.2289286,391.9972,-1.0
0.14999999,1.3198448e-21,-1.0525566,872.7424242424242,1.073545e-06,-8.651653,inf,66,-2.0084512,8.42407,,244,25,0.14999999,31.931139945983887,-5.0,,98.68458,2.195241e-25,,66,6.0525565,-4.7127523,8.707012e-20,-1.6878601,-2.471543,8.651653,57601,-2.864046,399.46875,0.5
0.14999999,9.577299e-22,-1.039543,874.6268656716418,1.0417382e-06,-8.651653,inf,67,-2.0482767,8.42407,,244,25,0.14999999,32.49539852142334,5.0,,98.68458,,,67,6.039543,3.8522186,6.4048104e-20,-1.702898,-0.18064283,8.651653,58600,-3.6842697,404.64938,-1.0
0.14999999,7.451271e-23,-1.0531307,869.6911764705883,1.011324e-06,-8.651653,inf,68,-2.0700386,8.42407,,244,25,0.14999999,32.97845768928528,5.0,,98.68458,1.7007e-23,,68,6.0531306,5.524773,5.0007e-21,-1.7177131,-1.9635096,8.651653,59139,-2.5354526,411.61288,0.5
0.14999999,0.00011568877,-1.0570577,871.5652173913044,9.822227e-07,-8.651653,14545.9,69,-2.0881848,8.42407,,244,25,0.14999999,33.620527029037476,-5.0,,98.68458,,,69,6.057058,-5.3737483,0.0068916637,-1.732312,-1.3240962,8.651653,60138,-2.329427,417.93698,-0.5
0.14999999,1.4530836e-05,-1.045114,873.3857142857142,9.543596e-07,-8.651653,14561.022,70,-2.120406,8.42407,,244,25,0.14999999,34.14384460449219,-5.0,,98.68458,1.0866793e-14,,70,6.045114,-4.095062,0.0010171585,-1.7467006,-0.22099572,8.651653,61137,-3.350932,423.158,1.0
0.14999999,0.00042156642,-1.0701063,875.1549295774648,9.276656e-07,-8.651653,14575.913,71,-2.1441379,8.42407,,244,25,0.14999999,34.71040320396423,5.0,,98.68458,,,71,6.0701065,4.4790435,0.029931214,-1.7608854,-2.8195662,8.651653,62136,-2.8124862,430.97754,-0.5
0.14999999,0.010313944,-1.0612617,875.25,9.020761e-07,-8.651653,14590.569,72,-2.1634598,8.42407,,244,25,0.14999999,35.175048828125,5.0,,98.68458,7.3981225e-19,,72,6.0612617,6.0603404,0.74260396,-1.7748716,-0.43329957,8.651653,63018,-2.5427146,436.41083,1.0
0.14999999,0.015970742,-1.1076405,876.945205479452,8.775309e-07,-8.651653,10327.312,73,-2.1806786,8.42407,,244,25,0.14999999,35.74788808822632,5.0,,98.68458,2.4060782e-08,,73,6.1076403,5.0595946,1.0611643,-1.7886649,-4.4469028,8.651653,64017,-2.4375606,445.85776,
0.14999999,1.3880739,-1.092786,878.5945945945946,8.539741e-07,-8.651653,10337.125,74,-2.200709,8.42407,,244,25,0.14999999,36.308382987976074,-5.0,,98.68458,,,74,6.092786,-5.0590734,76.10731,-1.8022705,-0.008404134,8.651653,65016,-2.6856062,450.86615,
0.14999999,2.1433592,-1.0783205,880.2,8.3135325e-07,-8.651653,6540.15,75,-2.2070458,8.42407,0.07418879,244,25,0.14999999,36.858607053756714,,,98.68458,,,75,6.0783205,0.15756299,155.23499,-1.8156936,-0.007878912,8.651653,66015,-2.6971152,455.87402,0.5
0.14999999,0.115039885,-1.0676855,881.7631578947369,8.096195e-07,-8.651653,2287.141,76,-2.213935,8.42407,0.054794066,244,25,0.14999999,37.382705211639404,,,98.68458,6.908206e-05,,76,6.0676856,-0.5325045,6.5788136,-1.8279501,-0.27005756,8.651653,67014,-2.930697,461.1441,-0.5
0.14999999,0.16047435,-1.0641644,883.2857142857143,7.88727e-07,-8.651653,60.80482,77,-2.2304847,8.42407,,244,25,0.14999999,37.926212787628174,10.0,,98.68458,,,77,6.064164,10.144311,6.91936,-1.8403015,-0.79656434,8.651653,68013,-2.6059484,466.94067,0.5
0.14999999,0.3711234,-0.95520765,875.1794871794872,7.6863284e-07,-8.651653,60.630016,78,-2.2322025,8.42407,,244,25,0.14999999,38.12177610397339,-10.0,,98.68458,,,78,5.955208,-10.344666,11.977197,-1.8532048,7.4344673,8.651653,68264,-1.5264058,464.5062,-0.5
0.14999999,1.1706719,-0.94598323,876.746835443038,7.49297e-07,-8.651653,60.173603,79,-2.2267654,8.42407,,244,25,0.14999999,38.648003578186035,-10.0,,98.68458,1.817878e-05,,79,5.9459834,-9.8417015,30.096508,-1.8659439,-0.2264841,8.651653,69263,-1.1577098,469.73267,0.5
0.14999999,1.001945,-0.9361313,878.275,7.306816e-07,-8.651653,56.815784,80,-2.214845,8.42407,,244,25,0.14999999,39.12055253982544,5.0,,98.68458,,,80,5.9361315,4.7170844,78.89477,-1.8785226,-0.15783256,8.651653,70262,-1.3036482,474.8905,
0.14999999,1.7576667,-0.9234259,875.5925925925926,7.1275144e-07,-8.651653,56.72421,81,-2.2249925,8.42407,,244,25,0.14999999,39.60784149169922,-5.0,,99.194664,,,81,5.9234257,-5.177922,79.87894,-1.8909452,0.09300273,8.651653,70923,-2.7448716,479.7975,
0.14999999,0.61641103,-0.9127847,877.0975609756098,6.954733e-07,-8.651653,56.798798,82,-2.2199867,8.42407,,244,25,0.14999999,40.17852163314819,-5.0,,99.194664,2.7951045,,82,5.9127846,-5.578689,47.69472,-1.9032153,-0.05084168,8.651653,71922,-2.1516192,484.84833,-0.5
0.14999999,0.9911777,-0.90738386,878.566265060241,6.788158e-07,-8.651653,56.636818,83,-2.2253325,8.42407,,244,25,0.14999999,40.697518825531006,5.0,,99.194664,,,83,5.907384,4.6045365,80.57234,-1.9153366,-0.46450934,8.651653,72921,-2.1624074,490.31287,-0.5
0.14999999,0.44365507,-0.9028492,877.4404761904761,6.627497e-07,-8.651653,56.656544,84,-2.2257488,8.42407,,244,25,0.14999999,41.13868522644043,-5.0,,99.194664,,,84,5.902849,-4.5496063,27.477352,-1.9273129,-0.5264734,8.651653,73705,-1.9650062,495.83932,0.5
0.14999999,1.1950815,-0.8987698,878.8705882352941,6.472474e-07,-8.651653,56.539127,85,-2.2294488,8.42407,0.08393702,244,25,0.14999999,41.673558712005615,,,99.194664,,,85,5.89877,0.44147578,57.310883,-1.9391472,-0.5561004,8.651653,74704,-1.9400178,501.39545,0.5
0.14999999,1.0072607,-0.90448016,880.2674418604652,6.3228265e-07,-8.651653,56.329315,86,-2.2358327,8.42407,0.06189802,244,25,0.14999999,42.204895973205566,,,99.194664,5.0754664e-11,,86,5.90448,-0.3796376,77.384895,-1.9498563,-1.3898653,8.651653,75703,-2.7403781,507.78528,-0.5
0.14999999,0.9924824,-0.8963416,881.6321839080459,6.1783095e-07,-8.651653,56.101974,87,-2.2375093,8.42407,,244,25,0.14999999,42.794081687927246,5.0,,99.194664,,,87,5.896342,5.574798,85.86554,-1.9606977,-0.19642684,8.651653,76702,-2.1332946,512.9817,0.5
0.14999999,1.0011047,-0.9058882,882.9659090909091,6.0386907e-07,-8.651653,55.6639,88,-2.240991,8.42407,,244,25,0.14999999,43.326990604400635,5.0,,99.194664,1.3502481e-24,,88,5.905888,3.8032384,87.92585,-1.9721264,-1.7364445,8.651653,77701,-2.2417452,519.71814,-1.0
0.14999999,1.9413637,-0.92273504,879.056179775281,5.903753e-07,-8.651653,55.547188,89,-2.253176,8.42407,,244,25,0.14999999,43.700735330581665,10.0,,99.194664,,,89,5.922735,9.738918,68.31867,-1.9834259,-2.405255,8.651653,78236,-3.0257666,527.1234,-0.5
0.14999999,1.0004787,-0.90843743,874.5555555555555,5.773287e-07,-8.651653,55.35383,90,-2.2429836,8.42407,,244,25,0.14999999,44.0898699760437,-5.0,,99.194664,,,90,5.9084373,-6.003334,89.982025,-1.9945992,0.36405638,8.651653,78710,-1.8822373,531.7594,-1.0
0.14999999,0.8020224,-0.9244515,875.9230769230769,5.647098e-07,-8.651653,55.123707,91,-2.2516901,8.42407,,244,25,0.14999999,44.67420840263367,-5.0,,99.194664,,,91,5.9244514,-4.0773497,72.95568,-2.005649,-2.3657205,8.651653,79709,-2.734513,539.12506,1.0
0.14999999,1.0298485,-0.9498823,877.2608695652174,5.5250035e-07,-8.651653,53.81879,92,-2.2543323,8.42407,,244,25,0.14999999,45.236021995544434,5.0,,99.194664,,,92,5.9498825,6.13992,91.14195,-2.0165782,-3.2640905,8.651653,80708,-2.0892804,547.38916,1.0
0.14999999,0.24882135,-0.9905446,878.5698924731183,5.4068244e-07,-8.651653,42.83161,93,-2.2580786,8.42407,,244,25,0.14999999,45.7663938999176,10.0,,99.194664,,,93,5.990545,10.620309,9.120208,-2.027389,-4.7314744,8.651653,81707,-2.3351848,557.12067,0.5
0.14999999,0.43160728,-0.993826,879.8510638297872,5.292397e-07,-8.651653,41.8977,94,-2.2590392,8.42407,,244,25,0.14999999,46.30361747741699,-10.0,,99.194664,,,94,5.993826,-10.684795,12.512685,-2.0380843,-1.2989918,8.651653,82706,-1.5937244,563.4196,-0.5
0.14999999,0.9630769,-0.9882768,881.1052631578947,5.181564e-07,-8.651653,41.56177,95,-2.2670014,8.42407,,244,25,0.14999999,46.933881998062134,-10.0,,99.194664,5.121305e-08,,95,5.988277,-9.329366,26.207699,-2.0486665,-0.46664876,8.651653,83705,-2.4298303,568.8863,0.5
0.14999999,1.4821383,-0.991272,882.3333333333334,5.0741784e-07,-8.651653,40.832928,96,-2.2646728,8.42407,,244,25,0.14999999,47.45091915130615,10.0,,99.194664,,,96,5.991272,9.339321,41.68985,-2.0591378,-1.2758161,8.651653,84704,-1.9217082,575.1621,-0.5
0.14999999,0.9899226,-0.96945024,877.3917525773196,4.9700947e-07,-8.651653,40.76509,97,-2.2566912,8.42407,,244,25,0.14999999,47.80216145515442,5.0,,99.194664,,,97,5.96945,5.127728,47.82995,-2.0695004,1.1254294,8.651653,85107,-1.7845061,579.0367,
0.14999999,1.3628368,-0.96048,878.6326530612245,4.8691817e-07,-8.651653,40.646713,98,-2.254788,8.42407,,244,25,0.14999999,48.35256743431091,-5.0,,99.194664,,,98,5.9604797,-4.988975,48.321808,-2.079757,-0.09036193,8.651653,86106,-1.882932,584.127,
0.14999999,0.83894056,-0.9516043,879.8484848484849,4.7713115e-07,-8.651653,40.48527,99,-2.257035,8.42407,,244,25,0.14999999,48.99820566177368,-5.0,,99.194664,0.0026417035,,99,5.9516044,-5.5239153,48.622616,-2.0899093,-0.08178964,8.651653,87105,-2.633473,589.2088,-0.5
0.14999999,0.9971398,-0.9471852,881.04,4.6763623e-07,-8.651653,40.342884,100,-2.2534423,8.42407,,244,25,0.14999999,49.65907025337219,5.0,,99.194664,,,100,5.947185,4.4291835,49.474224,-2.0999596,-0.5096951,8.651653,88104,-1.6063274,594.7185,-0.5
0.14999999,0.8075454,-0.93783617,877.9702970297029,4.584219e-07,-8.651653,40.318474,101,-2.264666,8.42407,,244,25,0.14999999,50.10310459136963,-5.0,,99.194664,,,101,5.937836,-4.9871564,48.737423,-2.10991,-0.0029245433,8.651653,88675,-3.205483,599.72144,0.5
0.14999999,0.76969266,-0.9310813,879.156862745098,4.4947728e-07,-8.651653,40.310993,102,-2.2833037,8.42407,0.073361136,244,25,0.14999999,50.5966694355011,,,99.194664,,,102,5.9310813,-0.53282756,48.310818,-2.1197624,-0.24884792,8.651653,89674,-3.869397,604.9703,-0.5
0.14999999,1.2557232,-0.92683405,880.3203883495146,4.40792e-07,-8.651653,39.84556,103,-2.2807083,8.42407,0.10146554,244,25,0.14999999,51.06512093544006,,,99.194664,3.7095088e-08,,103,5.926834,0.7549162,48.940975,-2.1287997,-0.4936125,8.651653,90673,-1.6848378,610.4639,0.5
0.14999999,0.99007314,-0.9262055,881.4615384615385,4.32356e-07,-8.651653,39.4374,104,-2.2878828,8.42407,,244,25,0.14999999,51.66163659095764,5.0,,99.194664,,,104,5.9262056,5.3498406,51.358654,-2.137477,-0.86146545,8.651653,91672,-3.0951955,616.3254,0.5
0.14999999,1.0009952,-0.92212135,882.5809523809523,4.2415985e-07,-8.651653,38.767128,105,-2.2855093,8.42407,,244,25,0.14999999,52.356050968170166,5.0,,99.194664,9.024111e-18,,105,5.9221215,4.0400515,52.498116,-2.1470463,-0.49737027,8.651653,92671,-1.85697,621.82275,-1.0
0.14999999,1.0010011,-0.9255119,880.066037735849,4.161946e-07,-8.651653,38.559204,106,-2.2886167,8.42407,,244,25,0.14999999,52.772470235824585,-5.0,,99.194664,,,106,5.925512,-5.826329,52.99206,-2.1565251,-1.2815194,8.651653,93287,-2.4316611,628.10425,-1.0
0.14999999,0.8944551,-0.9300651,881.1775700934579,4.084516e-07,-8.651653,38.272614,107,-2.2882428,8.42407,,244,25,0.14999999,53.24060535430908,-5.0,,99.194664,1.2097457e-31,,107,5.930065,-3.7089205,50.55499,-2.1659148,-1.4127015,8.651653,94286,-2.0652955,634.51697,1.0
0.14999999,1.0193585,-0.9942199,882.2685185185185,4.0092266e-07,-8.651653,36.427586,108,-2.2972622,8.42407,,244,25,0.14999999,53.87960600852966,5.0,,99.194664,,,108,5.99422,5.775605,53.664917,-2.1752172,-7.8587766,8.651653,95285,-3.0060465,647.37573,1.0
0.14999999,0.94312495,-1.0063735,883.3394495412844,3.936001e-07,-8.651653,35.65524,109,-2.2991219,8.42407,7.2560913e-09,244,25,0.14999999,54.393386363983154,,,99.194664,,,109,6.0063734,0.98007363,54.497257,-2.184434,-2.318984,8.651653,96284,-2.3368022,654.6947,1.0
0.14999999,0.5413165,-1.0348223,884.3909090909091,3.8647622e-07,-8.651653,34.667614,110,-2.296678,8.42407,,244,25,0.14999999,54.869274377822876,10.0,,99.194664,,,110,6.0348225,10.401208,34.062817,-2.1935663,-4.1357408,8.651653,97283,-1.8124162,663.83044,0.5
0.14999999,0.9966134,-1.032126,885.4234234234234,3.7954405e-07,-8.651653,34.49965,111,-2.2917285,8.42407,,244,25,0.14999999,55.397382974624634,10.0,,99.194664,0.04080367,,111,6.032126,11.265684,55.497044,-2.2026162,-0.7355247,8.651653,98282,-1.2457023,669.566,1.0
0.14999999,1.3634484,-1.0834048,886.4375,3.727967e-07,-8.651653,34.26551,112,-2.2984645,8.42407,,244,25,0.14999999,55.88142514228821,10.0,,99.194664,6.3835584e-22,,112,6.0834045,9.751251,33.911457,-2.2115848,-6.7753425,8.651653,99281,-2.8601635,681.3413,-0.5
0.14999999,0.6131193,-1.0769988,885.2831858407079,3.6622777e-07,-8.651653,34.14438,113,-2.2901487,8.42407,,244,25,0.14999999,56.3189480304718,-10.0,,99.194664,,,113,6.0769987,-10.391057,25.423475,-2.2204738,-0.3595382,8.651653,100037,-1.5919713,686.70087,-0.5
0.14999999,1.0240287,-1.0712591,886.280701754386,3.598309e-07,-8.651653,33.612236,114,-2.2838771,8.42407,,244,25,0.14999999,57.00229454040527,5.0,,99.194664,,,114,6.071259,5.0671954,37.475014,-2.2292843,-0.42267388,8.651653,101036,-1.1524333,692.12354,
0.14999999,1.1463845,-1.0620133,885.0782608695653,3.5360017e-07,-8.651653,33.550564,115,-2.2880318,8.42407,,244,25,0.14999999,57.48107647895813,-10.0,,99.194664,,,115,6.062013,-9.541099,40.44284,-2.238018,-0.007979912,8.651653,101784,-2.6613922,697.13153,0.5
0.14999999,1.3003514,-1.0638745,886.0603448275862,3.4752992e-07,-8.651653,33.538094,116,-2.2876053,8.42407,,244,25,0.14999999,58.10446310043335,-5.0,,99.194664,,,116,6.0638742,-4.9931107,38.131493,-2.2466762,-1.2779242,8.651653,102783,-2.2779458,703.4094,
0.14999999,0.7212575,-1.0548167,887.025641025641,3.416146e-07,-8.651653,33.372444,117,-2.2791212,8.42407,,244,25,0.14999999,58.8593270778656,-10.0,,99.194664,,,117,6.0548167,-10.064585,30.365517,-2.25526,-0.0041168435,8.651653,103782,-1.4588495,708.4136,
0.14999999,1.01121,-1.0458983,887.9745762711865,3.3584908e-07,-8.651653,33.328045,118,-2.2740211,8.42407,,244,25,0.14999999,59.53103280067444,5.0,,99.194664,,,118,6.0458984,4.6174192,38.95281,-2.2637706,-0.0024463977,8.651653,104781,-1.3475367,713.416,-0.5
0.14999999,0.7627683,-1.0449281,888.3529411764706,3.3022823e-07,-8.651653,33.316715,119,-2.286863,8.42407,,244,25,0.14999999,60.059443950653076,-5.0,,99.194664,,,119,6.044928,-4.4191017,38.42863,-2.2722094,-0.93043697,8.651653,105714,-3.6942656,719.34644,0.5
0.14999999,0.9405913,-1.0378772,889.275,3.2474742e-07,-8.651653,33.311687,120,-2.307223,8.42407,,244,25,0.14999999,60.57723665237427,-5.0,,99.194664,0.00015945564,,120,6.037877,-5.607928,39.561954,-2.2805777,-0.1988089,8.651653,106713,-4.4244633,724.5453,-0.5
0.14999999,0.9034921,-1.03524,890.1818181818181,3.194018e-07,-8.651653,33.177162,121,-2.3026338,8.42407,0.086878315,244,25,0.14999999,61.11850547790527,,,99.194664,,,121,6.03524,-0.7939484,39.156532,-2.2888765,-0.71880376,8.651653,107712,-1.5845401,730.26404,-0.5
0.14999999,1.0792524,-1.0337839,891.0737704918033,3.141872e-07,-8.651653,32.91232,122,-2.3049326,8.42407,,244,25,0.14999999,61.672791719436646,10.0,,99.194664,,,122,6.033784,10.157339,25.93104,-2.2963893,-0.85758233,8.651653,108711,-2.3901489,736.12164,
0.14999999,1.2278383,-0.9907317,886.3577235772358,3.0909925e-07,-8.651653,32.76726,123,-2.300426,8.42407,0.120961465,244,25,0.14999999,61.99878120422363,,,99.194664,,,123,5.9907317,0.6660245,40.68142,-2.3045526,4.26164,8.651653,109022,-1.7558119,736.86,0.5
0.14999999,0.90584725,-0.9916974,887.266129032258,3.0413386e-07,-8.651653,32.328358,124,-2.2955961,8.42407,4.3863344e-09,244,25,0.14999999,62.64910411834717,,,99.194664,8.230172e-23,,124,5.9916973,-1.2759182,41.249435,-2.3116667,-1.1104745,8.651653,110021,-1.7871263,742.97046,-1.0
0.14999999,1.1295437,-0.99865675,888.16,2.992872e-07,-8.651653,32.32991,125,-2.3053808,8.42407,,244,25,0.14999999,63.25836181640625,5.0,,99.194664,,,125,5.9986567,5.463708,41.162586,-2.319699,-1.8616146,8.651653,111020,-3.3186426,749.8321,0.5
0.14999999,5.7985826e-15,-1.0001667,889.0396825396825,2.0698488e-07,-8.651653,2.3662535e+19,126,-2.2993891,8.42407,2.286497e-33,244,36,0.14999999,63.792823791503906,-2.0,,99.194664,,,126,6.000167,-2.4562356,7.2991905e-13,-2.3276672,-1.1889145,8.651653,112019,-1.5471095,756.021,-0.6
0.14999999,1.0091717e-15,-0.99641186,889.9055118110236,2.0373817e-07,-8.651653,2.3674684e+19,127,-2.3145268,8.42407,,244,36,0.14999999,68.80541133880615,2.0,,99.194664,,,127,5.996412,1.3562713,1.281558e-13,-2.3355722,-0.5233018,8.651653,113018,-3.2258475,761.5443,-0.6
0.14999999,1.5697181e-16,-0.99558973,890.7578125,2.0056716e-07,-8.651653,4.924384e+18,128,-2.3271732,8.42407,,244,36,0.14999999,69.56804132461548,-2.0,,99.194664,,,128,5.9955897,-0.69157684,1.8979245e-14,-2.3434155,-0.89118177,8.651653,114017,-2.937153,767.4355,1.0
0.14999999,2.0157662e-13,-1.0329124,891.5968992248062,1.9746963e-07,-8.651653,4.9268676e+18,129,-2.3482609,8.42407,,244,36,0.14999999,70.11254787445068,2.0,,99.194664,,,129,6.0329123,3.2180448,2.1298187e-11,-2.3511977,-5.8102093,8.651653,115016,-4.051391,778.2457,1.0
0.14999999,1.18124134e-07,-1.0563254,892.4230769230769,1.9444334e-07,-8.651653,307392740000.0,130,-2.3708813,8.42407,,244,36,0.14999999,70.84740352630615,-6.0,,99.194664,,,130,6.0563254,-6.374004,1.3482204e-05,-2.3589196,-4.076619,8.651653,116015,-4.292779,787.3223,-0.2
0.14999999,7.8491684e-07,-1.0500491,893.236641221374,1.9148608e-07,-8.651653,307545150000.0,131,-2.3854764,8.42407,,244,36,0.14999999,71.37334847450256,6.0,,99.194664,,,131,6.050049,5.7271805,7.471048e-05,-2.3665826,-0.2341195,8.651653,117014,-3.2866445,792.5564,-0.2
0.14999999,2.6603597e-10,-1.0392132,890.2954545454545,1.8859575e-07,-8.651653,153776360000.0,132,-2.3979182,8.42407,,244,36,0.14999999,71.70702195167542,-6.0,,99.194664,,,132,6.039213,-5.373318,3.0413588e-08,-2.3741872,0.3802985,8.651653,117519,-3.031605,797.17615,1.0
0.14999999,4.4779874e-08,-1.0510145,891.1127819548872,1.8577038e-07,-8.651653,153851300000.0,133,-2.421099,8.42407,,244,36,0.14999999,72.31141877174377,6.0,,99.194664,,,133,6.0510144,6.923742,5.7321613e-06,-2.3817344,-2.6087909,8.651653,118518,-4.4846907,804.7849,1.0
0.14999999,3.7776554e-05,-1.08012,891.9179104477612,1.8300804e-07,-8.651653,89437560.0,134,-2.434308,8.42407,,244,36,0.14999999,73.05190777778625,-6.0,,99.194664,,,134,6.08012,-7.2051487,0.005062,-2.389225,-4.9511366,8.651653,119517,-3.194897,814.7361,-1.0
0.14999999,9.701721e-06,-1.0833184,892.7111111111111,1.8030686e-07,-8.651653,89480424.0,135,-2.4658868,8.42407,,244,36,0.14999999,73.59618949890137,6.0,,99.194664,,,135,6.083318,4.8960047,0.0010328455,-2.39666,-1.5119044,8.651653,120516,-5.7011886,821.248,-1.0
0.14999999,4.965707e-05,-1.094692,891.0735294117648,1.7766503e-07,-8.651653,63302284.0,136,-2.4886844,8.42407,3.8922145e-30,244,36,0.14999999,73.98887705802917,-2.0,,99.194664,,,136,6.094692,-1.8133304,0.0067514805,-2.40404,-2.6301494,8.651653,121186,-4.5700994,828.8781,0.2
0.14999999,2.0467933e-06,-1.0876042,891.8613138686131,1.7508086e-07,-8.651653,63332110.0,137,-2.499461,8.42407,,244,36,0.14999999,74.48242807388306,2.0,,99.194664,,,137,6.087604,2.3162012,0.00026077937,-2.4113662,-0.123654865,8.651653,122185,-2.9687164,834.0018,0.2
0.14999999,0.008427268,-1.0847385,892.6376811594203,1.7255263e-07,-8.651653,2088.6572,138,-2.523763,8.42407,,244,36,0.14999999,74.9610846042633,6.0,,99.194664,,,138,6.0847387,5.986565,1.1629205,-2.418639,-0.6921383,8.651653,123184,-4.856809,839.6939,0.2
0.14999999,0.004204652,-1.0773623,893.4028776978417,1.7007879e-07,-8.651653,2089.62,139,-2.5380054,8.42407,,244,36,0.14999999,75.54064416885376,-6.0,,99.194664,,,139,6.077362,-5.608272,0.5271262,-2.4258592,-0.059459727,8.651653,124183,-3.5154388,844.75336,0.2
0.14999999,0.0033080566,-1.0713431,894.1571428571428,1.6765776e-07,-8.651653,2090.5798,140,-2.5512261,8.42407,,244,36,0.14999999,76.09347796440125,-2.0,,99.194664,,,140,6.071343,-3.058465,0.4631279,-2.4330277,-0.23467393,8.651653,125182,-3.3967004,849.98804,-1.0
0.14999999,0.06157593,-1.0747018,894.9007092198582,1.6528809e-07,-8.651653,2091.48,141,-2.566818,8.42407,,244,36,0.14999999,76.74478530883789,2.0,,99.194664,,,141,6.074702,1.1894568,8.682206,-2.4401453,-1.5449052,8.651653,126181,-3.7565215,856.53296,-1.0
0.14999999,0.09648306,-1.0814775,895.6338028169014,1.6296828e-07,-8.651653,1479.6438,142,-2.5847735,8.42407,,244,36,0.14999999,77.42171692848206,6.0,,99.194664,,,142,6.0814776,5.4910116,13.634827,-2.4472122,-2.0368617,8.651653,127180,-4.1797976,863.5698,-0.6
0.14999999,0.012782579,-1.0770208,896.3566433566433,1.6069696e-07,-8.651653,1480.2617,143,-2.5960164,8.42407,,244,36,0.14999999,78.0809338092804,2.0,,99.194664,,,143,6.0770206,1.6283879,1.7850779,-2.4542298,-0.44415522,8.651653,128179,-3.288153,869.014,-0.2
0.14999999,0.03356948,-1.0698346,897.0694444444445,1.5847283e-07,-8.651653,1480.9043,144,-2.6152816,8.42407,3.8148447e-33,244,36,0.14999999,78.74077248573303,-2.0,,99.194664,,,144,6.0698347,-1.2823837,4.241181,-2.4611986,-0.042201303,8.651653,129178,-4.3864055,874.05615,0.6
0.14999999,0.027179416,-1.0688106,897.7724137931034,1.5629453e-07,-8.651653,1481.4983,145,-2.6309412,8.42407,,244,36,0.14999999,79.38730597496033,6.0,,99.194664,,,145,6.0688105,6.73362,2.5607898,-2.468119,-0.9213768,8.651653,130177,-3.9224498,879.97754,0.6
0.14999999,0.2727844,-1.0689217,898.4657534246576,1.5416083e-07,-8.651653,1482.1042,146,-2.6447449,8.42407,3.683332e-30,244,36,0.14999999,80.06995892524719,-2.0,,99.194664,,,146,6.0689216,-2.1275153,35.891026,-2.4749918,-1.0850105,8.651653,131176,-3.6767557,886.06256,-0.2
0.14999999,0.4739911,-1.0623173,899.1496598639455,1.5207053e-07,-8.651653,1482.438,147,-2.652847,8.42407,,244,36,0.14999999,80.79096126556396,-6.0,,99.194664,,,147,6.0623174,-6.7047596,38.16847,-2.481818,-0.09807556,8.651653,132175,-3.0855455,891.16064,-0.6
0.14999999,0.8159845,-1.0637681,899.8243243243244,1.5002249e-07,-8.651653,1481.6769,148,-2.661707,8.42407,,244,36,0.14999999,81.46081280708313,-6.0,,99.194664,4.2543408e-17,,148,6.0637684,-5.188635,103.020424,-2.4885976,-1.2770623,8.651653,133174,-3.3925061,897.4377,0.6
0.14999999,2.7409635,-1.0631555,900.489932885906,1.4801552e-07,-8.651653,1482.0961,149,-2.6777723,8.42407,,244,36,0.14999999,82.02001523971558,2.0,,99.194664,,,149,6.0631557,2.0629334,401.20575,-2.4953315,-0.9724799,8.651653,134173,-4.7003884,903.41016,0.6
0.14999999,1.3136308,-1.0599306,901.1466666666666,1.4604855e-07,-8.651653,60.079086,150,-2.6967206,8.42407,,244,36,0.14999999,82.61592102050781,6.0,,99.194664,,,150,6.059931,6.2660823,135.71411,-2.5020206,-0.5794068,8.651653,135172,-5.876912,908.98956,-0.2
0.14999999,0.90818554,-1.05293,900.1523178807947,1.4412053e-07,-8.651653,59.913944,151,-2.7193344,8.42407,,244,36,0.14999999,83.2145266532898,2.0,,99.194664,,,151,6.05293,2.258274,135.21088,-2.508665,-0.0028550217,8.651653,135923,-6.1190715,913.99243,-0.2
0.14999999,0.9526876,-1.0462668,900.8026315789474,1.4223045e-07,-8.651653,59.853226,152,-2.7409809,8.42407,,244,36,0.14999999,83.86061382293701,6.0,,99.194664,,,152,6.0462666,6.5825853,130.01299,-2.5152657,-0.040108677,8.651653,136922,-5.665027,919.03253,0.2
0.14999999,1.169448,-1.0414118,901.4444444444445,1.403773e-07,-8.651653,59.82468,153,-2.7522466,8.42407,3.859922e-30,244,36,0.14999999,84.4048707485199,-2.0,,99.194664,,,153,6.041412,-2.0776212,144.71907,-2.5218232,-0.30345675,8.651653,137921,-4.1811867,924.336,-0.2
0.14999999,0.8269356,-1.0348505,902.077922077922,1.3856015e-07,-8.651653,59.84669,154,-2.751552,8.42407,,244,36,0.14999999,85.20316457748413,-6.0,,99.194664,,,154,6.0348506,-6.103767,126.33382,-2.528338,-0.030978443,8.651653,138920,-2.5202127,929.36694,-0.2
0.14999999,1.1096404,-1.0281755,902.7032258064517,1.3677804e-07,-8.651653,59.83408,155,-2.7568817,8.42407,4.4360027e-30,244,36,0.14999999,85.94555735588074,-2.0,,99.194664,,,155,6.0281754,-1.9880724,142.87503,-2.5348103,-0.00022758923,8.651653,139919,-3.1864717,934.3672,0.2
0.14999999,0.5471425,-1.0217577,903.3205128205128,1.3503009e-07,-8.651653,59.853737,156,-2.7571242,8.42407,,244,36,0.14999999,86.76195454597473,6.0,,99.194664,,,156,6.0217576,5.1721487,77.38634,-2.5412412,-0.026989674,8.651653,140918,-2.6315322,939.39417,-0.6
0.14999999,1.332323,-1.0219924,903.9299363057324,1.3331542e-07,-8.651653,59.82007,157,-2.76139,8.42407,,244,36,0.14999999,87.32923460006714,-6.0,,99.194664,,,157,6.0219927,-5.4804416,138.41843,-2.547631,-1.0586244,8.651653,141917,-2.8828933,945.4528,0.2
0.14999999,0.84356314,-1.0186074,904.5316455696203,1.3163326e-07,-8.651653,59.64384,158,-2.7641556,8.42407,,244,36,0.14999999,87.95797514915466,2.0,,99.194664,,,158,6.018607,2.639651,74.10358,-2.5539804,-0.48715684,8.651653,142916,-3.2261121,950.93994,0.2
0.14999999,0.8646127,-1.0137292,905.125786163522,1.299827e-07,-8.651653,59.499462,159,-2.782703,8.42407,2.8853357e-33,244,36,0.14999999,88.53115057945251,-2.0,,99.194664,,,159,6.013729,-2.6134114,106.23253,-2.5602894,-0.24296781,8.651653,143915,-5.4420137,956.183,-0.6
0.14999999,0.939662,-1.0154909,905.7125,1.2836298e-07,-8.651653,59.42335,160,-2.789718,8.42407,,244,36,0.14999999,89.13997077941895,2.0,,99.194664,,,160,6.015491,1.5895659,147.04805,-2.566559,-1.2955949,8.651653,144914,-3.601715,962.4785,-0.6
0.14999999,0.8216416,-1.0146791,906.2919254658385,1.2677337e-07,-8.651653,59.426487,161,-2.795299,8.42407,4.2652258e-33,244,36,0.14999999,89.71468997001648,-2.0,,99.194664,,,161,6.014679,-1.4226063,129.03438,-2.5727897,-0.88478875,8.651653,145913,-3.3636763,968.36334,0.6
0.14999999,1.0321494,-1.0143945,906.8641975308642,1.2521309e-07,-8.651653,59.39414,162,-2.79596,8.42407,,244,36,0.14999999,90.45679640769958,2.0,,99.194664,,,162,6.0143948,2.478879,93.07399,-2.5789816,-0.9685878,8.651653,146912,-2.5141406,974.3319,0.6
0.14999999,0.99930286,-1.0134301,907.4294478527607,1.2368146e-07,-8.651653,59.255074,163,-2.7951276,8.42407,,244,36,0.14999999,91.08245539665222,6.0,,99.194664,,,163,6.01343,6.4086046,143.83208,-2.5851355,-0.85721546,8.651653,147911,-2.5199926,980.1891,0.6
0.14999999,0.85031873,-1.0140344,907.9878048780488,1.2217775e-07,-8.651653,59.214252,164,-2.7960386,8.42407,,244,36,0.14999999,91.77909779548645,-6.0,,99.194664,,,164,6.0140343,-7.1741304,89.747635,-2.5912516,-1.1125022,8.651653,148910,-2.6926844,986.30164,-0.6
0.14999999,1.000081,-1.0178735,908.5393939393939,1.2070127e-07,-8.651653,58.82742,165,-2.8082948,8.42407,,244,36,0.14999999,92.44131898880005,-2.0,,99.194664,,,165,6.017874,-3.0913925,114.408966,-2.5973308,-1.6474899,8.651653,149909,-4.5377483,992.9491,-1.0
0.14999999,0.5975116,-1.021397,909.0843373493976,1.1925142e-07,-8.651653,58.797306,166,-2.8124614,8.42407,,244,36,0.14999999,93.16008591651917,-6.0,,99.194664,,,166,6.021397,-5.0023212,97.811035,-2.603373,-1.6027802,8.651653,150908,-3.2975085,999.5519,1.0
0.14999999,1.02089,-1.0398138,909.622754491018,1.1782755e-07,-8.651653,58.693092,167,-2.813513,8.42407,,244,36,0.14999999,93.90859007835388,2.0,,99.194664,,,167,6.039814,1.0085883,162.36867,-2.609379,-4.096994,8.651653,151907,-2.4625785,1008.6489,-1.0
0.14999999,1.4866061,-1.0455862,910.1547619047619,1.16429e-07,-8.651653,58.629654,168,-2.8134322,8.42407,,244,36,0.14999999,94.45389366149902,-6.0,,99.194664,,,168,6.045586,-5.4078627,141.081,-2.6153493,-2.0095708,8.651653,152906,-2.5301208,1015.65845,0.6
0.14999999,1.0922426,-1.0452529,910.6804733727811,1.1505522e-07,-8.651653,58.2158,169,-2.810587,8.42407,,244,36,0.14999999,95.19494342803955,6.0,,99.194664,,,169,6.045253,4.9257174,168.85297,-2.621284,-0.989267,8.651653,153905,-2.52127,1021.6477,-1.0
0.14999999,1.7528754,-1.0438174,908.1235294117647,1.13705624e-07,-8.651653,57.74243,170,-2.816916,8.42407,,244,36,0.14999999,95.60110306739807,-6.0,,99.194664,,,170,6.0438175,-6.946516,136.47566,-2.6271837,-0.80122507,8.651653,154381,-3.6712227,1027.449,-1.0
0.14999999,0.91494966,-1.0451694,908.6549707602339,1.1237963e-07,-8.651653,57.216827,171,-2.8170633,8.42407,,244,36,0.14999999,96.19808053970337,2.0,,99.194664,,,171,6.0451694,2.7393143,155.93637,-2.6330488,-1.2750096,8.651653,155380,-3.1962404,1033.724,1.0
0.14999999,0.9742112,-1.0539732,909.1802325581396,1.1107668e-07,-8.651653,56.543404,172,-2.818898,8.42407,,244,36,0.14999999,96.81607866287231,6.0,,99.194664,,,172,6.053973,7.1132145,166.1319,-2.6388798,-2.5594316,8.651653,156379,-2.7867064,1041.2834,1.0
0.14999999,0.99829394,-1.0981266,909.6994219653179,1.0979627e-07,-8.69251,56.17722,173,-2.820928,8.42407,,244,36,0.14999999,97.45260190963745,-2.0,,99.194664,,,173,6.0981264,-1.0916363,171.58719,-2.644677,-8.69251,8.69251,157378,-2.8572443,1054.976,1.0
0.14999999,1.189988,-1.1120316,910.2126436781609,1.0853786e-07,-8.69251,44.04456,174,-2.8212078,8.42407,,244,36,0.14999999,98.1001672744751,10.0,,99.194664,,,174,6.1120315,10.232595,38.520737,-2.6504405,-3.5175948,8.69251,158377,-2.5679407,1063.4935,0.2
0.14999999,1.114031,-1.0865599,906.88,1.0730098e-07,-8.69251,43.78909,175,-2.8130727,8.42407,,244,36,0.14999999,98.55091071128845,10.0,,99.194664,7.1511386e-06,,175,6.08656,9.84124,46.004585,-2.6561713,3.345527,8.69251,158704,-1.5061926,1065.148,-0.6
0.14999999,1.1193401,-1.0801219,904.8693181818181,1.06085096e-07,-8.69251,43.101185,176,-2.8096128,8.42407,,244,36,0.14999999,99.07905459403992,6.0,,99.194664,,,176,6.080122,5.875559,80.8243,-2.6618693,0.046550333,8.69251,159257,-2.2371082,1070.1014,-0.2
0.14999999,0.91305155,-1.0744338,903.8079096045198,1.0488981e-07,-8.69251,42.9729,177,-2.8074546,8.42407,,244,36,0.14999999,99.76142740249634,2.0,,99.194664,,,177,6.074434,1.7087967,79.246056,-2.667535,-0.07333385,8.69251,159974,-2.3759332,1075.1748,-0.2
0.14999999,0.6433504,-1.0726094,904.3426966292135,1.0371458e-07,-8.69251,42.942177,178,-2.817638,8.42407,,244,36,0.14999999,100.40324640274048,-6.0,,99.194664,,,178,6.0726094,-6.2783117,73.011086,-2.673169,-0.74971277,8.69251,160973,-4.38097,1080.9244,-0.2
0.14999999,1.0954559,-1.0692326,904.8715083798883,1.02558985e-07,-8.69251,42.939236,179,-2.8225331,8.42407,4.5158746e-30,244,36,0.14999999,101.1365168094635,-2.0,,99.194664,,,179,6.0692325,-2.7077835,84.655945,-2.678771,-0.46813938,8.69251,161972,-3.2506723,1086.3926,-0.2
0.14999999,1.0145835,-1.0676324,905.3944444444444,1.0142261e-07,-8.69251,42.89464,180,-2.822473,8.42407,5.1514706e-30,244,36,0.14999999,101.7050051689148,-2.0,,99.194664,6.0521375e-05,,180,6.0676327,-1.7499388,84.032715,-2.6843421,-0.78121376,8.69251,162971,-2.742974,1092.1738,0.2
0.14999999,0.98989296,-1.061862,905.9116022099447,1.0030501e-07,-8.69251,42.810417,181,-2.8229737,8.42407,,244,36,0.14999999,102.23330545425415,6.0,,99.194664,,,181,6.061862,5.835396,80.130646,-2.6898823,-0.023183584,8.69251,163970,-2.7815795,1097.197,0.2
0.14999999,1.0000778,-1.0564244,906.4230769230769,9.920578e-08,-8.69251,42.78473,182,-2.8292994,8.42407,,244,36,0.14999999,102.7886152267456,-6.0,,99.194664,,,182,6.056424,-5.5804043,80.46959,-2.695392,-0.07222519,8.69251,164969,-3.8205426,1102.2693,0.2
0.14999999,0.9590007,-1.052121,906.9289617486339,9.8124524e-08,-8.69251,42.70074,183,-2.828686,8.42407,,244,36,0.14999999,103.43038535118103,2.0,,99.194664,,,183,6.052121,2.1609783,81.74437,-2.7008715,-0.26890078,8.69251,165968,-2.5921261,1107.5381,0.2
0.14999999,0.32601967,-1.0472127,907.429347826087,9.706086e-08,-8.69251,42.47599,184,-2.8261564,8.42407,,244,36,0.14999999,104.09423875808716,-10.0,,99.194664,,,184,6.0472126,-10.951187,21.294884,-2.706321,-0.14900999,8.69251,166967,-2.2116003,1112.6871,-0.6
0.14999999,0.8788876,-1.0481508,907.9243243243243,9.601439e-08,-8.69251,42.474922,185,-2.8316963,8.42407,,244,36,0.14999999,104.74432229995728,6.0,,99.194664,,,185,6.048151,5.4264364,76.39436,-2.7117412,-1.2207493,8.69251,167966,-3.16763,1118.908,-0.6
0.14999999,0.42948872,-1.0450089,905.994623655914,9.4984756e-08,-8.69251,42.336803,186,-2.8293123,8.42407,,244,36,0.14999999,105.31764054298401,10.0,,99.194664,,,186,6.0450087,11.005406,41.166492,-2.7171319,-0.4637627,8.69251,168515,-2.1600382,1124.3717,0.6
0.14999999,0.9216067,-1.059699,906.4919786096257,9.3971586e-08,-8.69251,42.15963,187,-2.8338559,8.42407,,244,36,0.14999999,105.88250803947449,6.0,,99.194664,,,187,6.059699,6.6666574,84.74112,-2.722494,-3.7920773,8.69251,169514,-3.0813067,1133.1637,0.6
0.14999999,0.9308587,-1.0641978,906.9840425531914,9.297454e-08,-8.69251,42.123066,188,-2.8324008,8.42407,4.980509e-33,244,36,0.14999999,106.5184006690979,-2.0,,99.194664,,,188,6.0641975,-1.3228958,80.508896,-2.7278273,-1.905458,8.69251,170513,-2.3419335,1140.0692,0.6
0.14999999,1.0740232,-1.0634775,907.4708994708994,9.1993286e-08,-8.69251,42.09929,189,-2.8330686,8.42407,,244,36,0.14999999,107.08598709106445,-6.0,,99.194664,,,189,6.0634775,-6.8800306,60.35631,-2.7331324,-0.9280653,8.69251,171512,-2.7484698,1145.9973,-0.6
0.14999999,0.9673878,-1.0674614,907.9526315789474,9.102748e-08,-8.69251,42.07958,190,-2.83286,8.42407,,244,36,0.14999999,107.64856314659119,-10.0,,99.194664,,,190,6.0674615,-10.058659,40.195084,-2.7384093,-1.8203946,8.69251,172511,-2.7587848,1152.8176,-0.2
0.14999999,1.2646142,-1.0634527,908.4293193717277,9.0076824e-08,-8.69251,42.070934,191,-2.8354163,8.42407,3.4660435e-33,244,36,0.14999999,108.18736577033997,-2.0,,99.194664,,,191,6.0634527,-1.8441651,89.082596,-2.7436588,-0.30180493,8.69251,173510,-3.2289639,1158.1195,-0.6
0.14999999,0.99222547,-1.0579274,908.9010416666666,8.914097e-08,-8.69251,42.078995,192,-2.8366194,8.42407,,244,36,0.14999999,108.76160144805908,-10.0,,99.194664,,,192,6.057927,-9.413032,43.89291,-2.7488806,-0.0026010808,8.69251,174509,-3.160224,1163.1221,0.2
0.14999999,1.4121882,-1.0546104,909.3678756476684,8.8219615e-08,-8.69251,42.04431,193,-2.835717,8.42407,,244,36,0.14999999,109.49049615859985,2.0,,99.194664,,,193,6.0546103,1.2667501,90.140015,-2.7540755,-0.4177455,8.69251,175508,-2.591091,1168.5398,-0.6
0.14999999,1.2413282,-1.0538055,909.8298969072165,8.731247e-08,-8.69251,41.856018,194,-2.832657,8.42407,,244,36,0.14999999,110.0953917503357,2.0,,99.194664,1.264233e-13,,194,6.0538054,2.6364326,76.584564,-2.7592435,-0.898456,8.69251,176507,-2.4078927,1174.4382,0.6
0.14999999,0.97487146,-1.0557541,910.2871794871795,8.6419256e-08,-8.69251,41.816128,195,-2.8288867,8.42407,,244,36,0.14999999,110.78944492340088,-2.0,,99.194664,,,195,6.055754,-3.0305681,78.97709,-2.7643847,-1.4337821,8.69251,177506,-2.1905468,1180.8721,-1.0
0.14999999,1.3802621,-1.061531,910.7397959183673,8.5539675e-08,-8.69251,41.695305,196,-2.8277724,8.42407,,244,36,0.14999999,111.43059992790222,-6.0,,99.194664,,,196,6.061531,-5.671275,86.83338,-2.7695,-2.1880083,8.69251,178505,-2.451033,1188.06,0.6
0.14999999,0.8963436,-1.0614631,911.1878172588832,8.467345e-08,-8.69251,41.675617,197,-2.829386,8.42407,,244,36,0.14999999,112.02440857887268,6.0,,99.194664,,,197,6.0614634,5.304554,98.43566,-2.774589,-1.0482024,8.69251,179504,-3.3406968,1194.1083,-1.0
0.14999999,1.061393,-1.0474287,908.2575757575758,8.382034e-08,-8.69251,41.67016,198,-2.8324056,8.42407,,244,36,0.14999999,112.33974409103394,-10.0,,99.194664,,,198,6.0474286,-9.5494795,68.04966,-2.7796524,1.7173415,8.69251,179835,-3.1862597,1197.3909,0.6
0.14999999,1.0340633,-1.0489582,908.713567839196,8.298004e-08,-8.69251,41.31789,199,-2.8322253,8.42407,,244,36,0.14999999,112.88546586036682,2.0,,99.194664,,,199,6.0489583,1.5018175,97.416,-2.7846901,-1.351775,8.69251,180834,-2.751475,1203.7427,-1.0
0.14999999,0.69259703,-1.0507016,909.165,8.215231e-08,-8.69251,40.90022,200,-2.8435023,8.42407,,244,36,0.14999999,113.53844809532166,2.0,,99.194664,2.4946912e-31,,200,6.0507016,2.9312,93.24439,-2.7897027,-1.397637,8.69251,181833,-4.9418244,1210.1404,1.0
0.14999999,1.6196085,-1.0634296,909.6119402985074,8.133691e-08,-8.69251,40.8088,201,-2.842749,8.42407,,244,36,0.14999999,114.30637502670288,-6.0,,99.194664,,,201,6.06343,-6.629054,94.48147,-2.7946901,-3.6090446,8.69251,182832,-2.284356,1218.7494,-1.0
0.14999999,0.7264536,-1.0661958,910.0544554455446,8.053358e-08,-8.69251,40.804913,202,-2.8468823,8.42407,,244,36,0.14999999,114.99216985702515,-6.0,,99.194664,4.1170473e-34,,202,6.066196,-5.045605,95.29908,-2.799653,-1.6221853,8.69251,183831,-4.062452,1225.3716,1.0
0.14999999,0.90824175,-1.0876966,910.4926108374384,7.97421e-08,-8.69251,39.081326,203,-2.8481553,8.42407,,244,36,0.14999999,115.71402931213379,-2.0,,99.194664,,,203,6.0876966,-0.49472058,100.87706,-2.8045912,-5.4308543,8.69251,184830,-2.7232087,1235.8024,1.0
0.14999999,0.8861051,-1.1190941,910.9264705882352,7.896222e-08,-8.69251,38.768692,204,-2.8612156,8.42407,,244,36,0.14999999,116.53552198410034,10.0,,99.194664,,,204,6.119094,9.894471,38.897415,-2.8095052,-7.492776,8.69251,185829,-5.2646017,1248.2952,-0.2
0.14999999,1.1761626,-1.1006235,908.1902439024391,7.819375e-08,-8.69251,37.665497,205,-2.8563936,8.42407,,244,36,0.14999999,117.0182626247406,10.0,,99.194664,1.0395436,,205,6.1006236,10.38862,36.75913,-2.8143952,2.6673725,8.69251,186179,-1.717582,1250.6278,0.2
0.14999999,1.0455291,-1.1000631,908.6310679611651,7.743643e-08,-8.69251,36.588497,206,-2.8495407,8.42407,,244,36,0.14999999,117.57969903945923,6.0,,99.194664,,,206,6.1000633,7.186602,102.532364,-2.8192616,-0.98519886,8.69251,187178,-1.5501693,1256.613,1.0
0.14999999,0.97789997,-1.1317899,909.0676328502416,7.6690064e-08,-8.69251,36.4244,207,-2.8493564,8.42407,,244,36,0.14999999,118.09413170814514,10.0,,99.194664,,,207,6.13179,9.426384,42.712193,-2.824104,-7.6674857,8.69251,188177,-2.673868,1269.2805,-0.6
0.14999999,1.109762,-1.12753,907.0048076923077,7.5954425e-08,-8.69251,35.5122,208,-2.846462,8.42407,,244,36,0.14999999,118.46829438209534,6.0,,99.194664,,,208,6.12753,5.8981996,64.881134,-2.8289235,-0.24574208,8.69251,188657,-2.1683276,1274.5262,-0.2
0.14999999,0.631272,-1.1194508,905.0622009569378,7.522933e-08,-8.69251,35.442287,209,-2.842686,8.42407,,244,36,0.14999999,118.93751883506775,2.0,,99.194664,,,209,6.1194506,1.6471416,62.38201,-2.8337195,0.5610096,8.69251,189158,-2.044773,1278.9652,-0.2
0.14999999,1.0060971,-1.115494,905.5095238095238,7.451457e-08,-8.69251,35.4151,210,-2.8418465,8.42407,5.2979515e-30,244,36,0.14999999,119.80057549476624,-2.0,,99.194664,,,210,6.115494,-2.0199058,66.21136,-2.8384929,-0.28852668,8.69251,190157,-2.225709,1284.2538,-0.2
0.14999999,0.52122813,-1.1102626,905.9526066350711,7.3809936e-08,-8.69251,35.403526,211,-2.8394558,8.42407,,244,36,0.14999999,120.48931431770325,-6.0,,99.194664,,,211,6.110263,-6.5888915,57.69789,-2.8432434,-0.011662258,8.69251,191156,-2.2446983,1289.2654,-0.2
0.14999999,1.1474147,-1.1063097,906.3915094339623,7.311527e-08,-8.69251,35.366703,212,-2.846221,8.42407,6.0672767e-30,244,36,0.14999999,121.24832534790039,-2.0,,99.194664,,,212,6.10631,-1.8703078,66.266945,-2.8479714,-0.27223918,8.69251,192155,-3.7509983,1294.5376,0.2
0.14999999,0.96190417,-1.1012049,906.8262910798122,7.243035e-08,-8.69251,35.33861,213,-2.8428638,8.42407,,244,36,0.14999999,121.88786292076111,6.0,,99.194664,,,213,6.101205,5.4918437,63.610443,-2.8526773,-0.01898814,8.69251,193154,-2.1713307,1299.5566,0.2
0.14999999,0.9829963,-1.0943326,905.1121495327103,7.175501e-08,-8.69251,35.235626,214,-2.8533924,8.42407,,244,36,0.14999999,122.4593152999878,-6.0,,99.194664,,,214,6.0943327,-5.6344347,63.141613,-2.8573613,0.36950094,8.69251,193694,-4.957184,1304.1871,0.2
0.14999999,0.96265924,-1.0905151,905.5488372093023,7.1089076e-08,-8.69251,35.223232,215,-2.850969,8.42407,,244,36,0.14999999,123.11542177200317,2.0,,99.194664,,,215,6.090515,2.2472053,67.07948,-2.8620234,-0.2736032,8.69251,194693,-2.2212343,1309.4607,0.2
0.14999999,0.9697534,-1.0858549,905.9814814814815,5.2119947e-08,-8.69251,35.3857,216,-2.8483033,8.42407,,244,36,0.14999999,123.94623947143555,6.0,,99.194664,,,216,6.085855,5.4647627,67.53658,-2.8666637,-0.08388036,8.69251,195692,-2.1457262,1314.5447,-0.6
0.14999999,0.0044925017,-1.0844601,906.4101382488479,5.1640686e-08,-8.69251,1041784.75,217,-2.8453326,8.42407,,244,49,0.14999999,124.59594249725342,-6.6666665,,99.194664,,,217,6.0844603,-6.5032644,0.8736057,-2.8712826,-0.78322643,8.69251,196691,-2.0802233,1320.3279,
0.14999999,1.490618,-1.0796695,906.8348623853211,5.116801e-08,-8.69251,1042070.1,218,-2.854196,8.42407,,244,49,0.14999999,134.55732822418213,6.6666665,,99.194664,,,218,6.0796695,6.5548725,323.8289,-2.8758802,-0.04008069,8.69251,197690,-3.7842607,1325.3679,
0.14999999,0.0039635533,-1.0719035,904.931506849315,5.070179e-08,-8.69251,699492.4,219,-2.8593388,8.42407,,244,49,0.14999999,135.05367255210876,-6.6666665,,99.194664,,,219,6.071903,-5.422056,0.68634784,-2.880457,0.6210788,8.69251,198180,-3.8984036,1329.7468,1.0
0.14999999,0.00053339545,-1.0877777,905.3590909090909,5.024191e-08,-8.69251,699682.0,220,-2.871057,8.42407,,244,49,0.14999999,135.80200123786926,6.6666665,,99.194664,,,220,6.0877776,7.881546,0.10571252,-2.8850129,-4.564237,8.69251,199179,-4.4435897,1339.311,1.0
0.14999999,0.26572376,-1.1078037,905.7828054298642,4.9788262e-08,-8.69251,699870.44,221,-2.882719,8.42407,,244,49,0.14999999,136.611083984375,-6.6666665,,99.194664,,,221,6.107804,-7.7501225,51.895897,-2.889548,-5.5135174,8.69251,200178,-4.4511642,1349.8246,-1.0
0.14999999,0.0057438836,-1.1088579,906.2027027027027,4.9340724e-08,-8.69251,699963.6,222,-2.8988428,8.42407,,244,49,0.14999999,137.3350739479065,6.6666665,,99.194664,,,222,6.108858,5.962999,1.0882607,-2.8940628,-1.3418126,8.69251,201177,-5.7058496,1356.1665,-1.0
0.14999999,1.1131006,-1.1104091,904.1928251121076,4.88992e-08,-8.69251,736.6233,223,-2.9256308,8.42407,,244,49,0.14999999,137.79719352722168,6.6666665,,99.194664,0.00023895227,,223,6.1104093,6.4855967,153.95923,-2.898557,-1.4548267,8.69251,201635,-7.8805127,1362.6212,-0.33333334
0.14999999,0.054746073,-1.1069328,903.0982142857143,4.846357e-08,-8.69251,736.38055,224,-2.9367332,8.42407,,244,49,0.14999999,138.43714833259583,6.6666665,,99.194664,0.00039276993,,224,6.1069326,7.560481,9.709411,-2.9030313,-0.33168876,8.69251,202294,-5.292479,1367.9529,0.33333334
0.14999999,0.49462473,-1.1104972,903.5244444444445,4.8033748e-08,-8.69251,736.5616,225,-2.9579155,8.42407,,244,49,0.14999999,139.2050757408142,-6.6666665,,99.194664,,,225,6.1104975,-6.318818,110.26253,-2.9074857,-1.9089277,8.69251,203293,-6.7587867,1374.8618,0.33333334
0.14999999,0.061149005,-1.1081012,903.9469026548672,4.760961e-08,-8.69251,736.7536,226,-2.9641087,8.42407,,244,49,0.14999999,139.9919331073761,-6.6666665,,99.194664,0.0007446277,,226,6.1081014,-6.83537,9.0892725,-2.9119203,-0.5690099,8.69251,204292,-3.7630575,1380.4309,-0.33333334
0.14999999,0.46443364,-1.10329,904.3656387665199,4.719107e-08,-8.69251,520.95715,227,-2.970702,8.42407,,244,49,0.14999999,140.67179417610168,6.6666665,,99.194664,,,227,6.10329,5.451587,101.376724,-2.9163353,-0.015914584,8.69251,205291,-3.5232694,1385.4468,-0.6666667
0.14999999,0.39343476,-1.1034298,902.7587719298245,4.6778016e-08,-8.69251,520.79803,228,-2.9801571,8.42407,,244,49,0.14999999,141.31668615341187,-6.6666665,,99.194664,,,228,6.10343,-6.009007,73.71197,-2.9207308,-1.1352001,8.69251,205829,-4.5157375,1391.582,0.6666667
0.14999999,1.3171018,-1.1066566,903.17903930131,4.6370367e-08,-8.69251,519.60596,229,-2.9847865,8.42407,,244,49,0.14999999,142.24838161468506,-6.6666665,,99.194664,1.056625e-16,,229,6.1066566,-7.4811435,275.48737,-2.9251072,-1.8423682,8.69251,206828,-3.3912058,1398.4243,-0.6666667
0.14999999,4.553307,-1.1047597,903.5956521739131,4.596802e-08,-8.69251,512.54065,230,-2.9934216,8.42407,,244,49,0.14999999,142.94896030426025,6.6666665,,99.194664,,,230,6.1047597,7.6094294,1027.1777,-2.9294646,-0.67037356,8.69251,207827,-4.871988,1404.0947,0.6666667
0.14999999,0.22225444,-1.1091813,904.008658008658,4.5570893e-08,-8.69251,301.13568,231,-2.9955125,8.42407,,244,49,0.14999999,143.81961107254028,3.3333333,,99.194664,,,231,6.1091814,3.1098714,30.559849,-2.933803,-2.1261368,8.69251,208826,-4.2613063,1411.221,
0.14999999,0.6605458,-1.1047015,903.9741379310345,4.517889e-08,-8.69251,301.18732,232,-2.9980543,8.42407,,244,49,0.14999999,144.55587363243103,-3.3333333,,99.194664,,,232,6.1047015,-3.792513,91.61244,-2.9381227,-0.06986139,8.69251,209722,-2.7992852,1416.2908,
0.14999999,0.53593963,-1.1001102,904.381974248927,4.479192e-08,-8.69251,300.64746,233,-3.0114958,8.42407,,244,49,0.14999999,145.3420488834381,-3.3333333,,99.194664,0.00023575996,,233,6.10011,-2.6224766,111.646194,-2.9424238,-0.03494191,8.69251,210721,-5.7122746,1421.3257,0.6666667
0.14999999,0.8112419,-1.1072168,904.7863247863248,4.4409898e-08,-8.69251,300.562,234,-3.0140667,8.42407,,244,49,0.14999999,146.13810801506042,-3.3333333,,99.194664,1.7422096e-20,,234,6.107217,-4.1135373,132.52309,-2.9467063,-2.7630508,8.69251,211720,-3.062818,1429.0887,-0.6666667
0.14999999,3.3032022,-1.1057923,905.1872340425532,4.4032745e-08,-8.69251,298.11026,235,-3.0186741,8.42407,,244,49,0.14999999,146.86789345741272,3.3333333,,99.194664,,,235,6.105792,2.2806802,327.27008,-2.950971,-0.7724572,8.69251,212719,-3.78028,1434.8612,-0.6666667
0.14999999,2.299067,-1.1056658,905.5847457627119,4.366038e-08,-8.69251,297.4238,236,-3.0244164,8.42407,,244,49,0.14999999,147.60371828079224,3.3333333,,99.194664,6.4964555e-17,,236,6.1056657,4.130193,298.94943,-2.9552171,-1.0759329,8.69251,213718,-5.630189,1440.9371,0.6666667
0.14999999,1.0203278,-1.1100485,905.9789029535865,4.3292708e-08,-8.69251,62.464157,237,-3.022687,8.42407,,244,49,0.14999999,148.40002703666687,6.6666665,,99.194664,,,237,6.1100483,6.8995867,139.04987,-2.9594455,-2.144382,8.69251,214717,-3.296447,1448.0815,
0.14999999,1.4531375,-1.1047755,904.8109243697479,4.292967e-08,-8.69251,62.07212,238,-3.0244946,8.42407,,244,49,0.14999999,149.0286524295807,-6.6666665,,99.194664,,,238,6.1047754,-6.8841043,182.94492,-2.963656,0.14491533,8.69251,215345,-3.2814972,1452.9365,
0.14999999,0.40443137,-1.1001751,905.2050209205021,4.257118e-08,-8.69251,61.92871,239,-3.0257845,8.42407,,244,49,0.14999999,149.82566714286804,6.6666665,,99.194664,,,239,6.100175,6.0100284,73.00165,-2.9678488,-0.005273161,8.69251,216344,-3.4350393,1457.9419,-0.6666667
0.14999999,0.54484546,-1.0993061,904.2666666666667,4.2217163e-08,-8.69251,61.711746,240,-3.0273407,8.42407,,244,49,0.14999999,150.4677426815033,-6.6666665,,99.194664,,,240,6.099306,-6.828167,72.41804,-2.9720242,-0.8916129,8.69251,217024,-2.7635798,1463.8335,-0.33333334
0.14999999,1.0198314,-1.0953325,904.6597510373444,4.186754e-08,-8.69251,61.692116,241,-3.0285895,8.42407,,244,49,0.14999999,151.18093609809875,6.6666665,,99.194664,,,241,6.0953326,6.357999,124.12227,-2.9761822,-0.14166184,8.69251,218023,-2.827219,1468.9751,-0.33333334
0.14999999,0.3634956,-1.0870281,902.6115702479339,4.1522238e-08,-8.69251,61.63837,242,-3.0325062,8.42407,,244,49,0.14999999,151.66158628463745,6.6666665,,99.194664,6.868695e-06,,242,6.087028,7.17196,36.55427,-2.980323,0.91430825,8.69251,218432,-3.8512762,1473.0608,0.33333334
0.14999999,0.6579334,-1.0850651,903.0082304526749,4.1181192e-08,-8.69251,61.503525,243,-3.0350878,8.42407,,244,49,0.14999999,152.55359196662903,-6.6666665,,99.194664,,,243,6.085065,-7.6441617,108.63079,-2.9844468,-0.6100164,8.69251,219431,-3.0046716,1478.6709,-1.0
0.14999999,0.9927265,-1.0916256,903.4016393442623,4.0844334e-08,-8.69251,61.498585,244,-3.0470285,8.42407,,244,49,0.14999999,153.3252284526825,-6.6666665,,99.194664,4.309424e-22,,244,6.0916257,-6.4597178,177.48853,-2.9885535,-2.68578,8.69251,220430,-5.517249,1486.3567,0.33333334
0.14999999,0.45167118,-1.0897914,903.7918367346939,4.051159e-08,-8.69251,61.310287,245,-3.0523934,8.42407,,244,49,0.14999999,154.08857917785645,3.3333333,,99.194664,,,245,6.0897913,3.1017265,62.08869,-2.9926436,-0.64228404,8.69251,221429,-4.157666,1491.9989,
0.14999999,0.953449,-1.08545,904.1788617886178,4.01829e-08,-8.69251,61.31,246,-3.061698,8.42407,,244,49,0.14999999,154.899484872818,-3.3333333,,99.194664,,,246,6.08545,-3.310826,108.898506,-2.9967167,-0.021802405,8.69251,222428,-4.7592525,1497.0208,
0.14999999,1.1714499,-1.081089,904.5627530364372,3.9858193e-08,-8.69251,60.92839,247,-3.0609868,8.42407,,244,49,0.14999999,155.8085789680481,6.6666665,,99.194664,,,247,6.081089,5.7138805,241.10335,-3.0007737,-0.008293753,8.69251,223427,-2.7184665,1502.029,-1.0
0.14999999,0.9951012,-1.0695219,902.2379032258065,3.95374e-08,-8.69251,60.84545,248,-3.0603948,8.42407,,244,49,0.14999999,156.31684350967407,-6.6666665,,99.194664,,,248,6.069522,-7.339729,129.43172,-3.004814,1.7875726,8.69251,223755,-2.7826765,1505.2415,-0.6666667
0.14999999,1.1287315,-1.0676173,902.6265060240963,3.922047e-08,-8.69251,60.42913,249,-3.0622232,8.42407,,244,49,0.14999999,156.93520617485046,-3.3333333,,99.194664,,,249,6.0676174,-4.117195,136.47469,-3.0088382,-0.59524995,8.69251,224754,-3.351134,1510.8367,-0.6666667
0.14999999,0.6201234,-1.0676433,903.012,3.8907334e-08,-8.69251,60.23728,250,-3.0611186,8.42407,,244,49,0.14999999,157.6512360572815,-3.3333333,,99.194664,3.2521506e-17,,250,6.067643,-2.5771034,80.898224,-3.0128462,-1.0741355,8.69251,225753,-2.7429662,1516.9109,0.6666667
0.14999999,1.1821042,-1.0722107,903.394422310757,3.8597932e-08,-8.69251,60.209225,251,-3.0612166,8.42407,,244,49,0.14999999,158.3771469593048,-6.6666665,,99.194664,,,251,6.072211,-6.2587786,200.90796,-3.0168383,-2.2140586,8.69251,226752,-2.6388514,1524.1249,0.6666667
0.14999999,2.240941,-1.0703802,903.7738095238095,3.8292207e-08,-8.69251,59.231247,252,-3.0603726,8.42407,,244,49,0.14999999,158.9884033203125,3.3333333,,99.194664,,,252,6.07038,3.3052702,154.41809,-3.0208144,-0.6109239,8.69251,227751,-2.7960021,1529.7358,-0.6666667
0.14999999,1.6885978,-1.0665503,904.1501976284585,3.79901e-08,-8.69251,58.64492,253,-3.057572,8.42407,,244,49,0.14999999,159.6954083442688,6.6666665,,99.194664,,,253,6.0665503,7.258368,192.82686,-3.0247748,-0.101410665,8.69251,228750,-3.1683085,1534.8372,0.6666667
0.14999999,0.8822494,-1.0648075,904.5236220472441,3.769156e-08,-8.69251,58.644314,254,-3.059317,8.42407,,244,49,0.14999999,160.31618070602417,-6.6666665,,99.194664,,,254,6.0648074,-5.5864396,204.81319,-3.0287194,-0.62391686,8.69251,229749,-3.8112314,1540.4612,1.0
0.14999999,0.9860522,-1.0762511,904.8941176470588,3.7396514e-08,-8.69251,57.788486,255,-3.0605733,8.42407,,244,49,0.14999999,161.078040599823,6.6666665,,99.194664,,,255,6.076251,7.6930156,218.87529,-3.0326488,-3.9828942,8.69251,230748,-3.0465035,1549.4441,1.0
0.14999999,1.9288962,-1.0965393,905.26171875,3.7104925e-08,-8.69251,57.77334,256,-3.060808,8.42407,,244,49,0.14999999,161.74124431610107,3.3333333,,99.194664,,,256,6.0965395,4.2780995,163.18895,-3.0365627,-6.2700496,8.69251,231747,-2.8640912,1560.7141,0.6666667
0.14999999,1.3493847,-1.1040772,905.6264591439689,3.6816733e-08,-8.69251,57.152924,257,-3.058243,8.42407,5.246168,244,49,0.14999999,162.53705739974976,,,99.194664,,,257,6.1040773,0.2718534,121.20854,-3.0404613,-3.0337598,8.69251,232746,-2.993216,1568.7478,0.33333334
0.14999999,1.175305,-1.101261,905.9883720930233,3.653188e-08,-8.69251,56.353703,258,-3.05517,8.42407,0.0022846968,244,49,0.14999999,163.14195466041565,,,99.194664,1.0192757e-08,,258,6.101261,-0.565929,83.58884,-3.0241373,-0.37750298,8.69251,233745,-2.4434292,1574.1254,-0.6666667
0.14999999,0.6845484,-1.1004127,906.3474903474903,3.6250327e-08,-8.69251,55.991405,259,-3.0521407,8.42407,4.198977,244,49,0.14999999,163.77294921875,,,99.194664,9.420148,,259,6.100413,-0.3746071,96.57778,-3.027997,-0.88156694,8.69251,234744,-2.324903,1580.0068,-0.33333334
0.14999999,0.9909972,-1.0965837,906.7038461538461,3.5972022e-08,-8.69251,55.74267,260,-3.0531259,8.42407,0.0034495555,244,49,0.14999999,164.5172381401062,,,99.194664,3.5691457e-06,,260,6.096584,0.7432343,76.01243,-3.0157683,-0.104833946,8.69251,235743,-2.9250503,1585.1118,0.6666667
0.14999999,0.5175969,-1.1002239,907.0574712643678,3.5696903e-08,-8.69251,47.2193,261,-3.0516918,8.42407,,244,49,0.14999999,165.16614317893982,-10.0,,99.194664,,,261,6.100224,-10.06731,93.5025,-3.0195937,-2.046706,8.69251,236742,-2.5844574,1592.1584,-0.6666667
0.14999999,0.9598728,-1.0976477,907.4083969465648,3.5424925e-08,-8.69251,46.482594,262,-3.0604475,8.42407,,244,49,0.14999999,165.93278217315674,-10.0,,99.194664,7.168238e-11,,262,6.0976477,-9.5935,69.67444,-3.023418,-0.42525122,8.69251,237741,-4.810318,1597.5837,0.6666667
0.14999999,0.55472684,-1.0980347,907.7566539923954,3.515604e-08,-8.69251,46.349323,263,-3.059944,8.42407,,244,49,0.14999999,166.57515621185303,10.0,,99.194664,,,263,6.098035,10.261353,60.51025,-3.0272274,-1.1994653,8.69251,238740,-2.805991,1603.7832,0.6666667
0.14999999,0.94263744,-1.0992004,908.1022727272727,3.4890213e-08,-8.69251,44.409035,264,-3.0657141,8.42407,,244,49,0.14999999,167.27107000350952,6.6666665,,99.194664,,,264,6.0992002,6.6543655,96.8835,-3.0310225,-1.4057391,8.69251,239739,-4.1042376,1610.189,
0.14999999,0.9158283,-1.0943329,906.9962264150944,3.4627387e-08,-8.69251,44.271152,265,-3.0641842,8.42407,,244,49,0.14999999,167.80065608024597,6.6666665,,99.194664,14.53301,,265,6.0943327,6.426438,89.56064,-3.0348032,0.19063938,8.69251,240354,-2.4885697,1614.9983,-0.33333334
0.14999999,1.0609716,-1.0904713,905.8233082706766,3.4367517e-08,-8.69251,44.185917,266,-3.0636053,8.42407,,244,49,0.14999999,168.3497052192688,6.6666665,,99.194664,0.009294164,,266,6.0904713,5.6036253,131.3932,-3.0385697,-0.067101754,8.69251,240949,-2.7429726,1620.0654,-1.0
0.14999999,1.3018879,-1.0931855,905.4569288389513,3.411057e-08,-8.69251,44.16701,267,-3.0623431,8.42407,,244,49,0.14999999,168.91345191001892,-6.6666665,,99.194664,,,267,6.0931854,-6.4915867,110.499855,-3.042322,-1.8151857,8.69251,241757,-2.627578,1626.8806,
0.14999999,1.1121829,-1.0892311,905.8059701492538,3.3856487e-08,-8.69251,44.016285,268,-3.0603197,8.42407,,244,49,0.14999999,169.51438665390015,-3.3333333,,99.194664,,,268,6.089231,-3.305526,103.17001,-3.0460603,-0.033394497,8.69251,242756,-2.6420205,1631.914,
0.14999999,0.8740087,-1.0852051,906.1524163568773,3.3605236e-08,-8.69251,44.015736,269,-3.0581331,8.42407,,244,49,0.14999999,170.2517852783203,3.3333333,,99.194664,,,269,6.085205,3.478582,93.02345,-3.0497847,-0.00623822,8.69251,243755,-2.4566379,1636.9202,
0.14999999,0.98329806,-1.0812309,906.4962962962964,3.335677e-08,-8.69251,43.935493,270,-3.0601928,8.42407,,244,49,0.14999999,171.0332226753235,6.6666665,,99.194664,,,270,6.081231,5.802367,107.258156,-3.0534954,-0.01216801,8.69251,244754,-3.4066615,1641.9324,-0.6666667
0.14999999,0.8494796,-1.0804051,905.2730627306273,3.3111046e-08,-8.69251,43.891094,271,-3.0594194,8.42407,,244,49,0.14999999,171.5942347049713,-6.6666665,,99.194664,,,271,6.080405,-6.7463284,82.09859,-3.057192,-0.85743636,8.69251,245329,-2.7334251,1647.7898,-0.33333334
0.14999999,1.0099384,-1.0765086,905.6176470588235,3.286803e-08,-8.69251,43.548714,272,-3.0579755,8.42407,,244,49,0.14999999,172.31653356552124,6.6666665,,99.194664,,,272,6.0765085,7.3046155,111.2792,-3.0608754,-0.020567622,8.69251,246328,-2.4430218,1652.8103,0.33333334
0.14999999,1.332479,-1.0774307,905.959706959707,3.262768e-08,-8.69251,43.512672,273,-3.0573862,8.42407,,244,49,0.14999999,173.1160786151886,-6.6666665,,99.194664,,,273,6.0774307,-5.852195,100.08167,-3.0645452,-1.3282387,8.69251,247327,-2.7802393,1659.1385,0.33333334
0.14999999,0.8824168,-1.0781974,906.2992700729927,3.238996e-08,-8.69251,43.385834,274,-3.0590203,8.42407,,244,49,0.14999999,173.91210889816284,-6.6666665,,99.194664,2.3843659e-14,,274,6.0781975,-7.309863,81.60039,-3.0682015,-1.2875186,8.69251,248326,-3.6752791,1665.426,-0.6666667
0.14999999,1.1943302,-1.0766135,906.6363636363636,3.2154823e-08,-8.69251,43.025894,275,-3.05875,8.42407,,244,49,0.14999999,174.64662957191467,-3.3333333,,99.194664,,,275,6.0766134,-4.173253,103.46463,-3.0718443,-0.642608,8.69251,249325,-2.7761185,1671.0687,-0.6666667
0.14999999,0.7571213,-1.0784134,906.9710144927536,3.1922237e-08,-8.69251,42.784653,276,-3.056685,8.42407,,244,49,0.14999999,175.48513007164001,-6.6666665,,99.194664,,,276,6.0784135,-7.541874,115.34242,-3.0754743,-1.5733671,8.69251,250324,-2.5392537,1677.6421,-1.0
0.14999999,1.4954456,-1.0803889,907.3032490974729,3.1692167e-08,-8.69251,42.705086,277,-3.055886,8.42407,,244,49,0.14999999,176.0716369152069,3.3333333,,99.194664,,,277,6.080389,2.8561664,105.24531,-3.0790908,-1.625648,8.69251,251323,-2.5038047,1684.2677,-0.6666667
0.14999999,1.1707579,-1.0791879,907.6330935251799,3.1464577e-08,-8.69251,42.47687,278,-3.0535538,8.42407,,244,49,0.14999999,176.71756529808044,-6.6666665,,99.194664,,,278,6.079188,-5.628683,113.302315,-3.0826945,-0.7465179,8.69251,252322,-2.7063262,1690.0142,0.6666667
0.14999999,0.81348693,-1.0837164,907.9605734767025,3.1239427e-08,-8.69251,42.47635,279,-3.0566826,8.42407,,244,49,0.14999999,177.59359335899353,-3.3333333,,99.194664,,,279,6.0837164,-2.8448226,89.71169,-3.086285,-2.3426292,8.69251,253321,-3.9641173,1697.3569,0.6666667
0.14999999,1.2719642,-1.0840943,908.2857142857143,3.101669e-08,-8.69251,42.114437,280,-3.056243,8.42407,5.5118465,244,49,0.14999999,178.16369700431824,,,99.194664,,,280,6.084094,0.73901886,88.37013,-3.089863,-1.1895237,8.69251,254320,-2.6630163,1703.5464,0.33333334
0.14999999,0.7332607,-1.0857531,908.6085409252669,3.0796322e-08,-8.69251,41.879375,281,-3.0537748,8.42407,4.3963647,244,49,0.14999999,178.85670113563538,,,99.194664,3.0958127e-08,,281,6.085753,-0.28550225,76.3171,-3.073934,-1.5502125,8.69251,255319,-2.514808,1710.0967,-0.33333334
0.14999999,1.3218741,-1.0822083,908.9290780141844,3.05783e-08,-8.69251,41.81227,282,-3.0529194,8.42407,,244,49,0.14999999,179.63809156417847,6.6666665,,99.194664,,,282,6.082208,7.1813865,108.6236,-3.0619621,-0.08614249,8.69251,256318,-2.491361,1715.1827,0.6666667
0.14999999,1.1164302,-1.0836513,909.2473498233215,3.036258e-08,-8.69251,41.402172,283,-3.051407,8.42407,0.0023811844,244,49,0.14999999,180.31526136398315,,,99.194664,,,283,6.0836515,-0.9174653,65.314095,-3.065502,-1.4905536,8.69251,257317,-2.7738645,1721.6733,-0.6666667
0.14999999,0.9901158,-1.0855463,909.5633802816901,3.014913e-08,-8.69251,40.972897,284,-3.04882,8.42407,,244,49,0.14999999,181.03033304214478,10.0,,99.194664,,,284,6.0855465,9.186894,69.33748,-3.069021,-1.6218164,8.69251,258316,-2.3412945,1728.2952,-0.6666667
0.14999999,1.5643665,-1.0758623,907.6385964912281,2.993793e-08,-8.69251,40.944115,285,-3.0474083,8.42407,,244,49,0.14999999,181.5286841392517,3.3333333,,99.194664,,,285,6.0758624,4.4319344,110.94874,-3.072536,1.67437,8.69251,258677,-2.573229,1731.6207,0.6666667
0.14999999,1.0214018,-1.0798092,907.9580419580419,2.972894e-08,-8.69251,40.465332,286,-3.0535777,8.42407,,244,49,0.14999999,182.2417106628418,-6.6666665,,99.194664,,,286,6.079809,-5.7360325,124.25118,-3.0760386,-2.2046804,8.69251,259676,-5.1936936,1738.8254,1.0
0.14999999,1.37198,-1.0896405,908.2752613240418,2.9522127e-08,-8.69251,40.072052,287,-3.0521746,8.42407,0.0036766652,244,49,0.14999999,182.98688960075378,,,99.194664,,,287,6.0896406,1.1489888,93.47932,-3.079529,-3.9013922,8.69251,260675,-2.524868,1747.7268,0.6666667
0.14999999,1.01287,-1.1121975,908.5902777777778,2.9317473e-08,-8.69251,38.93473,288,-3.0529385,8.42407,,244,49,0.14999999,183.6255238056183,6.6666665,,99.194664,,,288,6.1121974,8.175732,133.21419,-3.0829945,-7.586055,8.69251,261674,-3.5176942,1760.3129,1.0
0.14999999,0.46674773,-1.1541985,908.9031141868512,2.9114933e-08,-13.250481,57.8901,289,-3.0683012,8.42407,,244,49,0.14999999,184.22502064704895,-10.0,,146.9515,,,289,6.1541986,-10.821568,76.22578,-3.0864606,-13.250481,13.250481,262673,-7.3455534,1778.5634,-0.6666667
0.14999999,0.9810461,-1.153642,909.2137931034483,2.8914489e-08,-13.250481,57.046642,290,-3.0684123,8.42407,,244,49,0.14999999,184.84559607505798,-10.0,,146.9515,7.3548526e-17,,290,6.153642,-9.44603,60.919968,-3.0899148,-0.992818,13.250481,263672,-2.5356293,1784.5562,0.6666667
0.14999999,0.6394255,-1.1546706,909.5223367697595,2.8716105e-08,-13.250481,56.91058,291,-3.0658932,8.42407,,244,49,0.14999999,185.62129545211792,10.0,,146.9515,,,291,6.1546707,10.811099,54.429447,-3.093357,-1.4529685,13.250481,264671,-2.2479973,1791.0092,0.6666667
0.14999999,0.9264245,-1.1603013,909.8287671232877,2.8519755e-08,-13.250481,55.520893,292,-3.065588,8.42407,,244,49,0.14999999,186.28676676750183,6.6666665,,146.9515,,,292,6.160301,6.3109484,79.287636,-3.0967877,-2.798853,13.250481,265670,-2.5812364,1798.808,
0.14999999,1.0340378,-1.1565298,910.1331058020478,2.8325411e-08,-13.250481,55.345345,293,-3.0669785,8.42407,,244,49,0.14999999,187.0178656578064,6.6666665,,146.9515,33.717857,,293,6.15653,6.286613,81.16467,-3.1002066,-0.05521963,13.250481,266669,-3.3136942,1803.8633,-0.33333334
0.14999999,0.17553556,-1.1519624,908.7210884353741,2.8133048e-08,-13.250481,55.35319,294,-3.0646262,8.42407,,244,49,0.14999999,187.53299736976624,3.3333333,,146.9515,,,294,6.1519623,2.0452983,19.170671,-3.1036136,0.1863029,13.250481,267164,-2.3308036,1808.677,-1.0
0.14999999,1.3520355,-1.1555223,909.0271186440677,2.7942644e-08,-13.250481,55.308884,295,-3.0684505,8.42407,,244,49,0.14999999,188.4217746257782,-6.6666665,,146.9515,,,295,6.1555223,-6.926121,81.39194,-3.1070092,-2.2021482,13.250481,268163,-3.3654015,1815.8792,
0.14999999,1.1536193,-1.1516621,909.331081081081,2.775416e-08,-13.250481,55.317097,296,-3.0677738,8.42407,,244,49,0.14999999,189.15998029708862,-3.3333333,,146.9515,,,296,6.151662,-3.3085399,83.33493,-3.1103933,-0.012904027,13.250481,269162,-3.0854657,1820.892,
0.14999999,0.9814693,-1.148049,909.6329966329967,2.7567577e-08,-13.250481,55.31628,297,-3.068428,8.42407,,244,49,0.14999999,189.91894149780273,3.3333333,,146.9515,,,297,6.148049,3.335905,78.6771,-3.113766,-0.0785779,13.250481,270161,-3.3049495,1825.9706,
0.14999999,0.55318505,-1.1442482,909.9328859060403,2.738287e-08,-13.250481,55.06962,298,-3.066428,8.42407,,244,49,0.14999999,190.64194083213806,-3.3333333,,146.9515,,,298,6.144248,-3.0318851,55.31079,-3.1171274,-0.015450003,13.250481,271160,-2.371602,1830.986,0.33333334
0.14999999,0.8402846,-1.1434377,910.2307692307693,2.7200013e-08,-13.250481,55.05104,299,-3.069249,8.42407,,244,49,0.14999999,191.3790566921234,-6.6666665,,146.9515,,,299,6.143438,-7.367044,63.07965,-3.1204774,-0.9018793,13.250481,272159,-3.431043,1836.888,-0.33333334
0.14999999,1.0579811,-1.1400446,910.5266666666666,2.701898e-08,-13.250481,55.026146,300,-3.0850992,8.42407,,244,49,0.14999999,192.16814422607422,6.6666665,,146.9515,,,300,6.1400447,5.562098,83.62656,-3.1238165,-0.12549336,13.250481,273158,-7.6178503,1842.0134,-0.6666667
0.14999999,1.1233568,-1.1417106,909.6046511627907,2.6839754e-08,-13.250481,55.022186,301,-3.0845695,8.42407,,244,49,0.14999999,192.73315572738647,-3.3333333,,146.9515,,,301,6.1417108,-3.4155447,79.67253,-3.127144,-1.6415391,13.250481,273791,-2.9000483,1848.6549,-0.33333334
0.14999999,1.3355556,-1.1389811,909.9006622516556,2.6662299e-08,-13.250481,54.991993,302,-3.0875888,8.42407,,244,49,0.14999999,193.55413913726807,3.3333333,,146.9515,,,302,6.138981,2.7019477,77.1534,-3.130461,-0.3173679,13.250481,274790,-4.0234833,1853.9723,-0.33333334
0.14999999,0.6374347,-1.136665,909.7623762376238,2.6486601e-08,-13.250481,54.91267,303,-3.0873692,8.42407,,244,49,0.14999999,194.37977051734924,3.3333333,,146.9515,0.00019214752,,303,6.136665,3.3837953,80.303314,-3.1337667,-0.4372136,13.250481,275658,-3.2530208,1859.4094,0.33333334
0.14999999,0.9711858,-1.1329787,910.0559210526316,2.6312636e-08,-13.250481,54.850445,304,-3.0871248,8.42407,,244,49,0.14999999,195.36255025863647,-6.6666665,,146.9515,,,304,6.1329784,-6.4933705,74.49506,-3.1370616,-0.016019722,13.250481,276657,-2.598494,1864.4255,0.33333334
0.14999999,0.79782784,-1.1319215,910.3475409836066,2.6140375e-08,-13.250481,54.825806,305,-3.0929503,8.42407,,244,49,0.14999999,196.13535332679749,6.6666665,,146.9515,,,305,6.131922,7.101738,83.73038,-3.1403456,-0.81053686,13.250481,277656,-4.7564135,1870.2361,0.33333334
0.14999999,0.87582076,-1.129318,910.6372549019608,2.59698e-08,-13.250481,54.589993,306,-3.0943313,8.42407,,244,49,0.14999999,196.88425493240356,-6.6666665,,146.9515,,,306,6.129318,-7.2636466,63.540024,-3.143619,-0.3352664,13.250481,278655,-3.250057,1875.5713,-0.6666667
0.14999999,0.99942625,-1.1283475,910.9250814332247,2.5800892e-08,-13.250481,54.43483,307,-3.0922358,8.42407,,244,49,0.14999999,197.5848207473755,-3.3333333,,146.9515,,,307,6.1283474,-3.990739,83.02029,-3.1468816,-0.8313617,13.250481,279654,-2.2651777,1881.4027,-0.6666667
0.14999999,1.3279868,-1.1297884,911.211038961039,2.5633629e-08,-13.250481,54.42848,308,-3.094222,8.42407,,244,49,0.14999999,198.29291105270386,6.6666665,,146.9515,,,308,6.1297884,5.7464046,101.01959,-3.1501336,-1.5721365,13.250481,280653,-3.6197743,1887.9749,-1.0
0.14999999,1.3445992,-1.1277963,909.5825242718447,2.5467983e-08,-13.250481,54.15479,309,-3.0913568,8.42407,,244,49,0.14999999,198.8087022304535,3.3333333,,146.9515,,,309,6.127796,2.9311266,80.4144,-3.1533751,-0.5142342,13.250481,281061,-2.393245,1893.489,-0.6666667
0.14999999,0.80895454,-1.127051,909.7516129032258,2.5303939e-08,-13.250481,54.082554,310,-3.0922253,8.42407,,244,49,0.14999999,199.50133085250854,-6.6666665,,146.9515,,,310,6.127051,-7.8225055,91.30438,-3.1566062,-0.8967483,13.250481,282023,-3.5804737,1899.3857,-1.0
0.14999999,1.0301708,-1.1286136,910.0385852090033,2.5141473e-08,-13.250481,53.692997,311,-3.0947866,8.42407,5.9112854,244,49,0.14999999,200.32524871826172,,,146.9515,,,311,6.1286135,0.3583339,73.75486,-3.1598268,-1.6130183,13.250481,283022,-3.6251888,1905.9988,0.33333334
0.14999999,1.0250137,-1.1262751,910.3237179487179,2.4980569e-08,-13.250481,53.679432,312,-3.0915053,8.42407,,244,49,0.14999999,201.15308809280396,-3.3333333,,146.9515,,,312,6.126275,-2.6471066,75.53617,-3.1442082,-0.39904112,13.250481,284021,-2.0274477,1911.3978,0.6666667
0.14999999,1.2035127,-1.1284413,910.6070287539936,2.4821201e-08,-13.250481,53.50527,313,-3.0891113,8.42407,,244,49,0.14999999,201.9879846572876,-6.6666665,,146.9515,,,313,6.1284413,-6.236029,85.56831,-3.147408,-1.8043168,13.250481,285020,-2.2817006,1918.2021,0.6666667
0.14999999,0.7423301,-1.1264042,910.8885350318471,2.4663356e-08,-13.250481,53.497913,314,-3.0862465,8.42407,4.746662,244,49,0.14999999,202.78161072731018,,,146.9515,,,314,6.1264043,-0.38771397,66.493835,-3.1505978,-0.48873228,13.250481,286019,-2.29883,1923.6909,-0.33333334
0.14999999,1.1787546,-1.1235057,911.168253968254,2.4507013e-08,-13.250481,53.421192,315,-3.084636,8.42407,,244,49,0.14999999,203.36872053146362,6.6666665,,146.9515,,,315,6.1235056,7.295245,84.95834,-3.138774,-0.21339172,13.250481,287018,-2.2757225,1928.9043,0.6666667
0.14999999,1.2190514,-1.1260104,911.4462025316456,2.435215e-08,-13.250481,53.346233,316,-3.0823033,8.42407,,244,49,0.14999999,204.11298274993896,-3.3333333,,146.9515,,,316,6.1260104,-4.494562,104.05379,-3.1419435,-1.9149991,13.250481,288017,-2.4108305,1935.8193,-1.0
0.14999999,1.121239,-1.1280946,911.7223974763407,2.4198751e-08,-13.250481,53.22171,317,-3.082455,8.42407,,244,49,0.14999999,204.70818638801575,-10.0,,146.9515,,,317,6.1280947,-11.060233,105.554245,-3.145103,-1.7866503,13.250481,289016,-3.2182987,1942.606,-1.0
0.14999999,1.002868,-1.1301924,911.996855345912,2.4046798e-08,-13.250481,53.02262,318,-3.080705,8.42407,0.0025866104,244,49,0.14999999,205.32988238334656,,,146.9515,,,318,6.1301923,-0.70128196,58.031143,-3.1482527,-1.7952462,13.250481,290015,-2.5084896,1949.4011,-0.6666667
0.14999999,1.0553493,-1.1300983,912.269592476489,2.389627e-08,-13.250481,52.96952,319,-3.0781798,8.42407,,244,49,0.14999999,206.11101937294006,10.0,,146.9515,,,319,6.1300983,9.3071165,62.599236,-3.1513844,-1.1001974,13.250481,291014,-2.2137043,1955.5013,-0.6666667
0.14999999,1.4256823,-1.1070696,910.23125,2.374715e-08,-13.250481,52.471268,320,-3.0749543,8.42407,,244,49,0.14999999,206.5650691986084,3.3333333,,146.9515,,,320,6.1070695,4.0146265,88.375015,-3.154514,6.239108,13.250481,291274,-2.0394557,1954.2622,0.6666667
0.14999999,0.95634246,-1.1089398,910.5077881619937,2.3599425e-08,-13.250481,52.151516,321,-3.0716062,8.42407,62.72192,244,49,0.14999999,207.39815068244934,,,146.9515,,,321,6.1089396,-0.18435813,75.10605,-3.1576343,-1.7073833,13.250481,292273,-2.2949786,1960.9697,
0.14999999,1.1171634,-1.1055374,910.7826086956521,2.3453074e-08,-13.250481,52.09204,322,-3.07328,8.42407,0.003335909,244,49,0.14999999,208.0567328929901,,,146.9515,0.01981838,,322,6.1055374,0.7553705,78.443726,-2.9822679,-0.01338353,13.250481,293272,-3.497056,1965.983,0.6666667
0.14999999,0.8668451,-1.1064559,911.0557275541796,2.3308077e-08,-13.250481,52.01306,323,-3.0709589,8.42407,,244,49,0.14999999,208.85442519187927,3.3333333,,146.9515,,,323,6.106456,4.4674773,105.87146,-2.9853582,-1.4022443,13.250481,294271,-2.3601756,1972.3853,1.0
0.14999999,0.9889146,-1.1220359,911.3271604938271,2.3164423e-08,-13.250481,51.93331,324,-3.0704384,8.42407,,244,49,0.14999999,209.71141147613525,-6.6666665,,146.9515,,,324,6.122036,-5.575033,96.33038,-2.9884493,-6.15435,13.250481,295270,-2.6938832,1983.5396,1.0
0.14999999,1.0038348,-1.1322298,911.5969230769231,2.3022093e-08,-13.250481,51.12153,325,-3.0690877,8.42407,,244,49,0.14999999,210.50835132598877,-10.0,,146.9515,,,325,6.13223,-8.685302,106.89804,-2.9915311,-4.435037,13.250481,296269,-2.5139546,1992.9746,1.0
0.14999999,1.1861409,-1.1508025,911.8650306748466,2.2881071e-08,-13.250481,50.078403,326,-3.0713477,8.42407,,244,49,0.14999999,211.21508145332336,-3.3333333,,146.9515,,,326,6.1508026,-2.240006,108.06259,-2.9946032,-7.186963,13.250481,297268,-3.6824567,2005.1616,1.0
0.14999999,0.8694158,-1.1649323,912.131498470948,2.274134e-08,-13.250481,49.892223,327,-3.0697486,8.42407,,244,49,0.14999999,211.8399224281311,10.0,,146.9515,,,327,6.1649323,8.927931,80.14529,-2.9976661,-5.771224,13.250481,298267,-2.6021464,2015.9329,-1.0
0.14999999,0.61832,-1.1570737,910.3201219512196,2.2602883e-08,-13.250481,49.63948,328,-3.06971,8.42407,,244,49,0.14999999,212.31966042518616,-10.0,,146.9515,,,328,6.157074,-10.65766,68.03259,-3.0007195,1.4126391,13.250481,298585,-2.8472993,2019.5203,-0.6666667
0.14999999,1.1598629,-1.1579558,910.5896656534954,2.2465688e-08,-13.250481,48.980755,329,-3.0715072,8.42407,1.6463892e-08,244,49,0.14999999,213.06773138046265,,,146.9515,,,329,6.1579556,1.3125511,109.27011,-3.0037637,-1.4472183,13.250481,299584,-3.242098,2025.9674,1.0
0.14999999,1.0197822,-1.1668699,910.8575757575758,2.2329736e-08,-13.250481,48.904682,330,-3.0775027,8.42407,,244,49,0.14999999,213.9299201965332,-10.0,,146.9515,,,330,6.16687,-9.464295,61.035107,-3.0067985,-4.099653,13.250481,300583,-5.078236,2035.0671,0.6666667
0.14999999,1.1472243,-1.1668564,911.1238670694864,2.219502e-08,-13.250481,48.841747,331,-3.0742404,8.42407,,244,49,0.14999999,214.72789978981018,10.0,,146.9515,,,331,6.1668563,11.031019,110.03364,-3.0098243,-1.1623777,13.250481,301582,-1.9537324,2041.2295,1.0
0.14999999,0.7251813,-1.1937001,911.3885542168674,2.2061514e-08,-13.250481,48.614372,332,-3.0781188,8.42407,,244,49,0.14999999,215.5077486038208,10.0,,146.9515,0.26057282,,332,6.1937,10.37765,63.869884,-3.0128407,-10.078959,13.250481,302581,-4.3713827,2056.3083,0.6666667
0.14999999,0.9152955,-1.1938835,911.6516516516516,2.1929212e-08,-13.250481,48.38965,333,-3.0777774,8.42407,,244,49,0.14999999,216.10489106178284,6.6666665,,146.9515,,,333,6.1938834,6.803644,67.81565,-3.0158484,-1.2547779,13.250481,303580,-2.6499915,2062.5632,
0.14999999,0.97886556,-1.1854813,910.1347305389221,2.1798098e-08,-13.250481,48.336388,334,-3.075655,8.42407,,244,49,0.14999999,216.6754870414734,6.6666665,,146.9515,0.8628947,,334,6.185481,6.5865526,69.659225,-3.0188468,1.6124679,13.250481,303985,-2.2230525,2065.9507,-0.33333334
0.14999999,0.9927975,-1.1803046,908.9462686567164,2.1668152e-08,-13.250481,48.23895,335,-3.0734842,8.42407,,244,49,0.14999999,217.38952946662903,-3.3333333,,146.9515,,,335,6.1803045,-3.5085967,70.73616,-3.0218363,0.5486742,13.250481,304497,-2.2656448,2070.402,
0.14999999,1.3060625,-1.1768261,909.2142857142857,2.1539364e-08,-13.250481,48.244686,336,-3.0717824,8.42407,,244,49,0.14999999,218.15677332878113,-6.6666665,,146.9515,,,336,6.176826,-6.773132,69.528015,-3.024817,-0.0114953825,13.250481,305496,-2.4242556,2075.4136,
0.14999999,1.1341574,-1.1734725,909.4807121661721,2.1411724e-08,-13.250481,48.25185,337,-3.0687857,8.42407,,244,49,0.14999999,218.9310462474823,3.3333333,,146.9515,,,337,6.1734724,3.2217839,67.291214,-3.0277889,-0.04667586,13.250481,306495,-2.2691376,2080.4602,
0.14999999,0.91620886,-1.1701443,909.7455621301775,2.1285215e-08,-13.250481,48.0065,338,-3.0661945,8.42407,,244,49,0.14999999,219.68466114997864,-6.6666665,,146.9515,,,338,6.170144,-7.2168927,54.69991,-3.0307517,-0.048543226,13.250481,307494,-2.245545,2085.5088,-0.33333334
0.14999999,0.86451256,-1.168341,910.0088495575221,2.1159824e-08,-13.250481,47.977375,339,-3.0644085,8.42407,,244,49,0.14999999,220.46800661087036,6.6666665,,146.9515,,,339,6.168341,5.7948995,71.22188,-3.033706,-0.5588535,13.250481,308493,-2.335506,2091.0676,-0.6666667
0.14999999,0.55139375,-1.1695433,909.6323529411765,2.1035541e-08,-13.250481,47.97543,340,-3.0628746,8.42407,,244,49,0.14999999,221.33667278289795,-3.3333333,,146.9515,,,340,6.1695433,-3.022192,48.652428,-3.0366514,-1.5770897,13.250481,309275,-2.3573935,2097.6448,0.33333334
0.14999999,1.1007172,-1.1666629,909.8944281524927,2.0912346e-08,-13.250481,47.977734,341,-3.0618203,8.42407,,244,49,0.14999999,222.1703498363495,-3.3333333,,146.9515,0.03096005,,341,6.166663,-3.6225867,70.941536,-3.0395882,-0.18735361,13.250481,310274,-2.2301626,2102.832,-0.33333334
0.14999999,0.50392795,-1.1637653,910.1549707602339,2.079023e-08,-13.250481,47.929184,342,-3.0591273,8.42407,,244,49,0.14999999,222.870379447937,3.3333333,,146.9515,,,342,6.1637654,3.566543,68.131996,-3.0425165,-0.17565522,13.250481,311273,-2.16526,2108.0078,0.33333334
0.14999999,1.3483285,-1.1604679,910.4139941690962,1.5899369e-08,-13.250481,48.278847,343,-3.0591083,8.42407,,244,49,0.14999999,223.49977850914001,3.3333333,,146.9515,0.8407744,,343,6.160468,3.0630705,66.57493,-3.0454364,-0.03273954,13.250481,312272,-2.5264006,2113.0405,-0.33333334
0.14999999,1.7630706e-05,-1.1583049,910.671511627907,1.5807066e-08,-13.250481,10640678.0,344,-3.057373,8.42407,,244,64,0.14999999,224.2105588912964,-4.285714,,146.9515,,,344,6.158305,-5.063544,0.0029844404,-3.0483475,-0.41643104,13.250481,313271,-2.730164,2118.457,-0.71428573
0.14999999,0.0016459277,-1.157996,910.927536231884,1.5715564e-08,-13.250481,10642397.0,345,-3.0629861,8.42407,,244,64,0.14999999,243.98232650756836,-4.285714,,146.9515,1.0205627e-17,,345,6.157996,-3.432178,0.55536646,-3.0512502,-1.0517433,13.250481,314270,-3.9954314,2124.5085,0.71428573
0.14999999,0.0005954534,-1.1581727,911.1820809248555,1.5624853e-08,-13.250481,10644112.0,346,-3.0737417,8.42407,,244,64,0.14999999,244.94614911079407,4.285714,,146.9515,,,346,6.1581726,3.6344185,0.11129548,-3.0541446,-1.2191247,13.250481,315269,-5.787604,2130.7278,-0.71428573
0.14999999,0.0010384773,-1.156716,910.193083573487,1.5534926e-08,-13.250481,10645820.0,347,-3.079434,8.42407,,244,64,0.14999999,245.7328712940216,4.285714,,146.9515,1.2832958e-15,,347,6.156716,4.5902643,0.3481171,-3.0570307,-0.6527006,13.250481,315837,-4.0508523,2136.3804,0.71428573
0.14999999,0.0061044344,-1.1574439,910.448275862069,1.5445773e-08,-13.250481,139113.7,348,-3.0905187,8.42407,,244,64,0.14999999,246.82304668426514,-4.285714,,146.9515,,,348,6.157444,-3.9722478,1.4876777,-3.0599084,-1.4099993,13.250481,316836,-5.9393897,2142.7905,-0.14285715
0.14999999,0.010411532,-1.1544138,910.702005730659,1.5357385e-08,-13.250481,139135.89,349,-3.1035626,8.42407,,244,64,0.14999999,247.73322343826294,4.285714,,146.9515,,,349,6.1544137,4.240535,1.9816823,-3.0627778,-0.0999664,13.250481,317835,-6.6503253,2147.8904,-0.14285715
0.14999999,0.0029860067,-1.1511158,910.9542857142857,1.5269755e-08,-13.250481,126803.164,350,-3.1101682,8.42407,1.0083089e-14,244,64,0.14999999,248.65446138381958,-1.4285715,,146.9515,,,350,6.151116,-1.2739784,0.49918848,-3.065639,-6.75979e-05,13.250481,318834,-4.4273286,2152.8906,-0.42857143
0.14999999,0.013631059,-1.1478386,911.2051282051282,1.518287e-08,-13.250481,126823.25,351,-3.1278691,8.42407,2.8718065e-26,244,64,0.14999999,249.66378045082092,1.4285715,,146.9515,,,351,6.1478386,0.8231188,4.2934184,-3.0684922,-0.0008146281,13.250481,319833,-8.3277445,2157.8914,-0.42857143
0.14999999,0.57600594,-1.1461587,911.4545454545455,1.5096727e-08,-13.250481,126843.25,352,-3.1339815,8.42407,1.3287255e-14,244,64,0.14999999,250.56522798538208,-1.4285715,,146.9515,,,352,6.1461587,-0.967266,187.98389,-3.071337,-0.55653226,13.250481,320832,-4.2942734,2163.4478,0.42857143
0.14999999,1.5283618,-1.1445043,911.7025495750709,1.5011317e-08,-13.250481,126862.39,353,-3.1378171,8.42407,3.7843192e-26,244,64,0.14999999,251.5828619003296,1.4285715,,146.9515,,,353,6.1445045,1.4716426,536.16345,-3.074174,-0.56215405,13.250481,321831,-3.958755,2169.01,0.42857143
0.14999999,0.0033610526,-1.1421826,911.9491525423729,1.4926627e-08,-13.250481,69617.71,354,-3.145707,8.42407,3.2007136e-34,244,64,0.14999999,252.54351091384888,1.4285715,,146.9515,7.890703e-15,,354,6.1421824,0.40800905,1.1075009,-3.0770028,-0.3226585,13.250481,322830,-5.8656044,2174.3325,-1.0
0.14999999,0.0010976854,-1.1445982,912.1943661971831,1.4842651e-08,-13.250481,69628.61,355,-3.1507504,8.42407,6.030161e-34,244,64,0.14999999,253.5790297985077,1.4285715,,146.9515,4.5450286e-38,,355,6.144598,2.616239,0.22519648,-3.0798237,-1.9997282,13.250481,323829,-3.9408252,2181.3325,1.0
0.14999999,0.011430496,-1.1619298,912.438202247191,1.4759383e-08,-13.250481,69639.45,356,-3.1576147,8.42407,1.1333692e-22,244,64,0.14999999,254.3904423713684,-1.4285715,,146.9515,,,356,6.16193,-2.211106,3.725173,-3.0826366,-7.314616,13.250481,324828,-4.5968323,2193.647,-1.0
0.14999999,0.71585864,-1.1632527,912.6806722689075,1.4676812e-08,-13.250481,69645.016,357,-3.1640084,8.42407,2.135241e-22,244,64,0.14999999,255.3535189628601,-1.4285715,,146.9515,2.9577284e-33,,357,6.163253,-0.8233599,241.94072,-3.0854416,-1.6342055,13.250481,325827,-4.4530544,2200.2812,1.0
0.14999999,0.1733242,-1.169125,912.9217877094972,1.4594933e-08,-13.250481,9044.698,358,-3.1690555,8.42407,,244,64,0.14999999,256.29249715805054,7.142857,,146.9515,,,358,6.169125,7.4827647,34.79661,-3.0882387,-3.2655575,13.250481,326826,-4.527271,2208.5469,0.14285715
0.14999999,2.5747736,-1.1706263,913.1615598885794,1.4513737e-08,-13.250481,9045.766,359,-3.1726053,8.42407,,244,64,0.14999999,257.36968326568604,-7.142857,,146.9515,,,359,6.170626,-6.6586237,864.723,-3.0910282,-1.708054,13.250481,327825,-3.6123874,2215.255,0.14285715
0.14999999,0.23280399,-1.1682034,913.4,1.4433216e-08,-13.250481,8723.566,360,-3.1740773,8.42407,,244,64,0.14999999,258.3568305969238,7.142857,,146.9515,,,360,6.1682034,8.132754,63.715935,-3.0938098,-0.2983752,13.250481,328824,-4.0919027,2220.5532,1.0
0.14999999,4.164018,-1.1785656,913.6371191135734,1.4353366e-08,-13.250481,7919.4297,361,-3.1797354,8.42407,,244,64,0.14999999,259.4230794906616,-7.142857,,146.9515,,,361,6.1785655,-7.750804,1395.1078,-3.0965838,-4.908992,13.250481,329823,-4.4363747,2230.4622,-0.42857143
0.14999999,0.5233896,-1.1767638,913.8729281767955,1.4274175e-08,-13.250481,7852.285,362,-3.180611,8.42407,,244,64,0.14999999,260.30200004577637,-7.142857,,146.9515,6.622102e-12,,362,6.1767635,-6.689782,165.12154,-3.09935,-0.5262822,13.250481,330822,-4.355876,2235.9885,0.71428573
0.14999999,0.4432212,-1.1784889,914.1074380165289,1.4195636e-08,-13.250481,7837.193,363,-3.1880589,8.42407,,244,64,0.14999999,261.4577548503876,7.142857,,146.9515,,,363,6.1784887,7.215889,116.84269,-3.1021087,-1.8030018,13.250481,331821,-5.327537,2242.7915,-0.42857143
0.14999999,0.41256168,-1.1742725,913.0769230769231,1.4117746e-08,-13.250481,7557.6963,364,-3.1979933,8.42407,,244,64,0.14999999,261.9684708118439,-7.142857,,146.9515,,,364,6.1742725,-8.1474085,78.986694,-3.1048596,0.3562655,13.250481,332360,-6.2007647,2247.4353,-1.0
0.14999999,13.406096,-1.1744004,913.3123287671233,1.4040493e-08,-13.250481,7533.2617,365,-3.2077727,8.42407,,244,64,0.14999999,262.9397461414337,7.142857,,146.9515,,,365,6.1744003,6.036571,4889.351,-3.1076033,-1.2209418,13.250481,333359,-6.145142,2253.6562,-1.0
0.14999999,19.915342,-1.1768622,912.1092896174863,1.39638745e-08,-13.250481,604.16473,366,-3.2094834,8.42407,4.3431106e-13,244,64,0.14999999,263.43519115448,-1.4285715,,146.9515,,,366,6.1768622,-1.6251782,7279.896,-3.1103392,-2.0754044,13.250481,333832,-5.5125136,2260.7314,-0.14285715
0.14999999,0.05733815,-1.1740813,912.3460490463216,1.3887883e-08,-13.250481,604.24854,367,-3.2054029,8.42407,,244,64,0.14999999,264.27696466445923,4.285714,,146.9515,,,367,6.1740813,3.076033,20.969158,-3.1130676,-0.15626784,13.250481,334831,-3.777502,2265.888,-1.0
0.14999999,0.027307648,-1.1761564,912.5815217391304,1.3812508e-08,-13.250481,604.3382,368,-3.211964,8.42407,,244,64,0.14999999,265.1832802295685,4.285714,,146.9515,2.2567528e-37,,368,6.1761565,5.356814,9.953688,-3.1157887,-1.9377275,13.250481,335830,-4.6769223,2272.8257,1.0
0.14999999,1.0664436,-1.1950458,912.8157181571815,1.3737745e-08,-13.250481,604.4269,369,-3.2174394,8.42407,,244,64,0.14999999,265.86239314079285,4.285714,,146.9515,3.4923116e-07,,369,6.195046,4.5019813,384.1359,-3.1185024,-8.146354,13.250481,336829,-4.26077,2285.972,0.14285715
0.14999999,0.033369053,-1.1931758,913.0486486486486,1.3663586e-08,-13.250481,604.5171,370,-3.2242508,8.42407,,244,64,0.14999999,266.6846127510071,-4.285714,,146.9515,,,370,6.193176,-3.3748088,12.3259,-3.121209,-0.5031158,13.250481,337828,-5.4774814,2291.475,1.0
0.14999999,0.18328291,-1.1984286,913.2803234501348,1.3590027e-08,-13.250481,604.5715,371,-3.2282627,8.42407,1.2503055e-24,244,64,0.14999999,267.54256796836853,1.4285715,,146.9515,,,371,6.1984286,1.3177495,34.714752,-3.1239078,-3.141994,13.250481,338827,-3.7468832,2299.617,-0.14285715
0.14999999,0.15109965,-1.1954947,913.510752688172,1.3517061e-08,-13.250481,604.5784,372,-3.2323165,8.42407,,244,64,0.14999999,268.4665720462799,-4.285714,,146.9515,,,372,6.1954947,-5.3167887,56.086014,-3.1265998,-0.10698522,13.250481,339826,-3.9139726,2304.724,-1.0
0.14999999,10.654418,-1.1964265,913.739946380697,1.344468e-08,-13.250481,604.2955,373,-3.2372143,8.42407,,244,64,0.14999999,269.3615367412567,-4.285714,,146.9515,1.8982236e-08,,373,6.1964264,-4.1330504,3924.772,-3.1292841,-1.5430845,13.250481,340825,-4.2014146,2311.267,0.14285715
0.14999999,0.14852253,-1.193229,913.9679144385027,1.337288e-08,-13.250481,602.72845,374,-3.2354815,8.42407,,244,64,0.14999999,270.2837657928467,-7.142857,,146.9515,,,374,6.1932287,-5.9260993,52.743362,-3.1319616,-0.00053525774,13.250481,341824,-4.1605344,2316.2676,1.0
0.14999999,0.56137997,-1.2084998,914.1946666666666,1.3301652e-08,-13.250481,602.7352,375,-3.2417266,8.42407,,244,64,0.14999999,271.2726330757141,7.142857,,146.9515,,,375,6.2085,7.6195755,90.58119,-3.1346319,-6.919772,13.250481,342823,-4.718157,2328.1875,0.42857143
0.14999999,3.0883548,-1.206569,914.4202127659574,1.3230991e-08,-13.250481,428.42896,376,-3.2448835,8.42407,,244,64,0.14999999,272.1162371635437,7.142857,,146.9515,0.6340807,,376,6.2065687,6.6227174,1138.7532,-3.137295,-0.4825261,13.250481,343822,-3.9517176,2333.67,-0.14285715
0.14999999,1.0143307,-1.2011906,913.212201591512,1.3160895e-08,-13.250481,427.80615,377,-3.243175,8.42407,4.895344e-13,244,64,0.14999999,272.9009449481964,-1.4285715,,146.9515,,,377,6.2011905,-1.1673617,291.3547,-3.139951,0.82106966,13.250481,344281,-3.0549316,2337.8489,0.14285715
0.14999999,0.17113268,-1.1983418,913.4391534391534,1.3091352e-08,-13.250481,427.81506,378,-3.2451108,8.42407,,244,64,0.14999999,273.8165898323059,-4.285714,,146.9515,,,378,6.198342,-4.8169537,57.75892,-3.1426,-0.12438043,13.250481,345280,-3.7735338,2342.9731,-0.42857143
0.14999999,0.13545792,-1.1969484,913.664907651715,1.302236e-08,-13.250481,427.85986,379,-3.248583,8.42407,3.1378445e-29,244,64,0.14999999,274.53497314453125,1.4285715,,146.9515,,,379,6.1969485,1.9092553,28.245274,-3.145242,-0.6702274,13.250481,346279,-3.722838,2348.6436,0.71428573
0.14999999,0.4541809,-1.197322,913.8894736842105,1.2953911e-08,-13.250481,427.8274,380,-3.2530897,8.42407,,244,64,0.14999999,275.34432768821716,4.285714,,146.9515,,,380,6.197322,4.0099015,165.24496,-3.147877,-1.3389021,13.250481,347278,-4.094305,2354.9824,-0.42857143
0.14999999,0.8282429,-1.1951001,913.3595800524935,1.28860025e-08,-13.250481,427.8789,381,-3.2569747,8.42407,1.4050378e-24,244,64,0.14999999,276.1064028739929,1.4285715,,146.9515,,,381,6.1951,1.5650913,239.85587,-3.1505053,-0.35076824,13.250481,347990,-4.114883,2360.333,0.14285715
0.14999999,0.42892894,-1.192004,913.5837696335078,1.2818624e-08,-13.250481,427.84225,382,-3.259266,8.42407,2.0157997e-29,244,64,0.14999999,276.9040992259979,1.4285715,,146.9515,0.000371679,,382,6.192004,0.6109276,121.295555,-3.1531265,-0.012389066,13.250481,348989,-3.8122826,2365.3455,-0.71428573
0.14999999,0.31325102,-1.1926922,913.8067885117493,1.2751775e-08,-13.250481,427.6152,383,-3.2621975,8.42407,1.1165289e-17,244,64,0.14999999,277.73552227020264,-1.4285715,,146.9515,,,383,6.1926923,-0.8788805,63.775177,-3.1557407,-1.4555544,13.250481,349988,-3.7652144,2371.801,0.71428573
0.14999999,0.1489498,-1.1925324,914.0286458333334,1.2685445e-08,-13.250481,427.55096,384,-3.2652457,8.42407,,244,64,0.14999999,278.54930996894836,7.142857,,146.9515,,,384,6.1925325,6.2480564,21.477116,-3.1583483,-1.1313556,13.250481,350987,-3.7283967,2377.9324,-0.71428573
0.14999999,2.2836425,-1.192055,914.2415584415585,1.26196325e-08,-13.250481,427.59933,385,-3.2681336,8.42407,,244,64,0.14999999,279.50702142715454,-7.142857,,146.9515,,,385,6.1920547,-7.2581267,802.415,-3.1609492,-1.0087109,13.250481,351983,-3.524234,2383.9412,-0.14285715
0.14999999,0.54618585,-1.189002,914.4611398963731,1.255433e-08,-13.250481,427.60492,386,-3.2694073,8.42407,7.172097e-18,244,64,0.14999999,280.33123683929443,-1.4285715,,146.9515,,,386,6.189002,-2.0248241,199.17308,-3.1635432,-0.013629647,13.250481,352982,-4.0811977,2388.9548,-0.71428573
0.14999999,1.1200299,-1.1886823,914.6795865633075,1.2489533e-08,-13.250481,427.54855,387,-3.272637,8.42407,,244,64,0.14999999,281.05199551582336,-4.285714,,146.9515,,,387,6.1886826,-3.80067,293.36917,-3.1661305,-1.065274,13.250481,353981,-3.9665105,2395.02,0.42857143
0.14999999,1.6613386,-1.1870116,914.8969072164948,1.2425237e-08,-13.250481,426.87296,388,-3.2743776,8.42407,,244,64,0.14999999,281.91272163391113,-7.142857,,146.9515,,,388,6.1870117,-6.7435923,310.9438,-3.1687112,-0.5404488,13.250481,354980,-3.8435907,2400.5605,0.42857143
0.14999999,3.3979187,-1.1860039,915.1131105398457,1.2361436e-08,-13.250481,426.11627,389,-3.275177,8.42407,,244,64,0.14999999,282.7188489437103,4.285714,,146.9515,,,389,6.1860037,4.5092854,954.1444,-3.1712852,-0.7950497,13.250481,355979,-3.921419,2406.3555,0.42857143
0.14999999,3.2647216,-1.1843166,915.3282051282051,1.2298124e-08,-13.250481,424.3434,390,-3.275574,8.42407,,244,64,0.14999999,283.6263496875763,-7.142857,,146.9515,,,390,6.1843166,-7.6032243,957.9629,-3.1738527,-0.5279386,13.250481,356978,-4.3425703,2411.8835,-0.71428573
0.14999999,1.3272731,-1.1837665,915.5421994884911,1.22353e-08,-13.250481,423.6684,391,-3.273959,8.42407,,244,64,0.14999999,284.56554675102234,7.142857,,146.9515,,,391,6.1837664,8.238817,259.4597,-3.1764133,-0.969199,13.250481,357977,-3.6172693,2417.8528,0.71428573
0.14999999,0.54947656,-1.1887554,915.7551020408164,1.2172954e-08,-13.250481,96.81408,392,-3.2791107,8.42407,,244,64,0.14999999,285.40432620048523,-7.142857,,146.9515,,,392,6.1887555,-8.440477,90.534294,-3.1789677,-3.1394222,13.250481,358976,-5.4076476,2425.9922,-1.0
0.14999999,0.86768556,-1.1907885,915.9669211195928,1.2111084e-08,-13.250481,96.64402,393,-3.2844608,8.42407,,244,64,0.14999999,286.29052472114563,7.142857,,146.9515,,,393,6.1907883,7.2031255,295.23843,-3.1815155,-1.9878031,13.250481,359975,-4.8895,2432.98,-0.14285715
0.14999999,0.7031645,-1.1863272,914.9035532994924,1.2049684e-08,-13.250481,96.56925,394,-3.2876918,8.42407,,244,64,0.14999999,287.0162019729614,-4.285714,,146.9515,,,394,6.186327,-5.3873754,228.73732,-3.1840568,0.56698495,13.250481,360472,-4.2333655,2437.4128,-1.0
0.14999999,0.7702944,-1.1884626,915.1164556962025,1.1988752e-08,-13.250481,96.40813,395,-3.2890534,8.42407,1.2575296e-22,244,64,0.14999999,288.01969623565674,-1.4285715,,146.9515,,,395,6.1884627,-2.7524638,258.6729,-3.1865916,-2.0297956,13.250481,361471,-3.4010906,2444.4426,-1.0
0.14999999,0.53784096,-1.1905555,915.3282828282828,1.1928279e-08,-13.250481,96.35778,396,-3.2923996,8.42407,,244,64,0.14999999,288.79662823677063,-4.285714,,146.9515,,,396,6.1905556,-4.3952436,176.55739,-3.18912,-2.01722,13.250481,362470,-4.229413,2451.46,-0.14285715
0.14999999,0.6389494,-1.1876525,915.5390428211587,1.1868263e-08,-13.250481,96.33579,397,-3.2935169,8.42407,,244,64,0.14999999,289.56631088256836,4.285714,,146.9515,,,397,6.1876526,4.331954,189.4588,-3.191642,-0.038090903,13.250481,363469,-3.195605,2456.498,-0.14285715
0.14999999,1.2020658,-1.1850392,915.251256281407,1.1808698e-08,-13.250481,96.30543,398,-3.2994268,8.42407,4.722835e-13,244,64,0.14999999,290.4157452583313,-1.4285715,,146.9515,,,398,6.185039,-1.7468483,234.41963,-3.1941578,-0.14752539,13.250481,364270,-5.188433,2461.6455,-0.14285715
0.14999999,1.1080563,-1.1821542,915.4611528822055,1.1749581e-08,-13.250481,96.306366,399,-3.3011067,8.42407,1.344666e-24,244,64,0.14999999,291.3698663711548,1.4285715,,146.9515,,,399,6.182154,1.4344499,270.86118,-3.1966672,-0.033972148,13.250481,365269,-3.9387844,2466.6794,-0.14285715
0.14999999,1.3054111,-1.1793393,915.67,1.1690906e-08,-13.250481,96.29565,400,-3.3022003,8.42407,,244,64,0.14999999,292.1803159713745,-7.142857,,146.9515,,,400,6.1793394,-7.3144712,269.57962,-3.1991704,-0.056190703,13.250481,366268,-3.6482782,2471.7358,-0.14285715
0.14999999,0.39143884,-1.1771107,915.8778054862843,1.163267e-08,-13.250481,96.15646,401,-3.3026724,8.42407,,244,64,0.14999999,292.9925229549408,7.142857,,146.9515,,,401,6.1771107,6.615852,100.247696,-3.2016673,-0.2856507,13.250481,367267,-3.5531445,2477.0215,-0.71428573
0.14999999,0.9180064,-1.1740688,914.7910447761194,1.1574867e-08,-13.250481,96.16633,402,-3.3045168,8.42407,,244,64,0.14999999,293.6830966472626,4.285714,,146.9515,,,402,6.174069,3.4058247,353.74863,-3.2041578,0.04572353,13.250481,367746,-3.4073315,2481.9756,-1.0
0.14999999,0.5754216,-1.1769363,914.8585607940447,1.15174945e-08,-13.250481,95.939514,403,-3.309595,8.42407,,244,64,0.14999999,294.5773591995239,-4.285714,,146.9515,,,403,6.176936,-3.1570225,224.46614,-3.2066424,-2.3296547,13.250481,368688,-5.0209227,2489.3052,1.0
0.14999999,1.4880614,-1.1814777,915.0668316831683,1.1460548e-08,-13.250481,95.50989,404,-3.31534,8.42407,4.3310704e-26,244,64,0.14999999,295.441463470459,1.4285715,,146.9515,,,404,6.1814775,1.7268159,234.117,-3.2091208,-3.0116553,13.250481,369687,-5.092814,2497.317,0.42857143
0.14999999,1.4624463,-1.1795335,915.2740740740741,1.1404023e-08,-13.250481,95.49681,405,-3.3148158,8.42407,,244,64,0.14999999,296.3252856731415,-4.285714,,146.9515,,,405,6.1795335,-3.6350105,302.88123,-3.211593,-0.39409208,13.250481,370686,-3.3204944,2502.711,0.42857143
0.14999999,1.1631967,-1.1775533,915.4802955665025,1.1347915e-08,-13.250481,95.500725,406,-3.3194895,8.42407,,244,64,0.14999999,297.14335560798645,7.142857,,146.9515,,,406,6.177553,7.6279445,292.4885,-3.214059,-0.3755825,13.250481,371685,-5.3970428,2508.0867,0.42857143
0.14999999,1.3871182,-1.176447,915.6855036855037,1.1292219e-08,-13.250481,95.50315,407,-3.319359,8.42407,3.6799257e-34,244,64,0.14999999,298.0259187221527,1.4285715,,146.9515,,,407,6.176447,0.41512716,366.66602,-3.216519,-0.7273157,13.250481,372684,-3.2323449,2513.814,-1.0
0.14999999,0.6595295,-1.1812637,915.8897058823529,1.1236932e-08,-13.250481,95.48008,408,-3.3261693,8.42407,,244,64,0.14999999,298.89252281188965,4.285714,,146.9515,,,408,6.181264,4.9559116,200.50418,-3.218973,-3.1416483,13.250481,373683,-6.1383567,2521.9556,0.71428573
0.14999999,1.5581332,-1.183156,916.0929095354523,1.1182053e-08,-13.250481,95.46486,409,-3.3270476,8.42407,1.5438878e-14,244,64,0.14999999,299.7080421447754,-1.4285715,,146.9515,,,409,6.183156,-0.8324367,306.76276,-3.221421,-1.9552301,13.250481,374682,-3.249829,2528.911,0.42857143
0.14999999,0.741154,-1.182834,916.2951219512195,1.1127573e-08,-13.250481,95.20744,410,-3.3266382,8.42407,,244,64,0.14999999,300.5688581466675,-7.142857,,146.9515,,,410,6.182834,-6.9776077,142.65297,-3.223863,-1.051107,13.250481,375681,-3.4016294,2534.962,0.14285715
0.14999999,0.42499912,-1.1799892,916.4963503649635,1.107349e-08,-13.250481,95.19585,411,-3.3271863,8.42407,1.18404245e-14,244,64,0.14999999,301.44942569732666,-1.4285715,,146.9515,,,411,6.1799893,-1.7715604,98.197556,-3.226299,-0.0136298165,13.250481,376680,-3.2223525,2539.9756,-0.42857143
0.14999999,0.75586605,-1.1781783,916.6966019417475,1.1019801e-08,-13.250481,95.173386,412,-3.328672,8.42407,,244,64,0.14999999,302.3962309360504,4.285714,,146.9515,,,412,6.1781783,4.462639,138.5651,-3.2287292,-0.4338926,13.250481,377679,-3.3322272,2545.4094,0.14285715
0.14999999,0.902583,-1.1754136,916.8958837772398,1.09665e-08,-13.250481,95.00043,413,-3.3293417,8.42407,3.3790684e-26,244,64,0.14999999,303.27166771888733,1.4285715,,146.9515,,,413,6.1754136,0.9734887,274.50363,-3.2311535,-0.036319785,13.250481,378678,-3.280552,2550.4458,-0.42857143
0.14999999,1.1664277,-1.1736008,917.0942028985507,1.09135865e-08,-13.250481,94.967995,414,-3.3296149,8.42407,,244,64,0.14999999,304.18681955337524,4.285714,,146.9515,,,414,6.1736007,4.078068,268.8539,-3.2335718,-0.42494377,13.250481,379677,-3.1792574,2555.8706,-0.42857143
0.14999999,0.71037424,-1.1714004,917.2698795180723,1.0861053e-08,-13.250481,94.93714,415,-3.33004,8.42407,,244,64,0.14999999,305.12874007225037,-4.285714,,146.9515,,,415,6.1714005,-4.7654986,221.99379,-3.2359843,-0.26043913,13.250481,380667,-3.4691672,2561.131,-0.42857143
0.14999999,1.2243645,-1.1703315,917.4663461538462,1.08088996e-08,-13.250481,94.816605,416,-3.3316624,8.42407,,244,64,0.14999999,306.0321218967438,-7.142857,,146.9515,,,416,6.1703315,-6.15616,312.4564,-3.2383912,-0.726707,13.250481,381666,-3.6026511,2566.858,0.71428573
0.14999999,1.445152,-1.177156,917.6618705035971,1.07571205e-08,-13.250481,94.72544,417,-3.3325272,8.42407,,244,64,0.14999999,306.9614474773407,-7.142857,,146.9515,3.358548e-17,,417,6.177156,-7.711767,279.78723,-3.240792,-4.0161858,13.250481,382665,-3.6883357,2575.874,-0.42857143
0.14999999,0.53963864,-1.1753888,917.8564593301436,1.0705713e-08,-13.250481,94.70891,418,-3.3326411,8.42407,3.4607396e-29,244,64,0.14999999,307.97074365615845,1.4285715,,146.9515,,,418,6.175389,2.0761218,183.80771,-3.2431872,-0.4384338,13.250481,383664,-3.6097205,2581.3125,0.71428573
0.14999999,0.92120516,-1.1803906,918.0501193317423,1.0654672e-08,-13.250481,94.404945,419,-3.3369076,8.42407,,244,64,0.14999999,308.8135406970978,7.142857,,146.9515,,,419,6.1803904,7.17489,154.91037,-3.2455769,-3.2711744,13.250481,384663,-4.5845933,2589.5837,-0.42857143
0.14999999,0.78563863,-1.173007,916.7738095238095,1.0603996e-08,-13.250481,94.31671,420,-3.3417668,8.42407,1.224388e-17,244,64,0.14999999,309.47066593170166,-1.4285715,,146.9515,,,420,6.173007,-0.9567644,124.68671,-3.2479606,1.9206903,13.250481,385045,-5.214503,2592.663,0.71428573
0.14999999,0.43670318,-1.1729264,916.9691211401425,1.0553681e-08,-13.250481,94.269264,421,-3.3424394,8.42407,,244,64,0.14999999,310.50784945487976,7.142857,,146.9515,,,421,6.1729264,7.278454,50.465836,-3.2503388,-1.1390858,13.250481,386044,-3.3351984,2598.802,0.14285715
0.14999999,1.0326211,-1.1699895,916.3981042654028,1.05037214e-08,-13.250481,94.21804,422,-3.343279,8.42407,5.479661e-13,244,64,0.14999999,311.3897066116333,-1.4285715,,146.9515,,,422,6.1699896,-1.5780026,224.95078,-3.252711,0.0664915,13.250481,386720,-3.1196985,2603.7356,0.14285715
0.14999999,1.0897099,-1.1672268,916.5933806146572,1.0454119e-08,-13.250481,94.17056,423,-3.3444116,8.42407,1.5599231e-24,244,64,0.14999999,312.4449656009674,1.4285715,,146.9515,,,423,6.167227,1.9433248,210.77878,-3.255078,-0.0013880327,13.250481,387719,-3.711571,2608.7368,0.14285715
0.14999999,1.4038904,-1.1653798,916.7877358490566,1.04048645e-08,-13.250481,94.182205,424,-3.3455064,8.42407,,244,64,0.14999999,313.40674209594727,-4.285714,,146.9515,,,424,6.1653795,-4.1431,240.83632,-3.2574394,-0.38408732,13.250481,388718,-3.762309,2614.121,0.14285715
0.14999999,1.9001942,-1.1635317,916.9811764705883,1.0355959e-08,-13.250481,94.002815,425,-3.3467612,8.42407,,244,64,0.14999999,314.28946709632874,7.142857,,146.9515,,,425,6.163532,5.8038254,417.23035,-3.259795,-0.37995547,13.250481,389717,-4.0850554,2619.501,-1.0
0.14999999,0.63735896,-1.1599662,915.6220657276996,1.0307396e-08,-13.250481,93.91219,426,-3.3477404,8.42407,,244,64,0.14999999,314.90966176986694,4.285714,,146.9515,,,426,6.1599665,3.2066305,207.70844,-3.2621453,0.35535148,13.250481,390055,-4.1185956,2624.1455,-0.71428573
0.14999999,0.58214,-1.1610084,915.4449648711944,1.0259175e-08,-13.250481,93.73218,427,-3.3501794,8.42407,2.2532523e-29,244,64,0.14999999,315.692734003067,1.4285715,,146.9515,,,427,6.1610084,0.84785974,142.22168,-3.26449,-1.6049103,13.250481,390895,-3.9335928,2630.7505,-0.71428573
0.14999999,1.4384525,-1.1606208,915.6401869158879,1.021129e-08,-13.250481,93.37271,428,-3.3513203,8.42407,,244,64,0.14999999,316.67830181121826,-7.142857,,146.9515,,,428,6.1606207,-6.306548,226.81425,-3.266829,-0.99514425,13.250481,391894,-3.3649476,2636.7456,0.42857143
0.14999999,0.92106974,-1.160706,915.8344988344988,1.0163739e-08,-13.250481,93.37271,429,-3.3508272,8.42407,7.971045e-18,244,64,0.14999999,317.740597486496,-1.4285715,,146.9515,,,429,6.160706,-2.535718,258.06073,-3.2691627,-1.1971867,13.250481,392893,-3.3762023,2642.9429,-0.71428573
0.14999999,1.5597808,-1.1613004,916.0279069767441,1.0116522e-08,-13.250481,93.282074,430,-3.3534863,8.42407,,244,64,0.14999999,318.74134516716003,4.285714,,146.9515,,,430,6.1613007,4.5648026,247.52057,-3.271491,-1.4163036,13.250481,393892,-4.2647586,2649.3591,0.42857143
0.14999999,1.152135,-1.160512,916.2204176334106,1.0069632e-08,-13.250481,93.02974,431,-3.3544,8.42407,,244,64,0.14999999,319.50170516967773,7.142857,,146.9515,,,431,6.160512,8.135349,253.27197,-3.273814,-0.8214588,13.250481,394891,-4.0293903,2655.1807,1.0
0.14999999,0.6292846,-1.1675476,916.4120370370371,1.0023067e-08,-13.250481,93.03733,432,-3.354501,8.42407,2.583819e-22,244,64,0.14999999,320.26882576942444,-1.4285715,,146.9515,,,432,6.1675477,-0.3812455,172.51086,-3.2761314,-4.1998506,13.250481,395890,-3.3593874,2664.3806,1.0
0.14999999,1.4122084,-1.1834229,916.6027713625866,9.976824e-09,-13.250481,92.95488,433,-3.3599873,8.42407,,244,64,0.14999999,321.15203952789307,-7.142857,,146.9515,,,433,6.183423,-7.5678024,238.69666,-3.2784436,-8.041596,13.250481,396889,-5.282263,2677.422,-0.71428573
0.14999999,1.5076038,-1.1829758,916.7926267281106,9.930901e-09,-13.250481,92.959694,434,-3.3593605,8.42407,,244,64,0.14999999,322.09393286705017,-4.285714,,146.9515,,,434,6.182976,-4.775484,262.11612,-3.2807503,-0.9893802,13.250481,397888,-3.3344202,2683.4116,-0.71428573
0.14999999,1.0784435,-1.1835816,916.9816091954023,9.885294e-09,-13.250481,92.13146,435,-3.3649206,8.42407,,244,64,0.14999999,323.0121054649353,-4.285714,,146.9515,3.898055e-22,,435,6.1835814,-3.4599144,161.41962,-3.283052,-1.4464631,13.250481,398887,-6.0502467,2689.858,0.71428573
0.14999999,1.0008554,-1.1904094,917.1697247706422,9.840002e-09,-13.250481,90.495804,436,-3.3660772,8.42407,,244,64,0.14999999,323.9877209663391,4.285714,,146.9515,,,436,6.1904097,5.375554,405.61597,-3.2853482,-4.160552,13.250481,399886,-3.811741,2699.0186,1.0
0.14999999,1.3561239,-1.2062949,917.3569794050343,9.795019e-09,-13.250481,90.47949,437,-3.3674352,8.42407,,244,64,0.14999999,324.937979221344,7.142857,,146.9515,,,437,6.206295,7.710803,183.59668,-3.2876391,-8.132363,13.250481,400885,-3.6871436,2712.151,0.71428573
0.14999999,1.351014,-1.2052754,917.5433789954338,9.7503445e-09,-13.250481,90.04887,438,-3.3672934,8.42407,7.440009e-34,244,64,0.14999999,325.8750536441803,1.4285715,,146.9515,,,438,6.2052755,2.531805,421.77087,-3.2899249,-0.7597519,13.250481,401884,-3.5258062,2717.9106,1.0
0.14999999,1.6562012,-1.2199049,917.7289293849658,9.705974e-09,-13.250481,88.81903,439,-3.368142,8.42407,,244,64,0.14999999,326.7186267375946,-7.142857,,146.9515,,,439,6.219905,-6.3765144,407.5965,-3.2922053,-7.62762,13.250481,402883,-3.747174,2730.5383,1.0
0.14999999,1.2124554,-1.2252808,917.9136363636363,9.661906e-09,-13.250481,69.43651,440,-3.3686597,8.42407,,244,64,0.14999999,327.4975595474243,7.142857,,146.9515,,,440,6.225281,6.9814906,165.2913,-3.2944806,-3.585249,13.250481,403882,-3.8259993,2739.1235,-0.14285715
0.14999999,0.88573694,-1.2224437,917.6462585034013,9.618137e-09,-13.250481,68.52355,441,-3.3683453,8.42407,,244,64,0.14999999,328.3602204322815,7.142857,,146.9515,0.58362496,,441,6.2224436,6.4514055,117.44255,-3.2967508,0.025772866,13.250481,404682,-3.2957084,2744.0977,-0.42857143
0.14999999,0.6482816,-1.2196208,916.658371040724,9.574665e-09,-13.250481,68.52874,442,-3.36829,8.42407,,244,64,0.14999999,329.12822937965393,-4.285714,,146.9515,,,442,6.2196207,-4.1620708,162.48926,-3.2990158,0.025314698,13.250481,405163,-3.166501,2749.0723,-0.14285715
0.14999999,1.1790379,-1.2169214,916.8442437923251,9.531487e-09,-13.250481,68.481415,443,-3.3686092,8.42407,5.256818e-13,244,64,0.14999999,329.97534227371216,-1.4285715,,146.9515,,,443,6.2169213,-1.411402,137.78433,-3.3012757,-0.023783455,13.250481,406162,-3.0820918,2754.0962,-0.14285715
0.14999999,0.83323586,-1.2144648,917.0292792792793,9.488601e-09,-13.250481,68.47124,444,-3.3703287,8.42407,,244,64,0.14999999,331.11469435691833,-7.142857,,146.9515,,,444,6.2144647,-7.3321624,135.84613,-3.3035305,-0.12618804,13.250481,407161,-4.1855936,2759.2224,0.14285715
0.14999999,1.0255356,-1.2117887,917.2134831460675,9.446003e-09,-13.250481,68.47444,445,-3.3706481,8.42407,1.4996885e-24,244,64,0.14999999,332.0578043460846,1.4285715,,146.9515,,,445,6.2117887,1.2686427,159.36377,-3.3057802,-0.023619851,13.250481,408160,-3.2699952,2764.246,-0.14285715
0.14999999,0.8545399,-1.2097508,917.396860986547,9.403692e-09,-13.250481,68.47884,446,-3.3718202,8.42407,,244,64,0.14999999,332.9999809265137,4.285714,,146.9515,,,446,6.2097507,4.271824,112.515305,-3.308025,-0.30285552,13.250481,409159,-3.8050442,2769.5488,-0.14285715
0.14999999,0.7155462,-1.2070582,917.579418344519,9.361664e-09,-13.250481,68.30469,447,-3.3714705,8.42407,1.4230773e-22,244,64,0.14999999,333.88343834877014,-1.4285715,,146.9515,,,447,6.207058,-2.6461148,146.36758,-3.3102643,-0.0061885878,13.250481,410158,-2.9979155,2774.555,-1.0
0.14999999,0.8228366,-1.2093185,917.7611607142857,9.319917e-09,-13.250481,68.08568,448,-3.3726268,8.42407,,244,64,0.14999999,334.746963262558,-7.142857,,146.9515,,,448,6.2093186,-7.835956,201.2779,-3.312499,-2.2196896,13.250481,411157,-3.5363076,2781.7747,-1.0
0.14999999,0.89357036,-1.2086278,917.9420935412027,9.27845e-09,-13.250481,68.08906,449,-3.3728912,8.42407,,244,64,0.14999999,335.58845591545105,7.142857,,146.9515,,,449,6.2086277,7.1754837,151.0135,-3.3147287,-0.8991536,13.250481,412156,-3.2182786,2787.6738,0.14285715
0.14999999,0.92844605,-1.2051725,917.1244444444444,9.23726e-09,-13.250481,68.07914,450,-3.3721604,8.42407,5.8432464e-13,244,64,0.14999999,336.28445529937744,-1.4285715,,146.9515,,,450,6.2051725,-1.1208953,152.55743,-3.3169534,0.34625274,13.250481,412706,-2.8716033,2792.3276,0.14285715
0.14999999,1.250034,-1.2027899,917.3059866962305,9.1963415e-09,-13.250481,68.06442,451,-3.371871,8.42407,,244,64,0.14999999,337.2147784233093,-7.142857,,146.9515,,,451,6.20279,-7.5608892,149.91643,-3.319173,-0.13060167,13.250481,413705,-3.086246,2797.4583,-0.14285715
0.14999999,0.9972194,-1.2009662,917.4867256637168,9.155695e-09,-13.250481,68.05533,452,-3.3709729,8.42407,,244,64,0.14999999,338.09539818763733,4.285714,,146.9515,,,452,6.2009664,4.13708,146.27193,-3.321388,-0.37848625,13.250481,414704,-3.0982068,2802.8367,0.14285715
0.14999999,0.6009334,-1.1980703,916.832229580574,9.115317e-09,-13.250481,68.05382,453,-3.3700206,8.42407,,244,64,0.14999999,338.79471492767334,7.142857,,146.9515,,,453,6.1980705,6.338831,81.58938,-3.323598,0.110890724,13.250481,415325,-2.8459897,2807.7258,-0.71428573
0.14999999,1.4240896,-1.1963092,915.8700440528635,9.0752055e-09,-13.250481,68.006615,454,-3.370025,8.42407,,244,64,0.14999999,339.4954831600189,-4.285714,,146.9515,,,454,6.196309,-4.1344485,158.98767,-3.325803,-0.39856747,13.250481,415805,-2.9357774,2813.1245,0.14285715
0.14999999,0.932592,-1.193804,916.0527472527473,9.035358e-09,-13.250481,68.006676,455,-3.3682075,8.42407,1.677932e-24,244,64,0.14999999,340.3926591873169,1.4285715,,146.9515,,,455,6.193804,1.4615897,132.46257,-3.3280032,-0.05645657,13.250481,416804,-2.8256915,2818.181,0.14285715
0.14999999,0.65689373,-1.1912687,916.234649122807,8.995772e-09,-13.250481,67.98174,456,-3.367634,8.42407,,244,64,0.14999999,341.1531071662903,4.285714,,146.9515,,,456,6.191269,3.6695716,149.18384,-3.3301988,-0.037684847,13.250481,417803,-2.9643102,2823.2185,-0.71428573
0.14999999,0.7241423,-1.1914327,916.1181619256017,8.956446e-09,-13.250481,67.97776,457,-3.3690631,8.42407,1.3165635e-14,244,64,0.14999999,341.900954246521,-1.4285715,,146.9515,,,457,6.191433,-1.9217234,162.48175,-3.332389,-1.2662369,13.250481,418666,-3.6151369,2829.4849,-0.42857143
0.14999999,0.6172416,-1.1894922,916.2991266375545,8.917378e-09,-13.250481,67.820404,458,-3.369468,8.42407,,244,64,0.14999999,342.7223527431488,-4.285714,,146.9515,,,458,6.189492,-4.6147995,124.69776,-3.334575,-0.30266204,13.250481,419665,-3.2101338,2834.7874,-0.42857143
0.14999999,1.0397482,-1.1881211,916.479302832244,8.8785646e-09,-13.250481,67.8135,459,-3.3707626,8.42407,,244,64,0.14999999,343.51868724823,-4.285714,,146.9515,0.46733415,,459,6.188121,-5.1964774,209.05692,-3.336756,-0.56017536,13.250481,420664,-3.5239558,2840.3477,-1.0
0.14999999,0.853954,-1.1879957,916.658695652174,8.840003e-09,-13.250481,67.78572,460,-3.371806,8.42407,2.4274037e-29,244,64,0.14999999,344.1993992328644,1.4285715,,146.9515,,,460,6.187996,0.77473336,168.60925,-3.3389323,-1.1304419,13.250481,421663,-3.7515717,2846.478,-0.71428573
0.14999999,0.9373915,-1.1877165,916.8373101952278,8.801694e-09,-13.250481,67.568474,461,-3.3714051,8.42407,,244,64,0.14999999,344.9234097003937,4.285714,,146.9515,,,461,6.1877165,3.8266768,153.3394,-3.3411038,-1.059235,13.250481,422662,-2.9520004,2852.5374,-0.42857143
0.14999999,1.3016368,-1.1861515,916.6536796536797,8.7636325e-09,-13.250481,67.57536,462,-3.3704982,8.42407,4.952846e-26,244,64,0.14999999,345.67967653274536,1.4285715,,146.9515,,,462,6.1861515,2.1943138,131.72166,-3.3432708,-0.4647533,13.250481,423494,-2.7996676,2858.002,0.42857143
0.14999999,1.3350819,-1.1857637,916.8315334773218,8.725817e-09,-13.250481,67.581635,463,-3.3714793,8.42407,,244,64,0.14999999,346.5598690509796,-4.285714,,146.9515,,,463,6.185764,-4.0723495,160.99805,-3.345433,-1.0065737,13.250481,424493,-3.991813,2864.0085,0.42857143
0.14999999,0.8432008,-1.183394,917.0086206896551,8.688248e-09,-13.250481,67.54932,464,-3.3699188,8.42407,1.3526605e-17,244,64,0.14999999,347.42746329307556,-1.4285715,,146.9515,,,464,6.183394,-0.5616947,108.577866,-3.3475904,-0.086184755,13.250481,425492,-2.841844,2869.0947,0.71428573
0.14999999,1.3067739,-1.1865401,917.1849462365591,8.650919e-09,-13.250481,67.54439,465,-3.3696494,8.42407,,244,64,0.14999999,348.2096757888794,7.142857,,146.9515,,,465,6.18654,5.8834686,229.3976,-3.3497431,-2.6463482,13.250481,426491,-3.0192995,2876.7412,-1.0
0.14999999,1.0909544,-1.188348,916.3433476394849,8.6138305e-09,-13.250481,67.474525,466,-3.3704057,8.42407,,244,64,0.14999999,348.9389624595642,-7.142857,,146.9515,,,466,6.188348,-6.668035,157.26764,-3.3518915,-2.0290768,13.250481,427016,-3.8222227,2883.7703,0.42857143
0.14999999,1.7727422,-1.186875,916.5203426124197,8.57698e-09,-13.250481,67.44809,467,-3.3694842,8.42407,,244,64,0.14999999,349.8300862312317,-7.142857,,146.9515,2.8425728e-05,,467,6.186875,-7.5945168,165.39554,-3.3540351,-0.5004228,13.250481,428015,-2.9277706,2889.2705,-0.42857143
0.14999999,1.1632446,-1.1856841,916.6965811965812,8.540366e-09,-13.250481,67.39515,468,-3.3675327,8.42407,3.8290735e-26,244,64,0.14999999,350.5609362125397,1.4285715,,146.9515,,,468,6.185684,1.5618516,156.42781,-3.3561742,-0.62950355,13.250481,429014,-3.044896,2894.9001,-0.42857143
0.14999999,0.92388356,-1.1831645,916.8720682302771,8.503984e-09,-13.250481,67.281204,469,-3.3675442,8.42407,4.2404834e-34,244,64,0.14999999,351.36986017227173,1.4285715,,146.9515,1.1850679e-07,,469,6.1831646,0.6366479,201.80243,-3.3583086,-0.0039792527,13.250481,430013,-3.4147773,2899.904,-1.0
0.14999999,0.82566243,-1.18438,917.0468085106382,8.467836e-09,-13.250481,67.2861,470,-3.3680997,8.42407,,244,64,0.14999999,352.18440675735474,4.285714,,146.9515,,,470,6.18438,5.302866,177.0326,-3.3604386,-1.7545265,13.250481,431012,-3.4407234,2906.6587,0.71428573
0.14999999,1.4380295,-1.1902816,917.2208067940552,8.4319165e-09,-13.250481,67.20577,471,-3.3684592,8.42407,,244,64,0.14999999,352.9007887840271,7.142857,,146.9515,,,471,6.190282,7.763327,167.80806,-3.3625638,-3.9639788,13.250481,432011,-3.2748091,2915.6226,0.42857143
0.14999999,0.72656167,-1.1916803,917.3940677966102,8.396227e-09,-13.250481,67.05717,472,-3.3672118,8.42407,8.770023e-18,244,64,0.14999999,353.9605860710144,-1.4285715,,146.9515,,,472,6.1916804,-2.5063572,157.67334,-3.3646848,-1.8504399,13.250481,433010,-3.0587761,2922.4731,-0.71428573
0.14999999,1.2170091,-1.1923859,917.5665961945032,8.360762e-09,-13.250481,67.0087,473,-3.3685584,8.42407,,244,64,0.14999999,354.79276514053345,4.285714,,146.9515,,,473,6.1923857,4.8091536,152.28735,-3.3668013,-1.5254828,13.250481,434009,-3.6667206,2928.9985,0.42857143
0.14999999,0.6585083,-1.1911415,917.7383966244726,8.325522e-09,-13.250481,67.00475,474,-3.36801,8.42407,3.9243748e-29,244,64,0.14999999,355.8325684070587,1.4285715,,146.9515,,,474,6.1911416,2.1159375,120.06909,-3.3689132,-0.6025526,13.250481,435008,-3.1853852,2934.601,0.71428573
0.14999999,1.2243567,-1.1930214,917.9094736842105,8.290503e-09,-13.250481,66.98445,475,-3.3678691,8.42407,1.7930261e-14,244,64,0.14999999,356.579785823822,-1.4285715,,146.9515,,,475,6.1930213,-1.0616739,158.59047,-3.3710206,-2.0840502,13.250481,436007,-2.906582,2941.685,0.42857143
0.14999999,1.2483168,-1.1921428,918.0798319327731,8.255706e-09,-13.250481,66.84981,476,-3.36708,8.42407,,244,64,0.14999999,357.39055585861206,4.285714,,146.9515,,,476,6.192143,3.1466427,217.29245,-3.3731236,-0.7748554,13.250481,437006,-3.1025238,2947.46,-1.0
0.14999999,0.9092857,-1.1945015,917.3228511530398,8.221127e-09,-13.250481,66.57871,477,-3.367412,8.42407,,244,64,0.14999999,358.097713470459,-7.142857,,146.9515,,,477,6.1945014,-6.311596,167.37708,-3.3752224,-2.3172083,13.250481,437563,-3.5930822,2954.7773,0.71428573
0.14999999,1.5067438,-1.1948636,917.4937238493724,8.186766e-09,-13.250481,66.509544,478,-3.367663,8.42407,,244,64,0.14999999,358.97194623947144,-7.142857,,146.9515,3.445377e-16,,478,6.1948633,-7.733274,148.40474,-3.3773165,-1.3675877,13.250481,438562,-3.3237813,2961.1448,-0.71428573
0.14999999,0.9384441,-1.1954185,917.6638830897704,8.152618e-09,-13.250481,66.416,479,-3.3667803,8.42407,,244,64,0.14999999,359.7666611671448,-4.285714,,146.9515,,,479,6.1954184,-3.3189778,199.25572,-3.3794065,-1.4606785,13.250481,439561,-3.332076,2967.6055,1.0
0.14999999,1.5198004,-1.206359,917.8333333333334,8.118685e-09,-13.250481,66.37539,480,-3.3684697,8.42407,,244,64,0.14999999,360.6244111061096,-4.285714,,146.9515,5.1645133e-31,,480,6.206359,-4.9298487,160.88348,-3.381492,-6.4468365,13.250481,440560,-3.9920976,2979.0522,-0.71428573
0.14999999,0.72227854,-1.2056712,918.002079002079,8.084963e-09,-13.250481,66.268265,481,-3.3666286,8.42407,,244,64,0.14999999,361.57129549980164,-4.285714,,146.9515,2.8295527e-16,,481,6.2056713,-3.36692,105.90438,-3.383573,-0.8755188,13.250481,441559,-2.8483832,2984.9277,0.71428573
0.14999999,1.0395261,-1.2063714,918.1701244813278,8.051449e-09,-13.250481,65.25159,482,-3.369474,8.42407,,244,64,0.14999999,362.4084572792053,7.142857,,146.9515,,,482,6.2063713,8.161173,184.41556,-3.38565,-1.5431693,13.250481,442558,-4.4066205,2991.471,1.0
0.14999999,1.2067914,-1.2175288,918.3374741200828,8.018145e-09,-13.250481,64.84393,483,-3.3701646,8.42407,,244,64,0.14999999,363.407851934433,7.142857,,146.9515,5.078619,,483,6.217529,7.62335,118.66515,-3.3877225,-6.595387,13.250481,443557,-3.6250184,3003.0664,0.71428573
0.14999999,1.2110507,-1.218186,918.5041322314049,7.9850455e-09,-13.250481,63.331444,484,-3.3690095,8.42407,,244,64,0.14999999,364.2301058769226,-7.142857,,146.9515,,,484,6.218186,-6.2027087,231.36673,-3.3897908,-1.5356331,13.250481,444556,-2.9340804,3009.602,1.0
0.14999999,1.0463269,-1.2289352,918.6701030927835,7.952152e-09,-13.250481,62.63698,485,-3.371718,8.42407,2.9008135e-22,244,64,0.14999999,365.1231565475464,-1.4285715,,146.9515,,,485,6.2289352,-0.84768885,214.15584,-3.3918548,-6.4315267,13.250481,445555,-4.711269,3021.0337,1.0
0.14999999,1.2437279,-1.2300619,918.835390946502,7.91946e-09,-13.250481,61.323338,486,-3.3713539,8.42407,8.2553435e-34,244,64,0.14999999,366.0030400753021,1.4285715,,146.9515,,,486,6.230062,2.2449203,236.35364,-3.3939145,-1.7764996,13.250481,446554,-3.1144576,3027.81,1.0
0.14999999,1.3402799,-1.2301173,919.0,7.886969e-09,-13.250481,60.191833,487,-3.372159,8.42407,,244,64,0.14999999,366.85649251937866,4.285714,,146.9515,,,487,6.2301173,4.9482183,230.54803,-3.3959699,-1.2571107,13.250481,447553,-3.8091779,3034.0671,1.0
0.14999999,0.9730586,-1.242621,919.1639344262295,7.85468e-09,-13.250481,56.909332,488,-3.3796973,8.42407,,244,64,0.14999999,367.75260853767395,7.142857,,146.9515,,,488,6.242621,7.1269436,122.21984,-3.3980212,-7.331831,13.250481,448552,-7.1703987,3046.399,-0.14285715
0.14999999,0.8347866,-1.2361801,918.0654396728016,7.822586e-09,-13.250481,56.73839,489,-3.3817592,8.42407,,244,64,0.14999999,368.41251850128174,-10.0,,146.9515,,,489,6.2361803,-9.83221,93.15352,-3.4000683,1.9069711,13.250481,448934,-4.287125,3049.4922,0.14285715
0.14999999,0.994655,-1.2338837,918.230612244898,7.790691e-09,-13.250481,56.59855,490,-3.3802972,8.42407,,244,64,0.14999999,369.32993745803833,7.142857,,146.9515,,,490,6.233884,6.743876,87.47784,-3.4021113,-0.11101047,13.250481,449933,-2.4520476,3054.603,-0.42857143
0.14999999,0.7924479,-1.231706,917.4786150712831,7.758988e-09,-13.250481,56.500736,491,-3.3792193,8.42407,,244,64,0.14999999,370.0910499095917,-10.0,,146.9515,,,491,6.231706,-9.973247,67.99011,-3.40415,-0.16460387,13.250481,450482,-2.7919009,3059.7676,-0.14285715
0.14999999,0.5923589,-1.2292479,917.6443089430894,7.727481e-09,-13.250481,56.265717,492,-3.377676,8.42407,,244,64,0.14999999,371.19054532051086,-4.285714,,146.9515,,,492,6.229248,-4.5922794,120.58088,-3.4061847,-0.022314072,13.250481,451481,-2.3798654,3064.79,-0.14285715
0.14999999,1.0039341,-1.2268494,917.8093306288032,7.696164e-09,-13.250481,56.245327,493,-3.3786676,8.42407,,244,64,0.14999999,371.98493933677673,4.285714,,146.9515,,,493,6.2268496,3.9635093,122.15226,-3.408215,-0.046819225,13.250481,452480,-3.4198122,3069.837,-0.14285715
0.14999999,1.0380274,-1.2246143,917.9736842105264,7.665037e-09,-13.250481,56.211487,494,-3.3778734,8.42407,1.6648235e-24,244,64,0.14999999,372.8233938217163,1.4285715,,146.9515,,,494,6.224614,1.4161004,119.90077,-3.4102414,-0.12268216,13.250481,453479,-2.9192083,3074.9595,-0.14285715
0.14999999,0.719911,-1.222143,918.1373737373738,7.634099e-09,-13.250481,56.21304,495,-3.3766346,8.42407,,244,64,0.14999999,373.7497892379761,-7.142857,,146.9515,,,495,6.222143,-7.207274,104.19107,-3.4122636,-0.0013087585,13.250481,454478,-2.7266085,3079.961,0.14285715
0.14999999,1.1329176,-1.2196975,918.3004032258065,7.603346e-09,-13.250481,56.211746,496,-3.3762968,8.42407,5.88574e-13,244,64,0.14999999,374.9369955062866,-1.4285715,,146.9515,,,496,6.2196975,-1.4171145,108.61328,-3.4142818,-0.009204384,13.250481,455477,-2.8880692,3084.97,-0.14285715
0.14999999,0.89484334,-1.2173505,918.4627766599598,7.57278e-09,-13.250481,56.09585,497,-3.375811,8.42407,,244,64,0.14999999,376.04287004470825,7.142857,,146.9515,,,497,6.2173505,7.291266,114.850945,-3.4162958,-0.053214613,13.250481,456476,-3.1821132,3090.0232,0.14285715
0.14999999,1.0783992,-1.2122215,917.4538152610442,7.542399e-09,-13.250481,55.976116,498,-3.3746965,8.42407,,244,64,0.14999999,376.8855254650116,-7.142857,,146.9515,,,498,6.2122216,-7.0828943,111.57924,-3.4183059,1.3368725,13.250481,456892,-2.6592977,3093.6863,-0.14285715
0.14999999,0.93431807,-1.2098349,917.6172344689379,7.512199e-09,-13.250481,55.98189,499,-3.373164,8.42407,6.4795153e-13,244,64,0.14999999,377.683865070343,-1.4285715,,146.9515,,,499,6.209835,-1.4754227,113.73731,-3.420312,-0.021373264,13.250481,457891,-2.6212504,3098.7075,0.14285715
0.14999999,0.6591487,-1.2074186,917.78,7.482179e-09,-13.250481,55.98741,500,-3.3719225,8.42407,,244,64,0.14999999,378.6025040149689,-7.142857,,146.9515,,,500,6.2074184,-8.52108,149.76245,-3.422314,-0.0016157309,13.250481,458890,-2.6220603,3103.7092,-1.0
0.14999999,0.7871122,-1.2106453,917.942115768463,7.45234e-09,-13.250481,55.98039,501,-3.3756032,8.42407,,244,64,0.14999999,379.43731141090393,4.285714,,146.9515,,,501,6.210645,4.4241986,111.74489,-3.4243119,-2.8240616,13.250481,459889,-4.8257422,3111.5332,0.14285715
0.14999999,0.9369324,-1.2083205,918.1035856573706,7.422679e-09,-13.250481,55.973,502,-3.3746428,8.42407,,244,64,0.14999999,380.43178057670593,10.0,,146.9515,,,502,6.2083206,9.105892,84.01753,-3.426306,-0.04354363,13.250481,460888,-2.6331594,3116.577,-0.71428573
0.14999999,1.1231772,-1.207155,917.2743538767396,7.3931945e-09,-13.250481,55.954754,503,-3.3737862,8.42407,1.8549437e-24,244,64,0.14999999,381.2579770088196,1.4285715,,146.9515,,,503,6.207155,1.3127539,117.5902,-3.428296,-0.6221224,13.250481,461389,-2.83471,3122.199,0.14285715
0.14999999,1.516367,-1.2047708,917.436507936508,7.3638855e-09,-13.250481,55.949043,504,-3.3733008,8.42407,,244,64,0.14999999,382.1246407032013,-4.285714,,146.9515,,,504,6.204771,-4.0584974,121.52458,-3.430282,-0.0054688435,13.250481,462388,-3.179248,3127.2046,0.14285715
0.14999999,0.76399326,-1.2025383,917.5980198019802,7.3347506e-09,-13.250481,55.908466,505,-3.3712409,8.42407,,244,64,0.14999999,383.0472960472107,7.142857,,146.9515,,,505,6.2025385,6.455285,115.46926,-3.4322643,-0.07732882,13.250481,463387,-2.7288258,3132.2817,-0.71428573
0.14999999,0.753389,-1.2002308,916.600790513834,7.305789e-09,-13.250481,55.89049,506,-3.3712976,8.42407,1.4577254e-14,244,64,0.14999999,383.58422088623047,-1.4285715,,146.9515,,,506,6.2002306,-1.747251,122.23372,-3.4342425,-0.03503789,13.250481,463800,-3.1172786,3137.317,-0.42857143
0.14999999,0.76757854,-1.1989155,916.7633136094674,7.2769972e-09,-13.250481,55.857834,507,-3.371657,8.42407,,244,64,0.14999999,384.40041875839233,-4.285714,,146.9515,,,507,6.1989155,-5.2160006,153.96951,-3.4362168,-0.53332263,13.250481,464799,-3.2543995,3142.85,-1.0
0.14999999,1.013729,-1.2001171,916.9251968503937,7.2483766e-09,-13.250481,55.814323,508,-3.3710613,8.42407,,244,64,0.14999999,385.4186351299286,4.285714,,146.9515,,,508,6.200117,3.4312274,121.80734,-3.4381874,-1.8093295,13.250481,465798,-2.7690241,3149.6594,-0.42857143
0.14999999,0.8865355,-1.1994655,917.0864440078585,7.2199238e-09,-13.250481,55.761505,509,-3.3722079,8.42407,4.16453e-26,244,64,0.14999999,386.4439809322357,1.4285715,,146.9515,,,509,6.1994658,0.69759244,121.76414,-3.4401538,-0.86847246,13.250481,466797,-3.8915539,3155.5278,-0.42857143
0.14999999,0.7820248,-1.1984584,917.2470588235294,7.191637e-09,-13.250481,55.641174,510,-3.37272,8.42407,,244,64,0.14999999,387.3746678829193,-4.285714,,146.9515,,,510,6.1984587,-4.946941,114.29348,-3.4421165,-0.685817,13.250481,467796,-3.4515407,3161.2139,-0.42857143
0.14999999,1.1055887,-1.196948,917.4070450097847,7.163518e-09,-13.250481,55.553883,511,-3.3740885,8.42407,,244,64,0.14999999,388.32084131240845,-4.285714,,146.9515,7.076222e-06,,511,6.196948,-4.1290607,121.336975,-3.4440753,-0.42658755,13.250481,468795,-3.801388,3166.6404,0.42857143
0.14999999,1.467019,-1.1947582,917.56640625,5.6562386e-09,-13.250481,55.77263,512,-3.3725433,8.42407,,244,64,0.14999999,389.14956402778625,-7.142857,,146.9515,,,512,6.1947584,-7.6386766,123.34476,-3.4460304,-0.07575517,13.250481,469794,-2.613015,3171.7163,-0.42857143
0.14999999,0.0008866773,-1.1931274,917.7251461988304,5.6342087e-09,-13.250481,22982.473,513,-3.3708415,8.42407,,244,81,0.14999999,390.06889510154724,-2.5,,146.9515,,,513,6.1931276,-1.7813243,0.37673914,-3.4479816,-0.35818967,13.250481,470793,-2.8569973,3177.0742,0.75
0.14999999,0.10474586,-1.1948525,917.8832684824903,5.6123066e-09,-13.250481,22984.672,514,-3.3745785,8.42407,,244,81,0.14999999,426.29581809043884,-2.5,,146.9515,1.7170003e-19,,514,6.1948524,-3.313749,26.363256,-3.449929,-2.079831,13.250481,471792,-4.2931128,3184.1543,-0.75
0.14999999,0.12903297,-1.1949325,918.0407766990292,5.5905325e-09,-13.250481,22986.742,515,-3.3781757,8.42407,,244,81,0.14999999,427.5868797302246,2.5,,146.9515,,,515,6.1949325,3.5038056,53.738705,-3.4518728,-1.2360138,13.250481,472791,-4.3307624,3190.3901,0.75
0.14999999,2.919705,-1.2023385,918.1976744186046,5.5688845e-09,-13.250481,22985.766,516,-3.384234,8.42407,,244,81,0.14999999,428.82443165779114,2.5,,146.9515,5.7912116e-27,,516,6.202338,1.7796285,1204.9541,-3.4538126,-5.0164223,13.250481,473790,-5.6288953,3200.4067,-0.75
0.14999999,0.0074523296,-1.2028105,918.3539651837524,5.547362e-09,-13.250481,22459.115,517,-3.3854876,8.42407,,244,81,0.14999999,430.2385952472687,-2.5,,146.9515,,,517,6.2028103,-2.5554407,2.8905027,-3.4557488,-1.4463708,13.250481,474789,-4.7392545,3206.853,
0.14999999,3.9373977,-1.2004995,918.5096525096525,5.5259646e-09,-13.250481,22461.117,518,-3.3895924,8.42407,,244,81,0.14999999,431.25721168518066,2.5,,146.9515,,,518,6.2004995,2.1563125,1720.3557,-3.4576812,-0.0058093737,13.250481,475788,-4.5199294,3211.859,
0.14999999,0.3092427,-1.1985255,918.664739884393,5.5046914e-09,-13.250481,1027.6017,519,-3.3921378,8.42407,,244,81,0.14999999,432.47187209129333,7.5,,146.9515,,,519,6.1985254,8.120671,58.452442,-3.4596097,-0.17595088,13.250481,476787,-5.6580358,3217.0347,0.5
0.14999999,0.3859524,-1.2004496,918.8192307692308,5.4835394e-09,-13.250481,1027.5975,520,-3.3952348,8.42407,,244,81,0.14999999,433.6163749694824,-7.5,,146.9515,,,520,6.2004495,-6.9904532,162.23355,-3.4615347,-2.199006,13.250481,477786,-4.3002987,3224.234,0.5
0.14999999,0.6970319,-1.1998903,918.9731285988483,5.46251e-09,-13.250481,976.70734,521,-3.3979168,8.42407,,244,81,0.14999999,434.67440485954285,7.5,,146.9515,,,521,6.19989,8.424551,267.72403,-3.463456,-0.9090834,13.250481,478785,-4.137146,3230.1428,1.0
0.14999999,0.21044265,-1.2082716,919.1264367816092,5.4416005e-09,-13.250481,975.2162,522,-3.39951,8.42407,,244,81,0.14999999,435.96655344963074,7.5,,146.9515,,,522,6.2082715,6.9112353,75.86133,-3.4653735,-5.574977,13.250481,479784,-3.8221052,3240.7178,-1.0
0.14999999,0.9163639,-1.2096773,918.5697896749522,5.4208114e-09,-13.250481,974.2596,523,-3.412755,8.42407,,244,81,0.14999999,436.95999789237976,-7.5,,146.9515,,,523,6.209677,-6.6630425,316.50784,-3.4672873,-1.943459,13.250481,480412,-9.527274,3247.6611,1.0
0.14999999,0.8012066,-1.212622,918.7232824427481,5.400141e-09,-13.250481,971.8984,524,-3.4151962,8.42407,,244,81,0.14999999,438.16729974746704,-7.5,,146.9515,2.3915024e-22,,524,6.212622,-8.212312,298.1703,-3.4691975,-2.7526956,13.250481,481411,-4.4564104,3255.414,-0.75
0.14999999,0.8702649,-1.2119168,918.8761904761905,5.3795888e-09,-13.250481,957.0374,525,-3.4183342,8.42407,,244,81,0.14999999,439.2620098590851,7.5,,146.9515,,,525,6.211917,7.608901,143.44223,-3.4711041,-0.84240127,13.250481,482410,-4.732627,3261.2563,
0.14999999,0.19661559,-1.2096163,918.9961977186312,5.359153e-09,-13.250481,956.1466,526,-3.4215386,8.42407,,244,81,0.14999999,440.493045091629,-7.5,,146.9515,,,526,6.209616,-7.469994,41.62063,-3.473007,-0.0018160096,13.250481,483392,-4.892301,3266.2583,
0.14999999,0.7279568,-1.2073609,919.1480075901328,5.338834e-09,-13.250481,891.776,527,-3.4249325,8.42407,,244,81,0.14999999,441.7239017486572,7.5,,146.9515,,,527,6.2073607,6.965231,192.96262,-3.4749064,-0.021004554,13.250481,484391,-4.4024515,3271.2793,-0.5
0.14999999,0.16819188,-1.2048931,918.3541666666666,5.31863e-09,-13.250481,405.11032,528,-3.4261434,8.42407,,244,81,0.14999999,442.72040009498596,-2.5,,146.9515,,,528,6.204893,-2.78104,85.849335,-3.476802,0.09561601,13.250481,484891,-3.713513,3276.1836,-0.25
0.14999999,0.3433095,-1.2028606,918.5066162570888,5.2985407e-09,-13.250481,405.09427,529,-3.429028,8.42407,,244,81,0.14999999,444.00254797935486,-2.5,,146.9515,2.7145696,,529,6.202861,-2.233747,173.4004,-3.4786942,-0.1297027,13.250481,485890,-4.1094356,3281.3132,0.25
0.14999999,0.6771446,-1.2017528,918.6584905660377,5.2785647e-09,-13.250481,405.02765,530,-3.434186,8.42407,,244,81,0.14999999,445.320992231369,2.5,,146.9515,,,530,6.2017527,3.3358378,348.3948,-3.480583,-0.6156902,13.250481,486889,-5.462682,3286.929,0.5
0.14999999,0.22730547,-1.2031099,918.8097928436912,5.2587024e-09,-13.250481,404.84082,531,-3.436832,8.42407,,244,81,0.14999999,446.4573817253113,-2.5,,146.9515,,,531,6.2031097,-1.1689752,119.42245,-3.482468,-1.9223754,13.250481,487888,-4.3651357,3293.8513,1.0
0.14999999,0.44432023,-1.2200363,918.9605263157895,5.238951e-09,-13.250481,404.76413,532,-3.445659,8.42407,,244,81,0.14999999,447.4727282524109,-2.5,,146.9515,,,532,6.2200365,-3.3418672,174.48761,-3.4843493,-10.207947,13.250481,488887,-7.339023,3309.0593,-1.0
0.14999999,4.2123322,-1.2206957,919.1106941838649,5.2193116e-09,-13.250481,404.68707,533,-3.4478533,8.42407,,244,81,0.14999999,448.74297308921814,2.5,,146.9515,,,533,6.2206955,2.2468443,1817.9479,-3.4862273,-1.5715117,13.250481,489886,-4.0128827,3315.6309,-0.25
0.14999999,1.3058382,-1.2185582,919.2602996254682,5.199782e-09,-13.250481,403.4591,534,-3.4469516,8.42407,,244,81,0.14999999,449.95360922813416,2.5,,146.9515,0.000105295185,,534,6.2185583,1.4020041,340.1427,-3.4881017,-0.07929734,13.250481,490885,-4.0640106,3320.71,-1.0
0.14999999,4.1514997,-1.2209557,919.392523364486,5.180362e-09,-13.250481,388.22733,535,-3.4493086,8.42407,,244,81,0.14999999,450.9786067008972,2.5,,146.9515,,,535,6.220956,4.072301,2010.3629,-3.4899726,-2.5011888,13.250481,491875,-4.7751226,3328.2114,1.0
0.14999999,0.33203724,-1.2327887,919.5410447761194,5.1610503e-09,-13.250481,372.13147,536,-3.4550452,8.42407,,244,81,0.14999999,452.1225917339325,-7.5,,146.9515,,,536,6.2327886,-7.9458523,42.694214,-3.49184,-7.563445,13.250481,492874,-7.4403787,3340.7747,-0.25
0.14999999,1.0551969,-1.2309473,919.6890130353818,5.141846e-09,-13.250481,364.32565,537,-3.4584775,8.42407,,244,81,0.14999999,453.33304619789124,-7.5,,146.9515,0.01802985,,537,6.2309475,-8.336439,439.27008,-3.4937038,-0.24391825,13.250481,493873,-4.623567,3346.0186,-1.0
0.14999999,0.32055432,-1.2310032,919.8364312267659,5.1227493e-09,-13.250481,286.58734,538,-3.4597838,8.42407,,244,81,0.14999999,454.43713188171387,-2.5,,146.9515,,,538,6.2310033,-2.9367785,75.8312,-3.4955645,-1.2610809,13.250481,494872,-3.9877841,3352.2798,-0.5
0.14999999,1.2591748,-1.2303795,919.9833024118739,5.1037587e-09,-13.250481,286.5247,539,-3.4626243,8.42407,,244,81,0.14999999,455.64561200141907,2.5,,146.9515,,,539,6.2303796,2.4068253,649.03973,-3.4974215,-0.894866,13.250481,495871,-4.2938776,3358.1746,0.25
0.14999999,0.9789977,-1.2281467,920.1296296296297,5.084873e-09,-13.250481,286.2644,540,-3.4643364,8.42407,,244,81,0.14999999,456.8996059894562,2.5,,146.9515,0.13790955,,540,6.2281466,2.3986835,247.39702,-3.499275,-0.024650931,13.250481,496870,-4.232955,3363.1992,-0.5
0.14999999,1.7517707,-1.2260604,920.275415896488,5.066092e-09,-13.250481,285.51605,541,-3.4657383,8.42407,,244,81,0.14999999,457.948529958725,-2.5,,146.9515,,,541,6.2260604,-2.3970098,824.54236,-3.501125,-0.09938787,13.250481,497869,-4.089714,3368.2986,0.5
0.14999999,2.4793463,-1.2239678,920.4206642066421,5.0474154e-09,-13.250481,277.28836,542,-3.466569,8.42407,,244,81,0.14999999,459.1433746814728,7.5,,146.9515,,,542,6.2239676,7.349801,445.98956,-3.502972,-0.091916196,13.250481,498868,-4.048982,3373.3906,-0.25
0.14999999,0.26278573,-1.2217046,920.1012891344383,5.028842e-09,-13.250481,275.22195,543,-3.465179,8.42407,,244,81,0.14999999,460.1114137172699,7.5,,146.9515,10.795454,,543,6.2217045,8.050536,53.207294,-3.504815,0.004930762,13.250481,499615,-3.7251468,3378.3857,0.25
0.14999999,0.76404154,-1.2215087,920.2463235294117,5.0103703e-09,-13.250481,275.14294,544,-3.4676464,8.42407,,244,81,0.14999999,461.12343549728394,-7.5,,146.9515,,,544,6.221509,-7.320098,286.60977,-3.506655,-1.1150918,13.250481,500614,-4.0642724,3384.5007,0.25
0.14999999,1.7089889,-1.219722,920.3908256880734,4.9920006e-09,-13.250481,272.6024,545,-3.469555,8.42407,,244,81,0.14999999,462.24879145622253,-7.5,,146.9515,0.000387349,,545,6.219722,-8.040841,446.45276,-3.5084918,-0.24781716,13.250481,501613,-4.1570344,3389.7485,-0.5
0.14999999,0.28665745,-1.2184415,920.5347985347985,4.9737316e-09,-13.250481,272.14035,546,-3.4698021,8.42407,,244,81,0.14999999,463.03320360183716,7.5,,146.9515,,,546,6.2184415,6.591629,63.381126,-3.5103247,-0.5205428,13.250481,502612,-3.9951816,3395.269,-0.75
0.14999999,1.8447435,-1.2187763,920.5795246800732,4.955563e-09,-13.250481,271.4333,547,-3.4713967,8.42407,,244,81,0.14999999,463.91168236732483,-7.5,,146.9515,,,547,6.218776,-6.4434643,530.5926,-3.5121546,-1.401631,13.250481,503557,-3.6181538,3401.6707,0.75
0.14999999,1.8453203,-1.2216485,920.7226277372263,4.9374935e-09,-13.250481,271.19232,548,-3.4702222,8.42407,,244,81,0.14999999,464.8131453990936,7.5,,146.9515,,,548,6.221648,8.457722,410.50586,-3.513981,-2.7927113,13.250481,504556,-3.2541509,3409.4634,0.75
0.14999999,0.6772994,-1.2255094,920.8652094717669,4.9195226e-09,-13.250481,152.70978,549,-3.4705706,8.42407,,244,81,0.14999999,465.7204599380493,-5.0,,146.9515,,,549,6.2255096,-6.1212583,229.31372,-3.5158043,-3.3412306,13.250481,505555,-4.13326,3417.8047,-0.75
0.14999999,0.9135669,-1.2263637,921.0072727272727,4.9016498e-09,-13.250481,152.53519,550,-3.4721274,8.42407,,244,81,0.14999999,466.81172370910645,5.0,,146.9515,,,550,6.2263637,4.1497455,239.76083,-3.5176241,-1.6953844,13.250481,506554,-3.9253986,3424.5,-0.75
0.14999999,0.69164807,-1.2265297,920.3176043557169,4.883874e-09,-13.250481,151.53174,551,-3.4721801,8.42407,,244,81,0.14999999,467.60520696640015,-5.0,,146.9515,,,551,6.2265296,-4.2214646,222.32568,-3.5194407,-1.3178127,13.250481,507095,-3.2897155,3430.8179,0.75
0.14999999,1.1987007,-1.2296467,920.4601449275362,4.8661946e-09,-13.250481,150.74207,552,-3.4728205,8.42407,,244,81,0.14999999,468.7061724662781,5.0,,146.9515,,,552,6.2296467,5.746786,318.98996,-3.5212538,-2.9471128,13.250481,508094,-3.4265592,3438.765,0.75
0.14999999,1.081848,-1.2314051,920.6021699819169,4.8486113e-09,-13.250481,143.56729,553,-3.4725256,8.42407,,244,81,0.14999999,469.55632615089417,5.0,,146.9515,5.2323138e-08,,553,6.2314053,4.7502074,173.40372,-3.523064,-2.2020507,13.250481,509093,-3.3453038,3445.967,-0.25
0.14999999,0.9798703,-1.2296416,920.3953068592058,4.831123e-09,-13.250481,143.45193,554,-3.4722362,8.42407,,244,81,0.14999999,470.4758517742157,-5.0,,146.9515,,,554,6.2296414,-4.819117,243.81898,-3.5248706,-0.2544378,13.250481,509899,-3.2990086,3451.2214,-0.25
0.14999999,0.60885966,-1.2277459,920.536936936937,4.8137294e-09,-13.250481,143.43037,555,-3.4729671,8.42407,,244,81,0.14999999,471.64900493621826,5.0,,146.9515,,,555,6.227746,5.493322,141.31523,-3.526674,-0.17753308,13.250481,510898,-3.747007,3456.399,0.25
0.14999999,2.4370892,-1.2275761,920.6780575539568,4.796429e-09,-13.250481,143.23157,556,-3.4726484,8.42407,,244,81,0.14999999,472.84872674942017,-5.0,,146.9515,,,556,6.2275763,-4.8950224,277.58554,-3.528474,-1.1333363,13.250481,511897,-2.8581758,3462.5322,0.25
0.14999999,0.8734485,-1.225834,920.818671454219,4.779222e-09,-13.250481,97.05573,557,-3.471708,8.42407,,244,81,0.14999999,473.94140362739563,-2.5,,146.9515,,,557,6.225834,-3.4743168,292.46268,-3.530271,-0.25718036,13.250481,512896,-4.0166984,3467.7896,-1.0
0.14999999,2.0220404,-1.2261069,920.9587813620071,4.762108e-09,-13.250481,96.824585,558,-3.4733844,8.42407,,244,81,0.14999999,474.9289720058441,7.5,,146.9515,,,558,6.2261066,7.131912,250.88385,-3.532065,-1.3781433,13.250481,513895,-4.1545534,3474.1677,-0.25
0.14999999,0.8761718,-1.2241256,920.3631484794275,4.745085e-09,-13.250481,96.20023,559,-3.4722195,8.42407,,244,81,0.14999999,475.78090047836304,-7.5,,146.9515,,,559,6.224126,-8.514306,251.29213,-3.5338552,-0.11859486,13.250481,514483,-3.580131,3479.2861,-1.0
0.14999999,1.3187108,-1.2252216,920.5035714285714,4.7281534e-09,-13.250481,95.78056,560,-3.4726653,8.42407,,244,81,0.14999999,476.7431845664978,7.5,,146.9515,,,560,6.2252216,6.442557,501.28653,-3.5356426,-1.8378986,13.250481,515482,-3.4899955,3486.124,-1.0
0.14999999,1.2089407,-1.2238455,919.5686274509804,4.711313e-09,-13.250481,95.550896,561,-3.472803,8.42407,,244,81,0.14999999,477.3592276573181,-2.5,,146.9515,,,561,6.2238455,-2.325366,360.29456,-3.5374267,-0.45319223,13.250481,515878,-3.5808785,3491.5774,
0.14999999,1.6733246,-1.2216895,919.7099644128114,4.6945616e-09,-13.250481,95.498665,562,-3.4732263,8.42407,,244,81,0.14999999,478.3760013580322,2.5,,146.9515,,,562,6.221689,2.3052106,234.9765,-3.5392077,-0.012194669,13.250481,516877,-3.7080712,3496.5894,
0.14999999,0.50541425,-1.2196444,919.8507992895204,4.677899e-09,-13.250481,95.193794,563,-3.472768,8.42407,,244,81,0.14999999,479.4336733818054,-2.5,,146.9515,,,563,6.2196445,-2.9666786,126.786736,-3.5409856,-0.07027127,13.250481,517876,-3.6654875,3501.6597,-0.5
0.14999999,1.7938477,-1.2191489,919.9911347517731,4.6613255e-09,-13.250481,95.19266,564,-3.474823,8.42407,,244,81,0.14999999,480.4544861316681,2.5,,146.9515,,,564,6.2191486,1.2422686,534.5521,-3.5427601,-0.9401982,13.250481,518875,-4.1051507,3507.6,-1.0
0.14999999,0.80036294,-1.2219068,920.1309734513275,4.64484e-09,-13.250481,95.19583,565,-3.4765546,8.42407,,244,81,0.14999999,481.4922137260437,2.5,,146.9515,0.0063993614,,565,6.2219067,1.9688599,176.07312,-3.5445316,-2.7773592,13.250481,519874,-4.8632903,3515.3774,-0.5
0.14999999,0.87341666,-1.2208444,920.2703180212014,4.6284416e-09,-13.250481,95.13192,566,-3.4769933,8.42407,,244,81,0.14999999,482.3467309474945,-7.5,,146.9515,,,566,6.2208443,-7.597889,293.00388,-3.5463,-0.6205558,13.250481,520873,-3.465248,3520.998,
0.14999999,0.41970208,-1.2187647,920.4091710758378,4.61213e-09,-13.250481,95.1402,567,-3.4772959,8.42407,,244,81,0.14999999,483.47594690322876,2.5,,146.9515,,,567,6.218765,2.8905666,137.78316,-3.5480652,-0.041655358,13.250481,521872,-3.4109826,3526.0396,0.5
0.14999999,0.27712935,-1.2176656,920.5475352112676,4.595904e-09,-13.250481,95.091415,568,-3.4784665,8.42407,,244,81,0.14999999,484.6056818962097,7.5,,146.9515,,,568,6.2176657,7.8645487,40.001335,-3.5498273,-0.59443474,13.250481,522871,-3.525227,3531.634,0.25
0.14999999,0.8371812,-1.216399,920.6854130052724,4.579764e-09,-13.250481,94.93978,569,-3.4797454,8.42407,,244,81,0.14999999,485.62013053894043,-2.5,,146.9515,,,569,6.216399,-1.7313609,340.15326,-3.5515864,-0.49699956,13.250481,523870,-3.4780781,3537.1309,0.5
0.14999999,1.066292,-1.2164538,920.8228070175438,4.5637085e-09,-13.250481,94.24267,570,-3.481206,8.42407,,244,81,0.14999999,486.5922152996063,-7.5,,146.9515,,,570,6.2164536,-6.8711023,331.75464,-3.553342,-1.2476573,13.250481,524869,-4.0055895,3543.3787,0.5
0.14999999,1.7347037,-1.215522,920.9597197898424,4.5477377e-09,-13.250481,94.14078,571,-3.4809313,8.42407,,244,81,0.14999999,487.54934906959534,-7.5,,146.9515,1.2136084e-07,,571,6.215522,-8.065617,347.03455,-3.555095,-0.68448335,13.250481,525868,-3.2366233,3549.063,-0.5
0.14999999,0.9829567,-1.2141714,921.0961538461538,4.5318505e-09,-13.250481,93.77254,572,-3.4808664,8.42407,,244,81,0.14999999,488.7253623008728,-7.5,,146.9515,5.07032e-18,,572,6.2141714,-6.805222,212.1841,-3.556845,-0.442917,13.250481,526867,-3.923317,3554.506,1.0
0.14999999,1.1484488,-1.2189089,921.2321116928447,4.516046e-09,-13.250481,93.352325,573,-3.484144,8.42407,,244,81,0.14999999,489.84522700309753,7.5,,146.9515,,,573,6.218909,8.4372015,249.63551,-3.5585916,-3.9287407,13.250481,527866,-5.2309146,3563.4348,1.0
0.14999999,1.0099707,-1.2336464,921.3675958188153,4.5003246e-09,-13.250481,93.01383,574,-3.487218,8.42407,,244,81,0.14999999,490.91006326675415,7.5,,146.9515,4.0024612e-30,,574,6.2336464,6.837784,206.40213,-3.5603352,-9.6782875,13.250481,528865,-5.248204,3578.113,-0.5
0.14999999,0.7950429,-1.2303821,920.544347826087,4.4846855e-09,-13.250481,91.73277,575,-3.486279,8.42407,,244,81,0.14999999,491.6918089389801,-2.5,,146.9515,,,575,6.230382,-1.5332028,322.1122,-3.5620759,0.64335316,13.250481,529313,-2.8555276,3582.4697,0.75
0.14999999,1.2362605,-1.2374845,920.6805555555555,4.469127e-09,-13.250481,91.31521,576,-3.4885893,8.42407,,244,81,0.14999999,492.64060831069946,7.5,,146.9515,,,576,6.2374845,8.22282,272.93622,-3.5638134,-5.321339,13.250481,530312,-4.4813733,3592.791,0.5
0.14999999,1.4350827,-1.236686,920.8162911611785,4.4536494e-09,-13.250481,91.02273,577,-3.4909437,8.42407,,244,81,0.14999999,493.51426553726196,2.5,,146.9515,,,577,6.2366858,4.049469,454.31104,-3.5655482,-0.7767721,13.250481,531311,-4.931658,3598.5679,1.0
0.14999999,0.62550545,-1.246968,920.9515570934255,4.4382524e-09,-13.250481,90.790245,578,-3.4953094,8.42407,,244,81,0.14999999,494.5841064453125,-2.5,,146.9515,,,578,6.2469683,-2.8329947,281.58954,-3.5672798,-7.1797037,13.250481,532310,-6.171018,3610.7476,-0.25
0.14999999,1.0710588,-1.245498,921.0863557858377,4.4229345e-09,-13.250481,90.762955,579,-3.4960334,8.42407,,244,81,0.14999999,495.70913195610046,7.5,,146.9515,,,579,6.2454977,7.4658585,262.79617,-3.5690084,-0.39580727,13.250481,533309,-3.4475627,3616.1433,
0.14999999,0.9410693,-1.2369747,920.0586206896552,4.4076964e-09,-13.250481,90.70232,580,-3.4954393,8.42407,,244,81,0.14999999,496.4316816329956,-2.5,,146.9515,,,580,6.2369747,-2.2314854,242.2255,-3.570734,3.6980445,13.250481,533634,-3.1031315,3617.4453,0.25
0.14999999,0.86480427,-1.2352905,920.1944922547332,4.3925366e-09,-13.250481,90.654076,581,-3.4954107,8.42407,,244,81,0.14999999,497.28197503089905,2.5,,146.9515,,,581,6.2352905,2.5724375,247.4192,-3.5724566,-0.25845563,13.250481,534633,-3.3152654,3622.7039,0.25
0.14999999,2.1322777,-1.2333544,920.3298969072165,4.377455e-09,-13.250481,90.62874,582,-3.4958322,8.42407,,244,81,0.14999999,498.4118492603302,2.5,,146.9515,3.2535017,,582,6.2333546,2.4004076,275.84305,-3.5741763,-0.1084728,13.250481,535632,-3.5023086,3627.8123,-0.25
0.14999999,0.9093099,-1.2315884,920.4648370497428,4.362451e-09,-13.250481,90.27553,583,-3.4954886,8.42407,,244,81,0.14999999,499.25717663764954,-7.5,,146.9515,,,583,6.2315884,-7.411722,272.56412,-3.575893,-0.20374429,13.250481,536631,-4.106011,3633.016,0.25
0.14999999,1.2361515,-1.2296897,920.5993150684932,4.3475237e-09,-13.250481,90.16231,584,-3.4960115,8.42407,,244,81,0.14999999,500.3982448577881,-7.5,,146.9515,1.9484838,,584,6.2296896,-7.77374,244.29962,-3.577607,-0.12279994,13.250481,537630,-3.6001613,3638.1387,-0.25
0.14999999,0.5637555,-1.2279425,920.7333333333333,4.332673e-09,-13.250481,89.90054,585,-3.495303,8.42407,,244,81,0.14999999,501.40512228012085,7.5,,146.9515,,,585,6.2279425,6.8125143,167.15782,-3.5793176,-0.20749807,13.250481,538629,-3.1913586,3643.3462,-0.75
0.14999999,1.1372797,-1.222778,919.7372013651877,4.3178985e-09,-13.250481,89.493454,586,-3.496088,8.42407,,244,81,0.14999999,502.2585380077362,2.5,,146.9515,,,586,6.222778,1.8316307,236.95862,-3.5810256,1.7983624,13.250481,538966,-3.4786148,3646.5479,-0.75
0.14999999,0.697569,-1.2233394,919.8722316865417,4.3031987e-09,-13.250481,89.10629,587,-3.4974442,8.42407,,244,81,0.14999999,503.3115494251251,2.5,,146.9515,6.4308213e-24,,587,6.2233396,2.9076228,279.20294,-3.5827308,-1.5523087,13.250481,539965,-4.300366,3653.1,0.75
0.14999999,1.3349456,-1.2231939,920.0068027210884,4.2885744e-09,-13.250481,89.018875,588,-3.4984937,8.42407,,244,81,0.14999999,504.45578241348267,-7.5,,146.9515,,,588,6.223194,-8.041206,261.9869,-3.5844328,-1.1377752,13.250481,540964,-3.718066,3659.238,-0.75
0.14999999,1.8055302,-1.2220899,920.1409168081494,4.274025e-09,-13.250481,88.73782,589,-3.4978492,8.42407,,244,81,0.14999999,505.628653049469,-2.5,,146.9515,,,589,6.22209,-3.2511344,287.95374,-3.586132,-0.5729086,13.250481,541963,-3.299635,3664.811,-0.75
0.14999999,1.1178659,-1.2219375,920.2745762711864,4.259549e-09,-13.250481,87.78639,590,-3.4966125,8.42407,,244,81,0.14999999,506.444011926651,-7.5,,146.9515,,,590,6.2219377,-6.6868353,210.51901,-3.5878284,-1.1321837,13.250481,542962,-3.32569,3670.943,0.75
0.14999999,1.3200017,-1.2220349,920.4077834179357,4.245147e-09,-13.250481,87.08426,591,-3.4960341,8.42407,,244,81,0.14999999,507.30485558509827,7.5,,146.9515,,,591,6.222035,8.068471,199.13063,-3.589522,-1.2795478,13.250481,543961,-3.1654372,3677.2227,0.75
0.14999999,1.8772863,-1.2268236,920.5405405405405,4.230817e-09,-13.250481,84.161674,592,-3.49506,8.42407,,244,81,0.14999999,508.2933449745178,-2.5,,146.9515,,,592,6.226824,-1.9169698,584.05835,-3.5912125,-4.0569024,13.250481,544960,-3.0949821,3686.2795,1.0
0.14999999,0.6633923,-1.226567,920.672849915683,4.2165595e-09,-13.250481,84.02697,593,-3.4941792,8.42407,,244,81,0.14999999,509.57640624046326,-5.0,,146.9515,,,593,6.2265673,-6.028887,174.68774,-3.5929003,-1.0746902,13.250481,545959,-3.3347633,3692.3542,-0.75
0.14999999,0.8534652,-1.2273284,920.8047138047139,4.2023744e-09,-13.250481,83.924385,594,-3.494563,8.42407,,244,81,0.14999999,510.62701201438904,5.0,,146.9515,,,594,6.2273283,4.592411,180.29758,-3.5945852,-1.6788784,13.250481,546958,-3.332704,3699.0332,-0.75
0.14999999,1.148748,-1.2255021,920.0705882352942,4.1882604e-09,-13.250481,82.968666,595,-3.4955504,8.42407,,244,81,0.14999999,511.5232357978821,5.0,,146.9515,7.21167,,595,6.225502,4.495874,150.60275,-3.5962672,-0.14066796,13.250481,547442,-3.8551183,3704.1738,-0.25
0.14999999,0.75859886,-1.2238598,920.2030201342282,4.174218e-09,-13.250481,82.94743,596,-3.4958775,8.42407,,244,81,0.14999999,512.4285192489624,-5.0,,146.9515,,,596,6.22386,-5.3916163,181.46844,-3.5979464,-0.24662249,13.250481,548441,-3.7498553,3709.4204,-0.25
0.14999999,0.5635227,-1.2221533,920.3350083752093,4.160246e-09,-13.250481,82.84313,597,-3.4959652,8.42407,,244,81,0.14999999,513.2832551002502,5.0,,146.9515,,,597,6.222153,5.423205,119.93394,-3.599623,-0.20514096,13.250481,549440,-3.2444084,3714.6255,0.25
0.14999999,2.0729432,-1.2203994,920.4665551839465,4.1463433e-09,-13.250481,82.71822,598,-3.497406,8.42407,,244,81,0.14999999,514.1912336349487,-5.0,,146.9515,,,598,6.2203994,-4.523287,198.87177,-3.6012967,-0.17331295,13.250481,550439,-3.8881767,3719.7988,0.25
0.14999999,0.7834981,-1.2186475,920.5976627712855,4.132511e-09,-13.250481,82.62551,599,-3.4972546,8.42407,,244,81,0.14999999,515.0316507816315,-5.0,,146.9515,0.4733758,,599,6.2186475,-4.477867,172.16096,-3.6029675,-0.17106941,13.250481,551438,-4.245364,3724.9697,0.75
0.14999999,1.302772,-1.2186546,920.7283333333334,4.118747e-09,-13.250481,81.9423,600,-3.4969294,8.42407,,244,81,0.14999999,516.1380953788757,5.0,,146.9515,,,600,6.2186546,5.449459,219.22061,-3.6046355,-1.2229346,13.250481,552437,-3.0044127,3731.1929,0.75
0.14999999,1.4826967,-1.2193655,920.8585690515807,4.105052e-09,-13.250481,68.82339,601,-3.4969232,8.42407,,244,81,0.14999999,517.1299831867218,7.5,,146.9515,,,601,6.2193656,7.2594543,160.28308,-3.6063008,-1.6458737,13.250481,553436,-3.6595159,3737.8386,-0.25
0.14999999,0.75164473,-1.2162411,920.0714285714286,4.091426e-09,-13.250481,68.761284,602,-3.4970362,8.42407,,244,81,0.14999999,517.9490351676941,-2.5,,146.9515,,,602,6.216241,-3.4843817,159.84833,-3.6079633,0.6615222,13.250481,553883,-3.9266944,3742.1772,-1.0
0.14999999,1.2691864,-1.2172413,920.2023217247098,4.077867e-09,-13.250481,68.33705,603,-3.496974,8.42407,,244,81,0.14999999,519.0951936244965,7.5,,146.9515,,,603,6.2172413,6.298518,269.9005,-3.609623,-1.8193347,13.250481,554882,-3.1579003,3748.9966,-1.0
0.14999999,0.9220084,-1.2185116,920.3327814569536,4.064375e-09,-13.250481,67.93329,604,-3.4963942,8.42407,,244,81,0.14999999,520.199559211731,-7.5,,146.9515,,,604,6.2185116,-8.634922,218.44916,-3.61128,-1.9845015,13.250481,555881,-3.2535813,3755.981,-1.0
0.14999999,0.6231363,-1.2202585,920.4628099173553,4.0509502e-09,-13.250481,67.828606,605,-3.4968145,8.42407,,244,81,0.14999999,521.2716522216797,7.5,,146.9515,,,605,6.2202587,7.857816,114.39958,-3.6129344,-2.2752812,13.250481,556880,-3.5730746,3763.2563,0.25
0.14999999,0.9563476,-1.2188476,920.5924092409241,4.0375916e-09,-13.250481,67.83064,606,-3.496773,8.42407,,244,81,0.14999999,522.3602843284607,-2.5,,146.9515,,,606,6.2188478,-2.717575,194.70486,-3.6145859,-0.36529958,13.250481,557879,-3.0640597,3768.6216,
0.14999999,1.2969139,-1.2172108,920.7215815485997,4.024299e-09,-13.250481,67.7777,607,-3.496927,8.42407,,244,81,0.14999999,523.4215326309204,2.5,,146.9515,,,607,6.217211,2.358521,142.85588,-3.6162345,-0.22530481,13.250481,558878,-3.4502852,3773.847,
0.14999999,0.8986923,-1.2152511,920.8503289473684,4.0110724e-09,-13.250481,67.65889,608,-3.496027,8.42407,,244,81,0.14999999,524.2522506713867,-7.5,,146.9515,,,608,6.215251,-7.2359576,163.45888,-3.6178808,-0.025778947,13.250481,559877,-3.1490436,3778.8726,
0.14999999,0.98080146,-1.2132789,920.9786535303776,3.99791e-09,-13.250481,67.335556,609,-3.4953132,8.42407,,244,81,0.14999999,525.1385157108307,2.5,,146.9515,,,609,6.213279,2.5630155,200.36188,-3.619524,-0.014128243,13.250481,560876,-2.899104,3783.8867,-0.5
0.14999999,1.0314845,-1.2115334,921.1065573770492,3.9848134e-09,-13.250481,67.32448,610,-3.4981558,8.42407,,244,81,0.14999999,526.453192949295,7.5,,146.9515,,,610,6.2115335,7.249594,151.60036,-3.6211648,-0.14853981,13.250481,561875,-5.133707,3789.0354,-0.5
0.14999999,0.9519017,-1.210068,920.5499181669394,3.9717802e-09,-13.250481,67.26148,611,-3.500016,8.42407,,244,81,0.14999999,527.3146030902863,-2.5,,146.9515,,,611,6.2100677,-2.8019874,166.19647,-3.6228027,-0.31620318,13.250481,562456,-4.593142,3794.3516,-0.5
0.14999999,0.8146898,-1.2087992,920.6781045751634,3.958811e-09,-13.250481,67.16001,612,-3.500071,8.42407,,244,81,0.14999999,528.4179933071136,2.5,,146.9515,,,612,6.2087994,3.0742452,176.81688,-3.624438,-0.43357146,13.250481,563455,-3.4198751,3799.7852,0.5
0.14999999,0.89307356,-1.2082713,920.8058727569331,3.9459054e-09,-13.250481,66.93441,613,-3.4999752,8.42407,,244,81,0.14999999,529.6731441020966,-7.5,,146.9515,,,613,6.208271,-6.9138374,189.15723,-3.6260707,-0.88518065,13.250481,564454,-3.178517,3805.6704,0.5
0.14999999,1.0806354,-1.2086775,920.9332247557003,3.933063e-09,-13.250481,66.90686,614,-3.499759,8.42407,,244,81,0.14999999,530.6633834838867,-2.5,,146.9515,,,614,6.2086773,-2.022235,188.23119,-3.6277008,-1.4576868,13.250481,565453,-3.1955853,3812.128,0.5
0.14999999,1.7260829,-1.2087927,921.060162601626,3.9202828e-09,-13.250481,66.813705,615,-3.4997594,8.42407,,244,81,0.14999999,531.6785998344421,-7.5,,146.9515,,,615,6.2087927,-8.207927,193.4329,-3.629328,-1.2795482,13.250481,566452,-3.4708784,3818.4075,-0.5
0.14999999,0.8783506,-1.2078981,921.1866883116883,3.9075654e-09,-13.250481,66.72804,616,-3.4990606,8.42407,,244,81,0.14999999,532.7385334968567,7.5,,146.9515,,,616,6.207898,7.4300914,162.51631,-3.6309528,-0.65766686,13.250481,567451,-3.6320443,3824.0652,
0.14999999,0.76726204,-1.2049173,920.4943273905997,3.8949093e-09,-13.250481,66.427864,617,-3.4983847,8.42407,,244,81,0.14999999,533.7924520969391,7.5,,146.9515,1.10558695e-07,,617,6.2049174,8.581601,158.59999,-3.6325748,0.6312603,13.250481,567945,-2.9018195,3828.434,1.0
0.14999999,1.6910434,-1.2164598,920.6213592233009,3.8823145e-09,-13.250481,66.22712,618,-3.499902,8.42407,,244,81,0.14999999,534.9135239124298,2.5,,146.9515,,,618,6.2164598,1.6485641,300.00903,-3.6341944,-8.338077,13.250481,568944,-4.1442175,3841.772,-1.0
0.14999999,0.7964393,-1.2168611,920.7479806138933,3.8697805e-09,-13.250481,66.03849,619,-3.4986503,8.42407,,244,81,0.14999999,536.1812949180603,7.5,,146.9515,,,619,6.2168612,7.0227532,169.8046,-3.635811,-1.4650264,13.250481,569943,-3.181387,3848.237,-0.75
0.14999999,0.88305783,-1.2146226,920.0322580645161,3.857308e-09,-13.250481,65.944145,620,-3.4981966,8.42407,,244,81,0.14999999,536.9796209335327,-2.5,,146.9515,,,620,6.2146225,-2.8500626,173.12776,-3.6374254,0.17101295,13.250481,570420,-2.9595182,3853.066,-0.25
0.14999999,0.90742016,-1.2128506,920.1594202898551,3.8448946e-09,-13.250481,65.9174,621,-3.4983456,8.42407,,244,81,0.14999999,537.996901512146,-2.5,,146.9515,1.2165735,,621,6.2128506,-2.0327096,168.22435,-3.639037,-0.1140763,13.250481,571419,-3.3970385,3858.1802,0.25
0.14999999,0.8820666,-1.21188,920.2861736334405,3.8325414e-09,-13.250481,65.9112,622,-3.4978387,8.42407,,244,81,0.14999999,538.9751994609833,2.5,,146.9515,,,622,6.2118797,2.9608877,160.51819,-3.640646,-0.60922664,13.250481,572418,-3.0181863,3863.7893,0.25
0.14999999,1.9749801,-1.211062,920.4125200642054,3.8202477e-09,-13.250481,65.907,623,-3.4973435,8.42407,,244,81,0.14999999,540.065281867981,2.5,,146.9515,0.002032629,,623,6.211062,2.0238502,172.62837,-3.6422524,-0.70222807,13.250481,573417,-3.0028327,3869.4917,-0.25
0.14999999,0.8914934,-1.2093807,920.5384615384615,3.8080135e-09,-13.250481,65.81365,624,-3.4963787,8.42407,,244,81,0.14999999,541.1791799068451,-7.5,,146.9515,,,624,6.2093806,-7.388395,169.20422,-3.6438563,-0.16193964,13.250481,574416,-3.6732523,3874.6536,0.25
0.14999999,1.211255,-1.2074541,920.664,3.7958374e-09,-13.250481,65.71125,625,-3.4957786,8.42407,,244,81,0.14999999,542.4784781932831,7.5,,146.9515,,,625,6.207454,8.354332,175.43652,-3.6454575,-0.005310602,13.250481,575415,-2.9401474,3879.6587,0.5
0.14999999,1.1894108,-1.2089694,920.7891373801917,3.7837196e-09,-13.250481,65.70393,626,-3.496059,8.42407,,244,81,0.14999999,543.4826600551605,-7.5,,146.9515,,,626,6.208969,-7.6351647,153.74773,-3.647056,-2.1560388,13.250481,576414,-3.7835584,3886.815,-0.25
0.14999999,0.79838705,-1.2070491,920.9138755980862,3.77166e-09,-13.250481,65.64003,627,-3.4953258,8.42407,,244,81,0.14999999,544.4159891605377,-2.5,,146.9515,,,627,6.2070494,-1.5410008,190.27426,-3.6486523,-0.0049532014,13.250481,577413,-3.1473138,3891.8198,0.75
0.14999999,0.679477,-1.2107669,921.0382165605096,3.759658e-09,-13.250481,65.49513,628,-3.4954324,8.42407,,244,81,0.14999999,545.2686970233917,2.5,,146.9515,,,628,6.210767,3.2345753,180.02963,-3.650246,-3.5417855,13.250481,578412,-3.2976935,3900.3616,0.75
0.14999999,1.0636067,-1.2124271,921.1621621621622,3.747713e-09,-13.250481,65.34749,629,-3.4952679,8.42407,,244,81,0.14999999,546.5048742294312,-7.5,,146.9515,,,629,6.212427,-6.7090726,230.81291,-3.651837,-2.2550163,13.250481,579411,-3.0236967,3907.6167,1.0
0.14999999,1.0464522,-1.2166581,921.2857142857143,3.7358254e-09,-13.250481,64.91619,630,-3.495904,8.42407,,244,81,0.14999999,547.4857032299042,-7.5,,146.9515,7.635292e-27,,630,6.216658,-8.429573,165.76938,-3.6534257,-3.8779635,13.250481,580410,-3.8526003,3916.4946,-0.75
0.14999999,1.1495922,-1.2170619,921.4088748019018,3.723994e-09,-13.250481,64.6765,631,-3.495285,8.42407,,244,81,0.14999999,548.6119167804718,2.5,,146.9515,,,631,6.217062,1.4960029,149.91599,-3.6550117,-1.471501,13.250481,581409,-3.0807097,3922.966,-0.75
0.14999999,0.8407248,-1.2173545,921.5316455696203,3.7122183e-09,-13.250481,64.572044,632,-3.4953177,8.42407,,244,81,0.14999999,549.765368938446,5.0,,146.9515,,,632,6.217355,4.147187,147.1426,-3.6565952,-1.401953,13.250481,582408,-3.5752196,3929.3682,-0.75
0.14999999,0.6881792,-1.2177846,921.4928909952606,3.7004986e-09,-13.250481,64.449684,633,-3.494888,8.42407,,244,81,0.14999999,551.0476984977722,-5.0,,146.9515,,,633,6.217785,-5.669577,144.02226,-3.6581762,-1.4896294,13.250481,583305,-3.0027585,3935.8577,-0.75
0.14999999,1.1761948,-1.2172979,921.615141955836,3.6888341e-09,-13.250481,64.393105,634,-3.494478,8.42407,,244,81,0.14999999,552.0409607887268,5.0,,146.9515,,,634,6.217298,4.8459826,134.56902,-3.6597548,-0.9092347,13.250481,584304,-2.8797598,3941.7668,-0.25
0.14999999,0.86657906,-1.2155911,921.7370078740157,3.677225e-09,-13.250481,64.37473,635,-3.4935608,8.42407,,244,81,0.14999999,553.1332125663757,-5.0,,146.9515,,,635,6.215591,-5.3722277,148.91867,-3.661331,-0.13340195,13.250481,585303,-3.0069962,3946.9004,-0.25
0.14999999,1.5370263,-1.2140895,921.8584905660377,3.6656702e-09,-13.250481,64.35697,636,-3.49294,8.42407,,244,81,0.14999999,554.032931804657,-2.5,,146.9515,,,636,6.2140894,-3.2019188,179.7559,-3.6629045,-0.26065382,13.250481,586302,-2.9005878,3952.161,-0.75
0.14999999,0.73728544,-1.2137351,921.9795918367347,3.6541703e-09,-13.250481,64.2785,637,-3.4915385,8.42407,,244,81,0.14999999,554.9330604076385,5.0,,146.9515,,,637,6.213735,5.1690717,156.26865,-3.6644754,-0.98833704,13.250481,587301,-3.0005982,3958.1494,0.25
0.14999999,1.8864149,-1.2119856,922.1003134796239,3.6427241e-09,-13.250481,64.20158,638,-3.4910495,8.42407,,244,81,0.14999999,556.0017573833466,-5.0,,146.9515,,,638,6.2119856,-4.596581,158.91612,-3.6660442,-0.09752507,13.250481,588300,-2.8676596,3963.2468,0.25
0.14999999,0.8967529,-1.2106477,922.2206572769953,3.631332e-09,-13.250481,64.18633,639,-3.489092,8.42407,,244,81,0.14999999,557.2711462974548,2.5,,146.9515,,,639,6.2106476,3.4270616,230.12123,-3.6676104,-0.35711277,13.250481,589299,-2.9556663,3968.604,1.0
0.14999999,1.1258396,-1.2142379,922.340625,3.6199925e-09,-13.250481,63.451828,640,-3.4889274,8.42407,,244,81,0.14999999,558.3357255458832,-7.5,,146.9515,,,640,6.214238,-6.8669405,139.91296,-3.669174,-3.5084238,13.250481,590298,-3.188073,3977.1123,0.75
0.14999999,0.7525241,-1.2151425,922.4602184087363,3.6087067e-09,-13.250481,63.431313,641,-3.4882257,8.42407,,244,81,0.14999999,559.4293787479401,-5.0,,146.9515,,,641,6.2151423,-4.2272096,143.0874,-3.6707354,-1.7940367,13.250481,591297,-3.092597,3983.9062,0.75
0.14999999,1.1976655,-1.2176807,922.5794392523364,3.597473e-09,-13.250481,62.9486,642,-3.4880946,8.42407,,244,81,0.14999999,560.4574077129364,7.5,,146.9515,,,642,6.217681,8.497162,165.8328,-3.6722941,-2.8446596,13.250481,592296,-3.0969808,3991.751,0.75
0.14999999,1.2003901,-1.2192981,922.6982892690513,3.5862924e-09,-13.250481,62.763237,643,-3.489461,8.42407,,244,81,0.14999999,561.6571505069733,5.0,,146.9515,,,643,6.2192984,5.799485,171.91495,-3.6738505,-2.2576232,13.250481,593295,-4.472302,3999.0088,0.75
0.14999999,1.040253,-1.2220588,922.8167701863354,3.5751635e-09,-13.250481,61.79923,644,-3.488503,8.42407,28.400715,244,81,0.14999999,562.681396484375,,,146.9515,,,644,6.222059,0.26428497,117.46237,-3.6754045,-2.997218,13.250481,594294,-2.9786906,4007.0059,0.25
0.14999999,1.2446828,-1.2203817,922.9348837209302,3.5640864e-09,-13.250481,60.713055,645,-3.48759,8.42407,,244,81,0.14999999,563.6762328147888,-2.5,,146.9515,,,645,6.2203817,-1.7293929,319.6538,-3.6338005,-0.1403318,13.250481,595293,-2.8811815,4012.1462,1.0
0.14999999,1.1954441,-1.2233212,923.0526315789474,3.5530605e-09,-13.250481,60.62973,646,-3.4872096,8.42407,0.0002975165,244,81,0.14999999,564.753479719162,,,146.9515,,,646,6.223321,-0.8279247,142.3005,-3.6353495,-3.1192555,13.250481,596292,-3.294211,4020.2656,-0.75
0.14999999,1.0708,-1.223942,923.1700154559505,3.5420862e-09,-13.250481,59.561005,647,-3.4863276,8.42407,0.00047816004,244,81,0.14999999,565.6592628955841,,,146.9515,1.319332e-24,,647,6.223942,1.1955655,130.34229,-3.636896,-1.6250254,13.250481,597291,-3.030841,4026.8906,0.75
0.14999999,0.8417472,-1.228687,923.2870370370371,3.531162e-09,-13.250481,59.450333,648,-3.4875755,8.42407,23.378223,244,81,0.14999999,566.7480170726776,,,146.9515,1.7225794e-12,,648,6.2286873,-0.087174885,112.54025,-3.6384397,-4.298724,13.250481,598290,-4.2998796,4036.1892,-0.25
0.14999999,0.7168715,-1.2267966,923.4036979969184,3.5202883e-09,-13.250481,57.9983,649,-3.4868705,8.42407,,244,81,0.14999999,567.9129755496979,-10.0,,146.9515,,,649,6.2267966,-10.784745,136.48445,-3.6045396,-0.0018211103,13.250481,599289,-2.8179297,4041.191,-0.75
0.14999999,0.7539214,-1.2270291,923.52,3.5094652e-09,-13.250481,57.574482,650,-3.4865098,8.42407,,244,81,0.14999999,569.0209321975708,-10.0,,146.9515,8.7333106e-23,,650,6.227029,-9.05723,81.30823,-3.6060793,-1.377912,13.250481,600288,-2.9207282,4047.5688,0.75
0.14999999,0.6860565,-1.2305669,923.6359447004609,3.4986916e-09,-13.250481,56.79672,651,-3.4861035,8.42407,,244,81,0.14999999,570.1372392177582,10.0,,146.9515,,,651,6.230567,10.4326725,125.58317,-3.6076167,-3.530054,13.250481,601287,-2.9458346,4056.099,0.75
0.14999999,1.3113229,-1.233818,923.7515337423313,3.487968e-09,-13.250481,56.470264,652,-3.4885242,8.42407,,244,81,0.14999999,571.0568583011627,7.5,,146.9515,,,652,6.233818,7.1596165,123.59963,-3.6091516,-3.3503304,13.250481,602286,-4.7166452,4064.4492,-0.25
0.14999999,0.80146253,-1.2304531,923.0061255742726,3.4772933e-09,-13.250481,56.02333,653,-3.4870791,8.42407,,244,81,0.14999999,571.7473924160004,-2.5,,146.9515,,,653,6.230453,-3.7044396,162.4177,-3.6106842,0.96344185,13.250481,602723,-2.783157,4068.4858,-1.0
0.14999999,1.0526327,-1.2319003,923.1223241590214,3.4666676e-09,-13.250481,55.91062,654,-3.4875839,8.42407,,244,81,0.14999999,572.6831798553467,7.5,,146.9515,,,654,6.2319,6.777896,195.15474,-3.6122143,-2.1769156,13.250481,603722,-3.5661857,4075.6628,-1.0
0.14999999,0.8842883,-1.2312287,922.4305343511451,3.45609e-09,-13.250481,55.818596,655,-3.4876454,8.42407,,244,81,0.14999999,573.4984722137451,7.5,,146.9515,3.4874508e-06,,655,6.231229,7.522046,125.40299,-3.613742,-0.7919502,13.250481,604192,-3.4885597,4081.4548,
0.14999999,0.7599827,-1.2266293,921.6280487804878,3.4455614e-09,-13.250481,55.599224,656,-3.4868097,8.42407,,244,81,0.14999999,574.3283104896545,-2.5,,146.9515,,,656,6.2266293,-2.2150686,140.53888,-3.6152678,1.7859805,13.250481,604588,-2.777142,4084.6687,
0.14999999,1.167188,-1.2248275,921.7458143074581,3.4350804e-09,-13.250481,55.56052,657,-3.487058,8.42407,,244,81,0.14999999,575.2303743362427,2.5,,146.9515,,,657,6.224828,2.848452,117.5356,-3.616791,-0.042900484,13.250481,605587,-3.3610673,4089.7117,
0.14999999,1.1026317,-1.2235287,921.8632218844984,3.4246475e-09,-13.250481,55.519802,658,-3.4861774,8.42407,,244,81,0.14999999,576.2851111888885,-7.5,,146.9515,,,658,6.223529,-7.644376,137.48808,-3.618312,-0.37023926,13.250481,606586,-3.0109153,4095.082,
0.14999999,1.2286099,-1.2217128,921.9802731411229,3.4142622e-09,-13.250481,55.442497,659,-3.4852076,8.42407,,244,81,0.14999999,577.4000346660614,7.5,,146.9515,,,659,6.221713,7.1023493,138.2539,-3.6198306,-0.026861353,13.250481,607585,-2.8848403,4100.109,-0.5
0.14999999,1.1346371,-1.219003,921.269696969697,3.4039234e-09,-13.250481,55.213417,660,-3.4838727,8.42407,,244,81,0.14999999,578.1744029521942,5.0,,146.9515,,,660,6.2190027,3.6500416,215.76068,-3.6213467,0.5667748,13.250481,608038,-2.7549415,4104.542,-1.0
0.14999999,0.80653584,-1.2205065,920.5869894099849,3.3936318e-09,-13.250481,55.212658,661,-3.485842,8.42407,,244,81,0.14999999,579.1655497550964,2.5,,146.9515,,,661,6.2205067,2.1972356,145.34132,-3.622861,-2.2128334,13.250481,608508,-4.803237,4111.755,-0.5
0.14999999,0.9624492,-1.2193137,920.7054380664653,3.3833871e-09,-13.250481,55.211193,662,-3.4857852,8.42407,,244,81,0.14999999,580.4199125766754,10.0,,146.9515,,,662,6.2193136,9.151338,114.37886,-3.6243725,-0.43084532,13.250481,609507,-3.214805,4117.1855,-0.75
0.14999999,0.7105457,-1.2187482,920.2473604826546,3.373188e-09,-13.250481,55.182163,663,-3.4852257,8.42407,,244,81,0.14999999,581.3043200969696,7.5,,146.9515,,,663,6.218748,8.0992775,116.75542,-3.625882,-0.84436536,13.250481,610124,-3.0309174,4123.0303,0.25
0.14999999,1.113279,-1.2198889,920.3659638554217,3.3630354e-09,-13.250481,55.055218,664,-3.4849288,8.42407,,244,81,0.14999999,582.464569568634,-7.5,,146.9515,,,664,6.2198887,-8.479827,195.96461,-3.6273892,-1.9761965,13.250481,611123,-2.9676785,4130.0063,-1.0
0.14999999,0.9938601,-1.2213445,920.4842105263158,3.3529288e-09,-13.250481,55.042133,665,-3.484586,8.42407,,244,81,0.14999999,583.4769749641418,-2.5,,146.9515,,,665,6.2213445,-2.860861,127.059204,-3.628894,-2.1878798,13.250481,612122,-3.2716966,4137.1943,-0.5
0.14999999,0.7819958,-1.2200044,920.6021021021021,3.3428675e-09,-13.250481,54.918915,666,-3.4837794,8.42407,,244,81,0.14999999,584.6468546390533,-7.5,,146.9515,,,666,6.2200046,-7.4087296,136.87497,-3.6303966,-0.3287921,13.250481,613121,-2.8872576,4142.523,0.25
0.14999999,0.928972,-1.2182012,920.71964017991,3.3328516e-09,-13.250481,54.921745,667,-3.4830148,8.42407,,244,81,0.14999999,585.7538645267487,-2.5,,146.9515,,,667,6.218201,-2.25589,137.28847,-3.631897,-0.017244764,13.250481,614120,-2.7126563,4147.54,0.25
0.14999999,1.2095709,-1.2166642,920.8368263473054,3.3228804e-09,-13.250481,54.85522,668,-3.4821749,8.42407,,244,81,0.14999999,586.6430406570435,-5.0,,146.9515,,,668,6.2166643,-6.3050914,214.05774,-3.6333952,-0.19152766,13.250481,615119,-2.795647,4152.7314,-1.0
0.14999999,0.95859027,-1.2192289,920.9536621823618,3.312954e-09,-13.250481,54.85719,669,-3.4847906,8.42407,,244,81,0.14999999,587.4997642040253,2.5,,146.9515,,,669,6.2192287,2.7464516,131.8701,-3.634891,-2.9324498,13.250481,616118,-5.310557,4160.664,0.25
0.14999999,1.1741111,-1.2185853,921.0701492537313,3.3030718e-09,-13.250481,54.832096,670,-3.4854045,8.42407,,244,81,0.14999999,588.3935136795044,-7.5,,146.9515,,,670,6.218585,-7.5972214,128.73335,-3.6363847,-0.7880085,13.250481,617117,-3.7948818,4166.452,-0.25
0.14999999,0.79966533,-1.2169083,921.1862891207154,3.293234e-09,-13.250481,54.557426,671,-3.4841447,8.42407,,244,81,0.14999999,589.333402633667,7.5,,146.9515,,,671,6.2169085,6.9987235,129.77458,-3.637876,-0.09331313,13.250481,618116,-2.7560565,4171.5454,-0.75
0.14999999,1.2148383,-1.211289,920.3139880952381,3.2834397e-09,-13.250481,54.545815,672,-3.4836128,8.42407,,244,81,0.14999999,590.0608961582184,5.0,,146.9515,,,672,6.211289,4.7813163,132.331,-3.6393652,2.5591965,13.250481,618451,-2.8875992,4173.9863,-0.25
0.14999999,0.904737,-1.209633,919.9554234769688,3.2736895e-09,-13.250481,54.512577,673,-3.4824822,8.42407,,244,81,0.14999999,591.0728931427002,-5.0,,146.9515,,,673,6.209633,-5.128751,127.81154,-3.6408522,-0.09676396,13.250481,619130,-2.8610196,4179.083,-0.25
0.14999999,0.9650618,-1.2080337,920.0727002967359,3.2639824e-09,-13.250481,54.506668,674,-3.4818895,8.42407,,244,81,0.14999999,592.2619969844818,-2.5,,146.9515,,,674,6.2080336,-2.5171118,131.72888,-3.642337,-0.13166271,13.250481,620129,-2.9295578,4184.215,-0.25
0.14999999,1.6369535,-1.2064278,920.1896296296296,3.2543186e-09,-13.250481,54.482086,675,-3.4820287,8.42407,,244,81,0.14999999,593.563704252243,2.5,,146.9515,,,675,6.2064276,2.0969915,131.72285,-3.6438196,-0.12410844,13.250481,621128,-3.4768147,4189.339,-0.25
0.14999999,1.4081962,-1.2049791,920.3062130177515,3.2446976e-09,-13.250481,54.469646,676,-3.4805057,8.42407,,244,81,0.14999999,594.7035377025604,2.5,,146.9515,0.0021584337,,676,6.204979,1.4820722,219.53453,-3.6453001,-0.22704032,13.250481,622127,-2.9736102,4194.566,-1.0
0.14999999,0.79516757,-1.206815,920.1890694239291,3.235119e-09,-13.250481,54.461643,677,-3.480354,8.42407,,244,81,0.14999999,595.5738668441772,5.0,,146.9515,,,677,6.206815,5.096018,133.13779,-3.6467783,-2.4479418,13.250481,622968,-3.6573193,4202.0137,0.25
0.14999999,0.7255104,-1.2051889,920.3053097345132,3.225583e-09,-13.250481,54.457703,678,-3.4799495,8.42407,,244,81,0.14999999,596.7362191677094,5.0,,146.9515,4.7733833e-05,,678,6.2051888,5.685909,178.75473,-3.6482542,-0.10422252,13.250481,623967,-2.953826,4207.118,1.0
0.14999999,1.7177992,-1.2134408,920.421207658321,3.2160896e-09,-13.250481,54.376,679,-3.4831896,8.42407,,244,81,0.14999999,597.8035664558411,-5.0,,146.9515,,,679,6.213441,-4.3934584,135.19347,-3.649728,-6.808246,13.250481,624966,-5.3420863,4218.9263,0.25
0.14999999,1.3791095,-1.212398,920.5367647058823,3.2066374e-09,-13.250481,54.369526,680,-3.4827378,8.42407,,244,81,0.14999999,598.9025495052338,-7.5,,146.9515,,,680,6.212398,-8.189439,138.04279,-3.6511998,-0.50443435,13.250481,625965,-3.7661297,4224.4307,-0.5
0.14999999,1.1072023,-1.2112244,920.6519823788547,3.1972267e-09,-13.250481,54.196712,681,-3.4835153,8.42407,,244,81,0.14999999,600.0567855834961,-2.5,,146.9515,,,681,6.2112246,-2.1252353,135.8613,-3.6526692,-0.4131547,13.250481,626964,-4.3031545,4229.8438,0.5
0.14999999,0.86761755,-1.2114978,920.766862170088,3.1878575e-09,-13.250481,54.191917,682,-3.4846497,8.42407,,244,81,0.14999999,600.9755878448486,-7.5,,146.9515,,,682,6.211498,-7.016325,137.54913,-3.6541367,-1.397625,13.250481,627963,-4.2882147,4236.241,0.5
0.14999999,1.2689068,-1.211459,920.8814055636896,3.1785294e-09,-13.250481,54.05421,683,-3.4843643,8.42407,,244,81,0.14999999,602.0052480697632,2.5,,146.9515,,,683,6.211459,3.1426277,143.3657,-3.6556017,-1.1849804,13.250481,628962,-3.113057,4242.427,0.5
0.14999999,0.8078334,-1.2114763,920.9956140350877,3.1692424e-09,-13.250481,53.937733,684,-3.4833941,8.42407,,244,81,0.14999999,603.1499638557434,5.0,,146.9515,,,684,6.2114763,4.330138,115.365906,-3.657065,-1.2233416,13.250481,629961,-3.0024033,4248.65,-0.75
0.14999999,0.67973953,-1.2110484,920.7138686131386,3.159996e-09,-13.250481,53.94129,685,-3.48272,8.42407,,244,81,0.14999999,604.0638983249664,-5.0,,146.9515,,,685,6.211048,-5.8704944,112.82347,-3.6585257,-0.91828746,13.250481,630689,-2.7815034,4254.5684,-0.75
0.14999999,1.2071599,-1.2110668,920.8279883381924,3.1507896e-09,-13.250481,53.643368,686,-3.4825337,8.42407,,244,81,0.14999999,605.0219395160675,7.5,,146.9515,,,686,6.2110667,7.7574153,133.67647,-3.6599846,-1.2238158,13.250481,631688,-3.0002286,4260.792,0.5
0.14999999,0.9573779,-1.2106192,920.9417758369724,3.1416238e-09,-13.250481,53.592667,687,-3.4815292,8.42407,,244,81,0.14999999,606.1843390464783,-7.5,,146.9515,,,687,6.210619,-8.609391,128.25453,-3.6614413,-0.90355664,13.250481,632687,-2.9310536,4266.6953,-0.75
0.14999999,1.0404978,-1.2120589,921.0552325581396,3.132498e-09,-13.250481,53.391365,688,-3.4813633,8.42407,,244,81,0.14999999,607.3832490444183,2.5,,146.9515,,,688,6.212059,1.9134036,115.72668,-3.6628957,-2.2010677,13.250481,633686,-3.2757554,4273.8965,-0.75
0.14999999,1.336295,-1.2116828,921.1683599419448,3.1234115e-09,-13.250481,53.17554,689,-3.480603,8.42407,,244,81,0.14999999,608.6454524993896,-2.5,,146.9515,,,689,6.211683,-3.5477848,136.4784,-3.6643481,-0.95299166,13.250481,634685,-2.9382792,4279.8496,-0.75
0.14999999,0.9812578,-1.2126203,921.2811594202899,3.1143645e-09,-13.250481,53.17565,690,-3.479577,8.42407,,244,81,0.14999999,609.9612896442413,-2.5,,146.9515,9.519176e-28,,690,6.2126203,-1.5181239,143.7278,-3.6657987,-1.8584551,13.250481,635684,-3.021495,4286.708,0.75
0.14999999,0.84474796,-1.2141832,921.3936324167872,3.1053569e-09,-13.250481,53.112747,691,-3.4799535,8.42407,,244,81,0.14999999,611.1183207035065,2.5,,146.9515,,,691,6.2141833,3.2840939,182.76888,-3.6672468,-2.2926688,13.250481,636683,-3.662391,4294.0005,1.0
0.14999999,0.91162753,-1.2180289,921.5057803468208,3.0963885e-09,-13.250481,53.09823,692,-3.4798055,8.42407,,244,81,0.14999999,612.3550159931183,-5.0,,146.9515,,,692,6.218029,-4.126918,226.92047,-3.6686928,-3.8753262,13.250481,637682,-3.157269,4302.876,1.0
0.14999999,1.0615381,-1.2242025,921.6176046176046,3.0874587e-09,-13.250481,53.000988,693,-3.4809804,8.42407,,244,81,0.14999999,613.4148936271667,-7.5,,146.9515,,,693,6.2242026,-6.551702,169.74792,-3.670137,-5.4963517,13.250481,638681,-4.122955,4313.372,1.0
0.14999999,1.125422,-1.2273711,921.7291066282421,3.0785676e-09,-13.250481,52.97478,694,-3.4801793,8.42407,28.29227,244,81,0.14999999,614.6631762981415,,,146.9515,,,694,6.227371,0.35492808,125.60898,-3.671579,-3.4232,13.250481,639680,-2.903759,4321.7954,0.25
0.14999999,0.76889914,-1.2260108,921.8402877697841,3.069715e-09,-13.250481,52.73401,695,-3.4789581,8.42407,,244,81,0.14999999,615.9494240283966,-5.0,,146.9515,,,695,6.226011,-4.261349,114.97467,-3.633061,-0.28192207,13.250481,640679,-2.6969843,4327.0776,0.75
0.14999999,0.89851975,-1.2282428,921.9511494252873,3.0609002e-09,-13.250481,52.583416,696,-3.4786787,8.42407,,244,81,0.14999999,616.9874427318573,7.5,,146.9515,,,696,6.228243,8.594201,169.40524,-3.6344986,-2.7794662,13.250481,641678,-3.0071106,4334.857,1.0
0.14999999,1.0576261,-1.2373596,922.0616929698708,3.0521232e-09,-13.250481,52.163486,697,-3.4790263,8.42407,,244,81,0.14999999,617.9864706993103,2.5,,146.9515,,,697,6.2373595,3.0425093,135.49426,-3.6359344,-7.582712,13.250481,642677,-3.5597966,4347.4395,0.75
0.14999999,1.1789297,-1.2383866,922.1719197707737,3.0433844e-09,-13.250481,52.000465,698,-3.478736,8.42407,,244,81,0.14999999,619.1177933216095,5.0,,146.9515,,,698,6.2383866,5.743121,139.2355,-3.6373682,-1.9542036,13.250481,643676,-3.2721388,4354.394,0.75
0.14999999,1.2455268,-1.2417387,922.2818311874106,3.0346827e-09,-13.250481,51.924206,699,-3.4780483,8.42407,,244,81,0.14999999,620.1731877326965,-7.5,,146.9515,,,699,6.241739,-6.6792684,129.55954,-3.6388,-3.5815163,13.250481,644675,-3.1004732,4362.9756,0.75
0.14999999,1.1682253,-1.2424389,922.3914285714286,3.0260183e-09,-13.250481,51.782627,700,-3.4769733,8.42407,0.0002989719,244,81,0.14999999,621.2038016319275,,,146.9515,,,700,6.242439,-0.89870596,126.337975,-3.6402295,-1.7318534,13.250481,645674,-2.9054668,4369.707,-0.75
0.14999999,0.7815871,-1.2432779,922.5007132667617,3.017391e-09,-13.250481,51.555992,701,-3.4763017,8.42407,23.453545,244,81,0.14999999,622.114230632782,,,146.9515,0.0012939658,,701,6.243278,-0.15545526,103.57855,-3.6416564,-1.830684,13.250481,646673,-3.106002,4376.538,-0.25
0.14999999,1.2430623,-1.2416898,922.6096866096866,3.0088005e-09,-13.250481,51.5457,702,-3.4756896,8.42407,,244,81,0.14999999,623.1172404289246,7.5,,146.9515,,,702,6.2416897,8.077565,139.55063,-3.6101723,-0.12840755,13.250481,647672,-2.7872052,4381.666,0.75
0.14999999,1.0542642,-1.2442356,922.7183499288763,3.0002467e-09,-13.250481,51.086277,703,-3.4747698,8.42407,,244,81,0.14999999,624.1833012104034,10.0,,146.9515,,,703,6.2442355,10.148006,105.944336,-3.6115959,-3.031379,13.250481,648671,-2.996832,4389.6978,0.25
0.14999999,1.0447398,-1.2415688,922.0809659090909,2.9917293e-09,-13.250481,50.714878,704,-3.4737818,8.42407,,244,81,0.14999999,625.1739370822906,-2.5,,146.9515,,,704,6.2415686,-1.3681405,232.95688,-3.6130173,0.63317174,13.250481,649145,-2.7803109,4394.0645,1.0
0.14999999,1.0266286,-1.2457548,922.1900709219858,2.9832479e-09,-13.250481,50.685024,705,-3.4737363,8.42407,0.00046754052,244,81,0.14999999,626.4407286643982,,,146.9515,,,705,6.2457547,0.843308,118.08444,-3.6144366,-4.1926785,13.250481,650144,-3.3816783,4403.2573,0.75
0.14999999,0.91540736,-1.2492435,922.2988668555241,2.9748035e-09,-13.250481,50.58824,706,-3.4730325,8.42407,,244,81,0.14999999,627.5829830169678,10.0,,146.9515,,,706,6.2492437,9.760467,106.922,-3.6158535,-3.7087517,13.250481,651143,-2.9500496,4411.966,-0.25
0.14999999,0.78836113,-1.2446744,921.5275813295615,2.9663942e-09,-13.250481,50.237213,707,-3.4719448,8.42407,,244,81,0.14999999,628.4083924293518,-10.0,,146.9515,,,707,6.2446747,-10.590744,122.84713,-3.6172688,1.9810126,13.250481,651520,-2.578017,4414.985,-0.75
0.14999999,1.0292908,-1.2443446,921.6370056497175,2.9580205e-09,-13.250481,50.171043,708,-3.4713743,8.42407,,244,81,0.14999999,629.493435382843,-10.0,,146.9515,1.1846678,,708,6.2443447,-10.454454,113.5535,-3.6186824,-1.0110737,13.250481,652519,-2.8082378,4420.996,-0.25
0.14999999,1.0560589,-1.2431102,921.7461212976023,2.949682e-09,-13.250481,50.116516,709,-3.4702675,8.42407,,244,81,0.14999999,630.5144684314728,-10.0,,146.9515,0.009630015,,709,6.24311,-10.022824,114.02343,-3.6200938,-0.3691051,13.250481,653518,-2.6615992,4426.365,0.25
0.14999999,0.784092,-1.2413899,921.8549295774648,2.941379e-09,-13.250481,49.68495,710,-3.46947,8.42407,,244,81,0.14999999,631.5503718852997,-10.0,,146.9515,0.005384444,,710,6.2413898,-9.165515,78.618225,-3.621503,-0.021732379,13.250481,654517,-2.9087353,4431.3867,0.75
0.14999999,1.309207,-1.241739,921.9634317862166,2.9331109e-09,-13.250481,49.371162,711,-3.4696004,8.42407,,244,81,0.14999999,632.6438701152802,7.5,,146.9515,,,711,6.2417393,7.176144,104.54994,-3.6229107,-1.4896812,13.250481,655516,-3.317792,4437.8765,-0.25
0.14999999,0.98756254,-1.2396643,921.4058988764045,2.9248777e-09,-13.250481,48.999523,712,-3.4680936,8.42407,,244,81,0.14999999,633.5168089866638,10.0,,146.9515,,,712,6.239664,9.27979,104.86064,-3.6243162,0.23553193,13.250481,656041,-2.6477406,4442.641,-0.75
0.14999999,0.88312566,-1.2294884,920.4824684431977,2.9166787e-09,-13.250481,48.9148,713,-3.4673269,8.42407,,244,81,0.14999999,634.3624577522278,7.5,,146.9515,,,713,6.2294884,7.6944137,109.11464,-3.6257195,6.015747,13.250481,656304,-2.8659084,4441.625,
0.14999999,0.7749833,-1.2249783,919.7324929971988,2.9085145e-09,-13.250481,48.84569,714,-3.469446,8.42407,,244,81,0.14999999,635.3290400505066,10.0,,146.9515,,,714,6.2249784,10.5025835,115.45308,-3.6271212,1.9907306,13.250481,656689,-4.8225203,4444.635,0.75
0.14999999,1.334108,-1.2275957,919.8433566433566,2.9003844e-09,-13.250481,48.78609,715,-3.4707317,8.42407,,244,81,0.14999999,636.4481956958771,7.5,,146.9515,,,715,6.227596,7.276142,113.91713,-3.6285207,-3.0964305,13.250481,657688,-4.125694,4452.731,-0.5
0.14999999,0.96289027,-1.2255892,919.2891061452514,2.8922884e-09,-13.250481,48.64692,716,-3.4696898,8.42407,,244,81,0.14999999,637.3339514732361,7.5,,146.9515,0.009585654,,716,6.2255893,6.6464643,160.2127,-3.6299183,0.20902246,13.250481,658211,-2.9910183,4457.522,-1.0
0.14999999,1.144635,-1.2262679,918.8354253835425,2.8842266e-09,-13.250481,48.446728,717,-3.4697256,8.42407,1.64141e-08,244,81,0.14999999,638.2121825218201,,,146.9515,,,717,6.226268,-1.1070323,160.90442,-3.631314,-1.7121772,13.250481,658805,-3.3937385,4464.234,-1.0
0.14999999,0.8737562,-1.2270284,918.9470752089137,2.876198e-09,-13.250481,48.37279,718,-3.4694057,8.42407,,244,81,0.14999999,639.3445248603821,5.0,,146.9515,,,718,6.2270284,5.2045784,111.81327,-3.6327078,-1.7722964,13.250481,659804,-3.2999325,4471.0063,
0.14999999,0.7735231,-1.2251693,918.5994436717664,2.8682028e-09,-13.250481,48.36271,719,-3.4696212,8.42407,,244,81,0.14999999,640.3074135780334,-2.5,,146.9515,,,719,6.225169,-2.3480747,115.537445,-3.6340995,0.109714225,13.250481,660473,-3.4578328,4475.8965,
0.14999999,0.92607844,-1.2234683,918.7111111111111,2.8602412e-09,-13.250481,48.341267,720,-3.469488,8.42407,,244,81,0.14999999,641.3600025177002,2.5,,146.9515,,,720,6.2234683,2.6077414,96.81339,-3.6354895,-0.00055271306,13.250481,661472,-3.1112466,4480.8975,
0.14999999,0.87798893,-1.2217836,918.8224687933425,2.8523124e-09,-13.250481,48.342606,721,-3.4692457,8.42407,,244,81,0.14999999,642.6288361549377,-5.0,,146.9515,,,721,6.2217836,-4.991442,116.3658,-3.6368773,-0.008738631,13.250481,662471,-3.1835885,4485.9062,
0.14999999,1.2155013,-1.2201053,918.9335180055401,2.844417e-09,-13.250481,48.32162,722,-3.4684477,8.42407,,244,81,0.14999999,643.6457443237305,-7.5,,146.9515,,,722,6.220105,-7.615118,113.590805,-3.6382632,-0.010011332,13.250481,663470,-2.7332106,4490.916,
0.14999999,0.6466935,-1.2184801,919.0442600276625,2.8365539e-09,-13.250481,48.076393,723,-3.4671295,8.42407,,244,81,0.14999999,644.801394701004,7.5,,146.9515,,,723,6.21848,7.666255,96.846825,-3.6396475,-0.04514363,13.250481,664469,-2.6721148,4495.961,0.25
0.14999999,1.0361727,-1.2171224,919.1546961325967,2.8287237e-09,-13.250481,48.04722,724,-3.466577,8.42407,,244,81,0.14999999,645.7898201942444,-2.5,,146.9515,,,724,6.2171226,-3.0683181,162.40964,-3.6410296,-0.23553038,13.250481,665468,-2.6931565,4501.197,-1.0
0.14999999,1.0127754,-1.2179233,919.2648275862069,2.8209253e-09,-13.250481,48.024567,725,-3.4668891,8.42407,,244,81,0.14999999,646.9574899673462,5.0,,146.9515,,,725,6.217923,4.655765,119.78025,-3.6424098,-1.7978076,13.250481,666467,-3.6601074,4507.994,-0.5
0.14999999,0.8765269,-1.2169284,919.1707988980717,2.8131597e-09,-13.250481,47.968857,726,-3.466322,8.42407,,244,81,0.14999999,647.8626687526703,-5.0,,146.9515,,,726,6.2169285,-5.803701,118.84024,-3.6437883,-0.49555686,13.250481,667318,-3.0183282,4513.49,-0.5
0.14999999,0.9327121,-1.2167166,919.2806052269601,2.805426e-09,-13.250481,47.925716,727,-3.4658887,8.42407,,244,81,0.14999999,648.9767599105835,2.5,,146.9515,,,727,6.216717,2.070178,120.03973,-3.6451647,-1.0630306,13.250481,668317,-2.981761,4519.5527,-0.5
0.14999999,0.96234274,-1.2155399,919.3901098901099,2.797724e-09,-13.250481,47.915752,728,-3.4650517,8.42407,,244,81,0.14999999,650.0509526729584,-2.5,,146.9515,,,728,6.21554,-3.278088,112.84698,-3.6465392,-0.36003092,13.250481,669316,-2.7492123,4524.913,-0.25
0.14999999,1.2100437,-1.2146986,919.4993141289438,2.265192e-09,-13.250481,48.183872,729,-3.466327,8.42407,,244,81,0.14999999,651.1785402297974,-10.0,,146.9515,,,729,6.214699,-11.132954,180.95767,-3.647912,-0.6021628,13.250481,670315,-4.3051543,4530.515,-1.0
0.14999999,0.025056697,-1.2157542,919.6082191780822,2.2589903e-09,-13.250481,7932.131,730,-3.4657688,8.42407,,244,100,0.14999999,652.0388247966766,5.5555553,,146.9515,,,730,6.215754,6.1958203,6.239176,-3.6492827,-1.9852945,13.250481,671314,-3.1649156,4537.5005,0.7777778
0.14999999,0.26493394,-1.2170165,919.7168262653898,2.252814e-09,-13.250481,7932.4624,731,-3.4689517,8.42407,,244,100,0.14999999,713.4347612857819,-5.5555553,,146.9515,,,731,6.217016,-5.071758,180.4209,-3.6506517,-2.1384652,13.250481,672313,-4.818018,4544.639,0.7777778
0.14999999,0.8308139,-1.216986,919.8251366120219,2.2466629e-09,-13.250481,7931.1436,732,-3.472301,8.42407,,244,100,0.14999999,714.8122427463531,-5.5555553,,146.9515,1.0047491e-15,,732,6.2169857,-6.4820395,558.1719,-3.6520188,-1.1947507,13.250481,673312,-5.1599016,4550.834,-0.7777778
0.14999999,0.44996616,-1.2172481,919.9331514324693,2.240537e-09,-13.250481,7174.1367,733,-3.474501,8.42407,,244,100,0.14999999,716.2388296127319,5.5555553,,146.9515,,,733,6.217248,5.0065136,200.79686,-3.653384,-1.4091294,13.250481,674311,-4.720247,4557.2427,-0.7777778
0.14999999,4.25519,-1.2169632,919.4305177111717,2.2344366e-09,-13.250481,4890.9194,734,-3.4763656,8.42407,,244,100,0.14999999,717.431253194809,5.5555553,,146.9515,0.0037729868,,734,6.2169633,5.5963035,2903.6501,-3.6547472,-1.0080783,13.250481,674862,-4.2539434,4563.251,-0.11111111
0.14999999,0.02354895,-1.2155001,919.5387755102041,2.2283606e-09,-13.250481,4889.8223,735,-3.4755793,8.42407,,244,100,0.14999999,718.7751505374908,-5.5555553,,146.9515,,,735,6.2155,-5.537125,7.5323853,-3.6561086,-0.14164455,13.250481,675861,-3.773908,4568.3926,-0.11111111
0.14999999,0.30115592,-1.2138559,919.6467391304348,2.2223094e-09,-13.250481,4180.2427,736,-3.4786875,8.42407,,244,100,0.14999999,720.011337518692,5.5555553,,146.9515,,,736,6.2138557,5.8220515,126.304726,-3.6574683,-0.005280005,13.250481,676860,-4.7871027,4573.398,0.33333334
0.14999999,0.92982346,-1.2122864,919.7544097693351,2.2162827e-09,-13.250481,4179.9585,737,-3.481356,8.42407,,244,100,0.14999999,721.3881943225861,-5.5555553,,146.9515,,,737,6.2122865,-5.050109,233.00497,-3.658826,-0.057168934,13.250481,677859,-4.7315874,4578.455,0.33333334
0.14999999,0.14709549,-1.2121238,919.8617886178862,2.2102808e-09,-13.250481,620.37463,738,-3.4835656,8.42407,4.8821875e-09,244,100,0.14999999,722.7193033695221,-1.1111112,,146.9515,,,738,6.212124,-0.6725511,41.00435,-3.660182,-1.0923473,13.250481,678858,-4.9561944,4584.5474,0.5555556
0.14999999,0.6088062,-1.2114208,919.9688768606225,2.204303e-09,-13.250481,619.9593,739,-3.4858918,8.42407,5.1104186e-18,244,100,0.14999999,724.2629864215851,1.1111112,,146.9515,,,739,6.211421,1.76552,246.00786,-3.6615362,-0.69254756,13.250481,679857,-4.3479085,4590.2397,0.5555556
0.14999999,0.14860886,-1.2124188,920.0756756756757,2.1983493e-09,-13.250481,573.9206,740,-3.4885445,8.42407,4.6443037e-21,244,100,0.14999999,725.535799741745,1.1111112,,146.9515,3.4490668e-19,,740,6.2124186,0.55717033,68.14025,-3.6628883,-1.9500215,13.250481,680856,-4.998948,4597.19,-0.7777778
0.14999999,0.25116298,-1.2123935,920.1821862348178,2.1924198e-09,-13.250481,573.77124,741,-3.4895873,8.42407,4.448906e-12,244,100,0.14999999,726.8437330722809,-1.1111112,,146.9515,,,741,6.2123938,-1.9027736,83.874146,-3.664239,-1.1936442,13.250481,681855,-3.4059668,4603.384,-0.7777778
0.14999999,0.031854328,-1.2130516,920.288409703504,2.1865143e-09,-13.250481,551.9323,742,-3.4933603,8.42407,1.200964e-15,244,100,0.14999999,728.3328576087952,-1.1111112,,146.9515,1.0855834e-33,,742,6.213052,-0.22444224,19.24046,-3.6655874,-1.7006654,13.250481,682854,-5.5300746,4610.0845,1.0
0.14999999,0.73156756,-1.2160326,920.3943472409152,2.1806326e-09,-13.250481,549.6553,743,-3.4957438,8.42407,1.2570966e-24,244,100,0.14999999,729.7018229961395,1.1111112,,146.9515,,,743,6.2160325,2.2605634,321.7154,-3.6669343,-3.42798,13.250481,683853,-4.296809,4618.512,1.0
0.14999999,0.20650353,-1.2225425,920.5,2.1747748e-09,-13.250481,519.73865,744,-3.497632,8.42407,3.133571e-16,244,100,0.14999999,731.2846069335938,1.1111112,,146.9515,3.815922e-18,,744,6.222543,0.96469295,67.168526,-3.6682792,-6.05937,13.250481,684852,-4.538452,4629.572,-0.33333334
0.14999999,0.80923796,-1.2211806,920.6053691275167,2.1689404e-09,-13.250481,519.7193,745,-3.4987166,8.42407,3.0017108e-07,244,100,0.14999999,732.7196667194366,-1.1111112,,146.9515,,,745,6.2211804,-1.4223803,350.14435,-3.6696224,-0.20782271,13.250481,685851,-3.5064604,4634.7793,-0.33333334
0.14999999,0.41585976,-1.2199585,920.710455764075,2.1631292e-09,-13.250481,478.7657,746,-3.5003767,8.42407,3.1045079e-06,244,100,0.14999999,734.1586585044861,-1.1111112,,146.9515,4.3468294,,746,6.2199583,-1.0894887,115.810036,-3.6709638,-0.30957738,13.250481,686850,-4.449036,4640.089,0.11111111
0.14999999,0.62188584,-1.2183552,920.8152610441767,2.1573414e-09,-13.250481,478.74045,747,-3.5016701,8.42407,3.2495868e-15,244,100,0.14999999,735.5338137149811,1.1111112,,146.9515,,,747,6.218355,1.4626871,251.65065,-3.6723034,-0.022305408,13.250481,687849,-3.866612,4645.1113,0.11111111
0.14999999,0.49336433,-1.21675,920.9197860962566,2.1515771e-09,-13.250481,309.4166,748,-3.5016,8.42407,,244,100,0.14999999,736.8811728954315,5.5555553,,146.9515,,,748,6.21675,5.115173,274.21332,-3.6736412,-0.0177207,13.250481,688848,-3.0095062,4650.129,-0.33333334
0.14999999,0.25932494,-1.2154971,920.5847797062751,2.1458357e-09,-13.250481,309.2865,749,-3.5037947,8.42407,,244,100,0.14999999,738.2933237552643,-5.5555553,,146.9515,,,749,6.215497,-5.997017,109.89191,-3.6749773,-0.27830815,13.250481,689518,-4.583185,4655.407,-0.33333334
0.14999999,0.24801436,-1.2144928,920.6893333333334,2.1401174e-09,-13.250481,309.13315,750,-3.5063932,8.42407,,244,100,0.14999999,739.5062973499298,5.5555553,,146.9515,,,750,6.214493,4.5685806,118.55481,-3.6763115,-0.46220517,13.250481,690517,-4.6979365,4660.8696,-1.0
0.14999999,0.08613542,-1.213328,919.9973368841545,2.1344218e-09,-13.250481,309.10864,751,-3.5084813,8.42407,,244,100,0.14999999,740.5573651790619,-5.5555553,,146.9515,,,751,6.213328,-4.520899,24.499535,-3.6776438,-0.3397332,13.250481,690918,-4.3095613,4666.2095,1.0
0.14999999,0.17749897,-1.2190453,920.1023936170212,2.128749e-09,-13.250481,308.86688,752,-3.5111954,8.42407,,244,100,0.14999999,741.952335357666,5.5555553,,146.9515,,,752,6.219045,6.6718664,98.341644,-3.6789746,-5.512745,13.250481,691917,-4.635134,4676.722,1.0
0.14999999,1.1161511,-1.2284675,920.207171314741,2.1230986e-09,-13.250481,307.71066,753,-3.5149791,8.42407,,244,100,0.14999999,743.2311043739319,-5.5555553,,146.9515,,,753,6.2284675,-6.804676,403.94507,-3.6803033,-8.31395,13.250481,692916,-5.530318,4690.036,-1.0
0.14999999,0.260635,-1.2298907,920.3116710875331,2.1174709e-09,-13.250481,282.45148,754,-3.5169706,8.42407,,244,100,0.14999999,744.4546954631805,-7.7777777,,146.9515,,,754,6.229891,-7.643253,76.49293,-3.6816306,-2.3015828,13.250481,693915,-4.924208,4697.3374,0.33333334
0.14999999,1.1124811,-1.2284118,920.4158940397351,2.1118651e-09,-13.250481,282.11908,755,-3.519356,8.42407,,244,100,0.14999999,745.6553864479065,-7.7777777,,146.9515,1.2457438,,755,6.2284117,-8.201042,462.12796,-3.682956,-0.11336405,13.250481,694914,-4.570705,4702.451,-0.33333334
0.14999999,0.23348263,-1.2270712,920.5198412698413,2.1062818e-09,-13.250481,278.4864,756,-3.5210874,8.42407,,244,100,0.14999999,746.9569854736328,-7.7777777,,146.9515,0.012583479,,756,6.2270713,-9.334713,36.740036,-3.6842797,-0.21482317,13.250481,695913,-4.785564,4707.666,-1.0
0.14999999,0.29691514,-1.2292451,920.6235138705416,2.100721e-09,-13.250481,278.00723,757,-3.5281646,8.42407,,244,100,0.14999999,748.2517023086548,7.7777777,,146.9515,,,757,6.229245,8.608992,120.531784,-3.6856015,-2.8727593,13.250481,696912,-8.107912,4715.5386,1.0
0.14999999,1.1270031,-1.2372161,920.7269129287599,2.0951816e-09,-13.250481,275.1833,758,-3.5291197,8.42407,,244,100,0.14999999,749.6627459526062,7.7777777,,146.9515,0.0208055,,758,6.237216,8.296801,458.31854,-3.6869216,-7.2713056,13.250481,697911,-3.535824,4727.8096,0.5555556
0.14999999,1.3197099,-1.2368487,920.8300395256917,2.0896644e-09,-13.250481,273.8623,759,-3.5309484,8.42407,,244,100,0.14999999,750.9564409255981,-7.7777777,,146.9515,,,759,6.236849,-6.764793,747.7351,-3.68824,-0.9583301,13.250481,698910,-4.8673744,4733.768,1.0
0.14999999,0.0763173,-1.2419753,920.9328947368421,2.0841686e-09,-13.250481,270.5359,760,-3.5321534,8.42407,6.8444215e-25,244,100,0.14999999,752.1230857372284,1.1111112,,146.9515,,,760,6.2419753,-0.040599823,23.678669,-3.6895566,-5.133057,13.250481,699909,-4.435817,4743.9014,-1.0
0.14999999,1.5453261,-1.2433099,921.0354796320631,2.078695e-09,-13.250481,268.05606,761,-3.5348926,8.42407,6.556234e-16,244,100,0.14999999,753.5166211128235,-1.1111112,,146.9515,,,761,6.24331,-2.333197,1064.8646,-3.6908715,-2.2576354,13.250481,700908,-4.6924644,4751.1587,-1.0
0.14999999,2.6140122,-1.245228,921.1377952755905,2.073243e-09,-13.250481,264.59778,762,-3.5372503,8.42407,,244,100,0.14999999,754.9511466026306,7.7777777,,146.9515,,,762,6.245228,7.050207,1589.9246,-3.6921847,-2.704887,13.250481,701907,-5.3463073,4758.864,-0.7777778
0.14999999,1.503002,-1.2456138,920.7758846657929,2.0678121e-09,-13.250481,258.8905,763,-3.5395963,8.42407,,244,100,0.14999999,756.1958820819855,7.7777777,,146.9515,0.00037191744,,763,6.245614,7.67434,897.35693,-3.6934962,-1.5396316,13.250481,702552,-5.9556937,4765.4033,-0.11111111
0.14999999,1.4317311,-1.2422518,920.1269633507853,2.0624025e-09,-13.250481,219.07854,764,-3.5395439,8.42407,,244,100,0.14999999,757.3296937942505,5.5555553,,146.9515,,,764,6.242252,5.7850385,552.7014,-3.694806,1.3230184,13.250481,702977,-3.5915842,4769.08,0.11111111
0.14999999,0.705421,-1.2409829,920.2300653594772,2.0570141e-09,-13.250481,219.0556,765,-3.5404196,8.42407,,244,100,0.14999999,758.4418971538544,-5.5555553,,146.9515,,,765,6.240983,-5.2913647,417.34775,-3.696114,-0.2715198,13.250481,703976,-4.36953,4774.352,0.11111111
0.14999999,0.83615464,-1.2394509,920.3328981723238,2.0516469e-09,-13.250481,218.64085,766,-3.5420496,8.42407,,244,100,0.14999999,759.5673298835754,5.5555553,,146.9515,,,766,6.239451,5.1157565,428.03952,-3.6974204,-0.06757419,13.250481,704975,-4.3824134,4779.4194,-0.5555556
0.14999999,1.0317152,-1.2382818,920.0651890482399,2.0463007e-09,-13.250481,218.47469,767,-3.5432272,8.42407,,244,100,0.14999999,760.8176229000092,-5.5555553,,146.9515,,,767,6.2382817,-6.0160275,604.2649,-3.698725,-0.3427258,13.250481,705690,-4.1593604,4784.762,-0.5555556
0.14999999,0.8060086,-1.2371067,920.16796875,2.040975e-09,-13.250481,217.70596,768,-3.544338,8.42407,,244,100,0.14999999,762.0705037117004,5.5555553,,146.9515,,,768,6.237107,6.251952,471.09747,-3.700028,-0.3358007,13.250481,706689,-4.2121754,4790.098,0.5555556
0.14999999,2.8350804,-1.2372042,920.2704811443433,2.0356705e-09,-13.250481,216.04286,769,-3.545681,8.42407,,244,100,0.14999999,763.3036472797394,-5.5555553,,146.9515,,,769,6.237204,-4.793453,949.5186,-3.7013292,-1.312081,13.250481,707688,-4.238393,4796.41,0.5555556
0.14999999,0.33478826,-1.236788,920.3727272727273,2.0303863e-09,-13.250481,206.45305,770,-3.545705,8.42407,,244,100,0.14999999,764.555871963501,-7.7777777,,146.9515,,,770,6.236788,-7.1993427,79.00805,-3.7026286,-0.9167217,13.250481,708687,-4.5738053,4802.3267,0.5555556
0.14999999,1.0589484,-1.2361838,920.4747081712062,2.0251227e-09,-13.250481,206.3761,771,-3.5462606,8.42407,,244,100,0.14999999,765.9800851345062,-7.7777777,,146.9515,4.965223e-09,,771,6.2361836,-8.562463,249.81949,-3.7039266,-0.770878,13.250481,709686,-3.3005874,4808.0977,-0.5555556
0.14999999,0.8299961,-1.235764,920.5764248704663,2.0198798e-09,-13.250481,204.97643,772,-3.5480273,8.42407,4.0120745e-16,244,100,0.14999999,767.1285796165466,1.1111112,,146.9515,,,772,6.235764,1.4860439,501.86652,-3.7052228,-0.9122026,13.250481,710685,-4.8821497,4814.01,0.33333334
0.14999999,0.7846776,-1.234735,920.6778783958603,2.014657e-09,-13.250481,204.92853,773,-3.54894,8.42407,3.8430673e-07,244,100,0.14999999,768.5230114459991,-1.1111112,,146.9515,,,773,6.234735,-0.79392135,385.9188,-3.7065172,-0.44034612,13.250481,711684,-3.9315543,4819.45,0.33333334
0.14999999,0.45386183,-1.2335099,920.7790697674419,2.0094544e-09,-13.250481,204.41217,774,-3.5499082,8.42407,3.770602e-18,244,100,0.14999999,769.6812238693237,1.1111112,,146.9515,,,774,6.23351,0.13809937,185.07132,-3.7078102,-0.2864405,13.250481,712683,-3.9812236,4824.737,-0.5555556
0.14999999,0.6779812,-1.233454,920.88,2.0042723e-09,-13.250481,204.3881,775,-3.55307,8.42407,3.6117496e-09,244,100,0.14999999,770.9177224636078,-1.1111112,,146.9515,7.930905e-36,,775,6.2334538,-1.4895575,249.87286,-3.7091012,-1.1902803,13.250481,713682,-5.4239945,4830.927,-0.5555556
0.14999999,0.60875547,-1.2330331,920.9806701030927,1.9991098e-09,-13.250481,203.27371,776,-3.556421,8.42407,7.608442e-12,244,100,0.14999999,771.9815831184387,-1.1111112,,146.9515,1.1523493e-17,,776,6.233033,0.44271493,367.06134,-3.7103908,-0.9067063,13.250481,714681,-5.7728987,4836.8335,0.7777778
0.14999999,0.9960262,-1.2404513,921.081081081081,1.9939674e-09,-13.250481,202.81096,777,-3.5633373,8.42407,,244,100,0.14999999,773.2650816440582,-7.7777777,,146.9515,,,777,6.2404513,-7.638463,525.82874,-3.7116785,-6.9970536,13.250481,715680,-8.451692,4848.8306,0.11111111
0.14999999,1.5100434,-1.2388693,921.1812339331619,1.9888449e-09,-13.250481,201.46497,778,-3.5632644,8.42407,7.9738305e-21,244,100,0.14999999,774.5752685070038,1.1111112,,146.9515,,,778,6.238869,1.4879432,736.0488,-3.7129648,-0.009607945,13.250481,716679,-3.3356304,4853.8403,0.7777778
0.14999999,0.28079084,-1.2403367,921.2811296534018,1.983742e-09,-13.250481,199.61696,779,-3.568412,8.42407,3.159487e-15,244,100,0.14999999,775.8868200778961,1.1111112,,146.9515,1.1094369e-05,,779,6.2403364,0.91375524,79.551056,-3.7142491,-2.382016,13.250481,717678,-7.7468395,4861.222,-0.11111111
0.14999999,0.9877244,-1.2389691,921.3807692307693,1.9786586e-09,-13.250481,199.55011,780,-3.5694633,8.42407,3.0263573e-06,244,100,0.14999999,777.0155382156372,-1.1111112,,146.9515,,,780,6.238969,-0.77412206,228.08046,-3.715532,-0.17356157,13.250481,718677,-3.6604888,4866.396,-0.11111111
0.14999999,1.2755446,-1.2377007,921.4801536491677,1.973595e-09,-13.250481,198.59189,781,-3.5702813,8.42407,,244,100,0.14999999,778.1507318019867,7.7777777,,146.9515,,,781,6.2377005,8.232202,643.0523,-3.7168133,-0.24845017,13.250481,719676,-4.117327,4871.6445,0.33333334
0.14999999,1.0336499,-1.2373374,921.579283887468,1.9685507e-09,-13.250481,196.969,782,-3.570687,8.42407,,244,100,0.14999999,779.5312941074371,7.7777777,,146.9515,0.001059578,,782,6.237337,7.1818256,212.00499,-3.718093,-0.95348763,13.250481,720675,-3.893971,4877.5977,-0.33333334
0.14999999,5.684303,-1.2362152,921.1941251596425,1.9635256e-09,-13.250481,190.12305,783,-3.5702355,8.42407,,244,100,0.14999999,780.5485577583313,7.7777777,,146.9515,0.33679458,,783,6.236215,6.7114124,3126.6997,-3.7193708,-0.35878974,13.250481,721295,-3.1768165,4882.9565,-1.0
0.14999999,0.9152027,-1.2280781,920.344387755102,1.9585198e-09,-13.250481,170.29077,784,-3.5687785,8.42407,,244,100,0.14999999,781.4112818241119,-7.7777777,,146.9515,,,784,6.228078,-8.467661,475.7941,-3.7206473,5.1433234,13.250481,721550,-4.239241,4882.8135,-0.7777778
0.14999999,0.7866689,-1.2282239,920.4445859872611,1.9535333e-09,-13.250481,169.84438,785,-3.5685227,8.42407,,244,100,0.14999999,782.4778501987457,-7.7777777,,146.9515,0.001768817,,785,6.228224,-7.439893,230.625,-3.721922,-1.3425463,13.250481,722549,-3.1457841,4889.156,-0.11111111
0.14999999,0.83591545,-1.2266754,920.5445292620865,1.9485655e-09,-13.250481,169.36945,786,-3.5677357,8.42407,,244,100,0.14999999,783.6958167552948,7.7777777,,146.9515,,,786,6.2266755,8.608914,359.90308,-3.723195,-0.011066066,13.250481,723548,-2.6874049,4894.167,0.7777778
0.14999999,0.6782945,-1.2304823,920.6442185514612,1.9436168e-09,-13.250481,168.93561,787,-3.5677135,8.42407,,244,100,0.14999999,784.9464030265808,-7.7777777,,146.9515,,,787,6.230482,-7.1596107,174.12648,-3.7244666,-4.2226844,13.250481,724547,-3.2903202,4903.3896,0.7777778
0.14999999,0.5600637,-1.2313676,920.743654822335,1.9386868e-09,-13.250481,167.31755,788,-3.569038,8.42407,,244,100,0.14999999,786.1244904994965,7.7777777,,146.9515,,,788,6.2313676,7.9750876,117.2665,-3.7257364,-1.9281244,13.250481,725546,-4.252687,4910.318,0.11111111
0.14999999,0.99882597,-1.229859,920.6020278833967,1.933776e-09,-13.250481,165.95546,789,-3.5699782,8.42407,,244,100,0.14999999,787.2172122001648,7.7777777,,146.9515,0.004338587,,789,6.229859,7.5329485,342.35748,-3.7270045,-0.041047394,13.250481,726355,-3.8464642,4915.359,-0.5555556
0.14999999,0.902047,-1.2278873,920.0443037974684,1.9288835e-09,-13.250481,97.94325,790,-3.5716584,8.42407,,244,100,0.14999999,788.1516859531403,5.5555553,,146.9515,,,790,6.227887,4.6826982,543.51465,-3.7282712,0.32778233,13.250481,726835,-4.8009615,4920.031,-1.0
0.14999999,1.3561295,-1.2283801,920.1441213653603,1.9240094e-09,-13.250481,95.795715,791,-3.5723348,8.42407,,244,100,0.14999999,789.1991236209869,-5.5555553,,146.9515,,,791,6.22838,-6.8344216,511.92065,-3.729536,-1.6176938,13.250481,727834,-3.835293,4926.6484,-1.0
0.14999999,0.97871846,-1.2294623,920.2436868686868,1.919154e-09,-13.250481,94.967834,792,-3.5730274,8.42407,7.132619e-25,244,100,0.14999999,790.4597434997559,1.1111112,,146.9515,,,792,6.229462,-0.0015100241,619.848,-3.7307997,-2.085406,13.250481,728833,-4.2405405,4933.734,-1.0
0.14999999,0.86538976,-1.2305595,920.343001261034,1.9143165e-09,-13.250481,94.03102,793,-3.5738688,8.42407,,244,100,0.14999999,791.5804307460785,-5.5555553,,146.9515,,,793,6.2305593,-4.1463118,635.7812,-3.7320614,-2.0996091,13.250481,729832,-4.007296,4940.8335,1.0
0.14999999,1.0071583,-1.2377506,920.4420654911838,1.9094977e-09,-13.250481,93.91019,794,-3.5767097,8.42407,,244,100,0.14999999,792.6416120529175,5.5555553,,146.9515,,,794,6.2377505,5.521752,399.8103,-3.7333217,-6.9404054,13.250481,730831,-5.4822083,4952.774,-0.11111111
0.14999999,1.4447883,-1.2360727,920.1207547169811,1.904697e-09,-13.250481,93.77842,795,-3.57705,8.42407,6.849154e-16,244,100,0.14999999,793.7313032150269,-1.1111112,,146.9515,,,795,6.2360725,-2.3244305,564.38934,-3.7345803,0.096312396,13.250481,731496,-3.7396634,4957.6777,-1.0
0.14999999,0.8105,-1.2375647,920.2198492462312,1.8999142e-09,-13.250481,93.73351,796,-3.5778308,8.42407,,244,100,0.14999999,794.9226760864258,-5.5555553,,146.9515,,,796,6.2375646,-5.398654,407.01096,-3.7358375,-2.4237187,13.250481,732495,-4.3465385,4965.1016,-0.11111111
0.14999999,1.0126772,-1.236018,920.3186951066499,1.8951496e-09,-13.250481,93.41386,797,-3.5789466,8.42407,,244,100,0.14999999,796.0211219787598,5.5555553,,146.9515,,,797,6.236018,5.7981224,438.68945,-3.737093,-0.0048241657,13.250481,733494,-4.1661825,4970.1064,0.33333334
0.14999999,0.9361518,-1.2350578,920.4172932330827,1.890403e-09,-13.250481,93.374985,798,-3.579429,8.42407,,244,100,0.14999999,797.1497156620026,5.5555553,,146.9515,1.1768262e-05,,798,6.235058,4.775614,264.98337,-3.7383468,-0.46988505,13.250481,734493,-3.8434227,4975.576,-0.5555556
0.14999999,0.8441776,-1.2347237,920.5156445556946,1.8856738e-09,-13.250481,93.35852,799,-3.5801766,8.42407,,244,100,0.14999999,798.3665280342102,-5.5555553,,146.9515,,,799,6.2347236,-5.953716,335.67773,-3.7395992,-0.9680038,13.250481,735492,-4.016186,4981.544,-0.5555556
0.14999999,1.1048234,-1.2337294,920.61375,1.8809625e-09,-13.250481,93.17123,800,-3.5807993,8.42407,,244,100,0.14999999,799.6516394615173,-5.5555553,,146.9515,0.00056963036,,800,6.2337294,-5.276253,193.33969,-3.74085,-0.4393336,13.250481,736491,-3.8247874,4986.9834,0.33333334
0.14999999,0.7414822,-1.2323111,920.7116104868913,1.876269e-09,-13.250481,92.25818,801,-3.5812728,8.42407,5.298958e-09,244,100,0.14999999,800.8259463310242,-1.1111112,,146.9515,,,801,6.2323112,-0.57716095,285.8269,-3.742099,-0.09768471,13.250481,737490,-3.9969969,4992.081,0.5555556
0.14999999,0.992061,-1.2316587,920.8092269326684,1.8715929e-09,-13.250481,92.22551,802,-3.5820613,8.42407,4.1679842e-16,244,100,0.14999999,801.8267178535461,1.1111112,,146.9515,,,802,6.231659,1.8343377,357.4082,-3.7433467,-0.70902693,13.250481,738489,-3.8902974,4997.79,0.33333334
0.14999999,0.6416303,-1.231221,920.906600249066,1.8669344e-09,-13.250481,92.19644,803,-3.5819595,8.42407,3.382077e-16,244,100,0.14999999,802.9323484897614,1.1111112,,146.9515,1.1233863e-05,,803,6.231221,0.68350285,230.52408,-3.744593,-0.88022774,13.250481,739488,-3.35322,5003.6704,-0.33333334
0.14999999,0.7582917,-1.2297814,921.0037313432836,1.8622931e-09,-13.250481,92.11258,804,-3.5847166,8.42407,,244,100,0.14999999,804.1407959461212,5.5555553,,146.9515,,,804,6.229781,6.275209,385.05927,-3.7458375,-0.07381921,13.250481,740487,-5.3891296,5008.744,0.7777778
0.14999999,1.0723653,-1.2302172,921.1006211180124,1.8576689e-09,-13.250481,92.07309,805,-3.5856748,8.42407,3.2434605e-07,244,100,0.14999999,805.3595433235168,-1.1111112,,146.9515,,,805,6.230217,-1.306035,401.23676,-3.7470806,-1.5805596,13.250481,741486,-4.0075006,5015.3247,-0.33333334
0.14999999,1.1357719,-1.2287912,921.197270471464,1.8530623e-09,-13.250481,91.96084,806,-3.5858166,8.42407,3.3542005e-06,244,100,0.14999999,806.9326601028442,-1.1111112,,146.9515,41.96781,,806,6.228791,-1.127729,253.3738,-3.748322,-0.08088331,13.250481,742485,-3.6460586,5020.406,0.11111111
0.14999999,2.218249,-1.2272686,921.2936802973977,1.8484726e-09,-13.250481,91.87034,807,-3.585743,8.42407,,244,100,0.14999999,808.3311655521393,7.7777777,,146.9515,,,807,6.2272687,6.714878,643.73804,-3.7495618,-1.977394e-05,13.250481,743484,-3.5684595,5025.406,-1.0
0.14999999,1.1919091,-1.2268432,920.6336633663366,1.8439001e-09,-13.250481,91.40025,808,-3.5876067,8.42407,1.3670715e-24,244,100,0.14999999,809.5150618553162,1.1111112,,146.9515,,,808,6.2268434,2.116482,488.73532,-3.7508001,-0.88351786,13.250481,743872,-5.865448,5031.289,1.0
0.14999999,0.3925235,-1.2343199,920.7305315203955,1.8393443e-09,-13.250481,91.29582,809,-3.590215,8.42407,,244,100,0.14999999,810.6481444835663,7.7777777,,146.9515,,,809,6.2343197,8.556363,137.66666,-3.752037,-7.275506,13.250481,744871,-5.715428,5043.565,1.0
0.14999999,1.3533599,-1.2370453,920.8271604938271,1.8348058e-09,-13.250481,90.45005,810,-3.590497,8.42407,1.3110249e-15,244,100,0.14999999,811.6663889884949,-1.1111112,,146.9515,,,810,6.2370453,-0.14850712,765.4562,-3.7532725,-3.4418752,13.250481,745870,-3.1936016,5052.007,1.0
0.14999999,1.2809266,-1.2399905,920.9235511713933,1.8302835e-09,-13.250481,90.362335,811,-3.5907626,8.42407,,244,100,0.14999999,812.8207340240479,-7.7777777,,146.9515,,,811,6.23999,-8.639008,774.26086,-3.7545063,-3.6256306,13.250481,746869,-3.8224814,5060.6323,-1.0
0.14999999,1.06884,-1.2406635,921.0197044334975,1.8257784e-09,-13.250481,89.46079,812,-3.5902941,8.42407,,244,100,0.14999999,814.022698879242,7.7777777,,146.9515,,,812,6.2406635,7.6901546,318.8929,-3.7557385,-1.7865524,13.250481,747868,-3.2005687,5067.419,-0.11111111
0.14999999,0.69536084,-1.2351099,920.2988929889299,1.8212896e-09,-13.250481,88.91841,813,-3.589203,8.42407,,244,100,0.14999999,815.0843453407288,-7.7777777,,146.9515,,,813,6.23511,-7.7864327,238.96474,-3.7569692,3.2744815,13.250481,748203,-2.6703115,5069.1445,0.33333334
0.14999999,0.60241705,-1.233695,920.3955773955774,1.8168174e-09,-13.250481,88.83259,814,-3.5908928,8.42407,,244,100,0.14999999,816.2803816795349,-5.5555553,,146.9515,,,814,6.233695,-4.680482,160.83139,-3.7581985,-0.08332026,13.250481,749202,-4.611091,5074.2275,0.7777778
0.14999999,1.2458383,-1.234107,920.4920245398773,1.8123616e-09,-13.250481,88.74824,815,-3.5924368,8.42407,,244,100,0.14999999,817.5360896587372,-7.7777777,,146.9515,,,815,6.234107,-8.382504,410.92792,-3.7594264,-1.5694559,13.250481,750201,-4.4159646,5080.7974,-0.33333334
0.14999999,1.1450361,-1.2331713,920.5882352941177,1.8079221e-09,-13.250481,88.32672,816,-3.5931463,8.42407,,244,100,0.14999999,818.7635669708252,7.7777777,,146.9515,,,816,6.2331715,7.1341205,279.8427,-3.7606525,-0.47064203,13.250481,751200,-4.2757196,5086.2676,-0.5555556
0.14999999,0.7967832,-1.2324343,920.2582619339046,1.8034996e-09,-13.250481,88.32954,817,-3.592604,8.42407,3.313616e-15,244,100,0.14999999,819.7043080329895,1.1111112,,146.9515,,,817,6.2324343,0.8243085,333.99237,-3.7618773,-0.6310399,13.250481,751851,-3.192848,5091.899,-0.11111111
0.14999999,0.66406006,-1.2309504,920.3545232273839,1.7990928e-09,-13.250481,88.280624,818,-3.594153,8.42407,3.9849505e-18,244,100,0.14999999,820.9632475376129,1.1111112,,146.9515,1.9536883,,818,6.2309504,0.6267148,206.21432,-3.7631006,-0.018592317,13.250481,752850,-4.574427,5096.9175,-0.5555556
0.14999999,0.8805518,-1.2301335,920.4505494505495,1.794702e-09,-13.250481,88.20751,819,-3.594394,8.42407,3.8168055e-09,244,100,0.14999999,822.2480146884918,-1.1111112,,146.9515,,,819,6.2301335,-1.5405834,362.14563,-3.7643223,-0.56196475,13.250481,753849,-3.4095695,5102.4795,-0.5555556
0.14999999,0.99164957,-1.2293783,920.5463414634146,1.7903272e-09,-13.250481,87.66171,820,-3.5948446,8.42407,,244,100,0.14999999,823.37615275383,5.5555553,,146.9515,,,820,6.229378,6.944532,721.25464,-3.7655425,-0.61078465,13.250481,754848,-3.7493005,5108.0903,1.0
0.14999999,0.94600976,-1.2371777,920.6419001218027,1.7859686e-09,-13.250481,87.62889,821,-3.596549,8.42407,5.6774708e-18,244,100,0.14999999,824.7337121963501,1.1111112,,146.9515,,,821,6.237178,1.0262805,227.99902,-3.7667613,-7.6327558,13.250481,755847,-4.736746,5120.7227,0.5555556
0.14999999,1.2875271,-1.2362194,920.7372262773723,1.7816257e-09,-13.250481,87.52496,822,-3.6021874,8.42407,,244,100,0.14999999,825.7146325111389,7.7777777,,146.9515,,,822,6.2362194,8.408658,338.56323,-3.7679787,-0.44945386,13.250481,756846,-8.1090555,5126.1724,0.33333334
0.14999999,1.3496414,-1.2355285,920.8323207776427,1.777299e-09,-13.250481,87.191864,823,-3.604229,8.42407,,244,100,0.14999999,826.7315466403961,-7.7777777,,146.9515,,,823,6.2355285,-7.0164995,502.09607,-3.7691944,-0.66759306,13.250481,757845,-5.4169054,5131.84,1.0
0.14999999,1.4227027,-1.2415564,920.9271844660194,1.7729876e-09,-13.250481,86.32225,824,-3.6092288,8.42407,,244,100,0.14999999,827.8527338504791,-5.5555553,,146.9515,,,824,6.241556,-5.474665,316.3422,-3.7704086,-6.202531,13.250481,758844,-7.8558183,5143.0425,0.11111111
0.14999999,1.2505656,-1.2403203,921.0218181818182,1.7686921e-09,-13.250481,86.32383,825,-3.609274,8.42407,,244,100,0.14999999,829.2044711112976,5.5555553,,146.9515,,,825,6.24032,5.418361,267.3407,-3.7716215,-0.22180748,13.250481,759843,-3.892511,5148.264,0.11111111
0.14999999,1.0548831,-1.2388579,921.1162227602906,1.7644122e-09,-13.250481,86.22593,826,-3.609835,8.42407,,244,100,0.14999999,830.5985612869263,5.5555553,,146.9515,4.1954474,,826,6.2388577,5.036686,292.0254,-3.7728329,-0.032302883,13.250481,760842,-4.211308,5153.2964,-0.33333334
0.14999999,1.1172063,-1.237352,920.7339782345829,1.7601476e-09,-13.250481,86.01226,827,-3.6106749,8.42407,,244,100,0.14999999,831.8217074871063,-5.5555553,,146.9515,,,827,6.237352,-6.040042,306.5297,-3.7740428,0.006527788,13.250481,761447,-4.2452927,5158.29,-0.33333334
0.14999999,0.7606925,-1.2362789,920.828502415459,1.7558986e-09,-13.250481,85.35892,828,-3.6107886,8.42407,,244,100,0.14999999,833.1065049171448,-5.5555553,,146.9515,7.996604,,828,6.236279,-6.059043,296.10352,-3.7752514,-0.3488402,13.250481,762446,-3.6877737,5163.6387,-0.7777778
0.14999999,1.1750644,-1.236108,920.9227985524728,1.751665e-09,-13.250481,85.30788,829,-3.6119394,8.42407,,244,100,0.14999999,834.4123387336731,5.5555553,,146.9515,,,829,6.236108,4.8856816,241.2395,-3.7764583,-1.0946594,13.250481,763445,-4.254343,5169.7334,-0.7777778
0.14999999,0.6925567,-1.2362295,920.7385542168674,1.7474466e-09,-13.250481,85.26874,830,-3.6121511,8.42407,,244,100,0.14999999,835.6526410579681,-7.7777777,,146.9515,,,830,6.2362294,-7.6676717,125.28859,-3.777664,-1.3369596,13.250481,764213,-3.861634,5176.0703,-0.11111111
0.14999999,1.2056279,-1.234752,920.8327316486161,1.7432434e-09,-13.250481,85.02033,831,-3.6116178,8.42407,3.224233e-06,244,100,0.14999999,836.8804743289948,-1.1111112,,146.9515,,,831,6.234752,-1.6102486,235.75392,-3.778868,-0.008458683,13.250481,765212,-2.839015,5181.079,-0.11111111
0.14999999,0.6937672,-1.2337531,920.9266826923077,1.7390557e-09,-13.250481,85.01055,832,-3.6110938,8.42407,3.6193587e-15,244,100,0.14999999,837.9633371829987,1.1111112,,146.9515,,,832,6.233753,1.0121031,119.74107,-3.7800705,-0.40356144,13.250481,766211,-3.288331,5186.4824,0.11111111
0.14999999,1.4353405,-1.2322853,921.0204081632653,1.7348826e-09,-13.250481,84.95104,833,-3.6121006,8.42407,4.1413654e-07,244,100,0.14999999,839.1085205078125,-1.1111112,,146.9515,,,833,6.2322855,-0.6464329,295.71182,-3.781272,-0.0111107705,13.250481,767210,-4.1154995,5191.4937,0.33333334
0.14999999,1.1316007,-1.2313924,921.1139088729017,1.7307248e-09,-13.250481,84.86684,834,-3.6118226,8.42407,,244,100,0.14999999,840.2635951042175,5.5555553,,146.9515,,,834,6.2313924,6.2579403,296.95627,-3.7824717,-0.4875704,13.250481,768209,-3.6580749,5196.9814,0.5555556
0.14999999,1.58428,-1.2321868,921.2071856287425,1.7265818e-09,-13.250481,84.77775,835,-3.6118705,8.42407,,244,100,0.14999999,841.4686152935028,-5.5555553,,146.9515,,,835,6.232187,-4.915574,333.60608,-3.78367,-1.8946673,13.250481,769208,-3.6551638,5203.876,0.5555556
0.14999999,1.4125346,-1.232737,921.3002392344498,1.7224537e-09,-13.250481,84.77386,836,-3.6113462,8.42407,,244,100,0.14999999,842.6426210403442,-7.7777777,,146.9515,,,836,6.232737,-8.466489,319.19247,-3.7848668,-1.6922567,13.250481,770207,-3.5705824,5210.5684,-0.5555556
0.14999999,0.694995,-1.2324227,921.3930704898447,1.7183404e-09,-13.250481,84.72982,837,-3.6108787,8.42407,,244,100,0.14999999,843.8632762432098,-7.7777777,,146.9515,3.6207224e-13,,837,6.232423,-6.9215894,207.8104,-3.7860622,-0.9696192,13.250481,771206,-3.500894,5216.538,0.5555556
0.14999999,0.7947896,-1.2331729,921.4856801909308,1.7142417e-09,-13.250481,84.5558,838,-3.6106296,8.42407,5.0312905e-12,244,100,0.14999999,845.0597193241119,-1.1111112,,146.9515,,,838,6.233173,-1.9355917,211.93869,-3.7872562,-1.861208,13.250481,772205,-3.0537076,5223.399,-0.7777778
0.14999999,0.7849076,-1.2342265,921.5780691299166,1.7101578e-09,-13.250481,84.54566,839,-3.6125696,8.42407,5.2656375e-21,244,100,0.14999999,846.2721898555756,1.1111112,,146.9515,3.7688687e-37,,839,6.234226,0.4257927,331.6063,-3.7884488,-2.1170223,13.250481,773204,-4.973582,5230.516,-0.7777778
0.14999999,1.165672,-1.233799,921.6702380952381,1.7060885e-09,-13.250481,84.24553,840,-3.6128368,8.42407,,244,100,0.14999999,847.4871656894684,7.7777777,,146.9515,,,840,6.233799,8.425847,194.53447,-3.7896402,-0.87506175,13.250481,774203,-3.5486,5236.391,0.5555556
0.14999999,0.6548589,-1.2338669,921.7621878715814,1.7020335e-09,-13.250481,83.48798,841,-3.61309,8.42407,8.245758e-12,244,100,0.14999999,848.7534017562866,-1.1111112,,146.9515,,,841,6.2338667,-0.25814235,213.60634,-3.79083,-1.2910384,13.250481,775202,-3.9049406,5242.682,0.7777778
0.14999999,1.1759883,-1.2344683,921.8539192399049,1.6979931e-09,-13.250481,82.588936,842,-3.6142976,8.42407,8.629795e-21,244,100,0.14999999,849.9123983383179,1.1111112,,146.9515,1.4187348e-38,,842,6.2344685,1.7676977,356.09598,-3.7920182,-1.7402415,13.250481,776201,-4.2332134,5249.4224,0.7777778
0.14999999,1.0957409,-1.2347983,921.9454329774615,1.693967e-09,-13.250481,82.415436,843,-3.6140175,8.42407,,244,100,0.14999999,851.0411593914032,7.7777777,,146.9515,,,843,6.2347984,7.202224,269.17975,-3.7932053,-1.512666,13.250481,777200,-3.413359,5255.935,-0.33333334
0.14999999,0.79369086,-1.232066,921.3376777251185,1.6899552e-09,-13.250481,82.32752,844,-3.6131325,8.42407,,244,100,0.14999999,852.0975754261017,7.7777777,,146.9515,0.07139196,,844,6.232066,7.8256125,251.86145,-3.7943907,1.0711865,13.250481,777609,-2.893184,5259.864,0.11111111
0.14999999,1.1280489,-1.2300843,920.876923076923,1.685958e-09,-13.250481,82.30534,845,-3.6136677,8.42407,,244,100,0.14999999,853.2504694461823,-7.7777777,,146.9515,,,845,6.2300844,-7.653946,299.6636,-3.795575,0.442571,13.250481,778141,-3.8076344,5264.4214,0.11111111
0.14999999,0.83339596,-1.228765,920.9692671394799,1.6819747e-09,-13.250481,82.12605,846,-3.6135745,8.42407,,244,100,0.14999999,854.8403096199036,7.7777777,,146.9515,,,846,6.228765,7.311578,196.26498,-3.7967575,-0.11381305,13.250481,779140,-3.560896,5269.535,-0.7777778
0.14999999,0.9700758,-1.2290126,920.8736717827627,1.6780053e-09,-13.250481,81.48611,847,-3.6177876,8.42407,,244,100,0.14999999,856.0567817687988,-7.7777777,,146.9515,,,847,6.2290125,-8.972039,212.2518,-3.7979388,-1.4386573,13.250481,779980,-6.974911,5275.9736,-0.7777778
0.14999999,0.84366715,-1.2299367,920.9658018867924,1.6740501e-09,-13.250481,80.387314,848,-3.6188083,8.42407,,244,100,0.14999999,857.4464490413666,7.7777777,,146.9515,,,848,6.2299366,8.359379,216.05678,-3.7991188,-2.0126135,13.250481,780979,-4.3894324,5282.9863,0.7777778
0.14999999,0.9568829,-1.2306228,921.057714958775,1.6701088e-09,-13.250481,79.9802,849,-3.6183803,8.42407,,244,100,0.14999999,858.5261132717133,-7.7777777,,146.9515,,,849,6.230623,-6.868088,286.1104,-3.8002973,-1.8123044,13.250481,781978,-3.047551,5289.799,0.7777778
0.14999999,0.91804475,-1.2322801,921.1494117647059,1.6661815e-09,-13.250481,68.9479,850,-3.6179028,8.42407,,244,100,0.14999999,859.6580460071564,5.5555553,,146.9515,,,850,6.2322803,4.536475,296.7223,-3.8014746,-2.6394298,13.250481,782977,-3.1016996,5297.438,-1.0
0.14999999,1.0297047,-1.2326115,920.7790834312574,1.6622679e-09,-13.250481,67.85724,851,-3.6180727,8.42407,,244,100,0.14999999,860.7418074607849,-5.5555553,,146.9515,,,851,6.2326117,-6.4332037,321.7777,-3.8026502,-1.514323,13.250481,783583,-3.5905433,5303.952,-1.0
0.14999999,0.9474541,-1.2329628,920.8708920187794,1.6583681e-09,-13.250481,67.34689,852,-3.6179113,8.42407,7.6729655e-25,244,100,0.14999999,862.1217617988586,1.1111112,,146.9515,,,852,6.2329626,0.48912704,348.22623,-3.8038247,-1.532015,13.250481,784582,-3.4053817,5310.4844,-1.0
0.14999999,1.9690076,-1.2328959,920.9624853458382,1.6544821e-09,-13.250481,66.78204,853,-3.617778,8.42407,,244,100,0.14999999,863.2263562679291,7.7777777,,146.9515,,,853,6.232896,6.899657,392.27325,-3.8049977,-1.1757293,13.250481,785581,-3.3212655,5316.66,-1.0
0.14999999,1.0626467,-1.2319932,920.3501170960187,1.6506098e-09,-13.250481,66.65121,854,-3.6175506,8.42407,,244,100,0.14999999,864.3049182891846,5.5555553,,146.9515,,,854,6.231993,5.4252133,235.91125,-3.8061693,-0.4621076,13.250481,785979,-4.1370163,5322.122,-0.11111111
0.14999999,0.7293329,-1.2306447,920.1111111111111,1.6467508e-09,-13.250481,66.49782,855,-3.6174726,8.42407,,244,100,0.14999999,865.3852787017822,-5.5555553,,146.9515,,,855,6.2306447,-5.5326834,221.34436,-3.8073397,-0.07888637,13.250481,786695,-3.5356884,5327.201,-0.11111111
0.14999999,1.1065359,-1.2292182,920.2032710280374,1.6429055e-09,-13.250481,66.05081,856,-3.617677,8.42407,,244,100,0.14999999,866.5673518180847,-5.5555553,,146.9515,6.1217318,,856,6.2292185,-5.455525,146.58432,-3.8085086,-0.009612969,13.250481,787694,-3.4722247,5332.211,0.33333334
0.14999999,1.0081964,-1.2280481,920.2952158693115,1.6390737e-09,-13.250481,66.05463,857,-3.617722,8.42407,,244,100,0.14999999,867.8808896541595,5.5555553,,146.9515,,,857,6.2280483,5.6465693,247.12514,-3.8096762,-0.2264323,13.250481,788693,-3.7103813,5337.4375,0.33333334
0.14999999,0.4391792,-1.227115,920.3869463869464,1.6352552e-09,-13.250481,66.03272,858,-3.6184645,8.42407,,244,100,0.14999999,869.167671918869,7.7777777,,146.9515,,,858,6.227115,8.726668,114.3487,-3.8108423,-0.42746288,13.250481,789692,-4.1837225,5342.8647,1.0
0.14999999,0.96825445,-1.2330772,920.4784633294529,1.6314501e-09,-13.250481,66.02408,859,-3.6186252,8.42407,,244,100,0.14999999,870.1297147274017,-5.5555553,,146.9515,,,859,6.233077,-6.2768893,186.8778,-3.8120072,-6.3485866,13.250481,790691,-3.1799817,5354.2134,-0.5555556
0.14999999,0.8999,-1.2333567,920.5697674418604,1.6276582e-09,-13.250481,66.01663,860,-3.618943,8.42407,,244,100,0.14999999,871.3350839614868,5.5555553,,146.9515,,,860,6.2333565,5.3078904,176.68077,-3.8131707,-1.4735723,13.250481,791690,-3.7951376,5360.6865,-0.5555556
0.14999999,1.0567744,-1.2322092,920.527293844367,1.6238796e-09,-13.250481,65.90276,861,-3.6189756,8.42407,3.492061e-15,244,100,0.14999999,872.540381193161,1.1111112,,146.9515,,,861,6.232209,1.3041975,247.86699,-3.8143327,-0.24538015,13.250481,792574,-3.494629,5365.932,-0.11111111
0.14999999,1.0390598,-1.2309133,920.6183294663573,1.620114e-09,-13.250481,65.887856,862,-3.6187704,8.42407,3.3445126e-06,244,100,0.14999999,873.7782244682312,-1.1111112,,146.9515,,,862,6.230913,-1.3028662,190.3485,-3.8154933,-0.11502491,13.250481,793573,-3.4112146,5371.0474,-0.11111111
0.14999999,1.5872074,-1.2296295,920.7091541135574,1.6163615e-09,-13.250481,65.82538,863,-3.618439,8.42407,7.4349985e-16,244,100,0.14999999,875.0038223266602,-1.1111112,,146.9515,0.0002454166,,863,6.2296295,-2.067636,352.31067,-3.8166528,-0.123036236,13.250481,794572,-3.307907,5376.1704,-1.0
0.14999999,1.1887238,-1.2295932,920.7997685185185,1.6126221e-09,-13.250481,65.68339,864,-3.6176572,8.42407,4.4901915e-16,244,100,0.14999999,876.3854439258575,1.1111112,,146.9515,,,864,6.2295933,1.6627969,245.82492,-3.817811,-1.1982647,13.250481,795571,-3.309499,5382.3687,0.33333334
0.14999999,1.4081043,-1.2289603,920.8901734104046,1.6088957e-09,-13.250481,65.551094,865,-3.6171305,8.42407,4.3004576e-07,244,100,0.14999999,877.705890417099,-1.1111112,,146.9515,,,865,6.22896,-0.74106276,230.50494,-3.8189676,-0.6821423,13.250481,796570,-3.250942,5388.051,0.33333334
0.14999999,1.0477649,-1.2277193,920.9803695150116,1.6051821e-09,-13.250481,65.49209,866,-3.617015,8.42407,4.035843e-09,244,100,0.14999999,878.9913194179535,-1.1111112,,146.9515,0.00024731405,,866,6.2277193,-1.828676,236.72812,-3.8201232,-0.15430744,13.250481,797569,-3.8018231,5393.205,-0.5555556
0.14999999,1.0109197,-1.2276391,921.0703575547866,1.6014813e-09,-13.250481,65.46148,867,-3.6167243,8.42407,,244,100,0.14999999,880.3801031112671,7.7777777,,146.9515,,,867,6.227639,7.546609,228.09698,-3.8212771,-1.1580497,13.250481,798568,-3.3358943,5399.3633,-0.11111111
0.14999999,1.0182382,-1.2253916,920.5241935483871,1.5977935e-09,-13.250481,65.38662,868,-3.6173344,8.42407,4.228532e-18,244,100,0.14999999,881.5266513824463,1.1111112,,146.9515,,,868,6.2253914,0.284351,205.57372,-3.82243,0.7231671,13.250481,799015,-4.083094,5403.6396,-0.5555556
0.14999999,0.78886646,-1.2251856,920.614499424626,1.5941182e-09,-13.250481,65.15257,869,-3.6175513,8.42407,,244,100,0.14999999,882.900187253952,-5.5555553,,146.9515,,,869,6.2251854,-4.5871296,201.70891,-3.8235812,-1.0465139,13.250481,800014,-3.7531838,5409.6865,0.7777778
0.14999999,0.7032703,-1.2273785,920.7045977011494,1.5904558e-09,-13.250481,65.110275,870,-3.6177993,8.42407,,244,100,0.14999999,884.3077943325043,5.5555553,,146.9515,,,870,6.2273784,6.658393,213.85695,-3.8247313,-3.1329634,13.250481,801013,-3.573966,5417.8193,0.7777778
0.14999999,1.3297482,-1.2300664,920.7944890929965,1.5868058e-09,-13.250481,64.8909,871,-3.6187067,8.42407,,244,100,0.14999999,885.7141284942627,-7.7777777,,146.9515,,,871,6.2300663,-8.740992,421.79782,-3.82588,-3.5684745,13.250481,802012,-4.0616903,5426.3877,-1.0
0.14999999,1.2477181,-1.2307664,920.8841743119266,1.5831687e-09,-13.250481,64.721695,872,-3.6180532,8.42407,,244,100,0.14999999,887.032096862793,7.7777777,,146.9515,,,872,6.2307663,7.163464,171.40817,-3.8270276,-1.8405617,13.250481,803011,-3.2136166,5433.2285,-0.5555556
0.14999999,0.8360664,-1.2301089,920.8167239404353,1.5795437e-09,-13.250481,64.66934,873,-3.6170616,8.42407,,244,100,0.14999999,888.4354755878448,-7.7777777,,146.9515,,,873,6.2301087,-7.3481817,151.44452,-3.8281736,-0.6566857,13.250481,803873,-2.9290876,5438.885,0.33333334
0.14999999,0.6612528,-1.2292897,920.9061784897025,1.5759314e-09,-13.250481,64.62755,874,-3.6166794,8.42407,,244,100,0.14999999,889.8466157913208,-7.7777777,,146.9515,0.43327677,,874,6.2292895,-7.9552994,106.07379,-3.8293185,-0.51409096,13.250481,804872,-3.0733664,5444.3994,-0.11111111
0.14999999,1.0032706,-1.2280092,920.9954285714285,1.5723312e-09,-13.250481,64.2596,875,-3.6164727,8.42407,1.4162317e-15,244,100,0.14999999,891.2091851234436,-1.1111112,,146.9515,,,875,6.228009,-0.041004658,414.00043,-3.830462,-0.10895829,13.250481,805871,-3.0800102,5449.508,1.0
0.14999999,1.2367537,-1.2342367,921.0844748858448,1.5687436e-09,-13.250481,64.01876,876,-3.6172662,8.42407,,244,100,0.14999999,892.7180948257446,-7.7777777,,146.9515,,,876,6.2342367,-8.337792,195.74281,-3.8316042,-6.683328,13.250481,806870,-4.180158,5461.1914,-0.5555556
0.14999999,0.94844186,-1.2340281,921.1733181299886,1.565168e-09,-13.250481,63.923595,877,-3.6162918,8.42407,5.8017235e-09,244,100,0.14999999,894.1249966621399,-1.1111112,,146.9515,,,877,6.234028,-0.5435726,175.44774,-3.832745,-1.0513352,13.250481,807869,-2.9220665,5467.2427,0.5555556
0.14999999,1.0691222,-1.2339041,921.2619589977221,1.5616047e-09,-13.250481,63.723434,878,-3.6159322,8.42407,,244,100,0.14999999,895.4406790733337,5.5555553,,146.9515,,,878,6.233904,5.4187293,183.01132,-3.8338847,-1.1250647,13.250481,808868,-3.1921344,5473.3677,0.11111111
0.14999999,1.2220696,-1.232645,921.3503981797497,1.5580537e-09,-13.250481,63.72519,879,-3.6161783,8.42407,,244,100,0.14999999,896.7772455215454,7.7777777,,146.9515,,,879,6.232645,8.502231,252.72438,-3.8350232,-0.12719114,13.250481,809867,-3.836142,5478.495,0.33333334
0.14999999,1.1985635,-1.2329081,921.4386363636364,1.5545145e-09,-13.250481,63.708885,880,-3.6162686,8.42407,,244,100,0.14999999,898.157933473587,-5.5555553,,146.9515,,,880,6.2329082,-5.5774255,201.5745,-3.8361602,-1.464063,13.250481,810866,-3.8198845,5484.959,0.11111111
0.14999999,1.0767517,-1.2315147,921.5266742338252,1.5509876e-09,-13.250481,63.631123,881,-3.6157362,8.42407,9.0295036e-21,244,100,0.14999999,899.4926865100861,1.1111112,,146.9515,,,881,6.231515,1.6188349,260.88116,-3.8372958,-0.0053930455,13.250481,811865,-3.2620716,5489.9644,0.7777778
0.14999999,1.2472303,-1.2325109,921.6145124716553,1.5474726e-09,-13.250481,63.62983,882,-3.616508,8.42407,,244,100,0.14999999,900.840175151825,5.5555553,,146.9515,,,882,6.232511,5.498721,205.73111,-3.8384302,-2.1101153,13.250481,812864,-4.2823343,5497.0747,-0.33333334
0.14999999,0.9696236,-1.231205,921.7021517553794,1.5439695e-09,-13.250481,63.4832,883,-3.6160972,8.42407,,244,100,0.14999999,902.2030901908875,-5.5555553,,146.9515,,,883,6.231205,-6.238467,198.26295,-3.8395634,-0.07946956,13.250481,813863,-3.4072464,5502.1543,-0.33333334
0.14999999,0.96356475,-1.230141,921.789592760181,1.5404783e-09,-13.250481,63.181538,884,-3.616417,8.42407,3.845563e-15,244,100,0.14999999,903.6412200927734,1.1111112,,146.9515,,,884,6.230141,1.2501811,202.3864,-3.8406951,-0.29060844,13.250481,814862,-3.793752,5507.445,0.11111111
0.14999999,1.0396944,-1.2287837,921.8768361581921,1.536999e-09,-13.250481,63.156387,885,-3.6159008,8.42407,3.6829624e-06,244,100,0.14999999,904.927538394928,-1.1111112,,146.9515,,,885,6.2287836,-1.0038828,159.24974,-3.8418257,-0.028885158,13.250481,815861,-3.0697742,5512.4736,0.11111111
0.14999999,0.7533058,-1.2273996,921.9638826185102,1.5335314e-09,-13.250481,63.14289,886,-3.6155756,8.42407,3.7316558e-16,244,100,0.14999999,906.3282494544983,1.1111112,,146.9515,,,886,6.2274,0.53681743,142.29019,-3.842955,-0.0024624364,13.250481,816860,-3.3137612,5517.476,-0.33333334
0.14999999,0.9797728,-1.2263308,922.0507328072154,1.5300755e-09,-13.250481,63.060833,887,-3.6168182,8.42407,,244,100,0.14999999,907.7222125530243,-5.5555553,,146.9515,,,887,6.2263308,-4.392244,347.45197,-3.844083,-0.27929747,13.250481,817859,-4.436712,5522.7554,1.0
0.14999999,1.1449933,-1.2342952,922.1373873873874,1.5266314e-09,-13.250481,63.05737,888,-3.6185408,8.42407,3.5778785e-07,244,100,0.14999999,909.0956842899323,-1.1111112,,146.9515,,,888,6.2342954,-1.5740194,201.07607,-3.8452098,-8.298916,13.250481,818858,-5.00852,5536.054,-0.33333334
0.14999999,0.77178264,-1.2332177,922.2238470191226,1.5231989e-09,-13.250481,62.67484,889,-3.6178296,8.42407,,244,100,0.14999999,910.4878759384155,5.5555553,,146.9515,,,889,6.2332177,6.6094303,406.43164,-3.8463354,-0.27635953,13.250481,819857,-3.065188,5541.3306,1.0
0.14999999,0.72432107,-1.2397925,922.3101123595505,1.5197777e-09,-13.250481,62.59246,890,-3.6184158,8.42407,,244,100,0.14999999,911.8728578090668,-7.7777777,,146.9515,,,890,6.2397923,-7.266988,131.1058,-3.8474596,-7.084666,13.250481,820856,-3.8159964,5553.415,0.5555556
0.14999999,1.176654,-1.2399578,922.3961840628507,1.5163684e-09,-13.250481,62.5726,891,-3.6187367,8.42407,,244,100,0.14999999,913.2604990005493,5.5555553,,146.9515,,,891,6.239958,4.717195,185.2154,-3.8485825,-1.3871042,13.250481,821855,-3.600541,5559.8022,-0.7777778
0.14999999,1.2029794,-1.2398673,921.9820627802691,1.5129703e-09,-13.250481,62.542683,892,-3.6181862,8.42407,,244,100,0.14999999,914.4523334503174,7.7777777,,146.9515,,,892,6.239867,7.283358,191.41113,-3.8497043,-1.1592133,13.250481,822408,-3.2277915,5565.962,-0.33333334
0.14999999,1.2577976,-1.2378441,921.4490481522956,1.5095836e-09,-13.250481,62.42184,893,-3.617294,8.42407,,244,100,0.14999999,915.5780789852142,-5.5555553,,146.9515,,,893,6.237844,-5.0972447,212.82076,-3.8508248,0.56673616,13.250481,822854,-2.9660432,5570.3945,0.5555556
0.14999999,0.9948112,-1.2372329,921.5357941834452,1.5062084e-09,-13.250481,62.37869,894,-3.616651,8.42407,,244,100,0.14999999,917.0040009021759,5.5555553,,146.9515,,,894,6.237233,6.048294,196.65881,-3.851944,-0.69128954,13.250481,823853,-3.206782,5576.086,0.5555556
0.14999999,1.0708804,-1.2363745,921.6223463687151,1.5028444e-09,-13.250481,62.368645,895,-3.6165438,8.42407,,244,100,0.14999999,918.5708584785461,-5.5555553,,146.9515,,,895,6.2363744,-5.9923506,194.53847,-3.853062,-0.46905237,13.250481,824852,-3.441393,5581.555,-0.7777778
0.14999999,0.91981274,-1.2361832,921.7087053571429,1.4994916e-09,-13.250481,62.31841,896,-3.6171095,8.42407,5.3795228e-12,244,100,0.14999999,919.8258984088898,-1.1111112,,146.9515,,,896,6.236183,-1.914185,195.21262,-3.8541787,-1.0650059,13.250481,825851,-4.1183624,5587.62,-0.7777778
0.14999999,1.0179555,-1.2364521,921.7948717948718,1.4961503e-09,-13.250481,62.321014,897,-3.6168437,8.42407,5.6296495e-21,244,100,0.14999999,921.1646571159363,1.1111112,,146.9515,,,897,6.236452,-0.015967429,209.22485,-3.855294,-1.4773226,13.250481,826850,-3.2452252,5594.0977,-0.7777778
0.14999999,0.6860757,-1.2370416,921.880846325167,1.49282e-09,-13.250481,62.30861,898,-3.6175582,8.42407,,244,100,0.14999999,922.5005719661713,7.7777777,,146.9515,,,898,6.2370415,7.7617345,176.56084,-3.8564084,-1.765854,13.250481,827849,-4.211337,5600.8633,0.11111111
0.14999999,1.124114,-1.235553,921.5884315906563,1.4895006e-09,-13.250481,62.08428,899,-3.6170037,8.42407,6.216861e-18,244,100,0.14999999,923.728419303894,1.1111112,,146.9515,,,899,6.235553,1.4231839,166.5997,-3.8575213,0.101217,13.250481,828508,-2.7749288,5605.762,0.5555556
0.14999999,1.0465926,-1.2349488,921.6744444444445,1.4861927e-09,-13.250481,62.086,900,-3.616889,8.42407,,244,100,0.14999999,925.1319930553436,-7.7777777,,146.9515,,,900,6.2349486,-7.8521943,193.20264,-3.858633,-0.69174206,13.250481,829507,-3.5814269,5611.454,0.11111111
0.14999999,1.0390596,-1.2336144,921.7602663706992,1.4828956e-09,-13.250481,61.99648,901,-3.6172097,8.42407,,244,100,0.14999999,926.6256473064423,-7.7777777,,146.9515,2.5661829,,901,6.2336144,-8.319479,203.35007,-3.8597434,-0.03279821,13.250481,830506,-3.8902555,5616.4863,-0.33333334
0.14999999,0.9631544,-1.2323961,921.8458980044346,1.4796094e-09,-13.250481,61.888603,902,-3.6190789,8.42407,,244,100,0.14999999,928.0005600452423,3.3333333,,146.9515,,,902,6.232396,2.7425218,191.25584,-3.8608527,-0.13469924,13.250481,831505,-5.2844105,5621.621,-0.7777778
0.14999999,1.3769418,-1.2321175,921.9136212624585,1.476334e-09,-13.250481,61.70204,903,-3.6188202,8.42407,,244,100,0.14999999,929.3172926902771,7.7777777,,146.9515,,,903,6.2321177,8.244726,224.07271,-3.8619606,-0.98083305,13.250481,832488,-3.281071,5627.602,0.5555556
0.14999999,0.96722573,-1.2318289,921.9988938053098,1.4730697e-09,-13.250481,61.700657,904,-3.6177933,8.42407,,244,100,0.14999999,930.7782185077667,7.7777777,,146.9515,1.12983844e-14,,904,6.2318287,6.716423,194.27779,-3.8630676,-0.97116053,13.250481,833487,-2.9735343,5633.573,-0.7777778
0.14999999,0.7177999,-1.2317196,921.6508287292818,1.469816e-09,-13.250481,61.646275,905,-3.616968,8.42407,8.873259e-12,244,100,0.14999999,931.9793698787689,-1.1111112,,146.9515,,,905,6.2317195,-0.23089468,168.28116,-3.8641732,-1.1329502,13.250481,834094,-2.7943842,5639.706,0.7777778
0.14999999,1.0582807,-1.2327678,921.7362030905077,1.4665732e-09,-13.250481,61.449345,906,-3.6173654,8.42407,,244,100,0.14999999,933.3465921878815,-3.3333333,,146.9515,,,906,6.232768,-4.0695286,204.96588,-3.8652775,-2.181378,13.250481,835093,-3.6548073,5646.8877,-0.7777778
0.14999999,1.4164824,-1.2328023,921.8213891951489,1.463341e-09,-13.250481,61.224487,907,-3.6169522,8.42407,,244,100,0.14999999,934.8141102790833,-7.7777777,,146.9515,,,907,6.2328024,-6.8621664,419.595,-3.8663807,-1.2640132,13.250481,836092,-3.2240348,5653.1514,1.0
0.14999999,1.1557362,-1.236294,921.9063876651983,1.4601197e-09,-13.250481,61.13157,908,-3.6167965,8.42407,1.5362603e-24,244,100,0.14999999,936.3133182525635,1.1111112,,146.9515,,,908,6.236294,2.0773559,419.7721,-3.8674827,-4.403196,13.250481,837091,-3.7177775,5662.5547,1.0
0.14999999,0.9472836,-1.2402666,921.991199119912,1.4569088e-09,-13.250481,61.112488,909,-3.6167204,8.42407,,244,100,0.14999999,937.7714211940765,-7.7777777,,146.9515,,,909,6.240267,-8.276731,143.56876,-3.8685832,-4.8475056,13.250481,838090,-3.5601685,5672.4023,-0.7777778
0.14999999,0.91863585,-1.2393998,922.0758241758242,1.4537086e-09,-13.250481,60.47802,910,-3.6163504,8.42407,,244,100,0.14999999,939.2544312477112,-3.3333333,,146.9515,,,910,6.2394,-2.6993825,187.58641,-3.8696828,-0.45139623,13.250481,839089,-3.1877768,5677.8535,0.5555556
0.14999999,0.986988,-1.2389967,922.1602634467617,1.4505188e-09,-13.250481,60.035595,911,-3.6163278,8.42407,,244,100,0.14999999,940.729838848114,3.3333333,,146.9515,,,911,6.2389965,3.6049037,183.33817,-3.8707812,-0.8722156,13.250481,840088,-3.4468994,5683.726,0.5555556
0.14999999,0.8327701,-1.2383703,922.2445175438596,1.4473396e-09,-13.250481,59.926018,912,-3.6165488,8.42407,,244,100,0.14999999,942.2821836471558,-3.3333333,,146.9515,,,912,6.2383704,-3.7979307,168.10783,-3.8718781,-0.6676567,13.250481,841087,-3.7446675,5689.3936,-0.5555556
0.14999999,0.935643,-1.2376413,922.328587075575,1.4441709e-09,-13.250481,59.88789,913,-3.6162024,8.42407,,244,100,0.14999999,943.6625466346741,7.7777777,,146.9515,,,913,6.2376413,8.493989,161.1449,-3.8729742,-0.57281417,13.250481,842086,-3.0923827,5694.967,0.7777778
0.14999999,1.0522732,-1.2386268,922.4124726477024,1.4410124e-09,-13.250481,59.54405,914,-3.6158826,8.42407,,244,100,0.14999999,944.9807612895966,-7.7777777,,146.9515,,,914,6.238627,-7.0478907,190.99966,-3.8740687,-2.1385858,13.250481,843085,-3.2189586,5702.105,0.7777778
0.14999999,1.4192901,-1.2392095,922.496174863388,1.4378644e-09,-13.250481,59.493732,915,-3.6151893,8.42407,,244,100,0.14999999,946.3974173069,3.3333333,,146.9515,,,915,6.2392097,2.9095595,179.10275,-3.8751621,-1.7715944,13.250481,844084,-2.9826348,5708.877,-0.5555556
0.14999999,0.94867384,-1.2385043,922.4475982532751,1.4347267e-09,-13.250481,59.273617,916,-3.6143796,8.42407,,244,100,0.14999999,947.7123126983643,-3.3333333,,146.9515,,,916,6.2385044,-2.4186132,188.51279,-3.8762546,-0.59321284,13.250481,844962,-3.2040982,5714.4697,0.7777778
0.14999999,1.350948,-1.2396572,922.5310796074154,1.4315992e-09,-13.250481,57.946682,917,-3.6144311,8.42407,,244,100,0.14999999,949.216326713562,3.3333333,,146.9515,,,917,6.2396574,3.964365,194.32022,-3.8773456,-2.2957685,13.250481,845961,-3.552369,5721.7656,0.7777778
0.14999999,0.78676367,-1.2397804,922.6143790849674,1.4284819e-09,-13.250481,56.23196,918,-3.6135302,8.42407,,244,100,0.14999999,950.6686692237854,3.3333333,,146.9515,0.55278426,,918,6.2397804,3.8040102,164.95172,-3.8784356,-1.3528631,13.250481,846960,-3.0409234,5728.118,0.11111111
0.14999999,0.8625983,-1.2384624,922.6974972796518,1.4253748e-09,-13.250481,56.219822,919,-3.6164815,8.42407,,244,100,0.14999999,951.9970643520355,-3.3333333,,146.9515,,,919,6.2384624,-2.8058205,161.18771,-3.8795242,-0.028535388,13.250481,847959,-6.0720177,5733.147,0.11111111
0.14999999,0.94424707,-1.2376381,922.7804347826087,1.4222779e-09,-13.250481,56.2047,920,-3.6165023,8.42407,,244,100,0.14999999,953.3861436843872,5.5555553,,146.9515,,,920,6.237638,4.584839,215.16643,-3.880612,-0.48011845,13.250481,848958,-3.4526987,5738.627,-1.0
0.14999999,1.6765791,-1.237036,922.2975027144408,1.419191e-09,-13.250481,55.377953,921,-3.6166883,8.42407,,244,100,0.14999999,954.5082387924194,7.7777777,,146.9515,,,921,6.2370358,6.9501033,287.1549,-3.8816981,-0.6831483,13.250481,849436,-3.6666305,5744.31,-1.0
0.14999999,1.0542215,-1.2366191,921.7960954446854,1.4161141e-09,-13.250481,55.348366,922,-3.6159723,8.42407,,244,100,0.14999999,955.7184777259827,-5.5555553,,146.9515,,,922,6.236619,-6.9128675,246.24727,-3.8827834,-0.85262233,13.250481,849896,-3.473212,5750.163,-1.0
0.14999999,1.0859008,-1.2377963,921.8797399783315,1.4130473e-09,-13.250481,55.321754,923,-3.6168308,8.42407,,244,100,0.14999999,957.2024464607239,-3.3333333,,146.9515,,,923,6.2377963,-3.2398937,154.95197,-3.8838675,-2.3231056,13.250481,850895,-4.387624,5757.486,-0.11111111
0.14999999,1.4144063,-1.2364625,921.9632034632035,1.4099905e-09,-13.250481,55.31029,924,-3.616085,8.42407,,244,100,0.14999999,958.7130568027496,3.3333333,,146.9515,,,924,6.2364626,3.2352166,158.78357,-3.8849502,-0.0053792135,13.250481,851894,-2.9517088,5762.491,-0.11111111
0.14999999,0.9066738,-1.2351655,922.0464864864865,1.4069435e-09,-13.250481,55.20669,925,-3.6150227,8.42407,8.330387e-25,244,100,0.14999999,960.1206843852997,1.1111112,,146.9515,,,925,6.2351656,0.25485432,255.83307,-3.8860319,-0.03679299,13.250481,852893,-2.9622722,5767.5283,-1.0
0.14999999,1.1280093,-1.2356616,922.1295896328294,1.4039063e-09,-13.250481,54.58637,926,-3.6146555,8.42407,,244,100,0.14999999,961.6233415603638,5.5555553,,146.9515,,,926,6.2356615,5.6299534,172.00743,-3.8871124,-1.6944708,13.250481,853892,-3.1008823,5774.2227,-0.11111111
0.14999999,0.81214774,-1.2341332,921.7529665587919,1.400879e-09,-13.250481,54.51723,927,-3.6146388,8.42407,,244,100,0.14999999,962.8408637046814,-5.5555553,,146.9515,,,927,6.2341332,-5.4443374,170.5635,-3.8881917,0.18108039,13.250481,854465,-3.6660872,5779.0415,-0.11111111
0.14999999,1.2970188,-1.2328112,921.8362068965517,1.3978617e-09,-13.250481,54.247208,928,-3.6148,8.42407,7.994989e-16,244,100,0.14999999,964.1768999099731,-1.1111112,,146.9515,,,928,6.232811,-1.535026,265.86578,-3.8892698,-0.0072226413,13.250481,855464,-3.5323207,5784.049,-1.0
0.14999999,0.90252626,-1.2329937,921.91926803014,1.394854e-09,-13.250481,54.164333,929,-3.618185,8.42407,3.7678613e-15,244,100,0.14999999,965.4698209762573,1.1111112,,146.9515,1.4496872e-33,,929,6.2329936,0.58287066,178.85423,-3.890347,-1.40241,13.250481,856463,-6.936419,5790.451,-0.11111111
0.14999999,0.84291154,-1.2318608,922.0021505376344,1.3918557e-09,-13.250481,54.16013,930,-3.619494,8.42407,,244,100,0.14999999,966.8822138309479,7.7777777,,146.9515,,,930,6.2318606,7.627278,167.68233,-3.8914227,-0.17920794,13.250481,857462,-4.6909666,5795.6304,-0.11111111
0.14999999,1.1010705,-1.2304286,921.6552094522019,1.3888675e-09,-13.250481,54.14702,931,-3.6192188,8.42407,3.6122303e-06,244,100,0.14999999,967.9493660926819,-1.1111112,,146.9515,,,931,6.2304287,-1.3829969,145.51385,-3.8924975,0.101376496,13.250481,858061,-3.1651828,5800.5293,-0.11111111
0.14999999,0.7713669,-1.2291726,921.7381974248927,1.3858886e-09,-13.250481,54.095676,932,-3.6184926,8.42407,,244,100,0.14999999,969.2589938640594,-5.5555553,,146.9515,,,932,6.2291727,-6.263628,136.79909,-3.893571,-0.05990634,13.250481,859060,-2.9909675,5805.589,-0.5555556
0.14999999,1.0159526,-1.2288072,921.8210075026795,1.3829193e-09,-13.250481,54.09594,933,-3.61828,8.42407,,244,100,0.14999999,970.6329748630524,5.5555553,,146.9515,,,933,6.2288074,6.0851784,180.55516,-3.8946433,-0.8882655,13.250481,860059,-3.157789,5811.477,0.33333334
0.14999999,0.7935919,-1.2297238,921.9036402569593,1.3799596e-09,-13.250481,54.096977,934,-3.6182144,8.42407,,244,100,0.14999999,971.9422719478607,5.5555553,,146.9515,2.0768884e-12,,934,6.229724,4.865114,130.29456,-3.8957145,-2.0848763,13.250481,861058,-3.5148501,5818.562,-0.5555556
0.14999999,1.1426573,-1.2293742,921.7272727272727,1.3770094e-09,-13.250481,54.08256,935,-3.61793,8.42407,,244,100,0.14999999,973.1439228057861,-5.5555553,,146.9515,,,935,6.229374,-5.095593,130.8226,-3.8967848,-0.9027489,13.250481,861815,-3.1175237,5824.465,0.33333334
0.14999999,1.2367467,-1.2286956,921.8098290598291,1.3740686e-09,-13.250481,53.821247,936,-3.617308,8.42407,4.6534433e-07,244,100,0.14999999,974.4405813217163,-1.1111112,,146.9515,,,936,6.228696,-0.84588975,168.6892,-3.8978536,-0.59425205,13.250481,862814,-3.1321428,5830.059,0.33333334
0.14999999,1.1691097,-1.2274927,921.8922091782284,1.3711373e-09,-13.250481,53.814835,937,-3.6167254,8.42407,4.869578e-16,244,100,0.14999999,975.9406225681305,1.1111112,,146.9515,,,937,6.227493,1.4975207,178.60162,-3.8989215,-0.10148609,13.250481,863813,-3.2354274,5835.1606,0.33333334
0.14999999,0.95765185,-1.2265834,921.9744136460554,1.3682152e-09,-13.250481,53.671425,938,-3.615951,8.42407,4.371384e-09,244,100,0.14999999,977.2854270935059,-1.1111112,,146.9515,,,938,6.2265835,-1.4517553,173.75465,-3.8999882,-0.37457848,13.250481,864812,-2.9918609,5840.535,-0.5555556
0.14999999,1.1802335,-1.2258726,922.0564430244941,1.3653026e-09,-13.250481,53.648838,939,-3.6160488,8.42407,,244,100,0.14999999,978.5299646854401,-7.7777777,,146.9515,,,939,6.2258725,-8.60114,304.62396,-3.9010537,-0.55923396,13.250481,865811,-3.6207025,5846.094,-1.0
0.14999999,1.2599986,-1.2263937,922.1382978723404,1.3623993e-09,-13.250481,53.611713,940,-3.6152277,8.42407,,244,100,0.14999999,979.9483706951141,7.7777777,,146.9515,,,940,6.2263937,7.258754,137.47884,-3.902118,-1.7156864,13.250481,866810,-2.9257197,5852.81,-0.5555556
0.14999999,0.9916943,-1.2256768,921.712008501594,1.3595051e-09,-13.250481,53.606728,941,-3.6152732,8.42407,4.584166e-18,244,100,0.14999999,981.068487405777,1.1111112,,146.9515,,,941,6.2256765,0.67677957,152.49257,-3.9031813,-0.5517439,13.250481,867331,-3.8617167,5858.362,-0.5555556
0.14999999,0.5600761,-1.2247809,921.7940552016985,1.3566204e-09,-13.250481,53.51115,942,-3.6147757,8.42407,,244,100,0.14999999,982.4240891933441,7.7777777,,146.9515,,,942,6.224781,9.095053,161.56015,-3.9042435,-0.38180503,13.250481,868330,-3.0904274,5863.7437,1.0
0.14999999,1.1279286,-1.2348391,921.8759278897137,1.3537447e-09,-13.250481,53.45003,943,-3.6176245,8.42407,,244,100,0.14999999,983.7259004116058,-7.7777777,,146.9515,,,943,6.234839,-8.199897,180.46823,-3.9053044,-10.709612,13.250481,869329,-5.837164,5879.453,0.11111111
0.14999999,1.2011774,-1.2337202,921.957627118644,1.3508781e-09,-13.250481,53.25772,944,-3.6272757,8.42407,,244,100,0.14999999,985.1665916442871,-7.7777777,,146.9515,0.11845427,,944,6.2337203,-8.19644,172.8872,-3.9063644,-0.17867137,13.250481,870328,-12.7948265,5884.632,-0.33333334
0.14999999,0.7602006,-1.2328634,922.0391534391534,1.3480206e-09,-13.250481,52.976578,945,-3.6263957,8.42407,,244,100,0.14999999,986.537159204483,-5.5555553,,146.9515,,,945,6.2328634,-4.805513,151.50482,-3.907423,-0.42394593,13.250481,871327,-2.934668,5890.0557,0.7777778
0.14999999,0.90163726,-1.2329805,922.1205073995771,1.345172e-09,-13.250481,52.95127,946,-3.6265495,8.42407,,244,100,0.14999999,987.999657869339,5.5555553,,146.9515,,,946,6.2329807,5.4626737,145.33759,-3.9084806,-1.3436985,13.250481,872326,-3.4957213,5896.3994,0.11111111
0.14999999,0.6813234,-1.2320493,922.2016895459345,1.3423326e-09,-13.250481,52.95392,947,-3.6267195,8.42407,,244,100,0.14999999,989.4635446071625,7.7777777,,146.9515,,,947,6.2320495,7.7741785,149.5341,-3.9095373,-0.35119027,13.250481,873325,-3.6514843,5901.751,0.11111111
0.14999999,1.1706734,-1.2267289,921.5696202531645,1.3395022e-09,-13.250481,52.93586,948,-3.6262043,8.42407,,244,100,0.14999999,990.5166821479797,-5.5555553,,146.9515,,,948,6.226729,-5.4965,154.73792,-3.9105928,3.8117747,13.250481,873648,-2.7956257,5902.939,0.11111111
0.14999999,1.0667523,-1.2254567,921.6512118018967,1.3366805e-09,-13.250481,52.88752,949,-3.6258092,8.42407,,244,100,0.14999999,991.9449524879456,5.5555553,,146.9515,,,949,6.2254567,4.901649,158.68335,-3.911647,-0.019405782,13.250481,874647,-3.3618305,5907.9585,-0.33333334
0.14999999,0.81501526,-1.2244319,921.3063157894737,1.3338681e-09,-13.250481,52.76622,950,-3.6258574,8.42407,,244,100,0.14999999,993.2326121330261,-5.5555553,,146.9515,,,950,6.224432,-6.1080904,152.99344,-3.9127002,-0.25196218,13.250481,875241,-3.6831825,5913.2104,-0.33333334
0.14999999,0.74619174,-1.2233489,921.3880126182966,1.3310644e-09,-13.250481,52.725872,951,-3.6261935,8.42407,,244,100,0.14999999,994.5307230949402,5.5555553,,146.9515,,,951,6.2233486,6.779174,157.21815,-3.9137523,-0.19449626,13.250481,876240,-3.7192051,5918.405,0.7777778
0.14999999,0.95640254,-1.2287264,921.469537815126,1.3282695e-09,-13.250481,52.62834,952,-3.6268852,8.42407,4.141376e-15,244,100,0.14999999,995.9863998889923,1.1111112,,146.9515,,,952,6.2287264,1.0310458,154.80522,-3.9148033,-6.342663,13.250481,877239,-3.9953957,5929.7476,0.11111111
0.14999999,1.1306705,-1.2274796,921.5508919202518,1.3254833e-09,-13.250481,52.62108,953,-3.6272278,8.42407,3.96595e-06,244,100,0.14999999,997.4253916740417,-1.1111112,,146.9515,1.0439613e-37,,953,6.2274795,-1.054943,140.39828,-3.915853,-0.04046337,13.250481,878238,-3.8685315,5934.788,0.11111111
0.14999999,0.93412614,-1.2262369,921.6320754716982,1.3227061e-09,-13.250481,52.593742,954,-3.626386,8.42407,,244,100,0.14999999,998.9037702083588,-7.7777777,,146.9515,,,954,6.226237,-7.4096727,134.33994,-3.9169018,-0.042046767,13.250481,879237,-2.9036012,5939.83,0.33333334
0.14999999,0.97314864,-1.2255224,921.7130890052356,1.3199376e-09,-13.250481,52.56363,955,-3.6258953,8.42407,6.3177312e-09,244,100,0.14999999,1000.3094155788422,-1.1111112,,146.9515,,,955,6.2255225,-0.7494125,164.6765,-3.9179494,-0.5438876,13.250481,880236,-3.053643,5945.374,0.5555556
0.14999999,1.1757529,-1.2252532,921.7939330543933,1.3171776e-09,-13.250481,52.50966,956,-3.6254592,8.42407,,244,100,0.14999999,1001.863819360733,7.7777777,,146.9515,,,956,6.225253,7.4113445,147.06207,-3.918996,-0.96809393,13.250481,881235,-3.135242,5951.342,-0.33333334
0.14999999,1.0623323,-1.2239357,921.4629049111808,1.3144263e-09,-13.250481,52.487385,957,-3.62435,8.42407,4.0306822e-16,244,100,0.14999999,1003.205290555954,1.1111112,,146.9515,,,957,6.2239356,1.160668,165.55902,-3.9200416,0.035478428,13.250481,881840,-2.695515,5956.3066,-0.33333334
0.14999999,1.1396323,-1.2227694,921.5438413361169,1.3116837e-09,-13.250481,52.46863,958,-3.6237388,8.42407,3.8599154e-07,244,100,0.14999999,1004.5746273994446,-1.1111112,,146.9515,,,958,6.2227693,-1.5573624,156.2466,-3.9210858,-0.10656924,13.250481,882839,-3.0465128,5961.413,-0.33333334
0.14999999,0.9009453,-1.2217832,921.6246089676747,1.3089495e-09,-13.250481,52.331425,959,-3.6229303,8.42407,,244,100,0.14999999,1005.9739100933075,3.3333333,,146.9515,,,959,6.221783,2.2204883,154.62816,-3.9221292,-0.27697384,13.250481,883838,-2.9388618,5966.69,-0.7777778
0.14999999,1.111191,-1.2227501,921.7052083333333,1.3062241e-09,-13.250481,52.293514,960,-3.6230445,8.42407,6.6386997e-18,244,100,0.14999999,1007.4441938400269,1.1111112,,146.9515,,,960,6.22275,1.6375215,145.19019,-3.9231715,-2.1499445,13.250481,884837,-3.5858505,5973.84,0.5555556
0.14999999,1.1887903,-1.2222363,921.7856399583767,1.303507e-09,-13.250481,52.137764,961,-3.6222904,8.42407,,244,100,0.14999999,1008.7708549499512,-7.7777777,,146.9515,,,961,6.222236,-8.469202,140.01614,-3.9242127,-0.729112,13.250481,885836,-2.9616752,5979.5693,-0.5555556
0.14999999,1.0097017,-1.2219293,921.8659043659044,1.3007985e-09,-13.250481,52.056747,962,-3.6215496,8.42407,,244,100,0.14999999,1010.2849683761597,7.7777777,,146.9515,,,962,6.2219296,8.164806,176.33148,-3.9252527,-0.9269128,13.250481,886835,-3.0473132,5985.496,0.33333334
0.14999999,0.94564015,-1.2212735,921.9460020768432,1.2980983e-09,-13.250481,52.029423,963,-3.6208408,8.42407,1.5586632e-15,244,100,0.14999999,1011.6860496997833,-1.1111112,,146.9515,,,963,6.2212734,0.10404229,303.8297,-3.9262915,-0.59042996,13.250481,887834,-2.899445,5991.0864,1.0
0.14999999,0.81237614,-1.2275019,922.0259336099585,1.2954064e-09,-13.250481,52.010487,964,-3.6214368,8.42407,,244,100,0.14999999,1013.0421001911163,-7.7777777,,146.9515,,,964,6.227502,-7.776253,111.44987,-3.9273295,-7.225269,13.250481,888833,-4.054238,6003.3115,-0.11111111
0.14999999,0.90715975,-1.2262338,922.1056994818653,1.292723e-09,-13.250481,51.9329,965,-3.6208053,8.42407,,244,100,0.14999999,1014.4645855426788,10.0,,146.9515,,,965,6.226234,9.793595,119.01496,-3.9283662,-0.003907288,13.250481,889832,-2.802144,6008.3154,-0.11111111
0.14999999,0.8923906,-1.2243818,921.6604554865424,1.2900481e-09,-13.250481,51.890118,966,-3.6201224,8.42407,,244,100,0.14999999,1015.7792253494263,-3.3333333,,146.9515,,,966,6.224382,-3.7776127,150.21431,-3.929402,0.56277364,13.250481,890324,-2.8314936,6012.753,-0.5555556
0.14999999,1.0010856,-1.2234724,921.7404343329886,1.2873812e-09,-13.250481,51.76161,967,-3.619712,8.42407,,244,100,0.14999999,1017.1826388835907,-5.5555553,,146.9515,,,967,6.2234726,-6.7875915,150.97714,-3.9304366,-0.3450005,13.250481,891323,-3.0738425,6018.0977,-0.7777778
0.14999999,1.3578064,-1.2241348,921.8202479338843,1.2847227e-09,-13.250481,51.716682,968,-3.6200607,8.42407,,244,100,0.14999999,1018.6424214839935,5.5555553,,146.9515,,,968,6.224135,4.642299,156.58961,-3.9314702,-1.8646971,13.250481,892322,-3.907314,6024.9624,-0.7777778
0.14999999,0.95412195,-1.2229128,921.2910216718266,1.2820724e-09,-13.250481,51.703518,969,-3.61927,8.42407,,244,100,0.14999999,1019.8475198745728,-7.7777777,,146.9515,,,969,6.222913,-7.126676,157.41544,-3.9325027,-0.039872807,13.250481,892731,-3.137115,6030.0024,0.5555556
0.14999999,0.9609608,-1.2224386,921.3711340206186,1.2794303e-09,-13.250481,51.657806,970,-3.6185308,8.42407,,244,100,0.14999999,1021.1687886714935,5.5555553,,146.9515,,,970,6.222439,6.4330974,154.9802,-3.9335341,-0.76294214,13.250481,893730,-2.818731,6035.7656,0.5555556
0.14999999,1.3567971,-1.2232693,921.4510813594233,1.2767964e-09,-13.250481,51.651653,971,-3.618523,8.42407,,244,100,0.14999999,1022.6044285297394,-5.5555553,,146.9515,,,971,6.2232695,-5.0962615,165.26112,-3.9345646,-2.029191,13.250481,894729,-3.5199628,6042.7944,0.5555556
0.14999999,0.98288363,-1.2241892,921.5308641975308,1.2741707e-09,-13.250481,51.644924,972,-3.6186342,8.42407,6.1003524e-21,244,100,0.14999999,1023.9845688343048,1.1111112,,146.9515,,,972,6.2241893,0.48983157,160.81,-3.935594,-2.1173022,13.250481,895728,-4.0053678,6049.912,-0.7777778
0.14999999,1.0252453,-1.2242676,921.6104830421377,1.271553e-09,-13.250481,51.593567,973,-3.6182013,8.42407,,244,100,0.14999999,1025.4234964847565,7.7777777,,146.9515,,,973,6.2242675,7.0134907,148.91696,-3.9366221,-1.3005649,13.250481,896727,-3.1330404,6056.2124,-0.7777778
0.14999999,1.0492692,-1.2236449,921.1498973305955,1.2689432e-09,-13.250481,51.525623,974,-3.6175828,8.42407,5.8478205e-12,244,100,0.14999999,1026.7323093414307,-1.1111112,,146.9515,,,974,6.2236447,-2.0133603,158.60513,-3.9376495,-0.61764926,13.250481,897200,-3.0023506,6061.83,-0.7777778
0.14999999,1.025171,-1.2239331,921.2297435897436,1.2663415e-09,-13.250481,51.283863,975,-3.6169336,8.42407,,244,100,0.14999999,1028.1588428020477,-3.3333333,,146.9515,,,975,6.223933,-2.4722075,157.90741,-3.9386756,-1.5046649,13.250481,898199,-2.9813983,6068.335,0.5555556
0.14999999,0.9715802,-1.2245108,921.3094262295082,1.263748e-09,-13.250481,51.23378,976,-3.616958,8.42407,1.0003179e-20,244,100,0.14999999,1029.7733342647552,1.1111112,,146.9515,,,976,6.2245107,2.0240538,181.01256,-3.9397008,-1.7878197,13.250481,899198,-3.6069288,6075.1226,0.7777778
0.14999999,1.0210773,-1.2292941,921.388945752303,1.2611623e-09,-13.250481,51.159824,977,-3.6172686,8.42407,,244,100,0.14999999,1031.323579788208,-3.3333333,,146.9515,,,977,6.229294,-4.338674,163.45451,-3.9407248,-5.897612,13.250481,900197,-3.8388884,6086.0205,-0.7777778
0.14999999,1.3809186,-1.2301188,921.4683026584867,1.2585846e-09,-13.250481,51.05127,978,-3.617165,8.42407,,244,100,0.14999999,1032.8258695602417,7.7777777,,146.9515,,,978,6.2301188,8.140619,168.70505,-3.941748,-2.0359383,13.250481,901196,-3.4776096,6093.056,0.5555556
0.14999999,0.9465382,-1.2302525,921.5474974463739,1.2560146e-09,-13.250481,51.035378,979,-3.6160364,8.42407,,244,100,0.14999999,1034.3392145633698,-7.7777777,,146.9515,,,979,6.2302523,-8.386193,115.45825,-3.9427698,-1.3610326,13.250481,902195,-2.823232,6099.417,-0.7777778
0.14999999,0.7497799,-1.2301543,921.6265306122449,1.2534527e-09,-13.250481,50.98887,980,-3.615297,8.42407,9.608602e-12,244,100,0.14999999,1035.72412109375,-1.1111112,,146.9515,,,980,6.230154,-0.28927267,162.79126,-3.9437907,-1.1339893,13.250481,903194,-2.8063817,6105.5513,0.7777778
0.14999999,1.0544138,-1.2308971,921.7054026503567,1.2508985e-09,-13.250481,50.986874,981,-3.6151958,8.42407,,244,100,0.14999999,1037.1227979660034,3.3333333,,146.9515,,,981,6.230897,3.7695189,151.27881,-3.9448106,-1.9589336,13.250481,904193,-3.230479,6112.51,0.5555556
0.14999999,1.3064848,-1.2306619,921.7841140529531,1.2483521e-09,-13.250481,50.913715,982,-3.614655,8.42407,,244,100,0.14999999,1038.5695383548737,3.3333333,,146.9515,2.3911715e-09,,982,6.230662,2.711887,153.49171,-3.9458294,-0.999932,13.250481,905192,-3.0839534,6118.51,-0.5555556
0.14999999,1.2846973,-1.2299812,921.6571719226856,1.2458137e-09,-13.250481,50.377995,983,-3.614155,8.42407,,244,100,0.14999999,1039.8645079135895,-7.7777777,,146.9515,,,983,6.2299814,-7.047641,303.49478,-3.9468472,-0.5615025,13.250481,905989,-3.359972,6124.0713,1.0
0.14999999,1.0311857,-1.2311791,921.7357723577236,1.2432828e-09,-13.250481,50.132355,984,-3.6135764,8.42407,,244,100,0.14999999,1041.3273384571075,-5.5555553,,146.9515,,,984,6.231179,-4.764782,299.30847,-3.947864,-2.408779,13.250481,906988,-3.2139742,6131.4805,1.0
0.14999999,0.89324385,-1.2336876,921.8142131979696,1.2407597e-09,-13.250481,49.936134,985,-3.6135657,8.42407,,244,100,0.14999999,1042.9289309978485,7.7777777,,146.9515,,,985,6.2336874,8.367794,132.9909,-3.9488797,-3.702093,13.250481,907987,-3.532925,6140.1826,0.7777778
0.14999999,1.0751798,-1.2358732,921.892494929006,1.2382443e-09,-13.250481,49.907463,986,-3.6130555,8.42407,,244,100,0.14999999,1044.4382717609406,-3.3333333,,146.9515,,,986,6.235873,-2.9944034,163.05205,-3.9498944,-3.388583,13.250481,908986,-2.9714603,6148.5713,0.7777778
0.14999999,0.55551153,-1.2355605,921.9706180344479,1.2357364e-09,-13.250481,49.762306,987,-3.613134,8.42407,,244,100,0.14999999,1045.8163585662842,3.3333333,,146.9515,,,987,6.2355604,2.2337875,226.56131,-3.9509082,-0.92731315,13.250481,909985,-3.7079673,6154.498,-1.0
0.14999999,1.021363,-1.2365063,922.0485829959514,1.2332362e-09,-13.250481,49.44828,988,-3.6133983,8.42407,,244,100,0.14999999,1047.1978254318237,5.5555553,,146.9515,,,988,6.2365065,6.9449167,305.1236,-3.951921,-2.169907,13.250481,910984,-3.3840256,6161.668,1.0
0.14999999,1.13094,-1.2477027,922.1263902932254,1.2307436e-09,-13.250481,49.4284,989,-3.6156383,8.42407,,244,100,0.14999999,1048.751297235489,-7.7777777,,146.9515,,,989,6.2477026,-7.0646057,158.81076,-3.9529326,-12.309902,13.250481,911983,-5.7574024,6178.978,0.7777778
0.14999999,1.1968042,-1.2487527,922.2040404040404,1.2282585e-09,-13.250481,49.323326,990,-3.6149936,8.42407,,244,100,0.14999999,1050.139906167984,3.3333333,,146.9515,,,990,6.2487526,4.1032376,166.38939,-3.953943,-2.287025,13.250481,912982,-3.0605369,6186.265,0.7777778
0.14999999,1.0243392,-1.2500875,922.2815338042382,1.2257808e-09,-13.250481,49.23672,991,-3.6142673,8.42407,,244,100,0.14999999,1051.526617527008,10.0,,146.9515,,,991,6.2500877,9.794832,125.86373,-3.9549527,-2.5715528,13.250481,913981,-3.025753,6193.837,0.11111111
0.14999999,0.8282473,-1.2406012,921.6008064516129,1.2233107e-09,-13.250481,49.07357,992,-3.6154282,8.42407,,244,100,0.14999999,1052.6525902748108,3.3333333,,146.9515,,,992,6.240601,3.3326826,143.2309,-3.9559612,8.160269,13.250481,914228,-4.747036,6190.6763,0.11111111
0.14999999,0.86222196,-1.2393519,921.6787512588116,1.2208481e-09,-13.250481,49.05741,993,-3.614867,8.42407,,244,100,0.14999999,1054.141124010086,-3.3333333,,146.9515,,,993,6.2393517,-3.2641237,142.91441,-3.9569688,-1.8641622e-05,13.250481,915227,-2.8499136,6195.6763,0.11111111
0.14999999,0.88875675,-1.2381207,921.7565392354124,1.2183929e-09,-13.250481,48.907036,994,-3.6142783,8.42407,,244,100,0.14999999,1055.6584527492523,5.5555553,,146.9515,,,994,6.2381206,4.5929527,174.788,-3.9579754,-0.0155272065,13.250481,916226,-2.8529377,6200.692,-1.0
0.14999999,1.3200972,-1.238599,921.3718592964824,1.215945e-09,-13.250481,48.806015,995,-3.614102,8.42407,1.6834586e-24,244,100,0.14999999,1057.0105860233307,1.1111112,,146.9515,,,995,6.238599,2.559718,309.9345,-3.9589808,-1.7140229,13.250481,916765,-3.2834134,6207.4062,1.0
0.14999999,1.2506856,-1.2435136,921.4497991967871,1.2135046e-09,-13.250481,48.465816,996,-3.6143408,8.42407,,244,100,0.14999999,1058.4342379570007,-3.3333333,,146.9515,,,996,6.2435136,-4.42486,237.68456,-3.9599855,-6.133581,13.250481,917764,-4.0481024,6218.5396,-1.0
0.14999999,1.0679116,-1.244241,921.5275827482448,1.2110716e-09,-13.250481,48.462425,997,-3.6138823,8.42407,,244,100,0.14999999,1059.8556551933289,-3.3333333,,146.9515,1.6138848e-06,,997,6.2442408,-3.5914545,136.16307,-3.960989,-1.9686946,13.250481,918763,-3.308399,6225.5083,-0.11111111
0.14999999,1.4163489,-1.2431812,921.6052104208417,1.2086457e-09,-13.250481,48.456432,998,-3.613227,8.42407,,244,100,0.14999999,1061.3214943408966,3.3333333,,146.9515,,,998,6.243181,3.1447716,140.15434,-3.9619915,-0.18651633,13.250481,919762,-2.980128,6230.695,-0.11111111
0.14999999,1.5463979,-1.2419993,921.6826826826826,1.2062272e-09,-13.250481,48.32362,999,-3.612187,8.42407,,244,100,0.14999999,1062.8209564685822,7.7777777,,146.9515,,,999,6.241999,6.458425,235.6048,-3.962993,-0.062584415,13.250481,920761,-2.9180343,6235.7573,-1.0
0.14999999,0.9106464,-1.2399529,921.082,9.966018e-10,-13.250481,48.29029,1000,-3.6130562,8.42407,,244,100,0.14999999,1063.8841996192932,10.0,,146.9515,,,1000,6.239953,9.49903,133.27817,-3.9639935,0.8043546,13.250481,921082,-4.918309,6239.953,-0.7777778
0.14999999,2.0641365,-1.2390583,920.6743256743257,9.946115e-10,-13.250481,406.56915,1001,-3.6126716,8.42407,,244,121,0.14999999,1065.0915253162384,4.0,,146.9515,,,1001,6.2390585,4.941802,1233.3812,-3.964993,-0.3444766,13.250481,921595,-3.1041594,6245.2974,0.6
0.14999999,0.96064425,-1.2398425,920.7524950099801,9.926273e-10,-13.250481,393.7935,1002,-3.6120393,8.42407,,244,121,0.14999999,1160.368347644806,4.0,,146.9515,1.0966794e-19,,1002,6.2398424,3.275611,373.3929,-3.9659915,-2.024815,13.250481,922594,-3.5375533,6252.3223,-0.8
0.14999999,2.4657097,-1.239683,920.6989032901296,9.906489e-10,-13.250481,389.4521,1003,-3.6130996,8.42407,,244,121,0.14999999,1162.0051193237305,-4.0,,146.9515,,,1003,6.239683,-3.4902775,1316.6559,-3.966989,-1.0799147,13.250481,923461,-4.515661,6258.4023,0.8
0.14999999,1.3062017,-1.2407173,920.7768924302788,9.886765e-10,-13.250481,387.42737,1004,-3.6122465,8.42407,,244,121,0.14999999,1163.7879974842072,-4.0,,146.9515,4.7826637e-17,,1004,6.2407174,-4.5641594,870.2634,-3.9679854,-2.2779508,13.250481,924460,-3.5237126,6265.68,-0.6
0.14999999,0.5275236,-1.2405118,920.8547263681592,9.8671e-10,-13.250481,359.84076,1005,-3.6139834,8.42407,,244,121,0.14999999,1165.4845430850983,4.0,,146.9515,,,1005,6.240512,3.6250727,318.02402,-3.968981,-1.0342054,13.250481,925459,-5.391942,6271.7144,
0.14999999,0.7164378,-1.2392942,920.9324055666004,9.847493e-10,-13.250481,359.8014,1006,-3.6163266,8.42407,,244,121,0.14999999,1167.08744764328,-4.0,,146.9515,,,1006,6.239294,-4.1054473,183.74916,-3.9699755,-0.015536157,13.250481,926458,-5.454321,6276.73,
0.14999999,9.704617,-1.2380722,921.0099304865938,9.827944e-10,-13.250481,345.172,1007,-3.6169634,8.42407,,244,121,0.14999999,1168.830369234085,4.0,,146.9515,,,1007,6.2380724,5.32964,9511.977,-3.970969,-0.00871131,13.250481,927457,-3.9348843,6281.739,1.0
0.14999999,1.3626429,-1.2475086,921.0873015873016,9.808455e-10,-13.250481,317.20093,1008,-3.618301,8.42407,,244,121,0.14999999,1170.5270054340363,-4.0,,146.9515,,,1008,6.2475085,-5.0388365,1148.389,-3.9719617,-10.750149,13.250481,928456,-6.5628734,6297.489,-1.0
0.14999999,0.37321737,-1.248114,921.1645193260654,9.789022e-10,-13.250481,316.71188,1009,-3.6188314,8.42407,,244,121,0.14999999,1172.31680727005,4.0,,146.9515,,,1009,6.248114,3.5866127,139.0866,-3.972953,-1.858261,13.250481,929455,-4.127657,6304.347,-0.4
0.14999999,2.0064428,-1.2470504,920.9821782178218,9.769647e-10,-13.250481,315.7436,1010,-3.6210406,8.42407,,244,121,0.14999999,1173.9063625335693,-4.0,,146.9515,,,1010,6.2470503,-3.638296,1307.9236,-3.9739437,-0.17374754,13.250481,930192,-5.211069,6309.521,0.4
0.14999999,0.49864846,-1.2459791,921.0593471810089,9.750332e-10,-13.250481,209.15475,1011,-3.6222055,8.42407,,244,121,0.14999999,1175.5723187923431,-4.0,,146.9515,0.0023371766,,1011,6.2459793,-3.1306376,374.3026,-3.9749334,-0.1638905,13.250481,931191,-5.278403,6314.6846,1.0
0.14999999,0.91325384,-1.2490362,921.1363636363636,9.731072e-10,-13.250481,209.03317,1012,-3.6229904,8.42407,,244,121,0.14999999,1177.24360871315,4.0,,146.9515,,,1012,6.2490363,2.881341,478.98303,-3.975922,-4.339901,13.250481,932190,-3.8591738,6324.0244,-1.0
0.14999999,1.2311202,-1.2498285,920.8993089832181,9.711868e-10,-13.250481,208.5803,1013,-3.6242905,8.42407,,244,121,0.14999999,1178.8821470737457,4.0,,146.9515,5.043968e-18,,1013,6.2498283,4.8225455,328.1062,-3.9769096,-2.0515234,13.250481,932871,-4.7326207,6331.076,0.4
0.14999999,0.48938453,-1.2497705,920.9763313609468,9.692722e-10,-13.250481,201.95763,1014,-3.6241047,8.42407,,244,121,0.14999999,1180.7932546138763,-4.0,,146.9515,,,1014,6.2497706,-4.214908,172.45757,-3.9778965,-1.191262,13.250481,933870,-3.5273929,6337.2676,-0.2
0.14999999,1.039587,-1.2485462,921.0532019704433,9.673633e-10,-13.250481,163.36769,1015,-3.6244469,8.42407,,244,121,0.14999999,1182.5799446105957,4.0,,146.9515,,,1015,6.248546,3.3116934,395.50488,-3.978882,-0.007036374,13.250481,934869,-3.4352303,6342.2744,-0.6
0.14999999,0.66218513,-1.2481343,921.0797244094488,9.6546e-10,-13.250481,162.35556,1016,-3.6251879,8.42407,,244,121,0.14999999,1184.1966979503632,4.0,,146.9515,1.4211712e-17,,1016,6.248134,4.999988,174.13586,-3.9798667,-0.8299406,13.250481,935817,-4.289644,6348.1045,0.8
0.14999999,1.4467909,-1.2498416,921.1563421828909,9.635622e-10,-13.250481,162.32387,1017,-3.6254466,8.42407,,244,121,0.14999999,1185.7991008758545,-4.0,,146.9515,,,1017,6.2498417,-3.255769,560.49335,-3.9808505,-2.9844623,13.250481,936816,-3.5133908,6356.089,0.6
0.14999999,1.8860629,-1.2495505,921.2328094302554,9.616702e-10,-13.250481,161.5948,1018,-3.6268375,8.42407,,244,121,0.14999999,1187.5452840328217,-4.0,,146.9515,4.031284e-15,,1018,6.2495503,-4.6997204,841.8091,-3.9818335,-0.953479,13.250481,937815,-5.262729,6362.0425,-0.8
0.14999999,0.61744636,-1.2491843,921.3091265947007,9.597835e-10,-13.250481,159.04242,1019,-3.626658,8.42407,,244,121,0.14999999,1189.213948726654,4.0,,146.9515,,,1019,6.249184,4.5533676,229.6063,-3.9828153,-0.87636477,13.250481,938814,-3.9104238,6367.919,0.2
0.14999999,1.0575693,-1.2481942,921.385294117647,9.579025e-10,-13.250481,158.4628,1020,-3.6268165,8.42407,,244,121,0.14999999,1190.8152232170105,4.0,,146.9515,0.25565907,,1020,6.248194,3.5381293,701.1277,-3.9837961,-0.23943366,13.250481,939813,-3.3716695,6373.158,-0.2
0.14999999,1.8590497,-1.2475113,921.4613124387855,9.56027e-10,-13.250481,158.2454,1021,-3.627198,8.42407,,244,121,0.14999999,1192.51935505867,-4.0,,146.9515,,,1021,6.2475114,-3.7840655,901.4183,-3.984776,-0.5509519,13.250481,940812,-3.8959699,6378.709,0.2
0.14999999,0.48789138,-1.2465129,921.5371819960861,9.541571e-10,-13.250481,157.20645,1022,-3.6268117,8.42407,,244,121,0.14999999,1194.2672877311707,-4.0,,146.9515,0.014422112,,1022,6.246513,-4.9448524,179.01105,-3.985755,-0.22711566,13.250481,941811,-3.7743194,6383.936,-0.4
0.14999999,0.12465762,-1.2463477,921.6129032258065,9.522926e-10,-13.250481,149.08205,1023,-3.6271627,8.42407,,244,121,0.14999999,1196.116039276123,8.0,,146.9515,,,1023,6.2463474,9.109291,55.83039,-3.986733,-1.0774629,13.250481,942810,-3.451998,6390.0137,1.0
0.14999999,0.39515275,-1.2501925,921.6884765625,9.504335e-10,-13.250481,146.47987,1024,-3.6289558,8.42407,,244,121,0.14999999,1197.7762849330902,8.0,,146.9515,4.099119e-08,,1024,6.2501926,8.284683,142.43628,-3.98771,-5.18354,13.250481,943809,-4.5866675,6400.1973,
0.14999999,1.4333152,-1.2477283,921.2087804878049,9.485799e-10,-13.250481,146.23302,1025,-3.6317372,8.42407,,244,121,0.14999999,1199.2723569869995,-8.0,,146.9515,,,1025,6.2477283,-8.888445,1070.2382,-3.988686,1.2755991,13.250481,944239,-5.862459,6403.9214,-1.0
0.14999999,10.340432,-1.2483122,921.2846003898635,9.467318e-10,-13.250481,145.92754,1026,-3.6314266,8.42407,,244,121,0.14999999,1201.0090923309326,-8.0,,146.9515,5.7426828e-08,,1026,6.248312,-8.097798,9755.82,-3.9896612,-1.8468174,13.250481,945238,-3.3798366,6410.7686,
0.14999999,0.7777672,-1.2471203,921.3602726387536,9.448888e-10,-13.250481,145.22533,1027,-3.6298568,8.42407,,244,121,0.14999999,1202.8196413516998,8.0,,146.9515,,,1027,6.2471204,7.7395377,280.0929,-3.9906354,-0.024181554,13.250481,946237,-4.1358523,6415.7925,-0.4
0.14999999,1.0167009,-1.2457974,921.0476653696498,9.430515e-10,-13.250481,144.65819,1028,-3.630073,8.42407,,244,121,0.14999999,1204.3112156391144,-8.0,,146.9515,,,1028,6.245797,-8.3139105,441.12057,-3.9916086,0.1128005,13.250481,946837,-3.5710597,6420.6797,-0.4
0.14999999,2.1316402,-1.2448796,921.1234207968902,9.412194e-10,-13.250481,144.57741,1029,-3.630027,8.42407,,244,121,0.14999999,1206.0507910251617,-8.0,,146.9515,0.0006295788,,1029,6.2448797,-7.2440324,1797.8033,-3.992581,-0.30137086,13.250481,947836,-3.5001361,6425.981,0.4
0.14999999,1.2499133,-1.244534,921.1990291262136,9.393927e-10,-13.250481,144.08478,1030,-3.6289098,8.42407,,244,121,0.14999999,1207.6168868541718,8.0,,146.9515,,,1030,6.244534,8.548825,693.34534,-3.9935522,-0.88884497,13.250481,948835,-2.865143,6431.87,0.4
0.14999999,3.9876585,-1.2441655,921.274490785645,9.375712e-10,-13.250481,141.36465,1031,-3.6299214,8.42407,,244,121,0.14999999,1209.533720254898,-8.0,,146.9515,,,1031,6.2441654,-7.0504827,3667.3054,-3.9945226,-0.8645553,13.250481,949834,-4.7429447,6437.7344,1.0
0.14999999,2.883683,-1.2472359,921.3498062015503,9.357551e-10,-13.250481,138.50426,1032,-3.6297991,8.42407,,244,121,0.14999999,1211.2306597232819,8.0,,146.9515,,,1032,6.247236,7.2439647,2055.2659,-3.9954922,-4.412965,13.250481,950833,-4.432083,6447.1475,-0.8
0.14999999,0.5918416,-1.2466305,920.9264278799612,9.339444e-10,-13.250481,125.21579,1033,-3.6292243,8.42407,,244,121,0.14999999,1212.6370894908905,-8.0,,146.9515,,,1033,6.2466307,-8.475536,154.54767,-3.9964607,-0.6218579,13.250481,951317,-3.9632645,6452.7695,-0.6
0.14999999,0.5260192,-1.2458433,921.0019342359768,9.321387e-10,-13.250481,124.82721,1034,-3.6299381,8.42407,,244,121,0.14999999,1214.2643229961395,-8.0,,146.9515,1.9530557e-08,,1034,6.2458434,-7.1771,145.94115,-3.9974282,-0.43254536,13.250481,952316,-3.937484,6458.202,0.6
0.14999999,0.98182464,-1.2473675,921.0772946859903,9.3033836e-10,-13.250481,124.44248,1035,-3.6308348,8.42407,,244,121,0.14999999,1215.8550481796265,8.0,,146.9515,,,1035,6.2473674,8.156047,324.72604,-3.998395,-2.8235612,13.250481,953315,-4.0670357,6466.0254,0.6
0.14999999,2.1335688,-1.2461201,920.7683397683397,9.2854324e-10,-13.250481,117.7922,1036,-3.6305752,8.42407,,244,121,0.14999999,1217.34912276268,8.0,,146.9515,1.5585192e-13,,1036,6.24612,7.1409426,467.39417,-3.9993606,0.044988934,13.250481,953916,-3.274244,6470.9805,-1.0
0.14999999,0.8630085,-1.2433094,920.2025072324011,9.2675323e-10,-13.250481,114.32219,1037,-3.62967,8.42407,,244,121,0.14999999,1218.7479116916656,8.0,,146.9515,0.019388149,,1037,6.2433095,7.2629776,242.64294,-4.000325,1.6687434,13.250481,954250,-3.5640426,6474.3115,-0.2
0.14999999,1.179648,-1.2424037,920.2784200385356,9.2496855e-10,-13.250481,114.004684,1038,-3.6289985,8.42407,,244,121,0.14999999,1220.2811143398285,8.0,,146.9515,0.0045495504,,1038,6.242404,8.09071,480.91986,-4.0012894,-0.30334792,13.250481,955249,-2.7455568,6479.615,0.2
0.14999999,1.2875884,-1.2405804,919.8623676612127,9.2318897e-10,-13.250481,113.508835,1039,-3.6288822,8.42407,,244,121,0.14999999,1221.9356472492218,-8.0,,146.9515,,,1039,6.2405806,-8.138527,531.5126,-4.002252,0.65197927,13.250481,955737,-3.564142,6483.963,-0.2
0.14999999,1.7584898,-1.2395604,919.9384615384615,9.2141444e-10,-13.250481,113.45705,1040,-3.6281865,8.42407,,244,121,0.14999999,1223.6468253135681,-8.0,,146.9515,1.0270817,,1040,6.23956,-7.630899,1073.9598,-4.0032144,-0.17964026,13.250481,956736,-3.04985,6489.1426,0.2
0.14999999,0.8536426,-1.2389119,920.014409221902,9.19645e-10,-13.250481,112.58491,1041,-3.6280885,8.42407,,244,121,0.14999999,1225.4173069000244,8.0,,146.9515,,,1041,6.2389116,7.325704,182.67757,-4.004175,-0.56454456,13.250481,957735,-3.9158142,6494.707,-0.6
0.14999999,0.4034161,-1.2373341,919.5537428023033,9.178807e-10,-13.250481,111.96002,1042,-3.6277938,8.42407,,244,121,0.14999999,1226.9736630916595,-8.0,,146.9515,,,1042,6.2373343,-8.717449,92.21979,-4.0051355,0.4051914,13.250481,958175,-3.1356213,6499.3022,-0.8
0.14999999,0.4259009,-1.2375362,919.6299137104506,9.161215e-10,-13.250481,111.06703,1043,-3.6278124,8.42407,,244,121,0.14999999,1228.8656866550446,8.0,,146.9515,,,1043,6.2375364,8.690558,192.67456,-4.0060945,-1.4481337,13.250481,959174,-3.0411873,6505.75,0.8
0.14999999,1.1457227,-1.2384261,919.7059386973181,9.143673e-10,-13.250481,108.889366,1044,-3.6281142,8.42407,,244,121,0.14999999,1230.645711183548,-8.0,,146.9515,,,1044,6.238426,-7.123781,386.79922,-4.007053,-2.1666076,13.250481,960173,-3.350265,6512.917,0.8
0.14999999,0.6694054,-1.2383054,919.7818181818182,9.1261815e-10,-13.250481,104.10469,1045,-3.6273043,8.42407,,244,121,0.14999999,1232.2573988437653,2.0,,146.9515,,,1045,6.2383056,0.98843586,193.04544,-4.0080104,-1.112307,13.250481,961172,-2.838661,6519.0293,-0.8
0.14999999,1.3749245,-1.238567,919.857552581262,9.10874e-10,-13.250481,102.937546,1046,-3.6281295,8.42407,2.2892179e-35,244,121,0.14999999,1233.8296582698822,-2.0,,146.9515,,,1046,6.238567,-2.9405522,381.49237,-4.008967,-1.511892,13.250481,962171,-4.1222854,6525.541,-0.8
0.14999999,0.70124835,-1.238836,919.9331423113658,9.091348e-10,-13.250481,102.864716,1047,-3.6280649,8.42407,3.7948114e-35,244,121,0.14999999,1235.5336349010468,-2.0,,146.9515,4.6476263e-25,,1047,6.2388363,-0.7641071,288.05618,-4.0099225,-1.5204089,13.250481,963170,-3.818909,6532.0615,0.8
0.14999999,1.4191296,-1.2439445,920.0085877862596,9.0740077e-10,-13.250481,102.803825,1048,-3.6291788,8.42407,,244,121,0.14999999,1237.21799826622,-6.0,,146.9515,,,1048,6.2439446,-6.7039814,420.0915,-4.010877,-6.592319,13.250481,964169,-4.4518557,6543.654,-0.8
0.14999999,1.0128446,-1.2438078,920.0838894184938,9.056715e-10,-13.250481,102.343765,1049,-3.6289976,8.42407,,244,121,0.14999999,1239.0303087234497,2.0,,146.9515,,,1049,6.243808,2.659793,421.37686,-4.011831,-1.100698,13.250481,965168,-3.7052143,6549.7544,0.8
0.14999999,1.0605148,-1.2436401,920.1590476190477,9.0394725e-10,-13.250481,102.07473,1050,-3.6294272,8.42407,,244,121,0.14999999,1240.773663520813,-6.0,,146.9515,,,1050,6.24364,-5.348008,407.03406,-4.0127835,-1.0675507,13.250481,966167,-3.9870408,6555.8223,0.8
0.14999999,0.90909225,-1.2441151,920.2340627973359,9.022279e-10,-13.250481,101.68789,1051,-3.6295636,8.42407,,244,121,0.14999999,1242.4259185791016,6.0,,146.9515,,,1051,6.244115,6.9483147,290.01962,-4.013736,-1.7429839,13.250481,967166,-3.73321,6562.565,0.8
0.14999999,0.6574403,-1.2456558,920.3089353612168,9.0051344e-10,-13.250481,96.822464,1052,-3.6303537,8.42407,1.1205195e-30,244,121,0.14999999,1244.1754386425018,-2.0,,146.9515,,,1052,6.245656,-2.1150258,305.06207,-4.0146866,-2.8650312,13.250481,968165,-4.309247,6570.4297,-0.4
0.14999999,0.62159723,-1.2445732,920.3836657169991,8.988038e-10,-13.250481,96.821434,1053,-3.6307356,8.42407,,244,121,0.14999999,1245.8298077583313,2.0,,146.9515,,,1053,6.244573,1.7579825,304.00244,-4.0156364,-0.10570936,13.250481,969164,-3.6437619,6575.5356,-0.4
0.14999999,1.1100812,-1.2435973,920.4582542694498,8.970992e-10,-13.250481,96.80357,1054,-3.631046,8.42407,,244,121,0.14999999,1247.5571057796478,6.0,,146.9515,,,1054,6.243597,5.0293417,287.69598,-4.016586,-0.21582355,13.250481,970163,-3.536954,6580.7515,-0.8
0.14999999,1.0433446,-1.2435945,920.532701421801,8.9539925e-10,-13.250481,96.762794,1055,-3.6311386,8.42407,,244,121,0.14999999,1249.2287459373474,-6.0,,146.9515,,,1055,6.2435946,-6.503005,253.05214,-4.0175343,-1.2406504,13.250481,971162,-3.7586706,6586.992,-0.4
0.14999999,0.8597586,-1.2431352,920.6070075757576,8.937042e-10,-13.250481,96.49616,1056,-3.631201,8.42407,1.4474625e-30,244,121,0.14999999,1250.903992652893,-2.0,,146.9515,,,1056,6.2431355,-1.1424291,227.7554,-4.0184817,-0.7585475,13.250481,972161,-3.6541164,6592.751,0.4
0.14999999,0.72791547,-1.2445093,920.6811731315042,8.92014e-10,-13.250481,96.4746,1057,-3.631545,8.42407,,244,121,0.14999999,1252.6235191822052,6.0,,146.9515,,,1057,6.244509,6.284616,242.2858,-4.0194283,-2.6956797,13.250481,973160,-3.790331,6600.4463,0.4
0.14999999,1.3240029,-1.2437009,920.7551984877126,8.9032853e-10,-13.250481,96.33159,1058,-3.6318355,8.42407,,244,121,0.14999999,1254.2340531349182,-6.0,,146.9515,,,1058,6.243701,-5.672351,269.9619,-4.020374,-0.38902035,13.250481,974159,-3.6131945,6605.8354,0.4
0.14999999,1.2402786,-1.2428167,920.8290840415486,8.886479e-10,-13.250481,96.1919,1059,-3.6315236,8.42407,,244,121,0.14999999,1255.9181413650513,2.0,,146.9515,,,1059,6.242817,2.3749185,328.82874,-4.0213184,-0.3073655,13.250481,975158,-3.5254135,6611.1426,0.4
0.14999999,0.5766204,-1.2422216,920.9028301886792,8.86972e-10,-13.250481,92.49151,1060,-3.6314385,8.42407,,244,121,0.14999999,1257.396216392517,-4.0,,146.9515,,,1060,6.242222,-2.6773582,258.9532,-4.0222626,-0.61209065,13.250481,976157,-3.6835318,6616.755,1.0
0.14999999,0.8110538,-1.2471675,920.9764373232799,8.8530083e-10,-13.250481,92.210365,1061,-3.6335363,8.42407,,244,121,0.14999999,1258.9370670318604,-4.0,,146.9515,,,1061,6.2471676,-5.119163,367.04895,-4.0232053,-6.48973,13.250481,977156,-5.385441,6628.2446,-1.0
0.14999999,1.3382826,-1.2479156,921.0499058380415,8.836344e-10,-13.250481,91.98545,1062,-3.6338913,8.42407,,244,121,0.14999999,1260.5483283996582,4.0,,146.9515,,,1062,6.2479157,3.193548,707.66626,-4.0241475,-2.0417886,13.250481,978155,-3.7341416,6635.286,-1.0
0.14999999,0.6193527,-1.2481277,921.1232361241769,8.819726e-10,-13.250481,90.958405,1063,-3.6339076,8.42407,,244,121,0.14999999,1262.1600234508514,6.0,,146.9515,,,1063,6.248128,6.153903,168.06744,-4.0250883,-1.4733424,13.250481,979154,-3.7709634,6641.76,
0.14999999,0.43404207,-1.2470126,921.1964285714286,8.8031554e-10,-13.250481,90.82337,1064,-3.6341183,8.42407,,244,121,0.14999999,1263.8057515621185,2.0,,146.9515,,,1064,6.2470126,2.070933,126.0513,-4.0260286,-0.061663244,13.250481,980153,-3.454421,6646.8213,
0.14999999,1.672187,-1.2458494,921.2694835680751,8.7866314e-10,-13.250481,90.81973,1065,-3.6345754,8.42407,4.5048825e-29,244,121,0.14999999,1265.4411675930023,-2.0,,146.9515,,,1065,6.2458496,-1.5695125,271.22665,-4.0269685,-0.008071105,13.250481,981152,-3.539249,6651.8296,
0.14999999,0.5245065,-1.2447191,921.3424015009381,8.770155e-10,-13.250481,90.80232,1066,-3.6348705,8.42407,,244,121,0.14999999,1266.9770352840424,-6.0,,146.9515,,,1066,6.244719,-5.787075,315.6358,-4.027907,-0.041164074,13.250481,982151,-4.480318,6656.8706,
0.14999999,0.96879876,-1.2435623,921.415182755389,8.753724e-10,-13.250481,90.684555,1067,-3.6354373,8.42407,,244,121,0.14999999,1268.4878766536713,6.0,,146.9515,,,1067,6.243562,5.5900426,273.19754,-4.0288444,-0.010333765,13.250481,983150,-3.7250361,6661.881,-0.4
0.14999999,0.604859,-1.2430826,921.3586142322098,8.7373386e-10,-13.250481,88.53756,1068,-3.635931,8.42407,,244,121,0.14999999,1269.98673081398,4.0,,146.9515,,,1068,6.2430825,4.1764035,195.10551,-4.0297813,-0.731302,13.250481,984011,-4.0721188,6667.6123,
0.14999999,1.0507207,-1.2419242,921.4312441534144,8.7209995e-10,-13.250481,88.507744,1069,-3.636109,8.42407,,244,121,0.14999999,1271.6642117500305,-4.0,,146.9515,,,1069,6.2419243,-4.079769,258.78717,-4.030717,-0.004669155,13.250481,985010,-3.401133,6672.617,
0.14999999,1.143523,-1.2407763,921.503738317757,8.7047064e-10,-13.250481,87.87269,1070,-3.636178,8.42407,,244,121,0.14999999,1273.2483265399933,-4.0,,146.9515,0.5541134,,1070,6.240776,-4.363757,401.6437,-4.031652,-0.013568585,13.250481,986009,-3.6996222,6677.631,-0.6
0.14999999,0.9295103,-1.2402316,921.5760971055089,8.6884583e-10,-13.250481,87.871544,1071,-3.6370888,8.42407,,244,121,0.14999999,1274.8474342823029,4.0,,146.9515,,,1071,6.2402315,4.1719174,242.60649,-4.032586,-0.65755624,13.250481,987008,-4.6456165,6683.288,0.4
0.14999999,1.4838188,-1.2395542,921.6483208955224,8.672256e-10,-13.250481,87.69911,1072,-3.6382582,8.42407,,244,121,0.14999999,1276.3132810592651,4.0,,146.9515,3.1363032e-07,,1072,6.2395544,3.5363822,475.14453,-4.0335197,-0.5140531,13.250481,988007,-4.7487593,6688.8022,-0.6
0.14999999,1.3905053,-1.2390004,921.7204100652376,8.656099e-10,-13.250481,87.21,1073,-3.63791,8.42407,,244,121,0.14999999,1277.843444108963,-4.0,,146.9515,,,1073,6.2390003,-3.2714593,448.3102,-4.034452,-0.6454506,13.250481,989006,-3.5797815,6694.4473,0.6
0.14999999,0.6303905,-1.2390693,921.7923649906891,8.639988e-10,-13.250481,86.755936,1074,-3.6382327,8.42407,,244,121,0.14999999,1279.4198682308197,4.0,,146.9515,,,1074,6.2390695,4.8248734,155.5094,-4.035383,-1.3129473,13.250481,990005,-4.205464,6700.7607,0.8
0.14999999,0.62490165,-1.240731,921.8641860465116,8.6239205e-10,-13.250481,83.26041,1075,-3.6387668,8.42407,,244,121,0.14999999,1281.0260360240936,-4.0,,146.9515,,,1075,6.2407312,-4.0019884,196.74641,-4.036314,-3.0252686,13.250481,991004,-3.814913,6708.786,-0.2
0.14999999,0.7697131,-1.2395813,921.9358736059479,8.6078983e-10,-13.250481,83.18683,1076,-3.6390574,8.42407,,244,121,0.14999999,1282.6129839420319,4.0,,146.9515,,,1076,6.239581,3.620555,387.1395,-4.037244,-0.0037140567,13.250481,992003,-3.5468042,6713.7896,-0.2
0.14999999,1.5628856,-1.238728,922.0074280408543,8.5919205e-10,-13.250481,82.99785,1077,-3.639469,8.42407,,244,121,0.14999999,1284.2056913375854,-4.0,,146.9515,,,1077,6.238728,-3.8028035,430.94684,-4.0381727,-0.32055926,13.250481,993002,-3.7885509,6719.1104,0.2
0.14999999,1.0117203,-1.2378168,922.0788497217069,8.5759877e-10,-13.250481,79.61815,1078,-3.63891,8.42407,,244,121,0.14999999,1285.8676190376282,-8.0,,146.9515,,,1078,6.237817,-9.019978,542.58136,-4.039101,-0.25652093,13.250481,994001,-3.46911,6724.3667,-1.0
0.14999999,0.72249144,-1.2383368,922.1501390176089,8.560099e-10,-13.250481,79.09602,1079,-3.6391187,8.42407,,244,121,0.14999999,1287.437341451645,4.0,,146.9515,,,1079,6.2383366,4.348462,185.62326,-4.040028,-1.798803,13.250481,995000,-3.7478957,6731.1655,0.2
0.14999999,0.60038334,-1.2380507,922.2212962962963,8.544255e-10,-13.250481,78.75432,1080,-3.6402845,8.42407,,244,121,0.14999999,1288.9403240680695,-4.0,,146.9515,,,1080,6.2380505,-4.8638277,224.13821,-4.0409546,-0.92928374,13.250481,995999,-4.5880423,6737.0947,-0.4
0.14999999,0.6351629,-1.237883,922.2923219241443,8.5284524e-10,-13.250481,78.60392,1081,-3.640543,8.42407,,244,121,0.14999999,1290.4543325901031,8.0,,146.9515,,,1081,6.237883,8.855623,517.257,-4.04188,-1.0567635,13.250481,996998,-3.4896157,6743.1514,1.0
0.14999999,1.2173488,-1.2427523,922.3632162661737,8.5126955e-10,-13.250481,78.58564,1082,-3.64075,8.42407,,244,121,0.14999999,1291.9678292274475,4.0,,146.9515,,,1082,6.242752,3.3742385,302.90924,-4.0428047,-6.5065475,13.250481,997997,-3.4102318,6754.658,-0.4
0.14999999,1.0408391,-1.2421643,922.1828254847645,8.496983e-10,-13.250481,78.52233,1083,-3.6409085,8.42407,,244,121,0.14999999,1293.4854021072388,8.0,,146.9515,,,1083,6.242164,7.9767923,455.10632,-4.0437284,-0.6059708,13.250481,998724,-3.9345472,6760.2637,
0.14999999,1.2436416,-1.2404003,921.7739852398524,8.4813123e-10,-13.250481,78.44086,1084,-3.6402528,8.42407,,244,121,0.14999999,1294.7822470664978,4.0,,146.9515,,,1084,6.2404003,4.4046793,313.1144,-4.0446515,0.66993463,13.250481,999203,-2.8732064,6764.5938,0.6
0.14999999,1.2562263,-1.2398298,921.8451612903226,8.4656865e-10,-13.250481,78.429565,1085,-3.6400094,8.42407,,244,121,0.14999999,1296.3950090408325,4.0,,146.9515,3.5012566e-12,,1085,6.23983,3.5075998,269.95663,-4.045573,-0.62128145,13.250481,1000202,-3.5270953,6770.2153,-0.8
0.14999999,1.2272838,-1.2394692,921.767955801105,8.450103e-10,-13.250481,78.39715,1086,-3.6396322,8.42407,,244,121,0.14999999,1297.973445892334,-4.0,,146.9515,,,1086,6.239469,-4.9102726,345.95947,-4.0464945,-0.8481138,13.250481,1001040,-3.3978722,6776.0635,-0.8
0.14999999,1.4106784,-1.239141,921.8390064397424,8.434562e-10,-13.250481,78.302956,1087,-3.6392977,8.42407,,244,121,0.14999999,1299.6240708827972,-4.0,,146.9515,1.6807796e-09,,1087,6.239141,-3.5468428,291.754,-4.0474153,-0.88291425,13.250481,1002039,-3.40881,6781.9463,0.4
0.14999999,1.7424563,-1.2383286,921.9099264705883,8.4190654e-10,-13.250481,78.20333,1088,-3.6392934,8.42407,,244,121,0.14999999,1301.2392599582672,8.0,,146.9515,,,1088,6.2383285,7.290764,303.97925,-4.0483346,-0.35522255,13.250481,1003038,-3.9466496,6787.302,-1.0
0.14999999,0.92503875,-1.2384747,921.8953168044077,8.40361e-10,-13.250481,77.75966,1089,-3.639348,8.42407,,244,121,0.14999999,1302.809115409851,-4.0,,146.9515,,,1089,6.238475,-2.9865994,301.48355,-4.0492535,-1.397499,13.250481,1003944,-4.2899528,6793.699,0.8
0.14999999,0.727951,-1.2394207,921.9660550458716,8.388198e-10,-13.250481,77.64674,1090,-3.6406846,8.42407,,244,121,0.14999999,1304.351002216339,8.0,,146.9515,,,1090,6.239421,7.770035,195.7879,-4.0501714,-2.2694285,13.250481,1004943,-4.9602246,6800.9688,-0.4
0.14999999,0.9705891,-1.2373838,921.5022914757103,8.3728274e-10,-13.250481,77.51512,1091,-3.642281,8.42407,,244,121,0.14999999,1305.6265938282013,-8.0,,146.9515,,,1091,6.237384,-7.8409863,303.5686,-4.0510883,0.9828051,13.250481,1005359,-5.075969,6804.986,
0.14999999,1.1758738,-1.2363464,921.57326007326,8.3574997e-10,-13.250481,77.001274,1092,-3.6424117,8.42407,,244,121,0.14999999,1307.2685589790344,-8.0,,146.9515,0.11193147,,1092,6.2363462,-8.711544,318.95163,-4.0520043,-0.10451405,13.250481,1006358,-3.6928458,6810.0903,-0.4
0.14999999,1.0050788,-1.235879,921.644098810613,8.3422136e-10,-13.250481,76.98459,1093,-3.6429927,8.42407,,244,121,0.14999999,1308.7080347537994,-8.0,,146.9515,2.6573656e-07,,1093,6.235879,-7.784102,336.3244,-4.05292,-0.725435,13.250481,1007357,-4.3715043,6815.8154,0.4
0.14999999,1.2428904,-1.2349668,921.7148080438757,8.32697e-10,-13.250481,76.49917,1094,-3.6431422,8.42407,,244,121,0.14999999,1310.4066092967987,8.0,,146.9515,,,1094,6.2349668,8.384979,408.25922,-4.053834,-0.2378966,13.250481,1008356,-3.7349455,6821.0537,0.4
0.14999999,1.6489904,-1.2343426,921.7853881278539,8.311769e-10,-13.250481,75.751945,1095,-3.6430867,8.42407,,244,121,0.14999999,1311.913648366928,4.0,,146.9515,,,1095,6.2343426,4.893991,739.03467,-4.0547476,-0.55151373,13.250481,1009355,-3.7182167,6826.605,1.0
0.14999999,1.6981663,-1.2358406,921.8558394160584,8.296608e-10,-13.250481,74.3885,1096,-3.6426504,8.42407,,244,121,0.14999999,1313.5011038780212,-8.0,,146.9515,,,1096,6.235841,-7.0657268,787.03186,-4.0556607,-2.8761585,13.250481,1010354,-3.513879,6834.4814,1.0
0.14999999,1.116548,-1.2382917,921.9261622607111,8.281489e-10,-13.250481,73.975075,1097,-3.6423275,8.42407,,244,121,0.14999999,1315.0186684131622,8.0,,146.9515,,,1097,6.2382917,7.6079793,229.16232,-4.0565724,-3.924855,13.250481,1011353,-3.709089,6843.4062,-0.6
0.14999999,0.8134053,-1.2375861,921.6457194899817,8.266411e-10,-13.250481,73.53484,1098,-3.642752,8.42407,,244,121,0.14999999,1316.4677023887634,2.0,,146.9515,,,1098,6.237586,1.1641247,265.87213,-4.0574837,-0.46360308,13.250481,1011967,-4.170277,6848.8696,-0.8
0.14999999,0.9669564,-1.237729,921.7161055505004,8.2513746e-10,-13.250481,73.36124,1099,-3.6428776,8.42407,,244,121,0.14999999,1317.890866279602,-8.0,,146.9515,,,1099,6.237729,-8.93977,361.88516,-4.058394,-1.3944837,13.250481,1012966,-3.5432997,6855.264,-0.6
0.14999999,0.6486909,-1.2378243,921.7863636363636,8.236379e-10,-13.250481,73.08115,1100,-3.6434333,8.42407,,244,121,0.14999999,1319.6125366687775,-8.0,,146.9515,1.18025265e-17,,1100,6.2378244,-7.3796415,132.86426,-4.0593038,-1.3426739,13.250481,1013965,-4.1554565,6861.607,0.6
0.14999999,0.84585255,-1.2375435,921.8564940962762,8.2214235e-10,-13.250481,72.90078,1101,-3.6432004,8.42407,,244,121,0.14999999,1321.2001550197601,8.0,,146.9515,,,1101,6.2375436,9.073794,164.67194,-4.060212,-0.9286825,13.250481,1014964,-3.0167062,6867.535,0.6
0.14999999,1.443912,-1.2395447,921.926497277677,8.20651e-10,-13.250481,72.59894,1102,-3.6456788,8.42407,,244,121,0.14999999,1322.790019273758,-6.0,,146.9515,,,1102,6.239545,-6.447483,312.5498,-4.06112,-3.442786,13.250481,1015963,-6.1856904,6875.9785,-0.8
0.14999999,1.3830582,-1.2392479,921.9963735267453,8.1916357e-10,-13.250481,72.595406,1103,-3.6454716,8.42407,2.4139698e-35,244,121,0.14999999,1324.4545781612396,-2.0,,146.9515,,,1103,6.239248,-2.515278,292.2377,-4.062027,-0.9122546,13.250481,1016962,-3.7432878,6881.8906,-0.8
0.14999999,0.8540047,-1.2387273,922.0661231884058,8.1768026e-10,-13.250481,72.53501,1104,-3.6451995,8.42407,,244,121,0.14999999,1325.9742741584778,2.0,,146.9515,,,1104,6.2387276,2.4565864,313.9973,-4.0629334,-0.6644585,13.250481,1017961,-3.625886,6887.5547,0.8
0.14999999,1.0519917,-1.2389812,922.1357466063348,8.16201e-10,-13.250481,71.95912,1105,-3.6459126,8.42407,,244,121,0.14999999,1327.5515336990356,-6.0,,146.9515,,,1105,6.2389812,-5.1582804,306.9846,-4.063839,-1.5191399,13.250481,1018960,-4.2242413,6894.074,0.8
0.14999999,0.7227383,-1.2400967,922.2052441229656,8.147257e-10,-13.250481,71.8261,1106,-3.645848,8.42407,,244,121,0.14999999,1329.029299736023,8.0,,146.9515,,,1106,6.2400966,7.9721446,178.00443,-4.0647435,-2.4727197,13.250481,1019959,-3.5481567,6901.547,-0.2
0.14999999,0.91572994,-1.2384173,921.8202348690154,8.1325435e-10,-13.250481,71.820145,1107,-3.6458137,8.42407,4.0122498e-35,244,121,0.14999999,1330.362550020218,-2.0,,146.9515,,,1107,6.238417,-1.062185,313.6217,-4.065647,0.6189703,13.250481,1020455,-3.3045657,6905.9277,0.8
0.14999999,1.1255567,-1.2396399,921.8898916967509,8.117871e-10,-13.250481,71.56224,1108,-3.646221,8.42407,,244,121,0.14999999,1331.9642276763916,8.0,,146.9515,,,1108,6.2396398,8.212402,224.97952,-4.0665503,-2.593169,13.250481,1021454,-3.9477043,6913.521,0.2
0.14999999,0.67945105,-1.2351713,921.3516681695221,8.103237e-10,-13.250481,71.37107,1109,-3.64656,8.42407,,244,121,0.14999999,1333.3552916049957,2.0,,146.9515,,,1109,6.2351713,1.6133447,243.77959,-4.067452,3.7161362,13.250481,1021779,-4.086618,6914.8047,-0.4
0.14999999,0.76383865,-1.2343318,921.4216216216216,8.0886436e-10,-13.250481,71.31914,1110,-3.6466975,8.42407,1.1822951e-30,244,121,0.14999999,1334.8714261054993,-2.0,,146.9515,,,1110,6.234332,-2.0271082,242.81747,-4.0683537,-0.3035753,13.250481,1022778,-3.4404066,6920.1084,-0.4
0.14999999,0.9817379,-1.2334263,921.4914491449144,8.0740886e-10,-13.250481,71.27664,1111,-3.6477258,8.42407,,244,121,0.14999999,1336.366084098816,-6.0,,146.9515,,,1111,6.233426,-6.440288,211.50668,-4.069254,-0.22818716,13.250481,1023777,-4.510902,6925.337,-0.4
0.14999999,0.9036049,-1.2327931,921.5611510791367,8.059574e-10,-13.250481,71.23202,1112,-3.647647,8.42407,,244,121,0.14999999,1337.9047429561615,-8.0,,146.9515,,,1112,6.232793,-8.075233,285.6878,-4.0701537,-0.52934575,13.250481,1024776,-3.4785337,6930.866,-0.2
0.14999999,1.1295652,-1.2317291,921.6307277628032,8.0450974e-10,-13.250481,71.15871,1113,-3.6472566,8.42407,,244,121,0.14999999,1339.3667705059052,6.0,,146.9515,,,1113,6.231729,5.1253753,238.38237,-4.0710526,-0.048508912,13.250481,1025775,-3.0660257,6935.9146,-0.8
0.14999999,1.4228892,-1.2319001,921.4479353680431,8.0306606e-10,-13.250481,71.1505,1114,-3.6470647,8.42407,,244,121,0.14999999,1340.8153648376465,-8.0,,146.9515,,,1114,6.2319,-7.5901875,383.2723,-4.0719504,-1.4221258,13.250481,1026493,-3.4980316,6942.337,0.2
0.14999999,0.71416605,-1.2312198,921.5174887892376,8.016262e-10,-13.250481,71.13753,1115,-3.6463573,8.42407,1.52833525e-30,244,121,0.14999999,1342.3753545284271,-2.0,,146.9515,,,1115,6.23122,-1.6753223,188.74124,-4.072848,-0.473456,13.250481,1027492,-3.1643748,6947.81,0.4
0.14999999,0.8654997,-1.2302282,921.586917562724,8.0019025e-10,-13.250481,71.04895,1116,-3.646669,8.42407,,244,121,0.14999999,1343.9061210155487,6.0,,146.9515,,,1116,6.2302284,6.1741166,234.49297,-4.0737443,-0.12464774,13.250481,1028491,-3.6669698,6952.9346,0.4
0.14999999,1.0299131,-1.2293353,921.6562220232767,7.9875817e-10,-13.250481,71.01925,1117,-3.6466866,8.42407,,244,121,0.14999999,1345.4292550086975,6.0,,146.9515,0.3672484,,1117,6.2293353,6.654602,312.55637,-4.07464,-0.2327091,13.250481,1029490,-3.4741232,6958.1675,0.8
0.14999999,1.2972548,-1.2295796,921.7254025044723,7.9732987e-10,-13.250481,70.9593,1118,-3.646581,8.42407,,244,121,0.14999999,1347.0833821296692,-6.0,,146.9515,,,1118,6.2295794,-5.6565866,224.65771,-4.075535,-1.5024459,13.250481,1030489,-3.486488,6964.67,0.4
0.14999999,1.3325588,-1.2289404,921.7944593386952,7.9590545e-10,-13.250481,70.67168,1119,-3.646296,8.42407,,244,121,0.14999999,1348.7435307502747,2.0,,146.9515,,,1119,6.2289405,1.9232482,282.2699,-4.076429,-0.5144408,13.250481,1031488,-3.5415597,6970.1846,0.4
0.14999999,0.924275,-1.2280338,921.8633928571429,7.944848e-10,-13.250481,69.8693,1120,-3.6468086,8.42407,,244,121,0.14999999,1350.4139475822449,-8.0,,146.9515,,,1120,6.228034,-8.377371,330.03812,-4.077322,-0.21350662,13.250481,1032487,-4.4620013,6975.398,-0.8
0.14999999,1.6428181,-1.227693,921.9322033898305,7.9306806e-10,-13.250481,69.74263,1121,-3.6462216,8.42407,,244,121,0.14999999,1351.9854316711426,8.0,,146.9515,,,1121,6.227693,7.1925554,332.94165,-4.0782146,-0.84593683,13.250481,1033486,-2.856888,6981.2437,-0.8
0.14999999,0.7108581,-1.2261343,921.4643493761141,7.91655e-10,-13.250481,69.12312,1122,-3.645288,8.42407,,244,121,0.14999999,1353.3340525627136,6.0,,146.9515,,,1122,6.2261343,6.308033,159.36992,-4.0791063,0.52105874,13.250481,1033883,-3.1102357,6985.7227,
0.14999999,0.61303437,-1.2251575,921.53339269813,7.902458e-10,-13.250481,69.02153,1123,-3.6455317,8.42407,,244,121,0.14999999,1354.9517967700958,2.0,,146.9515,,,1123,6.2251577,1.9198812,239.04155,-4.079997,-0.12926964,13.250481,1034882,-3.603365,6990.852,
0.14999999,1.495248,-1.2240704,921.6023131672598,7.8884027e-10,-13.250481,69.01255,1124,-3.6457055,8.42407,4.754439e-29,244,121,0.14999999,1356.4709732532501,-2.0,,146.9515,,,1124,6.2240705,-2.0380528,225.11871,-4.0808873,-0.003266036,13.250481,1035881,-3.422568,6995.8555,
0.14999999,0.571222,-1.2230204,921.6711111111111,7.874385e-10,-13.250481,69.01431,1125,-3.6454449,8.42407,,244,121,0.14999999,1358.02578997612,-6.0,,146.9515,,,1125,6.2230206,-5.8154163,253.65219,-4.0817766,-0.04275147,13.250481,1036880,-3.750967,7000.898,
0.14999999,0.900525,-1.2220644,921.7397868561279,7.860404e-10,-13.250481,68.858345,1126,-3.6455667,8.42407,,244,121,0.14999999,1359.593504667282,6.0,,146.9515,,,1126,6.2220645,5.437263,226.26657,-4.082665,-0.14646536,13.250481,1037879,-3.3212113,7006.0444,-0.4
0.14999999,0.8000414,-1.2208258,921.3904170363797,7.846462e-10,-13.250481,68.64795,1127,-3.6457205,8.42407,,244,121,0.14999999,1360.9240837097168,8.0,,146.9515,,,1127,6.2208257,8.779926,378.93875,-4.083553,0.17367147,13.250481,1038407,-3.6753771,7010.8706,0.8
0.14999999,0.9665132,-1.2242159,921.4592198581561,7.8325557e-10,-13.250481,68.16103,1128,-3.6454797,8.42407,,244,121,0.14999999,1362.4014785289764,-8.0,,146.9515,,,1128,6.224216,-6.5479784,244.27528,-4.0844398,-5.044887,13.250481,1039406,-3.1113703,7020.9155,0.8
0.14999999,0.7548295,-1.2277561,921.5279007971657,7.818686e-10,-13.250481,66.46532,1129,-3.6453564,8.42407,,244,121,0.14999999,1363.8774733543396,-4.0,,146.9515,,,1129,6.227756,-4.9591303,257.80493,-4.0853257,-5.2209992,13.250481,1040405,-3.4266307,7031.1367,-1.0
0.14999999,0.96744126,-1.2279851,921.5964601769912,7.804854e-10,-13.250481,66.39217,1130,-3.6453774,8.42407,,244,121,0.14999999,1365.4290010929108,4.0,,146.9515,,,1130,6.2279854,3.265874,405.10684,-4.086211,-1.4864603,13.250481,1041404,-3.3681514,7037.623,-1.0
0.14999999,0.6043076,-1.2284456,921.4438549955792,7.791058e-10,-13.250481,63.73004,1131,-3.645358,8.42407,,244,121,0.14999999,1366.894855260849,4.0,,146.9515,1.6986908e-07,,1131,6.2284455,4.505205,145.14409,-4.0870957,-1.7488816,13.250481,1042153,-3.499454,7044.372,
0.14999999,0.9117096,-1.2275916,921.5123674911661,7.7772994e-10,-13.250481,63.725792,1132,-3.6454892,8.42407,,244,121,0.14999999,1368.3512902259827,-4.0,,146.9515,,,1132,6.2275915,-3.0094547,495.81387,-4.0879793,-0.2618375,13.250481,1043152,-3.375315,7049.634,1.0
0.14999999,1.1993302,-1.2314007,921.5807590467784,7.763577e-10,-13.250481,63.71335,1133,-3.6458,8.42407,,244,121,0.14999999,1369.8770909309387,-4.0,,146.9515,1.060914e-09,,1133,6.2314005,-4.0125976,214.77701,-4.0888624,-5.543106,13.250481,1044151,-3.8099904,7060.177,
0.14999999,0.6346417,-1.2304183,921.6490299823633,7.74989e-10,-13.250481,63.14727,1134,-3.6464581,8.42407,,244,121,0.14999999,1371.4469046592712,-4.0,,146.9515,122.95895,,1134,6.230418,-4.2425256,182.85718,-4.0897446,-0.11753921,13.250481,1045150,-4.527014,7065.2944,-0.4
0.14999999,1.2113483,-1.2296743,921.71718061674,7.7362405e-10,-13.250481,62.90484,1135,-3.6471934,8.42407,,244,121,0.14999999,1373.169049501419,4.0,,146.9515,,,1135,6.2296743,3.6281662,244.5108,-4.0906262,-0.38599622,13.250481,1046149,-4.08913,7070.6807,-0.4
0.14999999,1.3643217,-1.2289718,921.6073943661971,7.722626e-10,-13.250481,62.80977,1136,-3.646751,8.42407,,244,121,0.14999999,1374.802323102951,4.0,,146.9515,3.6863657e-05,,1136,6.228972,4.71862,278.39627,-4.091507,-0.43158224,13.250481,1046946,-3.2797558,7076.1123,0.4
0.14999999,1.3955443,-1.2292436,921.6754617414248,7.709048e-10,-13.250481,62.71177,1137,-3.6463606,8.42407,,244,121,0.14999999,1376.420597076416,-4.0,,146.9515,,,1137,6.2292438,-3.7356,258.87134,-4.0923867,-1.5379984,13.250481,1047945,-3.469979,7082.65,0.4
0.14999999,1.1899184,-1.2281687,921.7434094903339,7.695505e-10,-13.250481,61.030453,1138,-3.646961,8.42407,,244,121,0.14999999,1378.1481401920319,-4.0,,146.9515,0.03233448,,1138,6.2281685,-4.5376267,232.38617,-4.093266,-0.0058936793,13.250481,1048944,-4.6372705,7087.6562,-0.6
0.14999999,1.0359416,-1.2281234,921.811237928007,7.6819984e-10,-13.250481,60.958466,1139,-3.6476376,8.42407,,244,121,0.14999999,1379.7921524047852,4.0,,146.9515,,,1139,6.2281237,4.8904204,262.43652,-4.0941443,-1.1766255,13.250481,1049943,-4.5407577,7093.8325,0.8
0.14999999,1.4549397,-1.229403,921.8789473684211,7.668527e-10,-13.250481,60.94435,1140,-3.647403,8.42407,,244,121,0.14999999,1381.2249999046326,4.0,,146.9515,5.8676705e-17,,1140,6.229403,3.5084338,253.67856,-4.0950217,-2.6868508,13.250481,1050942,-3.3565397,7101.5195,-0.6
0.14999999,1.4601655,-1.2288184,921.5644171779142,7.6550905e-10,-13.250481,60.852657,1141,-3.6467493,8.42407,,244,121,0.14999999,1382.539813041687,8.0,,146.9515,,,1141,6.2288184,7.4457226,237.17271,-4.0958986,-0.5623642,13.250481,1051505,-3.2653935,7107.082,-1.0
0.14999999,1.132982,-1.2258985,921.0472854640981,7.6416906e-10,-13.250481,60.83467,1142,-3.6476932,8.42407,,244,121,0.14999999,1383.825107574463,8.0,,146.9515,0.00011454716,,1142,6.2258987,7.9197626,255.82489,-4.0967746,2.1057653,13.250481,1051836,-5.093432,7109.976,
0.14999999,1.0984706,-1.2213603,920.5205599300087,7.628325e-10,-13.250481,60.73027,1143,-3.6472495,8.42407,,244,121,0.14999999,1384.9598007202148,-8.0,,146.9515,,,1143,6.22136,-9.269926,378.99567,-4.09765,3.9611151,13.250481,1052155,-3.2041311,7111.0146,-1.0
0.14999999,1.1713755,-1.222225,920.5891608391609,7.614995e-10,-13.250481,60.467484,1144,-3.6481216,8.42407,,244,121,0.14999999,1386.5024163722992,-4.0,,146.9515,,,1144,6.222225,-3.2615914,262.88266,-4.0985246,-2.2105136,13.250481,1053154,-4.648627,7118.2256,0.6
0.14999999,0.843207,-1.222836,920.6576419213974,7.601699e-10,-13.250481,59.973816,1145,-3.6478534,8.42407,,244,121,0.14999999,1387.9945645332336,-4.0,,146.9515,1.537117e-06,,1145,6.222836,-3.9145138,235.02077,-4.099398,-1.921811,13.250481,1054153,-3.4308841,7125.1475,-0.2
0.14999999,0.6556323,-1.221769,920.7260034904014,7.588438e-10,-13.250481,59.92597,1146,-3.6479356,8.42407,,244,121,0.14999999,1389.4317891597748,4.0,,146.9515,,,1146,6.221769,3.2531605,193.92183,-4.100271,-6.533945e-06,13.250481,1055152,-3.5461721,7130.1475,-0.2
0.14999999,0.9176638,-1.2211753,920.794245858762,7.575212e-10,-13.250481,59.87867,1147,-3.6491969,8.42407,,244,121,0.14999999,1391.1716332435608,2.0,,146.9515,4.8893906e-28,,1147,6.221175,1.1840457,250.19656,-4.1011434,-0.54088056,13.250481,1056151,-4.72609,7135.688,-0.8
0.14999999,0.595969,-1.2213701,920.8623693379791,7.5620205e-10,-13.250481,59.878647,1148,-3.6491103,8.42407,,244,121,0.14999999,1392.6512441635132,8.0,,146.9515,,,1148,6.22137,8.743823,334.31836,-4.1020145,-1.4447317,13.250481,1057150,-3.4104369,7142.133,1.0
0.14999999,0.694625,-1.2238506,920.9303742384683,7.548865e-10,-13.250481,59.845684,1149,-3.6488736,8.42407,,244,121,0.14999999,1394.2843959331512,4.0,,146.9515,,,1149,6.2238507,4.132252,123.09282,-4.1028852,-4.071538,13.250481,1058149,-2.93139,7151.204,0.2
0.14999999,1.4151123,-1.2228096,920.9982608695652,7.5357415e-10,-13.250481,59.8172,1150,-3.6487312,8.42407,,244,121,0.14999999,1395.9539458751678,-4.0,,146.9515,,,1150,6.22281,-3.5606904,229.71187,-4.1037555,-0.026598267,13.250481,1059148,-3.1592562,7156.231,0.2
0.14999999,1.0016061,-1.2219796,921.0660295395309,7.522653e-10,-13.250481,59.687035,1151,-3.6485648,8.42407,,244,121,0.14999999,1397.6590220928192,8.0,,146.9515,,,1151,6.2219796,7.94981,266.4891,-4.1046247,-0.26745918,13.250481,1060147,-3.8081353,7161.4985,-0.4
0.14999999,1.2252634,-1.2185175,920.5607638888889,7.509598e-10,-13.250481,59.35772,1152,-3.6513698,8.42407,2.5212058e-35,244,121,0.14999999,1398.83021402359,-2.0,,146.9515,,,1152,6.2185173,-2.7284157,239.66129,-4.105493,2.766271,13.250481,1060486,-6.8264947,7163.7324,-0.8
0.14999999,1.289018,-1.2183841,920.6287944492628,7.4965784e-10,-13.250481,59.354454,1153,-3.6510072,8.42407,,244,121,0.14999999,1400.3131849765778,-6.0,,146.9515,,,1153,6.2183843,-6.711915,253.01823,-4.106361,-1.0647687,13.250481,1061485,-3.3869848,7169.797,-0.8
0.14999999,0.8737941,-1.2186285,920.6967071057193,7.4835915e-10,-13.250481,59.249844,1154,-3.6508553,8.42407,,244,121,0.14999999,1401.9418487548828,-8.0,,146.9515,,,1154,6.2186284,-7.917989,205.98172,-4.107228,-1.5004325,13.250481,1062484,-3.6822138,7176.2974,
0.14999999,0.8177713,-1.2175875,920.7645021645021,7.4706386e-10,-13.250481,59.22501,1155,-3.6504645,8.42407,,244,121,0.14999999,1403.5275404453278,2.0,,146.9515,,,1155,6.2175875,2.7901187,254.2681,-4.1080937,-0.016190575,13.250481,1063483,-3.0389612,7181.3135,0.8
0.14999999,0.77028847,-1.2191436,920.8321799307959,7.457719e-10,-13.250481,59.15354,1156,-3.6504557,8.42407,,244,121,0.14999999,1405.157900094986,2.0,,146.9515,8.7280096e-13,,1156,6.219144,1.929439,208.38432,-4.108959,-3.016545,13.250481,1064482,-3.4098341,7189.33,-0.4
0.14999999,0.74941146,-1.2181581,920.8997407087295,7.4448336e-10,-13.250481,59.130768,1157,-3.6505418,8.42407,1.2323599e-30,244,121,0.14999999,1406.812468290329,-2.0,,146.9515,,,1157,6.2181582,-2.5198019,203.18947,-4.1098237,-0.07890321,13.250481,1065481,-3.4787784,7194.409,-0.4
0.14999999,1.0567646,-1.21746,920.9671848013817,7.4319806e-10,-13.250481,59.129356,1158,-3.650653,8.42407,,244,121,0.14999999,1408.411373615265,4.0,,146.9515,,,1158,6.21746,3.1646445,188.36172,-4.1106877,-0.409793,13.250481,1066480,-3.496466,7199.819,-0.8
0.14999999,1.0061158,-1.2175505,920.7704918032787,7.4191603e-10,-13.250481,59.044983,1159,-3.6503587,8.42407,,244,121,0.14999999,1409.9477128982544,-6.0,,146.9515,,,1159,6.2175503,-6.645154,197.1604,-4.111551,-1.3224077,13.250481,1067173,-3.3192737,7206.141,-0.4
0.14999999,0.71717185,-1.2169645,920.8379310344827,7.406375e-10,-13.250481,58.993515,1160,-3.6505885,8.42407,1.5900177e-30,244,121,0.14999999,1411.4668073654175,-2.0,,146.9515,,,1160,6.2169647,-1.7818412,167.858,-4.1124134,-0.5376481,13.250481,1068172,-3.8644652,7211.6787,0.4
0.14999999,1.2206278,-1.2161099,920.9052540913005,7.393621e-10,-13.250481,58.851997,1161,-3.650558,8.42407,,244,121,0.14999999,1413.061653137207,-4.0,,146.9515,,,1161,6.2161098,-4.930113,229.57137,-4.113275,-0.22466016,13.250481,1069171,-3.299007,7216.9033,-0.8
0.14999999,1.0386494,-1.2161365,920.9724612736661,7.3809014e-10,-13.250481,58.848038,1162,-3.6500947,8.42407,,244,121,0.14999999,1414.8276398181915,-8.0,,146.9515,,,1162,6.2161365,-8.720977,217.47748,-4.114136,-1.2470149,13.250481,1070170,-3.265073,7223.1504,-0.4
0.14999999,0.95842713,-1.2155877,921.0395528804816,7.368214e-10,-13.250481,58.826145,1163,-3.650818,8.42407,,244,121,0.14999999,1416.403371810913,6.0,,146.9515,,,1163,6.2155876,6.630247,199.14745,-4.1149964,-0.57810646,13.250481,1071169,-4.4816756,7228.7285,0.4
0.14999999,1.0600762,-1.2153665,921.106529209622,7.3555595e-10,-13.250481,58.779415,1164,-3.6509519,8.42407,,244,121,0.14999999,1417.9754405021667,-8.0,,146.9515,,,1164,6.2153664,-7.346074,225.75058,-4.1158557,-0.95801085,13.250481,1072168,-3.715656,7234.6865,0.4
0.14999999,1.1748115,-1.2146933,921.1733905579399,7.3429374e-10,-13.250481,58.73298,1165,-3.6502876,8.42407,,244,121,0.14999999,1419.5298154354095,6.0,,146.9515,,,1165,6.214693,5.372887,221.20181,-4.1167145,-0.43103433,13.250481,1073167,-2.885404,7240.1177,-0.8
0.14999999,1.4007323,-1.2142017,921.0051457975986,7.3303474e-10,-13.250481,58.73421,1166,-3.6499178,8.42407,,244,121,0.14999999,1421.0138239860535,-6.0,,146.9515,,,1166,6.214202,-5.7934546,232.86436,-4.1175723,-0.6415551,13.250481,1073892,-3.3290005,7245.7593,0.4
0.14999999,1.2241036,-1.2131926,921.0719794344473,7.3177897e-10,-13.250481,58.66503,1167,-3.6494882,8.42407,,244,121,0.14999999,1422.6580030918121,4.0,,146.9515,,,1167,6.2131925,4.871688,211.18208,-4.1184297,-0.03661726,13.250481,1074891,-3.4678307,7250.796,0.6
0.14999999,1.1532247,-1.2149681,921.138698630137,7.3052653e-10,-13.250481,58.614124,1168,-3.64906,8.42407,,244,121,0.14999999,1424.3239541053772,2.0,,146.9515,,,1168,6.214968,2.6537979,232.53104,-4.1192865,-3.2870398,13.250481,1075890,-3.3143485,7259.083,0.4
0.14999999,1.094268,-1.21418,921.2053036783576,7.292772e-10,-13.250481,58.534233,1169,-3.6489925,8.42407,,244,121,0.14999999,1425.9285862445831,8.0,,146.9515,,,1169,6.21418,8.605517,253.84349,-4.120142,-0.2935883,13.250481,1076889,-3.6615913,7264.3765,0.4
0.14999999,1.0768002,-1.2142012,921.2717948717949,7.280311e-10,-13.250481,58.397217,1170,-3.6491444,8.42407,,244,121,0.14999999,1427.602732181549,-6.0,,146.9515,,,1170,6.214201,-4.8341804,252.19254,-4.1209974,-1.2389636,13.250481,1077888,-3.8609505,7270.615,0.8
0.14999999,0.9735386,-1.2163718,921.338172502135,7.267882e-10,-13.250481,58.20018,1171,-3.6492882,8.42407,4.2442194e-35,244,121,0.14999999,1429.3439049720764,-2.0,,146.9515,,,1171,6.2163715,-1.2657512,256.06055,-4.1218514,-3.7559235,13.250481,1078887,-3.822638,7279.371,0.8
0.14999999,1.2805749,-1.2172508,921.4044368600682,7.2554845e-10,-13.250481,58.14696,1172,-3.6491454,8.42407,,244,121,0.14999999,1431.055431842804,8.0,,146.9515,,,1172,6.217251,6.922241,221.42068,-4.122705,-2.2466998,13.250481,1079886,-3.391726,7286.618,-0.6
0.14999999,0.70175755,-1.2148777,920.8942881500426,7.2431194e-10,-13.250481,58.013294,1173,-3.6487606,8.42407,,244,121,0.14999999,1432.3655817508698,6.0,,146.9515,,,1173,6.2148776,6.0903463,141.39565,-4.123558,1.5665052,13.250481,1080209,-3.4231408,7290.052,
0.14999999,0.78733647,-1.2135485,920.583475298126,7.230785e-10,-13.250481,57.92824,1174,-3.6488826,8.42407,,244,121,0.14999999,1433.6530520915985,2.0,,146.9515,,,1174,6.2135487,1.9691174,207.78632,-4.12441,0.34550837,13.250481,1080765,-3.4710135,7294.706,
0.14999999,0.661296,-1.2125206,920.6502127659575,7.2184825e-10,-13.250481,57.916454,1175,-3.6487496,8.42407,,244,121,0.14999999,1435.3297090530396,-6.0,,146.9515,,,1175,6.2125206,-6.0038705,213.90448,-4.125262,-0.005696553,13.250481,1081764,-3.2413101,7299.712,
0.14999999,1.411641,-1.2115228,920.7168367346939,7.206211e-10,-13.250481,57.917507,1176,-3.6489892,8.42407,4.974405e-29,244,121,0.14999999,1436.882896900177,-2.0,,146.9515,,,1176,6.211523,-1.8778365,194.08408,-4.1261125,-0.039209433,13.250481,1082763,-3.560681,7304.751,
0.14999999,1.035742,-1.2105138,920.7833474936278,7.193972e-10,-13.250481,57.900944,1177,-3.648369,8.42407,,244,121,0.14999999,1438.5575091838837,-4.0,,146.9515,,,1177,6.210514,-3.3294086,215.3172,-4.126962,-0.023925012,13.250481,1083762,-3.2558913,7309.775,0.8
0.14999999,1.0115281,-1.2117839,920.8497453310696,7.1817635e-10,-13.250481,57.80493,1178,-3.6481283,8.42407,,244,121,0.14999999,1440.2640964984894,6.0,,146.9515,,,1178,6.211784,6.915587,255.63905,-4.1278114,-2.7067077,13.250481,1084761,-3.3438778,7317.4814,0.8
0.14999999,0.9609195,-1.2131219,920.9160305343512,7.1695855e-10,-13.250481,57.76745,1179,-3.6482792,8.42407,,244,121,0.14999999,1441.9161367416382,6.0,,146.9515,6.4300757e-12,,1179,6.213122,5.620821,194.96416,-4.12866,-2.7891636,13.250481,1085760,-3.7828064,7325.2705,-0.4
0.14999999,0.85605717,-1.2121726,920.6449152542373,7.1574396e-10,-13.250481,57.616287,1180,-3.6479964,8.42407,,244,121,0.14999999,1443.397925376892,8.0,,146.9515,7.488056e-38,,1180,6.2121725,7.8496847,145.46446,-4.129508,-0.0929957,13.250481,1086361,-3.2354863,7330.364,-0.2
0.14999999,1.0647659,-1.2096227,920.1998306519898,7.145324e-10,-13.250481,57.107475,1181,-3.6474683,8.42407,,244,121,0.14999999,1444.821624994278,8.0,,146.9515,28.963984,,1181,6.209623,8.085132,153.60388,-4.130355,1.7992383,13.250481,1086756,-2.854536,7333.5645,0.2
0.14999999,1.2585759,-1.2074497,919.7758037225042,7.1332384e-10,-13.250481,57.110085,1182,-3.6475787,8.42407,,244,121,0.14999999,1446.0688066482544,4.0,,146.9515,,,1182,6.20745,5.3539405,442.29037,-4.1312013,1.3588653,13.250481,1087175,-3.801404,7337.2056,1.0
0.14999999,1.004765,-1.2148293,919.8427726120034,7.1211836e-10,-13.250481,57.021675,1183,-3.6495638,8.42407,,244,121,0.14999999,1447.642302274704,-8.0,,146.9515,,,1183,6.2148294,-8.947983,239.12534,-4.132047,-9.937449,13.250481,1088174,-6.1293535,7352.143,-0.6
0.14999999,1.3400021,-1.2151681,919.9096283783783,7.1091594e-10,-13.250481,56.9253,1184,-3.6493704,8.42407,,244,121,0.14999999,1449.2042262554169,-8.0,,146.9515,1.0063548e-33,,1184,6.215168,-7.090154,472.8405,-4.132892,-1.6160121,13.250481,1089173,-3.3767736,7358.759,1.0
0.14999999,0.7002898,-1.2160314,919.9763713080168,7.0971656e-10,-13.250481,56.78968,1185,-3.6486082,8.42407,,244,121,0.14999999,1450.7393476963043,-8.0,,146.9515,46.00692,,1185,6.2160316,-7.292977,108.61246,-4.133736,-2.2381265,13.250481,1090172,-2.9539065,7365.997,0.6
0.14999999,0.8415936,-1.215648,920.0430016863406,7.0852024e-10,-13.250481,56.324627,1186,-3.6482062,8.42407,,244,121,0.14999999,1452.2423577308655,-8.0,,146.9515,0.0012141792,,1186,6.215648,-8.392109,203.43329,-4.1345797,-0.7612843,13.250481,1091171,-2.8555086,7371.759,-0.2
0.14999999,1.1729882,-1.2147745,920.1095197978096,7.07327e-10,-13.250481,56.25538,1187,-3.6484659,8.42407,,244,121,0.14999999,1453.9771046638489,-8.0,,146.9515,2.235019,,1187,6.2147746,-7.8244886,245.00903,-4.1354227,-0.17872496,13.250481,1092170,-3.7660866,7376.9375,0.2
0.14999999,0.9268441,-1.2138156,920.175925925926,7.061367e-10,-13.250481,56.180923,1188,-3.6478271,8.42407,,244,121,0.14999999,1455.656708240509,8.0,,146.9515,,,1188,6.2138157,8.197745,161.5687,-4.136265,-0.07575917,13.250481,1093169,-3.0012896,7382.0127,0.6
0.14999999,1.5736295,-1.2136214,920.242220353238,7.0494943e-10,-13.250481,56.052727,1189,-3.647258,8.42407,,244,121,0.14999999,1457.3960223197937,8.0,,146.9515,1.6678831e-14,,1189,6.213621,7.0309944,250.94727,-4.137106,-0.9829469,13.250481,1094168,-2.8636582,7387.996,-0.8
0.14999999,0.83876,-1.2124523,919.8008403361345,7.037651e-10,-13.250481,55.69799,1190,-3.6462102,8.42407,,244,121,0.14999999,1458.7900850772858,6.0,,146.9515,4.3887307e-34,,1190,6.2124524,5.6736555,375.52737,-4.1379466,0.1777186,13.250481,1094563,-2.881724,7392.8184,-1.0
0.14999999,0.46489757,-1.2115246,919.502938706969,7.025838e-10,-13.250481,55.202076,1191,-3.6462057,8.42407,,244,121,0.14999999,1460.2164053916931,2.0,,146.9515,,,1191,6.2115245,2.902657,200.16783,-4.138787,-0.107516535,13.250481,1095128,-3.4167113,7397.926,1.0
0.14999999,0.91601133,-1.2157736,919.5696308724832,7.014055e-10,-13.250481,55.05719,1192,-3.6470325,8.42407,,244,121,0.14999999,1461.8880002498627,-8.0,,146.9515,,,1192,6.2157736,-8.9723425,227.1162,-4.139626,-6.2764072,13.250481,1096127,-4.0732937,7409.202,-0.8
0.14999999,0.9343489,-1.2161398,919.6362112321877,7.002301e-10,-13.250481,54.933304,1193,-3.6468654,8.42407,,244,121,0.14999999,1463.4753651618958,2.0,,146.9515,,,1193,6.21614,0.69333494,298.58902,-4.140465,-1.6526058,13.250481,1097126,-3.3263836,7415.8545,-1.0
0.14999999,1.1503729,-1.2175167,919.7026800670017,6.990577e-10,-13.250481,54.718662,1194,-3.647999,8.42407,,244,121,0.14999999,1465.2258915901184,-2.0,,146.9515,,,1194,6.217517,-2.9604053,331.03027,-4.1413026,-2.860138,13.250481,1098125,-4.871543,7423.715,-1.0
0.14999999,1.1653495,-1.2180219,919.7690376569037,6.9788814e-10,-13.250481,54.685417,1195,-3.6477327,8.42407,,244,121,0.14999999,1466.797000169754,-6.0,,146.9515,,,1195,6.218022,-7.475288,233.2463,-4.1421394,-1.8212073,13.250481,1099124,-3.3987656,7430.536,-1.0
0.14999999,0.73780775,-1.2193825,919.8352842809364,6.967216e-10,-13.250481,54.68039,1196,-3.6498811,8.42407,,244,121,0.14999999,1468.4231796264648,-4.0,,146.9515,,,1196,6.2193823,-5.014637,203.81944,-4.1429763,-2.845387,13.250481,1100123,-6.321389,7438.3813,-1.0
0.14999999,0.8582147,-1.2198428,919.9014202172096,6.9555806e-10,-13.250481,54.59993,1197,-3.6497664,8.42407,,244,121,0.14999999,1470.0598287582397,4.0,,146.9515,,,1197,6.219843,3.0525649,293.5214,-4.1438117,-1.7703396,13.250481,1101122,-3.21257,7445.152,-1.0
0.14999999,0.67248774,-1.2201908,919.9674457429048,6.943973e-10,-13.250481,54.240597,1198,-3.6496375,8.42407,,244,121,0.14999999,1471.751350402832,8.0,,146.9515,,,1198,6.220191,8.729157,244.05582,-4.144647,-1.6367471,13.250481,1102121,-3.2996075,7451.7886,0.8
0.14999999,0.8403553,-1.2212219,920.0333611342786,6.9323947e-10,-13.250481,53.87994,1199,-3.649533,8.42407,,244,121,0.14999999,1473.4918217658997,-8.0,,146.9515,,,1199,6.221222,-7.3758545,183.43408,-4.145481,-2.456502,13.250481,1103120,-3.16747,7459.245,0.8
0.14999999,1.1389518,-1.221428,920.0991666666666,6.920845e-10,-13.250481,53.543602,1200,-3.6492667,8.42407,73.81489,244,121,0.14999999,1475.2086894512177,,,146.9515,,,1200,6.221428,0.09404129,187.13828,-4.146315,-1.4685248,13.250481,1104119,-3.1408713,7465.714,0.2
0.14999999,0.8636011,-1.2207043,920.1648626144879,6.909325e-10,-13.250481,53.230453,1201,-3.649745,8.42407,,244,121,0.14999999,1476.7145411968231,-6.0,,146.9515,,,1201,6.220704,-5.4785576,328.77368,-4.0874534,-0.35236803,13.250481,1105118,-4.3079023,7471.066,1.0
0.14999999,0.6257271,-1.2221105,920.2304492512479,6.8978334e-10,-13.250481,52.454594,1202,-3.6512582,8.42407,,244,121,0.14999999,1478.2360463142395,4.0,,146.9515,,,1202,6.2221107,3.925609,143.32825,-4.0882854,-2.91084,13.250481,1106117,-5.2705793,7478.9766,
0.14999999,1.3569899,-1.2211105,920.1895261845386,6.886371e-10,-13.250481,52.42975,1203,-3.651143,8.42407,,244,121,0.14999999,1479.7801189422607,-4.0,,146.9515,,,1203,6.2211103,-3.8012059,202.90463,-4.089117,-0.019125847,13.250481,1106988,-3.1155303,7483.996,
0.14999999,0.75744563,-1.2201796,920.2549833887043,6.8749373e-10,-13.250481,52.35853,1204,-3.6505382,8.42407,,244,121,0.14999999,1481.3184769153595,2.0,,146.9515,,,1204,6.2201796,0.8857161,204.23915,-4.089948,-0.10035774,13.250481,1107987,-3.216224,7489.096,-0.6
0.14999999,0.96642935,-1.2210196,920.3178423236515,6.8635314e-10,-13.250481,52.21034,1205,-3.6508129,8.42407,1.3331584e-32,244,121,0.14999999,1482.8933079242706,-2.0,,146.9515,,,1205,6.2210197,-2.3423686,201.8696,-4.0907784,-2.2324088,13.250481,1108983,-3.702468,7496.3286,-0.6
0.14999999,1.0243331,-1.2202018,920.3830845771145,6.8521533e-10,-13.250481,52.20325,1206,-3.6505682,8.42407,,244,121,0.14999999,1484.501324415207,-6.0,,146.9515,,,1206,6.220202,-6.6843805,196.48344,-4.091608,-0.23478167,13.250481,1109982,-3.2753084,7501.5635,-0.6
0.14999999,1.4736885,-1.2199717,920.4482187241093,6.840804e-10,-13.250481,52.174236,1207,-3.650249,8.42407,,244,121,0.14999999,1486.156415939331,8.0,,146.9515,,,1207,6.2199717,6.8327765,200.58241,-4.092437,-0.94240457,13.250481,1110981,-3.2440164,7507.506,-1.0
0.14999999,0.671849,-1.2209069,920.5132450331126,6.8294825e-10,-13.250481,51.997417,1208,-3.6499484,8.42407,,244,121,0.14999999,1487.8834538459778,-4.0,,146.9515,,,1208,6.2209067,-4.305892,207.36574,-4.093265,-2.3495781,13.250481,1111980,-3.684956,7514.8555,-0.4
0.14999999,1.2000566,-1.2201995,920.5781637717122,6.81819e-10,-13.250481,51.818703,1209,-3.6500216,8.42407,,244,121,0.14999999,1489.3706464767456,8.0,,146.9515,,,1209,6.2201996,7.856361,184.62761,-4.0940924,-0.36573717,13.250481,1112979,-3.3829288,7520.221,
0.14999999,0.8151453,-1.2184681,920.2033057851239,6.8069245e-10,-13.250481,51.785454,1210,-3.6491957,8.42407,1.9543064e-32,244,121,0.14999999,1490.7891747951508,-2.0,,146.9515,,,1210,6.218468,-1.9248495,186.2183,-4.094919,0.87473834,13.250481,1113446,-2.7956884,7524.3467,0.6
0.14999999,1.2183305,-1.2175479,920.2683732452518,6.7956873e-10,-13.250481,51.760105,1211,-3.6492438,8.42407,,244,121,0.14999999,1492.4496102333069,4.0,,146.9515,,,1211,6.217548,3.4395604,184.06433,-4.095745,-0.1040769,13.250481,1114445,-3.4826567,7529.4507,-0.4
0.14999999,0.92838985,-1.2172251,920.3333333333334,6.784478e-10,-13.250481,51.747597,1212,-3.64874,8.42407,,244,121,0.14999999,1494.178059577942,-4.0,,146.9515,,,1212,6.217225,-3.0461648,358.62476,-4.0965705,-0.82621515,13.250481,1115444,-3.200973,7535.277,1.0
0.14999999,1.2309884,-1.2195476,920.3981863149216,6.7732964e-10,-13.250481,51.7137,1213,-3.6485608,8.42407,,244,121,0.14999999,1495.7273981571198,-4.0,,146.9515,0.2099977,,1213,6.2195477,-3.2089489,188.58992,-4.0973954,-4.0345297,13.250481,1116443,-3.2910454,7544.3115,0.4
0.14999999,1.0671691,-1.2191856,920.4629324546952,6.7621425e-10,-13.250481,51.713985,1214,-3.6494944,8.42407,,244,121,0.14999999,1497.3682971000671,4.0,,146.9515,,,1214,6.219186,4.189668,202.21103,-4.0982194,-0.7800583,13.250481,1117442,-4.9585967,7550.0913,0.4
0.14999999,1.0010145,-1.2186387,920.5275720164609,6.751016e-10,-13.250481,51.691273,1215,-3.6499221,8.42407,,244,121,0.14999999,1499.1404933929443,-6.0,,146.9515,,,1215,6.2186384,-5.826613,196.87704,-4.099043,-0.5546434,13.250481,1118441,-4.183181,7555.646,0.6
0.14999999,1.153499,-1.2183268,920.5921052631579,6.739917e-10,-13.250481,51.541122,1216,-3.6512198,8.42407,,244,121,0.14999999,1500.8922319412231,2.0,,146.9515,,,1216,6.2183266,2.7234907,208.09766,-4.0998654,-0.8392768,13.250481,1119440,-5.184178,7561.4854,0.6
0.14999999,1.1060054,-1.2188332,920.6565324568611,6.728845e-10,-13.250481,51.293358,1217,-3.650834,8.42407,,244,121,0.14999999,1502.548996925354,6.0,,146.9515,,,1217,6.218833,6.549587,206.58252,-4.1006875,-1.8347301,13.250481,1120439,-3.2759862,7568.3203,0.6
0.14999999,0.88009787,-1.2188535,920.720853858785,6.7178e-10,-13.250481,51.132317,1218,-3.6504617,8.42407,62.21767,244,121,0.14999999,1504.2149112224579,,,146.9515,,,1218,6.2188535,0.14224161,176.18533,-4.101509,-1.2435648,13.250481,1121438,-3.244585,7574.5635,-0.2
0.14999999,0.8047296,-1.2178539,920.7850697292863,6.706783e-10,-13.250481,51.059757,1219,-3.6505678,8.42407,,244,121,0.14999999,1505.8971569538116,6.0,,146.9515,,,1219,6.217854,6.080341,187.66568,-4.05251,-0.0004749387,13.250481,1122437,-3.6173022,7579.564,
0.14999999,1.186948,-1.2165984,920.4926229508196,6.695793e-10,-13.250481,51.037575,1220,-3.6504672,8.42407,7.947658e-05,244,121,0.14999999,1507.255879163742,,,146.9515,,,1220,6.2165985,-0.7516874,187.8245,-4.0533295,0.31394845,13.250481,1123001,-3.3033423,7584.25,-0.8
0.14999999,1.1349974,-1.2168709,920.5569205569205,6.6848294e-10,-13.250481,51.023735,1221,-3.650201,8.42407,1.417177e-38,244,121,0.14999999,1508.9024646282196,-2.0,,146.9515,,,1221,6.216871,-0.74369025,348.50763,-4.054149,-1.5493591,13.250481,1124000,-3.4529204,7590.7993,1.0
0.14999999,0.85405207,-1.2189513,920.6211129296236,6.6738937e-10,-13.250481,50.94072,1222,-3.6510427,8.42407,,244,121,0.14999999,1510.584344625473,2.0,,146.9515,,,1222,6.218951,2.0049777,183.7326,-4.0549674,-3.7591767,13.250481,1124999,-4.7251368,7599.5586,
0.14999999,0.7068513,-1.2179552,920.6852003270646,6.6629835e-10,-13.250481,50.92638,1223,-3.6507812,8.42407,,244,121,0.14999999,1512.3183748722076,-6.0,,146.9515,,,1223,6.217955,-6.3080244,188.33353,-4.0557857,-0.00063159346,13.250481,1125998,-3.14426,7604.559,
0.14999999,0.75757235,-1.2172018,920.749183006536,6.6521005e-10,-13.250481,50.91988,1224,-3.6507537,8.42407,,244,121,0.14999999,1513.868895292282,-10.0,,146.9515,,,1224,6.2172017,-9.02627,154.272,-4.056603,-0.29589877,13.250481,1126997,-3.2940142,7609.855,0.8
0.14999999,1.4764699,-1.2186872,920.8130612244898,6.641245e-10,-13.250481,50.919872,1225,-3.650825,8.42407,4.644161e-29,244,121,0.14999999,1515.5220279693604,-2.0,,146.9515,,,1225,6.218687,-1.890484,173.50891,-4.05742,-3.036629,13.250481,1127996,-3.471794,7617.8916,
0.14999999,1.1708188,-1.2176976,920.8768352365416,6.630415e-10,-13.250481,50.75837,1226,-3.6501608,8.42407,,244,121,0.14999999,1517.238505601883,6.0,,146.9515,,,1226,6.2176976,5.4881754,187.87914,-4.0582356,-0.005506244,13.250481,1128995,-3.2445514,7622.8975,-0.4
0.14999999,0.96855074,-1.217501,920.6568867155664,6.619612e-10,-13.250481,50.744164,1227,-3.6505983,8.42407,,244,121,0.14999999,1518.6805527210236,8.0,,146.9515,1.1104904e-29,,1227,6.217501,7.5140214,209.0581,-4.059051,-0.97655034,13.250481,1129646,-4.3062615,7628.874,-0.4
0.14999999,0.6928132,-1.2163247,920.3306188925081,6.6088346e-10,-13.250481,50.739315,1228,-3.6499677,8.42407,,244,121,0.14999999,1520.0194964408875,2.0,,146.9515,,,1228,6.216325,1.5556121,176.6896,-4.0598655,0.2270633,13.250481,1130166,-2.8011854,7633.6465,-0.4
0.14999999,0.8801351,-1.2159028,920.3946297803092,6.5980843e-10,-13.250481,50.64242,1229,-3.6500514,8.42407,1.17325555e-30,244,121,0.14999999,1521.8038008213043,-2.0,,146.9515,,,1229,6.215903,-2.1359615,181.22693,-4.0606794,-0.6977608,13.250481,1131165,-3.4169574,7639.3447,-0.4
0.14999999,0.854018,-1.2150398,920.4585365853659,6.5873607e-10,-13.250481,50.64231,1230,-3.6499918,8.42407,,244,121,0.14999999,1523.4489967823029,-10.0,,146.9515,,,1230,6.2150397,-10.842245,182.13464,-4.061493,-0.15456516,13.250481,1132164,-3.4200644,7644.499,-0.8
0.14999999,0.73436975,-1.2153748,920.5223395613323,6.576662e-10,-13.250481,50.58944,1231,-3.64991,8.42407,1.5123169e-30,244,121,0.14999999,1525.2147841453552,-2.0,,146.9515,,,1231,6.215375,-1.5698143,131.03156,-4.0623055,-1.6272925,13.250481,1133163,-3.360135,7651.1265,0.4
0.14999999,1.125921,-1.214532,920.586038961039,6.565991e-10,-13.250481,50.582787,1232,-3.6503248,8.42407,,244,121,0.14999999,1526.9112255573273,-4.0,,146.9515,,,1232,6.214532,-4.995842,178.1459,-4.0631175,-0.17707454,13.250481,1134162,-3.869782,7656.3037,-0.6
0.14999999,1.1239197,-1.2145048,920.6496350364963,6.5553446e-10,-13.250481,50.524223,1233,-3.6500394,8.42407,,244,121,0.14999999,1528.6131885051727,-6.0,,146.9515,1.5953224e-29,,1233,6.2145047,-6.868901,174.75497,-4.063929,-1.1810461,13.250481,1135161,-3.3799343,7662.4844,-0.4
0.14999999,1.099661,-1.214146,920.7131280388979,6.544724e-10,-13.250481,50.45171,1234,-3.6508927,8.42407,0.00013313071,244,121,0.14999999,1530.225891828537,,,146.9515,,,1234,6.214146,0.6180022,204.7217,-4.0647397,-0.7716917,13.250481,1136160,-4.7714634,7668.2563,0.8
0.14999999,1.3910174,-1.2142409,920.7765182186234,6.5341305e-10,-13.250481,50.41642,1235,-3.6503613,8.42407,,244,121,0.14999999,1531.8377418518066,-8.0,,146.9515,,,1235,6.214241,-8.984661,325.59958,-4.06555,-1.3313192,13.250481,1137159,-3.0358162,7674.5874,-1.0
0.14999999,1.5205626,-1.2145028,920.8398058252427,6.5235617e-10,-13.250481,50.414875,1236,-3.6499584,8.42407,,244,121,0.14999999,1533.4575703144073,4.0,,146.9515,,,1236,6.214503,3.4235263,193.31267,-4.066359,-1.5379763,13.250481,1138158,-3.4403138,7681.1255,-0.6
0.14999999,0.5440278,-1.2140266,920.8148746968473,6.513018e-10,-13.250481,50.397392,1237,-3.649204,8.42407,,244,121,0.14999999,1534.982096195221,8.0,,146.9515,,,1237,6.2140265,8.584087,258.90405,-4.0671678,-0.62532276,13.250481,1139048,-3.166017,7686.751,1.0
0.14999999,1.2560239,-1.2152787,920.8780290791599,6.502501e-10,-13.250481,50.349094,1238,-3.6489644,8.42407,,244,121,0.14999999,1536.627699136734,-6.0,,146.9515,,,1238,6.2152786,-5.377669,189.90335,-4.067976,-2.7642,13.250481,1140047,-2.8719182,7694.515,0.4
0.14999999,0.7792097,-1.2149726,920.9410815173527,6.4920086e-10,-13.250481,50.33874,1239,-3.6485777,8.42407,,244,121,0.14999999,1538.3632502555847,-4.0,,146.9515,2.410397e-37,,1239,6.2149725,-4.1274905,183.2214,-4.0687833,-0.836088,13.250481,1141046,-3.3685021,7700.351,-0.2
0.14999999,0.68874055,-1.2141277,921.0040322580645,6.4815414e-10,-13.250481,50.30027,1240,-3.6486604,8.42407,,244,121,0.14999999,1540.0138766765594,4.0,,146.9515,,,1240,6.2141275,4.164032,152.30159,-4.06959,-0.16714127,13.250481,1142045,-3.505359,7705.5186,-0.2
0.14999999,0.97023207,-1.2131592,921.0668815471394,6.4711003e-10,-13.250481,50.291763,1241,-3.6485205,8.42407,,244,121,0.14999999,1541.7266416549683,6.0,,146.9515,3.071906e-32,,1241,6.213159,6.5173235,171.07184,-4.070396,-0.012203766,13.250481,1143044,-3.1427662,7710.5303,0.4
0.14999999,0.9713707,-1.2127516,921.1296296296297,6.4606837e-10,-13.250481,50.27317,1242,-3.6482377,8.42407,,244,121,0.14999999,1543.4287781715393,2.0,,146.9515,,,1242,6.2127514,2.167114,190.17847,-4.071202,-0.70709956,13.250481,1144043,-3.2274666,7716.2373,0.4
0.14999999,1.1386721,-1.2118846,921.1922767497989,6.4502925e-10,-13.250481,50.22465,1243,-3.6479213,8.42407,,244,121,0.14999999,1545.0689718723297,6.0,,146.9515,,,1243,6.2118845,5.4143696,176.97958,-4.0720067,-0.13505574,13.250481,1145042,-3.1870034,7721.3726,-0.8
0.14999999,0.73955715,-1.2115204,921.0602893890675,6.4399264e-10,-13.250481,50.218864,1244,-3.6474514,8.42407,,244,121,0.14999999,1546.6908633708954,4.0,,146.9515,,,1244,6.21152,4.002043,105.90332,-4.0728106,-0.75871044,13.250481,1145799,-3.1513417,7727.1313,0.2
0.14999999,1.4120356,-1.2105988,921.122891566265,6.429585e-10,-13.250481,50.180367,1245,-3.6476383,8.42407,,244,121,0.14999999,1548.5397732257843,-4.0,,146.9515,,,1245,6.210599,-4.179729,180.73381,-4.073614,-0.06422709,13.250481,1146798,-3.601514,7732.1953,0.2
0.14999999,1.0924613,-1.2096429,921.185393258427,6.4192685e-10,-13.250481,50.03221,1246,-3.647033,8.42407,,244,121,0.14999999,1550.1788852214813,-4.0,,146.9515,0.104126886,,1246,6.209643,-3.2380831,199.05222,-4.074417,-0.019435175,13.250481,1147797,-3.2500978,7737.215,0.6
0.14999999,0.90140027,-1.2102163,921.2477947072975,6.408977e-10,-13.250481,49.920574,1247,-3.6466918,8.42407,,244,121,0.14999999,1551.791908979416,-8.0,,146.9515,,,1247,6.2102165,-7.9180713,163.84265,-4.075219,-1.9245788,13.250481,1148796,-3.2624578,7744.1396,
0.14999999,1.1231935,-1.209251,921.3100961538462,6.398711e-10,-13.250481,49.899178,1248,-3.646137,8.42407,,244,121,0.14999999,1553.5003426074982,4.0,,146.9515,,,1248,6.209251,4.2005553,175.44022,-4.0760207,-0.005770386,13.250481,1149795,-2.826438,7749.1455,0.6
0.14999999,0.8288774,-1.2085737,921.3722978382706,6.3884686e-10,-13.250481,49.88491,1249,-3.6460097,8.42407,,244,121,0.14999999,1555.1661612987518,10.0,,146.9515,,,1249,6.208574,11.061855,201.11768,-4.076822,-0.3631526,13.250481,1150794,-3.5694149,7754.509,0.8
0.14999999,0.9351748,-1.2098958,921.4344,6.378251e-10,-13.250481,49.73196,1250,-3.6471972,8.42407,,244,121,0.14999999,1556.8649997711182,2.0,,146.9515,,,1250,6.209896,1.5348601,193.40894,-4.0776224,-2.8614957,13.250481,1151793,-4.918621,7762.37,-0.8
0.14999999,0.97125727,-1.209216,921.4964028776978,6.3680583e-10,-13.250481,49.64812,1251,-3.646985,8.42407,,244,121,0.14999999,1558.5071527957916,8.0,,146.9515,,,1251,6.209216,8.213014,128.0091,-4.078422,-0.35930458,13.250481,1152792,-3.2749696,7767.7295,0.2
0.14999999,1.0577378,-1.2070165,921.0862619808307,6.35789e-10,-13.250481,49.530777,1252,-3.6466606,8.42407,,244,121,0.14999999,1559.8489360809326,-8.0,,146.9515,,,1252,6.2070165,-8.099404,172.39369,-4.079221,1.5447909,13.250481,1153200,-3.1829326,7771.1846,-0.4
0.14999999,0.9496903,-1.2063483,921.1484437350359,6.347745e-10,-13.250481,49.46965,1253,-3.6460881,8.42407,,244,121,0.14999999,1561.4616661071777,-8.0,,146.9515,1.2762637e-05,,1253,6.2063484,-7.938963,177.4177,-4.0800195,-0.3699583,13.250481,1154199,-2.9456015,7776.5547,0.4
0.14999999,1.1488401,-1.2055596,921.2105263157895,6.3376254e-10,-13.250481,49.423393,1254,-3.64663,8.42407,2.45976e-35,244,121,0.14999999,1563.128668308258,-2.0,,146.9515,,,1254,6.2055597,-2.5983114,187.28691,-4.080817,-0.2173894,13.250481,1155198,-4.2436576,7781.7715,-0.8
0.14999999,1.253111,-1.2051977,921.2725099601594,6.3275296e-10,-13.250481,49.394367,1255,-3.646166,8.42407,,244,121,0.14999999,1564.873116493225,-6.0,,146.9515,,,1255,6.205198,-6.9511833,194.80728,-4.081614,-0.75125664,13.250481,1156197,-3.162227,7787.523,-0.8
0.14999999,0.8800357,-1.2053632,921.3343949044586,6.317458e-10,-13.250481,49.35365,1256,-3.6458666,8.42407,,244,121,0.14999999,1566.5566504001617,8.0,,146.9515,,,1256,6.2053633,7.728865,125.74471,-4.082411,-1.4130199,13.250481,1157196,-3.4660838,7793.936,-0.2
0.14999999,1.0185833,-1.2044288,921.2792362768496,6.30741e-10,-13.250481,49.319515,1257,-3.6452844,8.42407,,244,121,0.14999999,1568.0910522937775,8.0,,146.9515,0.62919784,,1257,6.2044287,7.399976,169.97949,-4.0832067,-0.03077722,13.250481,1158048,-2.7719471,7798.967,-0.6
0.14999999,1.1707888,-1.2020848,920.818759936407,6.297387e-10,-13.250481,49.20671,1258,-3.6452725,8.42407,,244,121,0.14999999,1569.4861097335815,4.0,,146.9515,,,1258,6.2020845,3.6926723,183.03244,-4.084002,1.7442566,13.250481,1158390,-3.618132,7802.2227,-0.8
0.14999999,1.1708848,-1.2019244,920.8808578236695,6.2873867e-10,-13.250481,49.135075,1259,-3.6453493,8.42407,,244,121,0.14999999,1571.01185131073,-4.0,,146.9515,,,1259,6.2019243,-4.868332,180.49129,-4.0847964,-1.0002706,13.250481,1159389,-3.8658888,7808.2227,-0.8
0.14999999,1.0459142,-1.202049,920.9428571428572,6.2774114e-10,-13.250481,48.671875,1260,-3.6447964,8.42407,,244,121,0.14999999,1572.6046228408813,6.0,,146.9515,,,1260,6.2020493,6.8553414,206.79915,-4.0855904,-1.3588572,13.250481,1160388,-3.0726879,7814.582,0.8
0.14999999,1.0041128,-1.203082,921.0047581284695,6.2674593e-10,-13.250481,48.665237,1261,-3.644669,8.42407,,244,121,0.14999999,1574.3293797969818,4.0,,146.9515,,,1261,6.203082,4.3702617,193.45126,-4.086384,-2.5046816,13.250481,1161387,-3.4823015,7822.0864,0.8
0.14999999,0.9197874,-1.2032616,921.0665610142631,6.2575306e-10,-13.250481,48.66104,1262,-3.6452293,8.42407,,244,121,0.14999999,1575.912103176117,2.0,,146.9515,1.4968448e-28,,1262,6.2032614,2.4774024,196.62692,-4.0871763,-1.4297609,13.250481,1162386,-4.312118,7828.516,0.8
0.14999999,0.97325015,-1.2030883,921.1282660332541,6.247625e-10,-13.250481,48.549206,1263,-3.6450028,8.42407,,244,121,0.14999999,1577.392882823944,-6.0,,146.9515,,,1263,6.2030883,-5.0924206,194.45944,-4.0879683,-0.98432416,13.250481,1163385,-3.2359896,7834.5005,0.8
0.14999999,1.0537149,-1.2048435,921.1898734177215,6.2377437e-10,-13.250481,48.54211,1264,-3.6447504,8.42407,,244,121,0.14999999,1579.1126327514648,-8.0,,146.9515,7.57231e-37,,1264,6.2048435,-7.3030953,349.61017,-4.08876,-3.4216928,13.250481,1164384,-3.254449,7842.9224,1.0
0.14999999,0.7017629,-1.205552,921.2513833992094,6.2278854e-10,-13.250481,48.438393,1265,-3.6444771,8.42407,,244,121,0.14999999,1580.6908106803894,6.0,,146.9515,,,1265,6.205552,4.961421,299.7885,-4.089551,-2.1009343,13.250481,1165383,-3.2794156,7850.0234,-1.0
0.14999999,0.8697763,-1.206187,921.2890995260664,6.2180505e-10,-13.250481,48.371292,1266,-3.6445336,8.42407,,244,121,0.14999999,1582.4123015403748,-8.0,,146.9515,,,1266,6.2061872,-8.648569,184.61484,-4.090341,-2.0095344,13.250481,1166352,-3.3792396,7857.0327,-0.6
0.14999999,0.92557055,-1.2058645,921.3504340962904,6.208239e-10,-13.250481,48.35893,1267,-3.6442068,8.42407,4.115836e-35,244,121,0.14999999,1584.0405251979828,-2.0,,146.9515,,,1267,6.2058644,-1.1653745,197.20346,-4.0911307,-0.79765,13.250481,1167351,-3.0730965,7862.83,0.8
0.14999999,1.0386382,-1.2078545,921.4116719242902,6.198451e-10,-13.250481,48.290215,1268,-3.6442082,8.42407,,244,121,0.14999999,1585.6717495918274,8.0,,146.9515,,,1268,6.2078543,8.323563,185.43518,-4.0919194,-3.7290485,13.250481,1168350,-3.5255089,7871.5596,0.4
0.14999999,0.9058299,-1.2074201,921.4728132387706,6.1886857e-10,-13.250481,48.170216,1269,-3.6435766,8.42407,,244,121,0.14999999,1587.253527879715,-10.0,,146.9515,,,1269,6.2074203,-10.027007,164.0484,-4.0927076,-0.65671355,13.250481,1169349,-2.8403459,7877.216,-0.2
0.14999999,1.0325284,-1.2064741,921.5338582677165,6.1789435e-10,-13.250481,48.162895,1270,-3.6432936,8.42407,,244,121,0.14999999,1588.893744468689,-10.0,,146.9515,47.980125,,1270,6.2064743,-9.6106,177.67523,-4.0934954,-0.0059609744,13.250481,1170348,-3.155583,7882.222,0.2
0.14999999,1.4557078,-1.2057544,921.594807238395,6.1692246e-10,-13.250481,48.16276,1271,-3.6429777,8.42407,,244,121,0.14999999,1590.5844428539276,8.0,,146.9515,,,1271,6.2057543,7.448986,192.91928,-4.0942826,-0.29180285,13.250481,1171347,-3.2301211,7887.5137,-0.8
0.14999999,0.8774071,-1.2032123,921.125,6.159528e-10,-13.250481,48.111584,1272,-3.644501,8.42407,,244,121,0.14999999,1591.9558794498444,-8.0,,146.9515,,,1272,6.2032123,-8.4675455,170.29808,-4.095069,2.0279539,13.250481,1171671,-5.9716377,7890.486,-0.2
0.14999999,1.2015184,-1.202598,921.1861743912019,6.1498545e-10,-13.250481,48.050022,1273,-3.6441493,8.42407,,244,121,0.14999999,1593.7228832244873,-8.0,,146.9515,0.025194881,,1273,6.202598,-7.595497,189.21748,-4.0958548,-0.42129457,13.250481,1172670,-3.0445192,7895.907,0.2
0.14999999,0.97960716,-1.2018757,921.2472527472528,6.140204e-10,-13.250481,47.98708,1274,-3.6433716,8.42407,,244,121,0.14999999,1595.3947117328644,10.0,,146.9515,,,1274,6.2018757,10.124862,155.10098,-4.09664,-0.28229398,13.250481,1173669,-2.8036025,7901.1895,-0.2
0.14999999,1.1683234,-1.1997821,920.8470588235294,6.130576e-10,-13.250481,47.88056,1275,-3.643213,8.42407,70.29286,244,121,0.14999999,1596.6745338439941,,,146.9515,,,1275,6.1997824,0.21266079,171.50449,-4.097425,1.4673951,13.250481,1174080,-3.3823714,7904.722,0.2
0.14999999,0.8410704,-1.1989564,920.9083072100314,6.120971e-10,-13.250481,47.85517,1276,-3.6426666,8.42407,,244,121,0.14999999,1598.5058908462524,-8.0,,146.9515,,,1276,6.1989565,-7.247758,156.15692,-4.0445433,-0.1461826,13.250481,1175079,-3.0659502,7909.868,0.6
0.14999999,1.1100054,-1.1996754,920.9694596711041,6.111388e-10,-13.250481,47.84918,1277,-3.6423242,8.42407,,244,121,0.14999999,1600.2444858551025,-4.0,,146.9515,,,1277,6.1996756,-3.1597314,172.73755,-4.0453267,-2.1172826,13.250481,1176078,-3.024381,7916.9854,0.8
0.14999999,1.2260326,-1.2004074,921.0305164319249,6.101828e-10,-13.250481,47.667995,1278,-3.6420505,8.42407,,244,121,0.14999999,1601.9270987510681,6.0,,146.9515,,,1278,6.2004075,6.9810014,353.14407,-4.0461097,-2.1350448,13.250481,1177077,-3.355219,7924.1206,1.0
0.14999999,0.8349517,-1.2038832,921.0914777169663,6.09229e-10,-13.250481,47.597782,1279,-3.6420417,8.42407,,244,121,0.14999999,1603.4963970184326,10.0,,146.9515,,,1279,6.203883,8.69663,245.03964,-4.0468917,-5.6459846,13.250481,1178076,-3.758385,7934.7666,-1.0
0.14999999,0.81261575,-1.2048103,920.88828125,6.082775e-10,-13.250481,47.47439,1280,-3.6428452,8.42407,,244,121,0.14999999,1605.0157129764557,4.0,,146.9515,,,1280,6.20481,2.9926703,238.50563,-4.047673,-2.3904238,13.250481,1178737,-4.4487934,7942.157,-1.0
0.14999999,0.79090196,-1.2053314,920.9492583918814,6.0732813e-10,-13.250481,47.44918,1281,-3.6426818,8.42407,,244,121,0.14999999,1606.768818616867,-4.0,,146.9515,,,1281,6.2053313,-5.0809293,177.33473,-4.0484543,-1.8725353,13.250481,1179736,-3.2056417,7949.0293,-1.0
0.14999999,1.0614886,-1.2061775,921.0101404056162,6.06381e-10,-13.250481,47.434643,1282,-3.6429675,8.42407,,244,121,0.14999999,1608.6425428390503,-2.0,,146.9515,1.7787009e-35,,1282,6.2061777,-2.826331,266.8524,-4.0492344,-2.2901092,13.250481,1180735,-3.7673948,7956.3193,-1.0
0.14999999,0.95061606,-1.2062032,921.07092751364,6.0543615e-10,-13.250481,47.393562,1283,-3.6426253,8.42407,,244,121,0.14999999,1610.4406566619873,8.0,,146.9515,,,1283,6.2062035,8.5305,137.01634,-4.050014,-1.2391106,13.250481,1181734,-3.2046924,7962.5586,0.6
0.14999999,1.0918097,-1.206067,921.1316199376947,6.0449346e-10,-13.250481,47.28471,1284,-3.6422503,8.42407,,244,121,0.14999999,1612.1575524806976,10.0,,146.9515,5.510116e-36,,1284,6.206067,10.100928,151.01567,-4.050793,-1.031194,13.250481,1182733,-3.0827262,7968.59,0.2
0.14999999,0.5727587,-1.1989734,920.608560311284,6.03553e-10,-13.250481,46.86841,1285,-3.6417096,8.42407,,244,121,0.14999999,1613.4156775474548,2.0,,146.9515,,,1285,6.1989737,2.9101176,247.23134,-4.051572,7.9092565,13.250481,1182982,-2.9938772,7965.6807,1.0
0.14999999,1.2873906,-1.2004495,920.6695178849145,6.026147e-10,-13.250481,46.804363,1286,-3.641797,8.42407,,244,121,0.14999999,1615.1259353160858,-6.0,,146.9515,,,1286,6.2004495,-6.649499,307.16806,-4.0523496,-3.0971465,13.250481,1183981,-3.296738,7973.778,-1.0
0.14999999,1.0159363,-1.2005376,920.7303807303807,6.0167865e-10,-13.250481,46.77785,1287,-3.6415079,8.42407,,244,121,0.14999999,1616.8066987991333,-8.0,,146.9515,,,1287,6.2005377,-8.95891,181.1839,-4.0531273,-1.3138721,13.250481,1184980,-3.4889705,7980.092,-0.8
0.14999999,1.1706841,-1.2008557,920.791149068323,6.0074473e-10,-13.250481,46.76367,1288,-3.6411383,8.42407,,244,121,0.14999999,1618.43505692482,2.0,,146.9515,,,1288,6.2008557,0.663609,300.47864,-4.0539036,-1.6103704,13.250481,1185979,-3.145525,7986.702,-1.0
0.14999999,1.0605636,-1.2018372,920.8518231186966,5.99813e-10,-13.250481,46.68418,1289,-3.6419365,8.42407,153.81586,244,121,0.14999999,1620.2289071083069,,,146.9515,,,1289,6.201837,-0.121356726,179.29594,-4.05468,-2.4659896,13.250481,1186978,-4.7606483,7994.168,
0.14999999,0.85354257,-1.2009151,920.9124031007752,5.988834e-10,-13.250481,46.202812,1290,-3.6415243,8.42407,,244,121,0.14999999,1621.8345637321472,6.0,,146.9515,,,1290,6.2009153,5.8485637,170.97025,-3.9427254,-0.012405994,13.250481,1187977,-3.1246538,7999.1807,
0.14999999,1.5163114,-1.1998742,920.6746707978311,5.9795596e-10,-13.250481,46.16326,1291,-3.6412444,8.42407,,244,121,0.14999999,1623.6292126178741,8.0,,146.9515,,,1291,6.199874,6.6064224,188.36281,-3.9435003,0.14292057,13.250481,1188591,-3.1019745,8004.0376,-1.0
0.14999999,0.7122595,-1.2005054,920.4233746130031,5.9703065e-10,-13.250481,46.095886,1292,-3.6406817,8.42407,,244,121,0.14999999,1625.0989100933075,8.0,,146.9515,5.1545657e-34,,1292,6.2005053,9.006169,188.79695,-3.9442747,-2.0154157,13.250481,1189187,-3.362131,8011.0527,0.8
0.14999999,0.94251394,-1.2049046,920.4841453982986,5.9610755e-10,-13.250481,46.04794,1293,-3.6406336,8.42407,,244,121,0.14999999,1626.713314294815,2.0,,146.9515,,,1293,6.2049046,2.1724184,170.34462,-3.9450483,-6.888646,13.250481,1190186,-3.2680972,8022.9414,
0.14999999,0.63272035,-1.204046,920.5448222565688,5.9518657e-10,-13.250481,46.042255,1294,-3.6403081,8.42407,,244,121,0.14999999,1628.354218006134,-6.0,,146.9515,,,1294,6.2040462,-6.418607,171.35228,-3.9458213,-0.09390283,13.250481,1191185,-3.121679,8028.0356,
0.14999999,1.5028911,-1.2032835,920.6054054054053,5.942677e-10,-13.250481,46.024723,1295,-3.6404855,8.42407,4.1569687e-29,244,121,0.14999999,1629.9645028114319,-2.0,,146.9515,,,1295,6.2032833,-1.9510795,164.97878,-3.9465938,-0.21671316,13.250481,1192184,-3.4792163,8033.252,
0.14999999,0.8537572,-1.2023852,920.6658950617284,5.93351e-10,-13.250481,45.990658,1296,-3.639797,8.42407,,244,121,0.14999999,1631.6391551494598,-6.0,,146.9515,,,1296,6.202385,-4.907322,266.3251,-3.9473658,-0.038898803,13.250481,1193183,-3.1902854,8038.291,1.0
0.14999999,0.8896974,-1.205611,920.7262914417887,5.924364e-10,-13.250481,45.921303,1297,-3.6398826,8.42407,,244,121,0.14999999,1633.109037399292,10.0,,146.9515,,,1297,6.205611,10.422868,152.38303,-3.948137,-5.3862925,13.250481,1194182,-3.558461,8048.6777,0.4
0.14999999,1.1322731,-1.2056865,920.786594761171,5.915239e-10,-13.250481,45.854023,1298,-3.6394844,8.42407,,244,121,0.14999999,1634.8830773830414,6.0,,146.9515,,,1298,6.2056866,5.817117,171.14552,-3.9489079,-1.303657,13.250481,1195181,-2.9832814,8054.981,-0.4
0.14999999,0.82085884,-1.2048324,920.824480369515,5.906135e-10,-13.250481,45.78015,1299,-3.6389937,8.42407,,244,121,0.14999999,1636.6416068077087,2.0,,146.9515,,,1299,6.2048326,2.019245,171.02625,-3.949678,-0.096164264,13.250481,1196151,-3.0917764,8060.077,-0.4
0.14999999,1.222568,-1.2039542,920.8846153846154,5.8970523e-10,-13.250481,45.749344,1300,-3.639149,8.42407,,244,121,0.14999999,1638.2092263698578,4.0,,146.9515,,,1300,6.203954,5.066445,345.6145,-3.9504476,-0.06316979,13.250481,1197150,-3.629039,8065.1406,1.0
0.14999999,0.74646974,-1.2087902,920.944657955419,5.88799e-10,-13.250481,45.72921,1301,-3.6391275,8.42407,1.3533071e-30,244,121,0.14999999,1639.8080921173096,-2.0,,146.9515,,,1301,6.2087903,-1.600297,122.2097,-3.9512165,-7.495426,13.250481,1198149,-3.735177,8077.6357,0.4
0.14999999,0.9287132,-1.2081125,921.0046082949309,5.878949e-10,-13.250481,45.730507,1302,-3.6390018,8.42407,1.0524219e-30,244,121,0.14999999,1641.4362273216248,-2.0,,146.9515,0.0013209034,,1302,6.2081127,-2.4513116,166.01176,-3.9519846,-0.32649,13.250481,1199148,-3.198909,8082.9624,-0.4
0.14999999,0.77482504,-1.2075576,921.0644666155027,5.8699284e-10,-13.250481,45.708817,1303,-3.6386514,8.42407,,244,121,0.14999999,1643.0957140922546,4.0,,146.9515,,,1303,6.2075577,3.920523,124.72072,-3.9527526,-0.4851454,13.250481,1200147,-3.0772865,8088.4473,
0.14999999,1.1436685,-1.2066712,921.0214723926381,5.86093e-10,-13.250481,45.70274,1304,-3.6383595,8.42407,,244,121,0.14999999,1644.6718142032623,8.0,,146.9515,,,1304,6.206671,7.7290773,151.05455,-3.9535196,-0.051804204,13.250481,1201012,-3.009822,8093.499,
0.14999999,1.2140503,-1.2035637,920.5800766283525,5.851951e-10,-13.250481,45.6916,1305,-3.6377091,8.42407,,244,121,0.14999999,1646.119276046753,-4.0,,146.9515,,,1305,6.2035637,-3.9287071,167.11511,-3.9542863,2.8486588,13.250481,1201357,-2.8932598,8095.6504,
0.14999999,1.1972449,-1.2026434,920.6401225114854,5.842993e-10,-13.250481,45.6751,1306,-3.6371913,8.42407,7.203739e-05,244,121,0.14999999,1647.750896692276,,,146.9515,,,1306,6.2026434,-1.0648482,174.23952,-3.9550521,-0.0018368006,13.250481,1202356,-3.1327999,8100.6523,-0.8
0.14999999,1.1538473,-1.2031659,920.7000765110942,5.834055e-10,-13.250481,45.627243,1307,-3.6369243,8.42407,,244,121,0.14999999,1649.379516363144,-6.0,,146.9515,,,1307,6.203166,-6.2210293,160.75067,-3.9558175,-1.8853959,13.250481,1203355,-3.4296765,8107.538,-0.4
0.14999999,1.0083711,-1.202568,920.7599388379205,5.825138e-10,-13.250481,45.593304,1308,-3.6367826,8.42407,,244,121,0.14999999,1651.1093587875366,-8.0,,146.9515,,,1308,6.202568,-7.3289275,159.32935,-3.9565823,-0.42102966,13.250481,1204354,-3.5554569,8112.959,0.8
0.14999999,1.1794363,-1.2028849,920.8197097020626,5.816241e-10,-13.250481,45.57527,1309,-3.6362734,8.42407,,244,121,0.14999999,1652.7134068012238,-10.0,,146.9515,3.7919837e-38,,1309,6.2028847,-9.106269,317.74088,-3.9573467,-1.6174687,13.250481,1205353,-2.9443662,8119.576,1.0
0.14999999,0.86746687,-1.2043935,920.8793893129771,5.8073646e-10,-13.250481,45.507076,1310,-3.635921,8.42407,53.905907,244,121,0.14999999,1654.359408378601,,,146.9515,,,1310,6.2043934,0.10689976,158.54314,-3.9581103,-3.1791031,13.250481,1206352,-3.252453,8127.7554,-0.2
0.14999999,0.87125295,-1.2034993,920.9389778794813,5.798509e-10,-13.250481,45.501232,1311,-3.6364193,8.42407,,244,121,0.14999999,1656.1359367370605,-10.0,,146.9515,,,1311,6.2034993,-11.117017,169.08734,-3.9185479,-0.032149166,13.250481,1207351,-4.122203,8132.7876,-0.8
0.14999999,0.8423836,-1.2045628,920.998475609756,5.789673e-10,-13.250481,45.49724,1312,-3.637454,8.42407,,244,121,0.14999999,1657.914632320404,10.0,,146.9515,,,1312,6.2045627,9.523256,150.25185,-3.9193103,-2.59872,13.250481,1208350,-4.825997,8140.386,-0.8
0.14999999,1.2114104,-1.2021981,920.5765422696115,5.780857e-10,-13.250481,45.458824,1313,-3.6370862,8.42407,,244,121,0.14999999,1659.3905813694,-6.0,,146.9515,,,1313,6.202198,-5.8032503,173.29228,-3.9200723,1.9001116,13.250481,1208717,-2.970007,8143.4863,0.4
0.14999999,0.9924837,-1.2023846,920.6362252663622,5.772061e-10,-13.250481,45.376884,1314,-3.637831,8.42407,,244,121,0.14999999,1660.940617799759,6.0,,146.9515,,,1314,6.2023845,6.596468,160.00406,-3.9208336,-1.4471804,13.250481,1209716,-4.7789803,8149.9336,0.4
0.14999999,1.0316567,-1.2023355,920.6958174904943,5.7632865e-10,-13.250481,45.367172,1315,-3.6374948,8.42407,,244,121,0.14999999,1662.5890085697174,-10.0,,146.9515,,,1315,6.2023354,-10.556612,161.92973,-3.9215944,-1.137813,13.250481,1210715,-3.149127,8156.0713,-0.4
0.14999999,1.0566099,-1.2017273,920.7553191489362,5.754531e-10,-13.250481,45.360016,1316,-3.6373286,8.42407,,244,121,0.14999999,1664.3151812553406,2.0,,146.9515,,,1316,6.2017274,2.5498893,173.38882,-3.9223545,-0.40186474,13.250481,1211714,-3.4007103,8161.473,0.4
0.14999999,0.7528267,-1.2012403,920.8147304479878,5.745795e-10,-13.250481,45.323566,1317,-3.6371658,8.42407,,244,121,0.14999999,1666.1988961696625,-4.0,,146.9515,,,1317,6.2012405,-4.2791843,170.85965,-3.923114,-0.5604135,13.250481,1212713,-3.444067,8167.033,-0.4
0.14999999,1.1241457,-1.2005613,920.8740515933232,5.7370797e-10,-13.250481,45.114365,1318,-3.6370397,8.42407,,244,121,0.14999999,1667.925686597824,4.0,,146.9515,,,1318,6.2005615,3.564482,154.75798,-3.9238732,-0.30647618,13.250481,1213712,-3.1956556,8172.34,-0.4
0.14999999,1.0355982,-1.1999103,920.9332827899924,5.7283833e-10,-13.250481,45.089996,1319,-3.6365736,8.42407,0.00011572577,244,121,0.14999999,1669.6309974193573,,,146.9515,,,1319,6.19991,0.7104842,187.6834,-3.9246316,-0.3417986,13.250481,1214711,-3.107586,8177.6816,0.8
0.14999999,1.0817927,-1.1999861,920.9924242424242,5.719707e-10,-13.250481,45.0649,1320,-3.6363225,8.42407,,244,121,0.14999999,1671.260217666626,-4.0,,146.9515,,,1320,6.199986,-3.7597156,155.81328,-3.9253893,-1.2999343,13.250481,1215710,-3.2935693,8183.9814,0.4
0.14999999,1.158228,-1.1992605,921.0514761544284,5.7110516e-10,-13.250481,45.040447,1321,-3.6357906,8.42407,,244,121,0.14999999,1672.927443742752,-10.0,,146.9515,,,1321,6.1992607,-8.944695,162.0789,-3.9261467,-0.24145792,13.250481,1216709,-2.9792254,8189.223,0.4
0.14999999,1.1861992,-1.2009596,921.1104387291982,5.7024147e-10,-13.250481,44.951397,1322,-3.6357303,8.42407,,244,121,0.14999999,1674.827085018158,4.0,,146.9515,,,1322,6.2009597,4.208192,170.04475,-3.9269032,-3.4454832,13.250481,1217708,-3.6660547,8197.669,0.4
0.14999999,0.93506503,-1.2003404,921.1693121693122,5.6937965e-10,-13.250481,44.887745,1323,-3.6355038,8.42407,,244,121,0.14999999,1676.5560886859894,8.0,,146.9515,,,1323,6.2003403,7.54588,169.54956,-3.9276595,-0.381757,13.250481,1218707,-3.4732995,8203.051,-0.4
0.14999999,0.8798906,-1.1980239,920.7575528700906,5.6851995e-10,-13.250481,44.87938,1324,-3.634925,8.42407,,244,121,0.14999999,1678.0303251743317,-10.0,,146.9515,,,1324,6.198024,-9.956293,165.11728,-3.928415,1.8668634,13.250481,1219083,-2.7738366,8206.184,
0.14999999,1.1505406,-1.1971442,920.8166037735849,5.6766214e-10,-13.250481,44.862083,1325,-3.6347723,8.42407,,244,121,0.14999999,1679.69588804245,6.0,,146.9515,,,1325,6.197144,5.8902125,157.69846,-3.9291701,-0.032469857,13.250481,1220082,-3.2746239,8211.216,-0.2
0.14999999,0.9298764,-1.1962472,920.6387631975867,5.668062e-10,-13.250481,44.821983,1326,-3.6343546,8.42407,,244,121,0.14999999,1681.2303261756897,-4.0,,146.9515,,,1326,6.196247,-3.4706545,296.24374,-3.9299245,-0.007818374,13.250481,1220767,-3.1871893,8216.224,1.0
0.14999999,0.7420319,-1.1961291,920.6978146194424,5.659523e-10,-13.250481,44.816757,1327,-3.633994,8.42407,,244,121,0.14999999,1683.0234146118164,2.0,,146.9515,,,1327,6.196129,1.6962719,163.59291,-3.9306784,-1.0395238,13.250481,1221766,-3.032661,8222.264,-0.6
0.14999999,1.1529862,-1.1953743,920.7567771084338,5.6510024e-10,-13.250481,44.67445,1328,-3.6338072,8.42407,,244,121,0.14999999,1684.7095685005188,6.0,,146.9515,,,1328,6.1953745,5.3376555,165.77097,-3.9314318,-0.1937192,13.250481,1222765,-3.0999901,8227.457,-0.6
0.14999999,1.0213225,-1.1948318,920.5620767494356,5.642502e-10,-13.250481,44.623234,1329,-3.6335065,8.42407,,244,121,0.14999999,1686.203975200653,2.0,,146.9515,,,1329,6.194832,1.4508388,151.84576,-3.9321845,-0.47444445,13.250481,1223427,-3.3398464,8232.932,-0.2
0.14999999,1.0647597,-1.1940823,920.6210526315789,5.63402e-10,-13.250481,44.623924,1330,-3.6340191,8.42407,1.5827747e-29,244,121,0.14999999,1687.9530363082886,-2.0,,146.9515,,,1330,6.1940823,-2.2046788,158.85431,-3.9329364,-0.19786711,13.250481,1224426,-4.300607,8238.129,-0.2
0.14999999,0.8146254,-1.1932873,920.6799398948159,4.7332277e-10,-13.250481,44.795982,1331,-3.6335351,8.42407,,244,121,0.14999999,1689.660076379776,6.0,,146.9515,,,1331,6.1932874,6.4037905,158.28268,-3.9336882,-0.13589919,13.250481,1225425,-3.0182803,8243.266,0.2
0.14999999,0.39834896,-1.1924711,920.7387387387388,4.726123e-10,-13.250481,474.1029,1332,-3.6341152,8.42407,,244,144,0.14999999,1691.4808328151703,6.3636365,,146.9515,0.02801992,,1332,6.192471,7.552642,120.10877,-3.9344392,-0.10639999,13.250481,1226424,-4.191702,8248.371,0.8181818
0.14999999,1.6346287,-1.1973369,920.7974493623406,4.719035e-10,-13.250481,452.9326,1333,-3.6356206,8.42407,,244,144,0.14999999,1846.0032613277435,-6.3636365,,146.9515,,,1333,6.197337,-7.043604,1146.5474,-3.9351897,-7.6784463,13.250481,1227423,-5.029039,8261.05,-0.8181818
0.14999999,2.829825,-1.1973863,920.856071964018,4.7119625e-10,-13.250481,448.00247,1334,-3.6358173,8.42407,,244,144,0.14999999,1848.0670552253723,-6.3636365,,146.9515,3.7515533e-23,,1334,6.1973863,-5.848851,1242.0795,-3.9359396,-1.2632085,13.250481,1228422,-4.230023,8267.313,0.8181818
0.14999999,1.5094972,-1.1974803,920.914606741573,4.7049054e-10,-13.250481,429.9114,1335,-3.635497,8.42407,,244,144,0.14999999,1850.1280317306519,6.3636365,,146.9515,,,1335,6.19748,5.465293,1080.0542,-3.936689,-1.3229693,13.250481,1229421,-4.483603,8273.637,-0.8181818
0.14999999,0.6034067,-1.1973994,920.9730538922156,4.6978654e-10,-13.250481,421.71936,1336,-3.6354096,8.42407,,244,144,0.14999999,1852.234531402588,6.3636365,,146.9515,6.6045186e-12,,1336,6.197399,6.594927,356.46924,-3.9374378,-1.0892261,13.250481,1230420,-3.7771535,8279.726,0.45454547
0.14999999,1.7925159,-1.1968158,921.0314136125654,4.6908405e-10,-13.250481,420.74622,1337,-3.636184,8.42407,,244,144,0.14999999,1854.4480242729187,-6.3636365,,146.9515,,,1337,6.196816,-5.738623,1004.2587,-3.938186,-0.41732347,13.250481,1231419,-4.2364545,8285.143,0.45454547
0.14999999,0.80136687,-1.1966587,921.0896860986547,4.683831e-10,-13.250481,396.1028,1338,-3.6363246,8.42407,,244,144,0.14999999,1856.5748114585876,-6.3636365,,146.9515,1.2133654e-07,,1338,6.1966586,-6.454178,385.1869,-3.9389336,-0.9865148,13.250481,1232418,-4.3419614,8291.129,-0.45454547
0.14999999,0.37242627,-1.1957936,921.1478715459298,4.676838e-10,-13.250481,387.16745,1339,-3.6375618,8.42407,,244,144,0.14999999,1858.6069912910461,6.3636365,,146.9515,,,1339,6.1957936,5.7993565,100.41265,-3.9396806,-0.038275894,13.250481,1233417,-5.0215645,8296.168,-0.45454547
0.14999999,0.5711215,-1.1952463,921.2059701492537,4.66986e-10,-13.250481,372.39932,1340,-3.638343,8.42407,,244,144,0.14999999,1860.5734515190125,-6.3636365,,146.9515,,,1340,6.195246,-6.032341,401.82492,-3.9404273,-0.46248236,13.250481,1234416,-4.050811,8301.63,0.09090909
0.14999999,0.8654782,-1.1943787,921.2639821029082,4.662898e-10,-13.250481,368.6439,1341,-3.6385455,8.42407,,244,144,0.14999999,1862.546353340149,6.3636365,,146.9515,,,1341,6.194379,6.072665,272.2638,-3.9411733,-0.03173301,13.250481,1235415,-3.4391255,8306.662,0.09090909
0.14999999,0.7936306,-1.192862,920.9277198211624,4.6559515e-10,-13.250481,299.1913,1342,-3.6386209,8.42407,,244,144,0.14999999,1864.3832097053528,4.5454545,,146.9515,1.035048e-28,,1342,6.192862,3.6399143,553.15594,-3.9419186,0.840872,13.250481,1235885,-3.5559757,8310.821,-0.8181818
0.14999999,0.3518506,-1.1925757,920.9858525688757,4.6490203e-10,-13.250481,298.87906,1343,-3.6386662,8.42407,,244,144,0.14999999,1866.3140513896942,-4.5454545,,146.9515,,,1343,6.1925755,-3.685001,271.28165,-3.9426634,-0.8081165,13.250481,1236884,-3.4029,8316.629,0.8181818
0.14999999,0.7958735,-1.1928347,921.0438988095239,4.6421045e-10,-13.250481,295.826,1344,-3.6391892,8.42407,,244,144,0.14999999,1868.3099989891052,4.5454545,,146.9515,,,1344,6.192835,5.1509304,784.48065,-3.9434078,-1.5409157,13.250481,1237883,-3.6728196,8323.17,0.8181818
0.14999999,0.7937462,-1.1952062,921.1018587360595,4.6352044e-10,-13.250481,286.75833,1345,-3.6393547,8.42407,,244,144,0.14999999,1870.3446652889252,-4.5454545,,146.9515,,,1345,6.195206,-5.3733625,432.12405,-3.9441516,-4.3822017,13.250481,1238882,-3.5309541,8332.553,-0.8181818
0.14999999,0.32795304,-1.1954516,921.1597325408618,4.6283197e-10,-13.250481,281.1384,1346,-3.640043,8.42407,,244,144,0.14999999,1872.1612403392792,4.5454545,,146.9515,,,1346,6.1954517,4.6597033,206.69307,-3.9448948,-1.5257165,13.250481,1239881,-4.289863,8339.078,0.27272728
0.14999999,0.59523326,-1.1947438,921.2175204157387,4.62145e-10,-13.250481,266.04712,1347,-3.6406457,8.42407,,244,144,0.14999999,1874.2295651435852,-4.5454545,,146.9515,,,1347,6.1947436,-4.609408,445.37772,-3.9456375,-0.2419275,13.250481,1240880,-3.7668445,8344.32,-0.27272728
0.14999999,1.7561768,-1.1939087,921.2752225519288,4.614596e-10,-13.250481,265.9414,1348,-3.6412249,8.42407,,244,144,0.14999999,1876.4391787052155,4.5454545,,146.9515,,,1348,6.1939087,4.581119,1535.9839,-3.9463797,-0.06906083,13.250481,1241879,-3.9513652,8349.389,-0.27272728
0.14999999,1.6246903,-1.193049,921.2297998517421,4.607757e-10,-13.250481,265.83032,1349,-3.6418169,8.42407,,244,144,0.14999999,1878.5753698349,-4.5454545,,146.9515,,,1349,6.193049,-4.2102017,1124.5443,-3.9471211,-0.034116276,13.250481,1242739,-4.786256,8354.423,0.27272728
0.14999999,0.76948947,-1.1923857,921.2874074074074,4.6009332e-10,-13.250481,192.34451,1350,-3.6420767,8.42407,,244,144,0.14999999,1880.5821516513824,6.3636365,,146.9515,,,1350,6.1923857,7.2206187,734.7457,-3.9478621,-0.29755598,13.250481,1243738,-4.3096595,8359.721,1.0
0.14999999,0.94004405,-1.1945027,921.3449296817172,4.5941245e-10,-13.250481,191.42894,1351,-3.6428435,8.42407,,244,144,0.14999999,1882.5208542346954,-6.3636365,,146.9515,,,1351,6.194503,-6.32497,806.2757,-3.9486027,-4.0524855,13.250481,1244737,-4.3348155,8368.773,-0.09090909
0.14999999,1.1475526,-1.1936331,921.4023668639053,4.5873308e-10,-13.250481,191.08342,1352,-3.6433043,8.42407,,244,144,0.14999999,1884.6649413108826,6.3636365,,146.9515,,,1352,6.193633,6.6025352,649.25885,-3.9493425,-0.018929705,13.250481,1245736,-4.070126,8373.792,-0.09090909
0.14999999,0.92405224,-1.1915197,921.0192165558019,4.580552e-10,-13.250481,190.69212,1353,-3.6432931,8.42407,,244,144,0.14999999,1886.4254577159882,6.3636365,,146.9515,3.2361438e-09,,1353,6.1915197,5.4819517,452.9738,-3.950082,1.6657988,13.250481,1246139,-3.641096,8377.126,-1.0
0.14999999,1.9533087,-1.1908127,920.6447562776957,4.5737888e-10,-13.250481,187.30704,1354,-3.643862,8.42407,,244,144,0.14999999,1888.2518329620361,-6.3636365,,146.9515,,,1354,6.1908126,-7.7960367,1236.6449,-3.9508207,-0.23418045,13.250481,1246553,-4.2667327,8382.36,-1.0
0.14999999,1.3521181,-1.1916778,920.7025830258302,4.5670404e-10,-13.250481,186.62999,1355,-3.6439173,8.42407,,244,144,0.14999999,1890.400497674942,-6.3636365,,146.9515,,,1355,6.191678,-5.2492046,640.34955,-3.951559,-2.3630934,13.250481,1247552,-4.3019977,8389.724,1.0
0.14999999,0.29106724,-1.1950098,920.7603244837758,4.5603069e-10,-13.250481,175.9163,1356,-3.6446335,8.42407,,244,144,0.14999999,1892.4578540325165,4.5454545,,146.9515,,,1356,6.1950097,5.280524,81.87255,-3.9522967,-5.709831,13.250481,1248551,-4.816886,8400.434,0.6363636
0.14999999,0.28396595,-1.1958078,920.8179808400885,4.5535892e-10,-13.250481,174.48958,1357,-3.6456625,8.42407,,244,144,0.14999999,1894.610580444336,-4.5454545,,146.9515,,,1357,6.195808,-3.916301,108.71422,-3.953034,-2.277816,13.250481,1249550,-4.3277216,8407.711,0.6363636
0.14999999,0.52228796,-1.1960553,920.8755522827688,4.5468854e-10,-13.250481,174.39174,1358,-3.6467419,8.42407,,244,144,0.14999999,1896.5552101135254,4.5454545,,146.9515,,,1358,6.1960554,3.4860682,232.1414,-3.9537706,-1.5318493,13.250481,1250549,-4.3895555,8414.243,-0.6363636
0.14999999,0.79030335,-1.1958628,920.5526122148639,4.5401963e-10,-13.250481,174.02722,1359,-3.6471858,8.42407,,244,144,0.14999999,1898.2850089073181,-4.5454545,,146.9515,,,1359,6.195863,-4.697006,305.17773,-3.9545066,-0.934554,13.250481,1251031,-3.748972,8420.178,-0.6363636
0.14999999,1.2882847,-1.1952443,920.6102941176471,4.533522e-10,-13.250481,169.9152,1360,-3.6472049,8.42407,,244,144,0.14999999,1900.3424696922302,4.5454545,,146.9515,,,1360,6.1952443,3.7631712,1344.6761,-3.9552424,-0.35476643,13.250481,1252030,-3.417016,8425.532,-1.0
0.14999999,0.78035194,-1.1952873,920.399706098457,4.5268628e-10,-13.250481,168.62988,1361,-3.6476676,8.42407,,244,144,0.14999999,1902.137041091919,-4.5454545,,146.9515,,,1361,6.195287,-3.5917273,539.1199,-3.9559774,-1.2537518,13.250481,1252664,-4.255759,8431.786,1.0
0.14999999,0.84425896,-1.1989237,920.4574155653451,4.5202173e-10,-13.250481,168.05547,1362,-3.6490548,8.42407,,244,144,0.14999999,1904.1816155910492,-2.7272727,,146.9515,,,1362,6.1989236,-3.871459,699.6332,-3.9567118,-6.1480627,13.250481,1253663,-5.216001,8442.934,-0.6363636
0.14999999,0.5525114,-1.1993508,920.5150403521643,4.5135873e-10,-13.250481,167.73708,1363,-3.651274,8.42407,,244,144,0.14999999,1906.1921637058258,2.7272727,,146.9515,,,1363,6.199351,3.2293496,218.79797,-3.9574459,-1.7810854,13.250481,1254662,-6.4107842,8449.715,0.6363636
0.14999999,1.125355,-1.1990563,920.5725806451613,4.5069712e-10,-13.250481,167.26277,1364,-3.6522722,8.42407,,244,144,0.14999999,1908.1562724113464,-2.7272727,,146.9515,,,1364,6.199056,-2.0665708,888.95465,-3.9581792,-0.7975837,13.250481,1255661,-4.5430346,8455.513,0.6363636
0.14999999,1.279568,-1.1984603,920.6300366300367,4.5003698e-10,-13.250481,164.65622,1365,-3.6522539,8.42407,,244,144,0.14999999,1910.184317111969,4.5454545,,146.9515,,,1365,6.1984606,5.6554403,1350.0626,-3.9589121,-0.3856947,13.250481,1256660,-3.5794075,8460.898,1.0
0.14999999,0.5072198,-1.2016484,920.6874084919473,4.493783e-10,-13.250481,163.99382,1366,-3.653089,8.42407,,244,144,0.14999999,1912.2915802001953,4.5454545,,146.9515,1.8358621e-06,,1366,6.201648,4.8047304,138.54799,-3.9596443,-5.5531974,13.250481,1257659,-4.7629585,8471.451,0.09090909
0.14999999,0.6774941,-1.2010108,920.7446964155084,4.4872112e-10,-13.250481,163.93011,1367,-3.6537855,8.42407,,244,144,0.14999999,1914.4018259048462,-4.5454545,,146.9515,,,1367,6.2010107,-4.57516,390.83243,-3.9603763,-0.3300123,13.250481,1258658,-4.0978417,8476.781,-0.09090909
0.14999999,1.0437635,-1.2002139,920.8019005847954,4.480653e-10,-13.250481,163.15489,1368,-3.6539516,8.42407,,244,144,0.14999999,1916.5373768806458,2.7272727,,146.9515,,,1368,6.200214,2.3475971,555.87384,-3.9611075,-0.11101895,13.250481,1259657,-3.505647,8481.893,-0.8181818
0.14999999,0.6178365,-1.1998328,920.8590211833455,4.4741094e-10,-13.250481,161.56047,1369,-3.6557899,8.42407,,244,144,0.14999999,1918.8462517261505,-4.5454545,,146.9515,,,1369,6.199833,-5.8019505,319.8432,-3.9618382,-0.678426,13.250481,1260656,-6.104342,8487.571,-1.0
0.14999999,0.49766624,-1.2003844,920.9160583941606,4.4675805e-10,-13.250481,160.98358,1370,-3.6567037,8.42407,,244,144,0.14999999,1920.9065191745758,-2.7272727,,146.9515,,,1370,6.200384,-1.96197,257.92667,-3.9625683,-1.9555161,13.250481,1261655,-4.4862943,8494.526,1.0
0.14999999,0.48883167,-1.2017119,920.9730123997083,4.4610654e-10,-13.250481,158.99738,1371,-3.658028,8.42407,,244,144,0.14999999,1923.116555929184,-2.7272727,,146.9515,0.359657,,1371,6.2017117,-2.8435774,197.51514,-3.963298,-3.020364,13.250481,1262654,-4.941598,8502.547,0.27272728
0.14999999,0.4723974,-1.2008365,921.0298833819242,4.4545648e-10,-13.250481,158.94272,1372,-3.6599314,8.42407,,244,144,0.14999999,1925.1083481311798,2.7272727,,146.9515,,,1372,6.2008367,3.2267613,258.6474,-3.9640272,-0.00073220977,13.250481,1263653,-5.7407393,8507.548,0.27272728
0.14999999,1.9167881,-1.2001804,921.0866715222141,4.4480783e-10,-13.250481,157.48723,1373,-3.6617188,8.42407,,244,144,0.14999999,1927.230256319046,2.7272727,,146.9515,0.48479274,,1373,6.2001805,2.208195,1265.8901,-3.9647558,-0.29993352,13.250481,1264652,-5.5669518,8512.848,-0.27272728
0.14999999,1.189744,-1.1995182,921.1433770014556,4.4416062e-10,-13.250481,149.33153,1374,-3.6610906,8.42407,,244,144,0.14999999,1929.4528124332428,-2.7272727,,146.9515,,,1374,6.199518,-2.2646832,1151.8995,-3.965484,-0.29021633,13.250481,1265651,-3.3643305,8518.138,-0.09090909
0.14999999,0.5503921,-1.1987675,921.2,4.4351478e-10,-13.250481,145.89073,1375,-3.660914,8.42407,,244,144,0.14999999,1931.5518996715546,-6.3636365,,146.9515,,,1375,6.1987677,-6.0781016,199.52393,-3.9662113,-0.16742313,13.250481,1266650,-3.367656,8523.306,0.27272728
0.14999999,0.85022116,-1.1980599,921.2565406976744,4.428704e-10,-13.250481,145.76587,1376,-3.661606,8.42407,,244,144,0.14999999,1933.6853399276733,6.3636365,,146.9515,,,1376,6.19806,6.4207397,391.81693,-3.9669383,-0.22506396,13.250481,1267649,-4.148135,8528.53,0.27272728
0.14999999,4.2732015,-1.197267,921.3129992737836,4.422274e-10,-13.250481,145.33,1377,-3.6619222,8.42407,,244,144,0.14999999,1935.5975461006165,2.7272727,,146.9515,,,1377,6.197267,3.753078,3900.0679,-3.9676647,-0.10637639,13.250481,1268648,-3.876227,8533.637,1.0
0.14999999,0.83512515,-1.1988213,921.3693759071117,4.4158577e-10,-13.250481,144.78404,1378,-3.6622787,8.42407,,244,144,0.14999999,1937.7174136638641,-6.3636365,,146.9515,,,1378,6.198821,-6.7562895,448.7112,-3.9683907,-3.3390172,13.250481,1269647,-5.496819,8541.976,-0.6363636
0.14999999,1.9974962,-1.198625,921.4256707759246,4.4094553e-10,-13.250481,144.51051,1379,-3.662241,8.42407,,244,144,0.14999999,1939.7410635948181,-2.7272727,,146.9515,,,1379,6.198625,-3.9220026,1989.7365,-3.9691162,-0.9279985,13.250481,1270646,-3.383541,8547.904,-1.0
0.14999999,0.7353401,-1.1988257,921.481884057971,4.4030674e-10,-13.250481,144.06912,1380,-3.662855,8.42407,,244,144,0.14999999,1941.8374845981598,6.3636365,,146.9515,,,1380,6.198826,5.9424653,325.38525,-3.969841,-1.4756773,13.250481,1271645,-4.9243965,8554.38,-0.27272728
0.14999999,0.655239,-1.1973138,921.1173062997827,4.3966927e-10,-13.250481,143.92827,1381,-3.6634681,8.42407,,244,144,0.14999999,1943.4585824012756,6.3636365,,146.9515,1.4705978e-09,,1381,6.197314,7.057764,171.0711,-3.9705656,0.8891213,13.250481,1272063,-4.201015,8558.49,0.6363636
0.14999999,0.80287254,-1.1995654,921.1736613603473,4.3903323e-10,-13.250481,143.87257,1382,-3.6639063,8.42407,,244,144,0.14999999,1945.3427271842957,-6.3636365,,146.9515,,,1382,6.1995654,-6.7982593,375.79428,-3.9712894,-4.3091474,13.250481,1273062,-3.9003568,8567.8,-0.27272728
0.14999999,0.9840908,-1.1990263,921.2299349240781,4.383986e-10,-13.250481,142.41563,1383,-3.664417,8.42407,,244,144,0.14999999,1947.1920473575592,6.3636365,,146.9515,,,1383,6.199026,5.37723,221.98373,-3.9720128,-0.45400637,13.250481,1274061,-4.114293,8573.254,-0.6363636
0.14999999,2.1496103,-1.1990798,921.1546242774566,4.377653e-10,-13.250481,142.10658,1384,-3.664431,8.42407,,244,144,0.14999999,1948.9868755340576,-6.3636365,,146.9515,,,1384,6.1990795,-5.568837,488.9323,-3.9727354,-1.2728629,13.250481,1274878,-3.623151,8579.526,0.6363636
0.14999999,0.6136393,-1.2005309,921.2108303249097,4.3713336e-10,-13.250481,135.85217,1385,-3.6640604,8.42407,,244,144,0.14999999,1951.067109823227,4.5454545,,146.9515,,,1385,6.200531,5.2617536,269.87915,-3.9734578,-3.2089121,13.250481,1275877,-4.0746174,8587.735,0.45454547
0.14999999,0.8964134,-1.2002434,921.2669552669553,4.365028e-10,-13.250481,132.32695,1386,-3.6646466,8.42407,,244,144,0.14999999,1952.9438614845276,4.5454545,,146.9515,0.14513147,,1386,6.2002435,4.538412,387.12677,-3.9741795,-0.8021856,13.250481,1276876,-4.056934,8593.537,-0.09090909
0.14999999,0.8364176,-1.199305,921.0742609949532,4.358736e-10,-13.250481,132.24927,1387,-3.6652875,8.42407,,244,144,0.14999999,1954.7749481201172,-4.5454545,,146.9515,,,1387,6.199305,-4.564983,319.44537,-3.9749007,0.10129716,13.250481,1277530,-4.380516,8598.436,0.09090909
0.14999999,0.7706691,-1.1984726,921.1304034582132,4.3524576e-10,-13.250481,131.08815,1388,-3.6654866,8.42407,,244,144,0.14999999,1956.778373003006,4.5454545,,146.9515,,,1388,6.1984725,4.151544,230.98004,-3.9756215,-0.04390569,13.250481,1278529,-3.7344673,8603.48,-0.45454547
0.14999999,0.6254295,-1.197747,921.0107991360691,4.3461929e-10,-13.250481,131.0291,1389,-3.6657689,8.42407,,244,144,0.14999999,1958.6239602565765,-4.5454545,,146.9515,,,1389,6.197747,-5.2361174,495.98553,-3.9763417,-0.19066517,13.250481,1279284,-3.7935922,8608.671,-0.45454547
0.14999999,0.78328925,-1.1972948,921.0669064748201,4.3399417e-10,-13.250481,131.01431,1390,-3.666571,8.42407,,244,144,0.14999999,1960.6016800403595,2.7272727,,146.9515,,,1390,6.1972947,2.1830063,305.7398,-3.9770613,-0.5691371,13.250481,1280283,-4.35098,8614.24,-1.0
0.14999999,0.96600145,-1.1971402,921.1229331416247,4.3337037e-10,-13.250481,130.79695,1391,-3.6679864,8.42407,,244,144,0.14999999,1962.460281610489,-4.5454545,,146.9515,,,1391,6.19714,-4.3594756,309.14752,-3.9777806,-0.9822556,13.250481,1281282,-5.3677783,8620.222,0.45454547
0.14999999,0.687542,-1.1965209,921.1788793103449,4.3274795e-10,-13.250481,129.34157,1392,-3.6686645,8.42407,,244,144,0.14999999,1964.316078901291,-2.7272727,,146.9515,,,1392,6.196521,-3.543345,583.1678,-3.9784992,-0.3351658,13.250481,1282281,-4.509494,8625.557,-0.45454547
0.14999999,2.1394017,-1.1961985,921.2347451543432,4.3212683e-10,-13.250481,128.09613,1393,-3.6701777,8.42407,,244,144,0.14999999,1966.3404524326324,2.7272727,,146.9515,,,1393,6.1961985,2.0574765,1161.042,-3.9792173,-0.7471807,13.250481,1283280,-5.390873,8631.305,-0.6363636
0.14999999,0.6459709,-1.1959348,921.2905308464849,4.3150708e-10,-13.250481,127.06483,1394,-3.66967,8.42407,,244,144,0.14999999,1968.155902147293,2.7272727,,146.9515,0.004544732,,1394,6.195935,2.8973033,292.8068,-3.979935,-0.8287069,13.250481,1284279,-3.6794817,8637.133,0.09090909
0.14999999,0.82327527,-1.1950845,921.3462365591398,4.3088866e-10,-13.250481,124.8112,1395,-3.6712976,8.42407,5.2115054e-20,244,144,0.14999999,1970.0997216701508,0.90909094,,146.9515,,,1395,6.1950846,-0.062059462,490.89743,-3.980652,-0.009624774,13.250481,1285278,-5.550076,8642.143,-1.0
0.14999999,2.418964,-1.1956494,921.4018624641834,4.3027157e-10,-13.250481,122.88736,1396,-3.6716413,8.42407,1.1618821e-12,244,144,0.14999999,1972.0114378929138,-0.90909094,,146.9515,6.474906e-32,,1396,6.195649,-1.757443,1880.8951,-3.9813685,-1.9837089,13.250481,1286277,-3.8980844,8649.127,-1.0
0.14999999,1.0978658,-1.196142,921.4574087329993,4.296558e-10,-13.250481,122.651215,1397,-3.6720917,8.42407,2.8135695e-12,244,144,0.14999999,1973.8914580345154,0.90909094,,146.9515,5.9776407e-28,,1397,6.196142,0.5189377,510.81314,-3.9820848,-1.8837539,13.250481,1287276,-5.0753007,8656.01,-0.45454547
0.14999999,0.671692,-1.1955026,921.5128755364807,4.2904133e-10,-13.250481,122.5108,1398,-3.6725302,8.42407,8.354794e-05,244,144,0.14999999,1975.7264938354492,-0.90909094,,146.9515,4.869067e-35,,1398,6.1955028,-0.81426144,163.02592,-3.9828002,-0.30245242,13.250481,1288275,-4.281091,8661.3125,0.45454547
0.14999999,0.85776585,-1.1947209,921.5682630450322,4.284282e-10,-13.250481,122.49425,1399,-3.672735,8.42407,6.2771935e-05,244,144,0.14999999,1977.4471967220306,-0.90909094,,146.9515,0.025053898,,1399,6.1947207,-1.4078653,391.76553,-3.9835153,-0.10200192,13.250481,1289274,-3.6085145,8666.414,-0.45454547
0.14999999,3.5705726,-1.1943676,921.6235714285714,4.2781637e-10,-13.250481,121.6931,1400,-3.673446,8.42407,3.7555193e-12,244,144,0.14999999,1979.6640119552612,0.90909094,,146.9515,9.821185e-38,,1400,6.1943674,0.98346156,3963.2876,-3.9842298,-0.7000002,13.250481,1290273,-4.458697,8672.114,0.45454547
0.14999999,0.3965008,-1.1935418,921.6788008565311,4.2720583e-10,-13.250481,120.388565,1401,-3.6733556,8.42407,0.0057866145,244,144,0.14999999,1981.5782854557037,-0.90909094,,146.9515,5.894242e-29,,1401,6.1935415,-0.84738785,117.74349,-3.9849439,-0.037302468,13.250481,1291272,-4.58752,8677.152,-0.09090909
0.14999999,1.7088928,-1.1926961,921.7339514978602,4.2659665e-10,-13.250481,120.275604,1402,-3.674668,8.42407,2.752593e-10,244,144,0.14999999,1983.4791989326477,0.90909094,,146.9515,6.05515e-26,,1402,6.192696,0.8392182,671.5252,-3.9856532,-0.007854843,13.250481,1292271,-4.9029207,8682.16,0.09090909
0.14999999,1.647643,-1.191882,921.7890235210264,4.2598874e-10,-13.250481,118.42613,1403,-3.674302,8.42407,9.8469726e-20,244,144,0.14999999,1985.1823382377625,0.90909094,,146.9515,7.118711e-11,,1403,6.191882,2.0067787,840.91644,-3.9863663,-0.05050928,13.250481,1293270,-3.6735058,8687.211,1.0
0.14999999,3.10228,-1.1944281,921.8440170940171,4.2538215e-10,-13.250481,117.89309,1404,-3.6741276,8.42407,2.1953223e-12,244,144,0.14999999,1987.1523640155792,-0.90909094,,146.9515,8.5557945e-33,,1404,6.194428,-0.21241099,3782.2715,-3.9870787,-4.7667103,13.250481,1294269,-3.8056347,8696.977,1.0
0.14999999,0.7369478,-1.1960765,921.8989323843416,4.2477682e-10,-13.250481,112.76429,1405,-3.6733909,8.42407,,244,144,0.14999999,1989.0465507507324,-2.7272727,,146.9515,2.7822947e-25,,1405,6.1960764,-2.091763,312.96964,-3.9877906,-3.510586,13.250481,1295268,-3.336501,8705.487,0.45454547
0.14999999,1.0917948,-1.1959796,921.9537695590327,4.241728e-10,-13.250481,112.44401,1406,-3.6735678,8.42407,,244,144,0.14999999,1990.9584002494812,2.7272727,,146.9515,,,1406,6.1959796,2.9385338,553.68713,-3.9885023,-1.059716,13.250481,1296267,-3.6138794,8711.547,0.45454547
0.14999999,1.0670395,-1.195361,922.0085287846482,4.2357004e-10,-13.250481,111.2658,1407,-3.6734602,8.42407,,244,144,0.14999999,1992.6164319515228,-2.7272727,,146.9515,,,1407,6.195361,-2.1863422,780.03143,-3.9892132,-0.32556224,13.250481,1297266,-3.5074313,8716.873,0.8181818
0.14999999,1.0935981,-1.1961597,922.0632102272727,4.229686e-10,-13.250481,111.1015,1408,-3.6746676,8.42407,,244,144,0.14999999,1994.6040167808533,-2.7272727,,146.9515,1.384259e-22,,1408,6.19616,-3.709724,547.16895,-3.9899237,-2.3200471,13.250481,1298265,-5.305995,8724.193,-0.8181818
0.14999999,0.86479723,-1.1965144,922.1178140525195,4.2236842e-10,-13.250481,110.58877,1409,-3.6751056,8.42407,,244,144,0.14999999,1996.5304203033447,-2.7272727,,146.9515,6.3605e-08,,1409,6.196514,-2.4491796,725.6918,-3.9906335,-1.6956611,13.250481,1299264,-4.29621,8730.889,0.09090909
0.14999999,1.2680767,-1.1958506,922.172340425532,4.2176954e-10,-13.250481,110.55661,1410,-3.6754918,8.42407,,244,144,0.14999999,1998.4198367595673,2.7272727,,146.9515,,,1410,6.1958504,2.550185,553.834,-3.991343,-0.26082805,13.250481,1300263,-3.9772034,8736.149,-0.09090909
0.14999999,1.2561152,-1.1950251,922.2267895109851,4.211719e-10,-13.250481,109.438896,1411,-3.675303,8.42407,,244,144,0.14999999,2000.1910116672516,2.7272727,,146.9515,1.1508599e-06,,1411,6.195025,3.6473403,901.1157,-3.992052,-0.030862298,13.250481,1301262,-3.5566344,8741.181,0.8181818
0.14999999,1.3798723,-1.1980375,922.2811614730878,4.2057566e-10,-13.250481,106.99996,1412,-3.6753697,8.42407,,244,144,0.14999999,2001.9413857460022,2.7272727,,146.9515,7.711697e-18,,1412,6.1980376,2.539479,648.66626,-3.9927604,-5.4486322,13.250481,1302261,-3.854626,8751.629,-0.45454547
0.14999999,0.8542054,-1.1975697,922.1939136588818,4.1998058e-10,-13.250481,106.81707,1413,-3.6762664,8.42407,0.0015060409,244,144,0.14999999,2003.771303653717,-0.90909094,,146.9515,,,1413,6.19757,-0.5831931,264.07822,-3.9934685,-0.5370606,13.250481,1303060,-5.2006793,8757.166,0.27272728
0.14999999,1.9129684,-1.1968974,922.2482319660537,4.1938678e-10,-13.250481,106.67752,1414,-3.676707,8.42407,5.6959847e-11,244,144,0.14999999,2005.508525133133,0.90909094,,146.9515,1.9227686e-31,,1414,6.1968975,0.4653796,680.0253,-3.994175,-0.24684976,13.250481,1304059,-4.1148734,8762.413,-0.27272728
0.14999999,0.5367002,-1.1961033,922.3024734982332,4.187942e-10,-13.250481,106.559975,1415,-3.6783216,8.42407,,244,144,0.14999999,2007.2550826072693,-2.7272727,,146.9515,,,1415,6.196103,-3.2940536,189.64229,-3.9948819,-0.07329552,13.250481,1305058,-6.627479,8767.486,-0.27272728
0.14999999,0.8446905,-1.1957167,922.3566384180791,4.1820292e-10,-13.250481,106.51514,1416,-3.6789193,8.42407,3.2808083e-14,244,144,0.14999999,2009.0647003650665,0.90909094,,146.9515,,,1416,6.195717,0.19819129,481.6421,-3.9955883,-0.6486923,13.250481,1306057,-4.0428605,8773.135,-0.6363636
0.14999999,0.7382428,-1.1958127,922.4107268877912,4.1761283e-10,-13.250481,106.10399,1417,-3.6789324,8.42407,1.0925612e-06,244,144,0.14999999,2010.8839800357819,-0.90909094,,146.9515,,,1417,6.1958127,-0.01839304,345.62738,-3.9962943,-1.3315785,13.250481,1307056,-3.475723,8779.467,0.6363636
0.14999999,1.6983887,-1.1957278,922.4647390691114,4.1702403e-10,-13.250481,105.81729,1418,-3.6815865,8.42407,7.319484e-07,244,144,0.14999999,2012.8467581272125,-0.90909094,,146.9515,1.6790187e-11,,1418,6.195728,-1.8285836,705.7293,-3.9969997,-1.075441,13.250481,1308055,-7.1352773,8785.542,-0.6363636
0.14999999,1.4303343,-1.1959976,922.5186751233263,4.1643644e-10,-13.250481,104.70099,1419,-3.681351,8.42407,4.911025e-14,244,144,0.14999999,2014.8202776908875,0.90909094,,146.9515,,,1419,6.1959977,1.4634354,1027.0122,-3.9977047,-1.5787414,13.250481,1309054,-3.8201237,8792.121,0.6363636
0.14999999,0.4574897,-1.1959002,922.5725352112676,4.1585013e-10,-13.250481,101.54586,1420,-3.6812947,8.42407,,244,144,0.14999999,2016.6635012626648,8.181818,,146.9515,,,1420,6.1959,8.760293,315.8412,-3.9984093,-1.0576549,13.250481,1310053,-3.8018541,8798.178,1.0
0.14999999,1.0456941,-1.1975524,922.6263194933146,4.1526504e-10,-13.250481,101.50135,1421,-3.6811755,8.42407,,244,144,0.14999999,2018.4299416542053,-8.181818,,146.9515,,,1421,6.1975527,-9.127052,523.25397,-3.999113,-3.5437336,13.250481,1311052,-2.9357002,8806.722,-1.0
0.14999999,0.7173306,-1.1981319,922.6800281293952,4.1468118e-10,-13.250481,99.948006,1422,-3.681129,8.42407,,244,144,0.14999999,2020.2193322181702,-8.181818,,146.9515,,,1422,6.198132,-7.4936504,549.3155,-3.9998167,-2.0216525,13.250481,1312051,-3.57955,8813.744,1.0
0.14999999,1.7474024,-1.1982878,922.733661278988,4.1409856e-10,-13.250481,98.77492,1423,-3.6813116,8.42407,,244,144,0.14999999,2022.1199617385864,8.181818,,146.9515,,,1423,6.198288,7.523039,734.10205,-4.0005198,-1.4199882,13.250481,1313050,-3.5880406,8820.164,-0.6363636
0.14999999,0.6174455,-1.1976743,922.4494382022472,4.135172e-10,-13.250481,97.44162,1424,-3.6807668,8.42407,,244,144,0.14999999,2023.8275804519653,-8.181818,,146.9515,,,1424,6.1976743,-8.090748,283.1201,-4.001222,-0.3245261,13.250481,1313568,-3.4677699,8825.488,-0.09090909
0.14999999,0.7145262,-1.1969051,922.5031578947369,4.1293696e-10,-13.250481,97.31543,1425,-3.6817887,8.42407,,244,144,0.14999999,2025.5792791843414,8.181818,,146.9515,,,1425,6.196905,8.209576,178.42908,-4.001924,-0.10161452,13.250481,1314567,-4.7261524,8830.59,0.27272728
0.14999999,2.848765,-1.1962662,922.5568022440393,4.1235804e-10,-13.250481,96.96571,1426,-3.681442,8.42407,,244,144,0.14999999,2027.5892207622528,-8.181818,,146.9515,,,1426,6.196266,-8.024376,2508.7249,-4.0026255,-0.28566435,13.250481,1315566,-2.8775005,8835.875,0.27272728
0.14999999,0.82498485,-1.1956859,922.6103714085494,4.117803e-10,-13.250481,96.69139,1427,-3.6820998,8.42407,,244,144,0.14999999,2029.5071523189545,-8.181818,,146.9515,0.0005030445,,1427,6.195686,-8.924247,426.9573,-4.0033264,-0.36818182,13.250481,1316565,-5.612164,8841.244,-0.45454547
0.14999999,0.59750736,-1.1955311,922.6638655462185,4.1120377e-10,-13.250481,96.49155,1428,-3.6827362,8.42407,0.0012815462,244,144,0.14999999,2031.4373307228088,-0.90909094,,146.9515,,,1428,6.195531,-1.104871,236.71141,-4.0040274,-0.97475094,13.250481,1317564,-4.3609705,8847.219,-0.27272728
0.14999999,1.3065425,-1.194847,922.7172848145557,4.1062845e-10,-13.250481,96.208954,1429,-3.683533,8.42407,6.8365896e-11,244,144,0.14999999,2033.3799932003021,0.90909094,,146.9515,1.5516045e-29,,1429,6.194847,1.212163,777.47656,-4.0047264,-0.21803494,13.250481,1318563,-4.3988457,8852.437,0.27272728
0.14999999,0.6526134,-1.1940851,922.7706293706294,4.1005438e-10,-13.250481,95.91687,1430,-3.6831634,8.42407,,244,144,0.14999999,2035.2171423435211,-8.181818,,146.9515,,,1430,6.194085,-7.713513,241.28035,-4.005426,-0.10535525,13.250481,1319562,-3.3181322,8857.542,0.6363636
0.14999999,1.009064,-1.1940565,922.8238993710692,4.0948142e-10,-13.250481,95.77595,1431,-3.6841226,8.42407,0.0062592095,244,144,0.14999999,2037.3139960765839,-0.90909094,,146.9515,,,1431,6.1940565,-0.8449544,373.7467,-4.006125,-1.1530956,13.250481,1320561,-4.684005,8863.695,0.09090909
0.14999999,1.9995178,-1.1932238,922.8770949720671,4.0890977e-10,-13.250481,95.72322,1432,-3.6843493,8.42407,2.6548386e-10,244,144,0.14999999,2039.2907886505127,0.90909094,,146.9515,7.966501e-29,,1432,6.193224,0.26868802,871.67505,-4.0068192,-0.001661445,13.250481,1321560,-3.9603817,8868.696,-0.09090909
0.14999999,1.4698017,-1.1926229,922.9302163293789,4.0833925e-10,-13.250481,95.2636,1433,-3.6854866,8.42407,,244,144,0.14999999,2041.1833732128143,8.181818,,146.9515,,,1433,6.192623,6.8567142,985.53644,-4.0075173,-0.332085,13.250481,1322559,-6.0711246,8874.028,-1.0
0.14999999,0.9918149,-1.1934513,922.818688981869,4.0776993e-10,-13.250481,94.86412,1434,-3.6854475,8.42407,8.795121e-17,244,144,0.14999999,2042.9286415576935,0.90909094,,146.9515,,,1434,6.1934514,-0.36063522,387.27908,-4.008215,-2.380607,13.250481,1323322,-3.9035914,8881.409,-0.8181818
0.14999999,0.94579786,-1.1942208,922.8717770034843,4.0720183e-10,-13.250481,94.742035,1435,-3.6869347,8.42407,,244,144,0.14999999,2044.7039589881897,8.181818,,146.9515,,,1435,6.1942205,8.149864,662.2886,-4.008912,-2.297624,13.250481,1324321,-5.74069,8888.707,-0.27272728
0.14999999,0.84627444,-1.1921705,922.5027855153203,4.0663486e-10,-13.250481,94.63157,1436,-3.68794,8.42407,,244,144,0.14999999,2046.128590106964,8.181818,,146.9515,0.00035069318,,1436,6.1921706,9.165699,668.95374,-4.0096083,1.7500577,13.250481,1324714,-4.9802074,8891.957,0.6363636
0.14999999,0.75938904,-1.192842,922.5560194850383,4.0606912e-10,-13.250481,94.16771,1437,-3.6905358,8.42407,3.2892566e-09,244,144,0.14999999,2047.8663103580475,-0.90909094,,146.9515,,,1437,6.192842,-0.3175205,210.0196,-4.0103045,-2.1571426,13.250481,1325713,-7.1726627,8899.114,0.8181818
0.14999999,1.9539014,-1.1929287,922.6091794158554,4.0550452e-10,-13.250481,93.40245,1438,-3.6907194,8.42407,1.964888e-09,244,144,0.14999999,2049.6567375659943,-0.90909094,,146.9515,8.195511e-18,,1438,6.192929,-1.5348983,1012.827,-4.011,-1.317424,13.250481,1326712,-3.6797307,8905.432,-0.8181818
0.14999999,1.0199629,-1.1928618,922.6622654621265,4.0494114e-10,-13.250481,93.03139,1439,-3.690717,8.42407,,244,144,0.14999999,2051.42466711998,6.3636365,,146.9515,,,1439,6.1928616,5.3211236,331.56122,-4.0116954,-1.0967497,13.250481,1327711,-4.373735,8911.528,-1.0
0.14999999,1.2324767,-1.1931007,922.6069444444445,4.0437892e-10,-13.250481,92.80566,1440,-3.6908169,8.42407,1.4795054e-16,244,144,0.14999999,2053.148488998413,0.90909094,,146.9515,,,1440,6.193101,1.9353861,904.9213,-4.01239,-1.5369227,13.250481,1328554,-3.7898157,8918.064,0.8181818
0.14999999,1.3140504,-1.1942407,922.6599583622484,4.0381784e-10,-13.250481,91.036316,1441,-3.69047,8.42407,,244,144,0.14999999,2055.0402324199677,-6.3636365,,146.9515,,,1441,6.1942406,-7.2503963,687.5116,-4.0130844,-2.8357408,13.250481,1329553,-3.2543302,8925.9,-1.0
0.14999999,0.92647153,-1.1946197,922.7128987517337,4.0325798e-10,-13.250481,89.680466,1442,-3.6905782,8.42407,,244,144,0.14999999,2056.91885471344,4.5454545,,146.9515,,,1442,6.1946197,3.29404,716.89355,-4.013778,-1.7407291,13.250481,1330552,-4.013232,8932.642,-1.0
0.14999999,0.89147973,-1.1954662,922.7657657657658,4.0269924e-10,-13.250481,89.21179,1443,-3.6913302,8.42407,,244,144,0.14999999,2058.726279258728,6.3636365,,146.9515,,,1443,6.195466,7.7294455,506.31332,-4.0144715,-2.4161189,13.250481,1331551,-4.5907164,8940.058,1.0
0.14999999,0.66467875,-1.1984901,922.8185595567867,4.021417e-10,-13.250481,88.72898,1444,-3.691767,8.42407,,244,144,0.14999999,2060.681343317032,-4.5454545,,146.9515,,,1444,6.19849,-5.9294195,272.0336,-4.015164,-5.5621767,13.250481,1332550,-4.1326156,8950.62,-1.0
0.14999999,1.0032167,-1.199729,922.8712802768166,4.015853e-10,-13.250481,88.13375,1445,-3.6940682,8.42407,,244,144,0.14999999,2062.6048531532288,-8.181818,,146.9515,,,1445,6.199729,-8.16411,494.56525,-4.0158563,-2.9887137,13.250481,1333549,-6.6460543,8958.608,-0.6363636
0.14999999,0.7661946,-1.199057,922.923928077455,4.0103001e-10,-13.250481,86.83932,1446,-3.6935775,8.42407,,244,144,0.14999999,2064.43954706192,6.3636365,,146.9515,,,1446,6.199057,5.989611,415.1541,-4.016548,-0.22794883,13.250481,1334548,-2.9097483,8963.836,-0.45454547
0.14999999,1.1203635,-1.1983856,922.7214927436074,4.0047593e-10,-13.250481,86.798225,1447,-3.6938875,8.42407,,244,144,0.14999999,2066.1601202487946,8.181818,,146.9515,4.6651997e-30,,1447,6.1983857,8.2598915,588.3159,-4.0172396,-0.22754014,13.250481,1335178,-3.855522,8969.064,-0.09090909
0.14999999,0.8593261,-1.1973573,922.4813535911602,3.9992298e-10,-13.250481,86.72859,1448,-3.6940453,8.42407,,244,144,0.14999999,2067.8498260974884,6.3636365,,146.9515,1.4445658e-31,,1448,6.197357,6.2325263,226.0855,-4.0179305,0.29049507,13.250481,1335753,-3.9463022,8973.773,0.09090909
0.14999999,1.6887839,-1.1954579,922.1269841269841,3.9937115e-10,-13.250481,86.705185,1449,-3.6939404,8.42407,,244,144,0.14999999,2069.5376114845276,-6.3636365,,146.9515,,,1449,6.195458,-5.556184,715.2781,-4.0186205,1.5548893,13.250481,1336162,-3.3663588,8977.219,1.0
0.14999999,0.60445845,-1.1965835,922.18,3.9882048e-10,-13.250481,86.608604,1450,-3.6938274,8.42407,,244,144,0.14999999,2071.507811307907,6.3636365,,146.9515,,,1450,6.1965837,6.946379,207.73825,-4.0193105,-2.8275592,13.250481,1337161,-4.0337768,8985.046,0.45454547
0.14999999,0.69436365,-1.196618,922.2329427980703,3.9827094e-10,-13.250481,86.56784,1451,-3.6942582,8.42407,,244,144,0.14999999,2073.421353816986,-6.3636365,,146.9515,,,1451,6.196618,-6.5219536,222.54556,-4.02,-1.246492,13.250481,1338160,-3.8999178,8991.293,0.09090909
0.14999999,0.88736063,-1.1958177,922.2858126721763,3.9772258e-10,-13.250481,86.47429,1452,-3.6946945,8.42407,,244,144,0.14999999,2075.25621008873,-6.3636365,,146.9515,29.251736,,1452,6.195818,-6.9506884,451.2519,-4.020689,-0.034655232,13.250481,1339159,-3.9936316,8996.327,-0.45454547
0.14999999,1.0207152,-1.1952502,922.3386097728837,3.971753e-10,-13.250481,85.826454,1453,-3.694754,8.42407,,244,144,0.14999999,2076.931489467621,-4.5454545,,146.9515,,,1453,6.19525,-3.594566,623.3506,-4.0213776,-0.37114292,13.250481,1340158,-3.6024249,9001.698,1.0
0.14999999,1.3355814,-1.1985881,922.3913342503439,3.966292e-10,-13.250481,85.73618,1454,-3.6956723,8.42407,,244,144,0.14999999,2078.770656108856,-6.3636365,,146.9515,1.7378282e-28,,1454,6.1985884,-5.7255616,426.73178,-4.0220656,-6.0486474,13.250481,1341157,-4.9206676,9012.747,0.45454547
0.14999999,0.66372806,-1.1984851,922.4439862542955,3.9608414e-10,-13.250481,84.64104,1455,-3.6956723,8.42407,,244,144,0.14999999,2080.487385749817,4.5454545,,146.9515,,,1455,6.1984854,4.74105,322.94745,-4.022753,-1.0488153,13.250481,1342156,-3.9333813,9018.796,0.27272728
0.14999999,0.7207785,-1.1976628,922.496565934066,3.955403e-10,-13.250481,84.28142,1456,-3.6964233,8.42407,,244,144,0.14999999,2082.3822968006134,-4.5454545,,146.9515,,,1456,6.197663,-4.7592735,220.99644,-4.02344,-0.0012433515,13.250481,1343155,-4.417866,9023.797,-0.27272728
0.14999999,1.3478378,-1.1968486,922.5490734385725,3.949975e-10,-13.250481,84.27402,1457,-3.6971242,8.42407,,244,144,0.14999999,2084.2290806770325,4.5454545,,146.9515,,,1457,6.196849,4.310732,492.81662,-4.0241265,-0.011339217,13.250481,1344154,-4.403817,9028.809,-0.27272728
0.14999999,0.62844884,-1.1960132,922.3360768175583,3.9445588e-10,-13.250481,84.179115,1458,-3.6971478,8.42407,,244,144,0.14999999,2085.939566373825,4.5454545,,146.9515,18.812853,,1458,6.1960135,3.9068103,242.16014,-4.0248127,0.02118717,13.250481,1344766,-3.9766176,9033.787,-0.6363636
0.14999999,0.69131464,-1.1954384,922.1411925976696,3.9391532e-10,-13.250481,84.10712,1459,-3.6972709,8.42407,,244,144,0.14999999,2087.572365283966,-4.5454545,,146.9515,,,1459,6.1954384,-5.3097816,234.80144,-4.0254984,-0.35740295,13.250481,1345404,-3.478518,9039.145,-0.6363636
0.14999999,1.4191965,-1.1952387,922.1938356164384,3.933759e-10,-13.250481,84.03594,1460,-3.6978495,8.42407,,244,144,0.14999999,2089.3597762584686,-4.5454545,,146.9515,2.124258e-06,,1460,6.1952386,-4.328062,445.93704,-4.0261836,-0.9038816,13.250481,1346403,-4.2069345,9045.049,0.27272728
0.14999999,1.2866318,-1.1944287,922.2464065708419,3.928376e-10,-13.250481,83.99917,1461,-3.697545,8.42407,,244,144,0.14999999,2091.319739818573,4.5454545,,146.9515,,,1461,6.1944284,5.43734,760.4209,-4.0268683,-0.011743904,13.250481,1347402,-3.5409656,9050.061,1.0
0.14999999,0.5753678,-1.1956238,922.2989056087551,3.9230036e-10,-13.250481,83.94316,1462,-3.6979241,8.42407,,244,144,0.14999999,2093.239006757736,-4.5454545,,146.9515,,,1462,6.195624,-4.1647015,483.20172,-4.0275526,-2.9416666,13.250481,1348401,-4.3370113,9058.002,0.6363636
0.14999999,0.7299768,-1.1954587,922.3513328776487,3.9176426e-10,-13.250481,83.322205,1463,-3.6986737,8.42407,,244,144,0.14999999,2094.906949520111,4.5454545,,146.9515,,,1463,6.1954584,5.4702387,396.16077,-4.0282364,-0.9540128,13.250481,1349400,-4.320368,9063.956,0.6363636
0.14999999,1.2652338,-1.1958889,922.4036885245902,3.9122924e-10,-13.250481,82.98406,1464,-3.699189,8.42407,,244,144,0.14999999,2096.889033794403,-8.181818,,146.9515,,,1464,6.195889,-7.853986,586.332,-4.028919,-1.8251433,13.250481,1350399,-4.1370115,9070.781,0.09090909
0.14999999,1.6033181,-1.1952084,922.4559726962457,3.9069534e-10,-13.250481,82.85831,1465,-3.6987958,8.42407,,244,144,0.14999999,2098.7634830474854,8.181818,,146.9515,,,1465,6.1952085,7.5324893,634.83514,-4.029602,-0.19915447,13.250481,1351398,-3.2704873,9075.98,-0.8181818
0.14999999,0.5528783,-1.1929721,922.0511596180082,3.901625e-10,-13.250481,82.83509,1466,-3.6991994,8.42407,,244,144,0.14999999,2100.373631954193,-8.181818,,146.9515,,,1466,6.192972,-8.526152,228.89989,-4.0302844,2.0833304,13.250481,1351727,-4.7387905,9078.896,-0.27272728
0.14999999,0.69891727,-1.1922163,922.1036128152692,3.8963083e-10,-13.250481,82.292534,1467,-3.7003264,8.42407,,244,144,0.14999999,2102.209360599518,2.7272727,,146.9515,,,1467,6.1922164,2.3243525,245.6904,-4.0309668,-0.084378526,13.250481,1352726,-4.88637,9083.981,-1.0
0.14999999,1.3672081,-1.1919457,922.1198910081744,3.8910017e-10,-13.250481,82.10854,1468,-3.7014906,8.42407,,244,144,0.14999999,2104.0438985824585,-8.181818,,146.9515,,,1468,6.1919456,-7.59406,558.24774,-4.031648,-0.7949323,13.250481,1353672,-5.072976,9089.776,0.45454547
0.14999999,0.9267616,-1.1914656,922.1722260040845,3.8857062e-10,-13.250481,81.73678,1469,-3.7008028,8.42407,,244,144,0.14999999,2105.9551861286163,8.181818,,146.9515,,,1469,6.1914654,8.42166,377.1313,-4.032329,-0.48673558,13.250481,1354671,-2.9433603,9095.263,0.45454547
0.14999999,0.898873,-1.1913837,922.2244897959183,3.880421e-10,-13.250481,81.49085,1470,-3.7003746,8.42407,,244,144,0.14999999,2107.816105365753,-8.181818,,146.9515,,,1470,6.191384,-8.56012,267.07428,-4.0330095,-1.0710461,13.250481,1355670,-2.9442792,9101.334,-0.8181818
0.14999999,0.5889217,-1.1909672,922.2766825288919,3.875147e-10,-13.250481,81.27696,1471,-3.7000368,8.42407,,244,144,0.14999999,2109.604843854904,-8.181818,,146.9515,1.3361534e-15,,1471,6.190967,-7.4697495,135.41696,-4.0336895,-0.57867116,13.250481,1356669,-3.0642061,9106.913,0.8181818
0.14999999,0.87419146,-1.1915072,922.3288043478261,3.8698836e-10,-13.250481,80.97648,1472,-3.7003386,8.42407,,244,144,0.14999999,2111.3137395381927,6.3636365,,146.9515,,,1472,6.1915073,6.5900326,343.92285,-4.034369,-1.9859676,13.250481,1357668,-3.7180376,9113.898,-0.09090909
0.14999999,1.0600294,-1.190466,922.0787508486083,3.864631e-10,-13.250481,80.81002,1473,-3.7003956,8.42407,,244,144,0.14999999,2112.8482604026794,8.181818,,146.9515,8.967492e-25,,1473,6.190466,8.103846,344.406,-4.035048,0.34214115,13.250481,1358222,-3.61245,9118.557,0.09090909
0.14999999,1.0242279,-1.1886886,921.7347354138399,3.8593892e-10,-13.250481,80.7307,1474,-3.700011,8.42407,,244,144,0.14999999,2114.401223421097,-6.3636365,,146.9515,,,1474,6.1886888,-6.712695,390.29626,-4.035727,1.4294599,13.250481,1358637,-3.1273088,9122.127,-0.09090909
0.14999999,1.3174524,-1.1881989,921.7871186440678,3.8541575e-10,-13.250481,80.38273,1475,-3.700146,8.42407,,244,144,0.14999999,2116.252550840378,6.3636365,,146.9515,,,1475,6.188199,5.2256184,375.26746,-4.036405,-0.4663192,13.250481,1359636,-3.847112,9127.594,-0.8181818
0.14999999,0.7602358,-1.1885406,921.6185636856369,3.8489373e-10,-13.250481,80.357315,1476,-3.6999855,8.42407,,244,144,0.14999999,2117.936521291733,-2.7272727,,146.9515,,,1476,6.1885405,-1.6455586,359.46106,-4.0370827,-1.6925011,13.250481,1360309,-3.697364,9134.286,1.0
0.14999999,1.2659361,-1.1919501,921.6709546377792,3.8437267e-10,-13.250481,80.34031,1477,-3.700801,8.42407,,244,144,0.14999999,2119.6841864585876,8.181818,,146.9515,,,1477,6.19195,7.6079984,784.54724,-4.0377603,-6.2242703,13.250481,1361308,-4.6147976,9145.51,-0.45454547
0.14999999,0.88663614,-1.1909542,921.3606224627875,3.8385276e-10,-13.250481,79.99514,1478,-3.700406,8.42407,,244,144,0.14999999,2121.20219540596,-6.3636365,,146.9515,,,1478,6.190954,-6.9551377,302.41855,-4.038437,0.27985293,13.250481,1361771,-3.2378953,9150.23,-0.6363636
0.14999999,0.96286637,-1.1910365,921.4131169709264,3.8333384e-10,-13.250481,79.92768,1479,-3.7004178,8.42407,,244,144,0.14999999,2122.9747796058655,8.181818,,146.9515,,,1479,6.191036,8.775475,578.79895,-4.039113,-1.3127081,13.250481,1362770,-3.565539,9156.543,0.8181818
0.14999999,0.7615208,-1.1910775,921.4655405405406,3.8281597e-10,-13.250481,79.26546,1480,-3.7007759,8.42407,,244,144,0.14999999,2124.753429412842,6.3636365,,146.9515,6.4431924e-33,,1480,6.191077,7.0527487,221.60828,-4.039789,-1.2516375,13.250481,1363769,-4.0784183,9162.795,0.6363636
0.14999999,1.224145,-1.1917048,921.5178933153275,3.8229922e-10,-13.250481,79.09997,1481,-3.7010834,8.42407,,244,144,0.14999999,2126.8340244293213,-2.7272727,,146.9515,,,1481,6.1917048,-3.851238,628.63995,-4.0404644,-2.120133,13.250481,1364768,-3.8904212,9169.915,-1.0
0.14999999,1.2455702,-1.1922067,921.5701754385965,3.8178344e-10,-13.250481,78.312614,1482,-3.7015526,8.42407,,244,144,0.14999999,2128.7834210395813,4.5454545,,146.9515,,,1482,6.192207,4.1754875,433.84036,-4.0411396,-1.9354924,13.250481,1365767,-4.4919558,9176.851,-0.09090909
0.14999999,0.9194616,-1.1914936,921.6183412002697,3.8126874e-10,-13.250481,78.27724,1483,-3.7013042,8.42407,,244,144,0.14999999,2130.804620027542,-4.5454545,,146.9515,,,1483,6.1914935,-4.645726,265.48825,-4.0418143,-0.13469699,13.250481,1366760,-3.495986,9181.985,-0.09090909
0.14999999,1.8165375,-1.1906916,921.6704851752022,3.807551e-10,-13.250481,77.94141,1484,-3.7016973,8.42407,,244,144,0.14999999,2132.6575257778168,-6.3636365,,146.9515,2.986428e-30,,1484,6.1906915,-5.776887,339.54425,-4.042488,-0.0012181543,13.250481,1367759,-4.153533,9186.986,0.6363636
0.14999999,1.0871732,-1.1905038,921.722558922559,3.8024248e-10,-13.250481,77.825645,1485,-3.7012916,8.42407,,244,144,0.14999999,2134.333007335663,-2.7272727,,146.9515,,,1485,6.190504,-3.6175752,411.65298,-4.043162,-0.9118498,13.250481,1368758,-3.7875185,9192.898,-0.6363636
0.14999999,0.8208279,-1.1901642,921.7745625841185,3.7973086e-10,-13.250481,77.592735,1486,-3.7020435,8.42407,,244,144,0.14999999,2136.2256820201874,-2.7272727,,146.9515,1.6906539e-05,,1486,6.190164,-2.4099448,392.17096,-4.043835,-0.6858446,13.250481,1369757,-4.8252654,9198.584,0.27272728
0.14999999,0.87056607,-1.1894147,921.8264963012778,3.792203e-10,-13.250481,77.52119,1487,-3.7019415,8.42407,,244,144,0.14999999,2138.088683605194,2.7272727,,146.9515,,,1487,6.189415,2.9881504,532.2686,-4.0445075,-0.07580213,13.250481,1370756,-3.3259113,9203.66,0.27272728
0.14999999,1.2955109,-1.1889355,921.8783602150538,3.7871076e-10,-13.250481,77.34909,1488,-3.7018976,8.42407,,244,144,0.14999999,2139.9042825698853,2.7272727,,146.9515,0.011965448,,1488,6.1889353,2.677839,461.47794,-4.04518,-0.47635078,13.250481,1371755,-3.4396176,9209.136,-0.27272728
0.14999999,0.79002774,-1.1882231,921.9301544660847,3.7820225e-10,-13.250481,77.321045,1489,-3.7024343,8.42407,,244,144,0.14999999,2141.7137587070465,2.7272727,,146.9515,3.4762692e-05,,1489,6.188223,3.260598,215.17679,-4.0458517,-0.12809786,13.250481,1372754,-4.716934,9214.264,0.6363636
0.14999999,1.0421021,-1.1883032,921.9818791946309,3.7769476e-10,-13.250481,77.00544,1490,-3.7024817,8.42407,,244,144,0.14999999,2143.614390850067,-2.7272727,,146.9515,,,1490,6.188303,-2.1822677,400.9386,-4.046523,-1.3076814,13.250481,1373753,-3.5313976,9220.572,0.6363636
0.14999999,0.57855844,-1.1883303,922.0335345405767,3.771883e-10,-13.250481,76.55131,1491,-3.7026427,8.42407,,244,144,0.14999999,2145.4749896526337,-2.7272727,,146.9515,0.011820628,,1491,6.18833,-2.6564755,385.6302,-4.047194,-1.228683,13.250481,1374752,-3.9158506,9226.801,-0.09090909
0.14999999,1.708002,-1.1875359,922.0851206434317,3.7668285e-10,-13.250481,76.36044,1492,-3.7026877,8.42407,,244,144,0.14999999,2147.494016647339,2.7272727,,146.9515,,,1492,6.187536,2.162961,509.31058,-4.0478644,-0.0029937786,13.250481,1375751,-3.311865,9231.804,-0.6363636
0.14999999,0.7939678,-1.1871877,922.1366376423309,3.7617845e-10,-13.250481,75.92228,1493,-3.7022617,8.42407,,244,144,0.14999999,2149.4529032707214,6.3636365,,146.9515,,,1493,6.1871877,6.5283985,226.01813,-4.0485344,-0.6675996,13.250481,1376750,-3.6123314,9237.471,-0.27272728
0.14999999,0.8385405,-1.1852452,921.7884872824632,3.75675e-10,-13.250481,75.94696,1494,-3.7023351,8.42407,,244,144,0.14999999,2151.1251521110535,6.3636365,,146.9515,26.818554,,1494,6.185245,6.671123,259.8097,-4.0492043,1.7148948,13.250481,1377152,-3.5715485,9240.756,0.27272728
0.14999999,0.68975097,-1.1845686,921.8401337792642,3.751726e-10,-13.250481,75.783875,1495,-3.7024486,8.42407,,244,144,0.14999999,2153.130227088928,-6.3636365,,146.9515,,,1495,6.1845684,-6.4416604,355.65103,-4.0498734,-0.17393382,13.250481,1378151,-3.6709173,9245.93,0.27272728
0.14999999,0.92375076,-1.1840461,921.8917112299465,3.746712e-10,-13.250481,75.62875,1496,-3.70294,8.42407,,244,144,0.14999999,2155.076552629471,-6.3636365,,146.9515,0.0007993841,,1496,6.1840463,-6.2243934,255.41693,-4.050542,-0.4027814,13.250481,1379150,-4.096511,9251.333,-0.27272728
0.14999999,0.85146254,-1.183268,921.943219772879,3.741708e-10,-13.250481,75.21571,1497,-3.7030199,8.42407,,244,144,0.14999999,2156.9892914295197,6.3636365,,146.9515,,,1497,6.183268,5.7866817,152.6214,-4.05121,-0.019136736,13.250481,1380149,-3.7052977,9256.352,-0.6363636
0.14999999,1.0818044,-1.1820458,921.6028037383178,3.736714e-10,-13.250481,75.06965,1498,-3.7031133,8.42407,,244,144,0.14999999,2158.558576822281,-6.3636365,,146.9515,,,1498,6.182046,-7.07863,345.4921,-4.051878,0.6475785,13.250481,1380561,-3.6691895,9260.705,-0.8181818
0.14999999,0.76390934,-1.1820376,921.6544362908605,3.7317302e-10,-13.250481,74.32843,1499,-3.7031257,8.42407,,244,144,0.14999999,2160.40163731575,4.5454545,,146.9515,,,1499,6.1820374,4.025003,393.9327,-4.052545,-1.1697807,13.250481,1381560,-3.7369606,9266.874,-0.8181818
0.14999999,1.5429945,-1.1819783,921.5986666666666,3.7267558e-10,-13.250481,74.329285,1500,-3.703655,8.42407,1.2484257e-12,244,144,0.14999999,2162.1394996643066,-0.90909094,,146.9515,,,1500,6.181978,-1.9191446,611.61053,-4.053212,-1.0931717,13.250481,1382398,-4.2091618,9272.968,-1.0
0.14999999,1.4461702,-1.1824906,921.6502331778814,3.721792e-10,-13.250481,74.2843,1501,-3.7034872,8.42407,5.607448e-20,244,144,0.14999999,2163.891911506653,0.90909094,,146.9515,4.4597233e-30,,1501,6.1824903,-0.077189684,932.41156,-4.053879,-1.950918,13.250481,1383397,-3.8374698,9279.918,-1.0
0.14999999,0.5633131,-1.1828163,921.7017310252996,3.716838e-10,-13.250481,74.26198,1502,-3.703623,8.42407,,244,144,0.14999999,2165.7958331108093,4.5454545,,146.9515,,,1502,6.1828165,5.245392,194.28186,-4.0545444,-1.671606,13.250481,1384396,-4.159551,9286.59,0.45454547
0.14999999,0.8812138,-1.1828711,921.7531603459747,3.7118936e-10,-13.250481,73.95892,1503,-3.7042027,8.42407,,244,144,0.14999999,2167.6655049324036,-4.5454545,,146.9515,,,1503,6.182871,-5.237363,295.4646,-4.05521,-1.2651448,13.250481,1385395,-4.1197553,9292.855,-0.8181818
0.14999999,0.7177142,-1.1827024,921.8045212765958,3.7069592e-10,-13.250481,73.931755,1504,-3.7044177,8.42407,,244,144,0.14999999,2169.4637398719788,4.5454545,,146.9515,,,1504,6.1827025,5.095276,232.73604,-4.0558753,-0.9292783,13.250481,1386394,-3.8621368,9298.784,0.09090909
0.14999999,1.0927415,-1.1822122,921.8558139534883,3.7020348e-10,-13.250481,73.8985,1505,-3.704949,8.42407,,244,144,0.14999999,2171.383903980255,-4.5454545,,146.9515,,,1505,6.1822124,-4.707204,303.06412,-4.05654,-0.44507778,13.250481,1387393,-4.195661,9304.2295,0.09090909
0.14999999,0.90425545,-1.1814392,921.9070385126162,3.6971198e-10,-13.250481,73.57494,1506,-3.7050529,8.42407,,244,144,0.14999999,2173.551271677017,4.5454545,,146.9515,,,1506,6.1814394,4.142701,176.32559,-4.0572042,-0.017886931,13.250481,1388392,-3.9085004,9309.247,-0.45454547
0.14999999,0.5358901,-1.1807635,921.958195089582,3.692215e-10,-13.250481,73.48003,1507,-3.70497,8.42407,,244,144,0.14999999,2175.463797569275,-4.5454545,,146.9515,,,1507,6.1807632,-3.5648944,204.98172,-4.057868,-0.16314283,13.250481,1389391,-3.4529192,9314.41,0.8181818
0.14999999,0.9651598,-1.1815603,922.0092838196286,3.68732e-10,-13.250481,73.40689,1508,-3.7052162,8.42407,,244,144,0.14999999,2177.4356548786163,6.3636365,,146.9515,,,1508,6.1815605,7.010106,375.17444,-4.0585313,-2.3823328,13.250481,1390390,-3.5938933,9321.793,0.8181818
0.14999999,0.75494933,-1.1824504,922.0603048376408,3.682434e-10,-13.250481,73.387436,1509,-3.7053063,8.42407,,244,144,0.14999999,2179.2373366355896,-4.5454545,,146.9515,,,1509,6.1824503,-5.23423,308.4256,-4.059194,-2.524745,13.250481,1391389,-3.749801,9329.317,-0.45454547
0.14999999,0.97124404,-1.1821234,922.1112582781457,3.6775583e-10,-13.250481,73.250786,1510,-3.705742,8.42407,,244,144,0.14999999,2181.054808616638,-4.5454545,,146.9515,4.712661e-08,,1510,6.182123,-4.1879663,280.53052,-4.059857,-0.6886952,13.250481,1392388,-4.0813217,9335.006,0.45454547
0.14999999,0.8432248,-1.1814729,922.1621442753144,3.6726922e-10,-13.250481,73.05088,1511,-3.705669,8.42407,,244,144,0.14999999,2182.9485626220703,-2.7272727,,146.9515,7.4589995e-32,,1511,6.181473,-2.7766774,325.02548,-4.0605187,-0.19920367,13.250481,1393387,-3.5144713,9340.205,-0.45454547
0.14999999,0.7241045,-1.1808008,922.2129629629629,3.6678358e-10,-13.250481,72.99912,1512,-3.7054987,8.42407,,244,144,0.14999999,2184.674306154251,2.7272727,,146.9515,,,1512,6.180801,2.8005989,230.02634,-4.06118,-0.16522244,13.250481,1394386,-3.2389927,9345.371,0.09090909
0.14999999,1.7836621,-1.1801429,922.2637144745539,3.6629888e-10,-13.250481,72.984726,1513,-3.7054396,8.42407,,244,144,0.14999999,2186.6353421211243,2.7272727,,146.9515,0.00032630423,,1513,6.180143,3.781971,1028.3672,-4.0618415,-0.18542296,13.250481,1395385,-3.313055,9350.557,1.0
0.14999999,1.640824,-1.1825209,922.3143989431968,3.6581518e-10,-13.250481,72.15607,1514,-3.7053936,8.42407,,244,144,0.14999999,2188.472494363785,-6.3636365,,146.9515,,,1514,6.182521,-5.6586814,364.89307,-4.0625024,-4.7804937,13.250481,1396384,-4.1228933,9360.337,0.8181818
0.14999999,0.8674949,-1.1833738,922.3650165016502,3.6533238e-10,-13.250481,71.85451,1515,-3.7050683,8.42407,0.0013596159,244,144,0.14999999,2190.2598147392273,-0.90909094,,146.9515,,,1515,6.183374,-1.108097,472.21637,-4.0631623,-2.4745946,13.250481,1397383,-3.7460513,9367.812,-0.27272728
0.14999999,1.2775737,-1.1828215,922.415567282322,3.648506e-10,-13.250481,71.83263,1516,-3.7059612,8.42407,3.053204e-12,244,144,0.14999999,2192.079703807831,0.90909094,,146.9515,1.05965666e-23,,1516,6.1828213,0.30322886,562.6535,-4.0638213,-0.346227,13.250481,1398382,-4.8714848,9373.157,-0.45454547
0.14999999,1.0120401,-1.1823334,922.4660514172709,3.6436973e-10,-13.250481,71.77729,1517,-3.7065043,8.42407,,244,144,0.14999999,2194.0442900657654,4.5454545,,146.9515,,,1517,6.1823335,5.2371883,409.96637,-4.064481,-0.44218445,13.250481,1399381,-4.7051363,9378.6,0.8181818
0.14999999,1.0829175,-1.1840881,922.5164690382081,3.638898e-10,-13.250481,71.72959,1518,-3.7064993,8.42407,7.262342e-11,244,144,0.14999999,2196.0781354904175,0.90909094,,146.9515,,,1518,6.184088,1.4397861,530.29333,-4.06514,-3.8461325,13.250481,1400380,-3.6446357,9387.445,0.27272728
0.14999999,1.1195575,-1.183533,922.5668202764977,3.6341086e-10,-13.250481,71.72196,1519,-3.7061841,8.42407,0.0016190091,244,144,0.14999999,2197.946324825287,-0.90909094,,146.9515,7.2878574e-38,,1519,6.1835327,-0.426287,387.15094,-4.0657983,-0.34073672,13.250481,1401379,-3.2350788,9392.787,0.27272728
0.14999999,1.530144,-1.1833155,922.6171052631579,3.6293285e-10,-13.250481,71.56553,1520,-3.7061145,8.42407,2.8179817e-10,244,144,0.14999999,2199.654722929001,0.90909094,,146.9515,4.1993057e-34,,1520,6.1833153,0.8650937,534.1705,-4.0664554,-0.8529324,13.250481,1402378,-3.661158,9398.64,-0.09090909
0.14999999,1.0802376,-1.1825427,922.6673241288626,3.624558e-10,-13.250481,71.400406,1521,-3.7061362,8.42407,1.0675055e-19,244,144,0.14999999,2201.636428117752,0.90909094,,146.9515,8.1786453e-07,,1521,6.182543,1.7156854,517.0854,-4.067113,-0.008000334,13.250481,1403377,-4.1500435,9403.647,1.0
0.14999999,1.0669914,-1.1839404,922.7174770039422,3.6197964e-10,-13.250481,71.383354,1522,-3.7064269,8.42407,2.3798112e-12,244,144,0.14999999,2203.587334394455,-0.90909094,,146.9515,2.1596962e-27,,1522,6.1839404,-0.20184147,1025.4238,-4.0677705,-3.309738,13.250481,1404376,-4.1379113,9411.957,1.0
0.14999999,1.3680073,-1.1855571,922.7675640183847,3.6150452e-10,-13.250481,70.829185,1523,-3.7062602,8.42407,7.861419e-07,244,144,0.14999999,2205.4150800704956,-0.90909094,,146.9515,1.715734e-22,,1523,6.1855574,-1.6713834,413.30157,-4.068427,-3.6463187,13.250481,1405375,-3.3481324,9420.604,-0.6363636
0.14999999,1.2302969,-1.1855474,922.8175853018373,3.6103026e-10,-13.250481,70.429565,1524,-3.705999,8.42407,1.1750548e-06,244,144,0.14999999,2207.3458535671234,-0.90909094,,146.9515,6.1933123e-17,,1524,6.1855474,-0.6365294,524.77545,-4.0690837,-1.1705583,13.250481,1406374,-3.5756907,9426.774,0.6363636
0.14999999,0.9655632,-1.1849922,922.8675409836065,3.6055692e-10,-13.250481,70.369896,1525,-3.705712,8.42407,5.277843e-14,244,144,0.14999999,2209.2752618789673,0.90909094,,146.9515,3.1592652e-33,,1525,6.1849923,1.7438741,345.77475,-4.0697393,-0.3389532,13.250481,1407373,-3.4028847,9432.113,0.6363636
0.14999999,0.76784533,-1.1858974,922.9174311926605,3.6008455e-10,-13.250481,69.507256,1526,-3.705576,8.42407,,244,144,0.14999999,2211.269250869751,-2.7272727,,146.9515,,,1526,6.1858974,-2.9018898,357.91406,-4.070395,-2.5663345,13.250481,1408372,-3.405666,9439.68,0.09090909
0.14999999,0.33903673,-1.185151,922.9672560576294,3.5961306e-10,-13.250481,69.49926,1527,-3.7058122,8.42407,,244,144,0.14999999,2213.147391796112,8.181818,,146.9515,,,1527,6.185151,9.349444,192.27385,-4.07105,-0.04601862,13.250481,1409371,-3.79677,9444.726,1.0
0.14999999,1.1575196,-1.1890652,923.0170157068063,3.5914252e-10,-13.250481,69.44037,1528,-3.7067242,8.42407,,244,144,0.14999999,2214.973298549652,2.7272727,,146.9515,,,1528,6.189065,2.602068,328.2682,-4.071705,-7.166244,13.250481,1410370,-4.425927,9456.892,-0.09090909
0.14999999,0.98858213,-1.1882943,923.0667102681491,3.5867287e-10,-13.250481,69.416824,1529,-3.706434,8.42407,,244,144,0.14999999,2216.7288224697113,2.7272727,,146.9515,0.48625776,,1529,6.1882944,3.3720841,329.97864,-4.072359,-0.010341768,13.250481,1411369,-3.3528833,9461.902,0.45454547
0.14999999,0.92148197,-1.188238,923.1163398692811,3.582042e-10,-13.250481,69.33223,1530,-3.7067025,8.42407,,244,144,0.14999999,2218.697813987732,-2.7272727,,146.9515,,,1530,6.188238,-2.2093341,233.63524,-4.073013,-1.102227,13.250481,1412368,-4.0583687,9468.004,0.45454547
0.14999999,0.9900774,-1.1879672,923.1659046374918,3.577364e-10,-13.250481,69.28585,1531,-3.706638,8.42407,,244,144,0.14999999,2220.5424671173096,2.7272727,,146.9515,,,1531,6.1879673,2.282825,272.91385,-4.073666,-0.77365375,13.250481,1413367,-3.487635,9473.777,-0.8181818
0.14999999,0.9894739,-1.1877491,923.1233681462141,3.5726952e-10,-13.250481,69.084175,1532,-3.707246,8.42407,,244,144,0.14999999,2222.2730300426483,-8.181818,,146.9515,,,1532,6.187749,-9.357967,389.6441,-4.0743194,-0.8539259,13.250481,1414225,-4.577794,9479.632,-1.0
0.14999999,0.66122067,-1.1882843,923.1728636660143,3.5680361e-10,-13.250481,68.389946,1533,-3.7079084,8.42407,,244,144,0.14999999,2224.182277917862,-2.7272727,,146.9515,,,1533,6.1882844,-2.9208937,196.84082,-4.0749717,-2.008049,13.250481,1415224,-4.6569495,9486.64,-0.27272728
0.14999999,1.1266057,-1.1878294,923.222294654498,3.5633857e-10,-13.250481,68.37779,1534,-3.7079492,8.42407,,244,144,0.14999999,2226.008231163025,-2.7272727,,146.9515,2.5409532,,1534,6.1878295,-3.436061,303.93854,-4.075624,-0.490445,13.250481,1416223,-3.4115765,9492.13,-0.8181818
0.14999999,0.9236546,-1.1880175,923.271661237785,3.558744e-10,-13.250481,68.326614,1535,-3.707631,8.42407,0.006340001,244,144,0.14999999,2227.9521939754486,-0.90909094,,146.9515,5.999951e-31,,1535,6.1880174,-0.98317367,427.45557,-4.0762753,-1.4765774,13.250481,1417222,-3.2875354,9498.607,-0.09090909
0.14999999,1.1365997,-1.187246,923.3209635416666,3.5541117e-10,-13.250481,68.26132,1536,-3.707529,8.42407,,244,144,0.14999999,2229.9258534908295,8.181818,,146.9515,,,1536,6.187246,7.125928,434.8351,-4.0769224,-0.0028920996,13.250481,1418221,-3.4186263,9503.609,-1.0
0.14999999,0.6127721,-1.1834774,922.889394925179,3.5494885e-10,-13.250481,68.19224,1537,-3.708279,8.42407,,244,144,0.14999999,2231.524580001831,-8.181818,,146.9515,,,1537,6.1834774,-7.0478196,411.24057,-4.0775733,4.6050234,13.250481,1418481,-4.934269,9504.005,1.0
0.14999999,0.86116904,-1.1880879,922.9388816644994,3.5448744e-10,-13.250481,67.96041,1538,-3.71029,8.42407,3.5634378e-14,244,144,0.14999999,2233.4299726486206,0.90909094,,146.9515,,,1538,6.188088,0.21545988,280.60248,-4.0782237,-8.274505,13.250481,1419480,-6.373757,9517.279,-0.6363636
0.14999999,1.5146595,-1.1880406,922.9883040935673,3.540269e-10,-13.250481,67.9385,1539,-3.710236,8.42407,,244,144,0.14999999,2235.4261939525604,2.7272727,,146.9515,1.0488034e-29,,1539,6.1880407,1.8745753,331.5775,-4.0788736,-1.1152812,13.250481,1420479,-3.4526489,9523.395,-0.45454547
0.14999999,1.0010583,-1.1878353,923.0376623376624,3.535673e-10,-13.250481,67.74242,1540,-3.7096834,8.42407,,244,144,0.14999999,2237.461656808853,-2.7272727,,146.9515,,,1540,6.187835,-1.9368498,399.98096,-4.0795236,-0.8718659,13.250481,1421478,-3.2953842,9529.267,0.8181818
0.14999999,0.9423399,-1.1881992,923.0869565217391,3.5310854e-10,-13.250481,66.742134,1541,-3.7094996,8.42407,,244,144,0.14999999,2239.4701557159424,6.3636365,,146.9515,,,1541,6.188199,5.37792,215.67612,-4.0801725,-1.7484728,13.250481,1422477,-3.3625832,9536.015,-1.0
0.14999999,1.2407926,-1.187478,922.7535667963683,3.5265071e-10,-13.250481,66.66747,1542,-3.7095277,8.42407,,244,144,0.14999999,2241.1439847946167,8.181818,,146.9515,2.0218003e-35,,1542,6.187478,7.388464,234.83873,-4.080821,-0.07601391,13.250481,1422886,-3.6565266,9541.091,-0.6363636
0.14999999,1.0365567,-1.1873091,922.5729099157486,3.5219375e-10,-13.250481,66.54244,1543,-3.7090394,8.42407,,244,144,0.14999999,2242.9007551670074,2.7272727,,146.9515,,,1543,6.1873093,3.3191612,427.9375,-4.0814695,-0.92699647,13.250481,1423530,-3.140267,9547.018,0.8181818
0.14999999,0.7532956,-1.1877308,922.6224093264249,3.517377e-10,-13.250481,65.864395,1544,-3.7088394,8.42407,,244,144,0.14999999,2244.9310829639435,8.181818,,146.9515,,,1544,6.187731,8.927595,116.72269,-4.0821176,-1.838411,13.250481,1424529,-3.378593,9553.856,0.27272728
0.14999999,0.73925084,-1.1875863,922.6718446601942,3.512825e-10,-13.250481,65.86582,1545,-3.7108061,8.42407,,244,144,0.14999999,2246.8950095176697,-8.181818,,146.9515,,,1545,6.1875863,-8.082644,443.9899,-4.0827646,-0.96453124,13.250481,1425528,-6.4835362,9559.82,-0.09090909
0.14999999,0.8509244,-1.1868505,922.7212160413972,3.5082823e-10,-13.250481,65.8405,1546,-3.7105026,8.42407,,244,144,0.14999999,2248.9312517642975,8.181818,,146.9515,,,1546,6.1868505,7.8247333,359.11432,-4.0834117,-0.050130177,13.250481,1426527,-2.9361994,9564.871,-0.27272728
0.14999999,1.5731692,-1.1861594,922.69941822883,3.503748e-10,-13.250481,65.470566,1547,-3.7101474,8.42407,,244,144,0.14999999,2250.7579152584076,-8.181818,,146.9515,,,1547,6.186159,-7.9947243,573.86115,-4.0840583,-0.11748553,13.250481,1427416,-2.96899,9569.988,0.27272728
0.14999999,1.2578065,-1.1853937,922.7487080103359,3.4992226e-10,-13.250481,65.40861,1548,-3.7093856,8.42407,3.0392044e-10,244,144,0.14999999,2252.5902960300446,0.90909094,,146.9515,,,1548,6.185394,1.2786406,358.45172,-4.084705,-0.0010420186,13.250481,1428415,-2.9626102,9574.989,0.09090909
0.14999999,0.80219406,-1.1846354,922.7979341510652,3.494706e-10,-13.250481,65.40147,1549,-3.709035,8.42407,,244,144,0.14999999,2254.4463357925415,-8.181818,,146.9515,,,1549,6.184635,-8.603556,277.5731,-4.0853505,-0.010718304,13.250481,1429414,-3.3482473,9580.0,-0.45454547
0.14999999,1.0689652,-1.1841294,922.8470967741936,3.490198e-10,-13.250481,65.370384,1550,-3.7090292,8.42407,0.006779644,244,144,0.14999999,2256.468263864517,-0.90909094,,146.9515,,,1550,6.184129,-0.90656954,274.16638,-4.0859957,-0.40023252,13.250481,1430413,-3.4726727,9585.4,0.09090909
0.14999999,1.5798076,-1.1834699,922.896196002579,3.4856992e-10,-13.250481,65.30546,1551,-3.7087123,8.42407,6.247766e-11,244,144,0.14999999,2258.203747034073,0.90909094,,146.9515,,,1551,6.18347,0.2656343,348.05475,-4.0866365,-0.16128063,13.250481,1431412,-3.2409446,9590.562,-0.27272728
0.14999999,1.0871651,-1.1831326,922.9452319587629,3.4812087e-10,-13.250481,65.262085,1552,-3.7086213,8.42407,6.963543e-05,244,144,0.14999999,2260.107105731964,-0.90909094,,146.9515,1.8550268e-26,,1552,6.1831326,-1.4407778,362.1325,-4.0872808,-0.66011614,13.250481,1432411,-4.032233,9596.222,-0.45454547
0.14999999,1.2061902,-1.1828418,922.9942047649711,3.476727e-10,-13.250481,65.23351,1553,-3.708592,8.42407,,244,144,0.14999999,2262.2760775089264,-6.3636365,,146.9515,,,1553,6.182842,-7.1266785,490.65918,-4.087925,-0.73147064,13.250481,1433410,-3.687964,9601.953,-1.0
0.14999999,0.8464807,-1.1831415,923.0431145431146,3.472254e-10,-13.250481,65.17194,1554,-3.7084866,8.42407,4.168533e-12,244,144,0.14999999,2264.1590282917023,0.90909094,,146.9515,,,1554,6.1831417,1.4385154,363.65094,-4.0885687,-1.6485589,13.250481,1434409,-3.661115,9608.602,0.45454547
0.14999999,0.8816624,-1.1827022,923.091961414791,3.467789e-10,-13.250481,64.99988,1555,-3.7082803,8.42407,,244,144,0.14999999,2266.180103302002,4.5454545,,146.9515,,,1555,6.182702,3.6278782,487.6668,-4.089212,-0.49979305,13.250481,1435408,-3.1913764,9614.102,-1.0
0.14999999,1.1849923,-1.183021,922.9350899742931,3.4633335e-10,-13.250481,64.90433,1556,-3.7084339,8.42407,9.298845e-05,244,144,0.14999999,2268.027676343918,-0.90909094,,146.9515,,,1556,6.183021,-0.28497136,379.40088,-4.0898547,-1.678877,13.250481,1436087,-3.757467,9620.78,0.45454547
0.14999999,0.92637223,-1.1835632,922.9839434810533,3.4588862e-10,-13.250481,64.39226,1557,-3.7081056,8.42407,,244,144,0.14999999,2269.9997885227203,-8.181818,,146.9515,,,1557,6.183563,-7.3796654,402.01352,-4.0904975,-2.0273247,13.250481,1437086,-3.3217332,9627.808,0.6363636
0.14999999,0.93188745,-1.1843663,923.0327342747112,3.4544473e-10,-13.250481,64.09039,1558,-3.7080348,8.42407,,244,144,0.14999999,2272.1342079639435,-4.5454545,,146.9515,,,1558,6.184366,-5.5550394,589.21594,-4.0911393,-2.4349136,13.250481,1438085,-3.472347,9635.242,-1.0
0.14999999,1.1734632,-1.1847003,923.0814624759461,3.450017e-10,-13.250481,63.865086,1559,-3.7082288,8.42407,9.561665e-17,244,144,0.14999999,2273.9563999176025,0.90909094,,146.9515,,,1559,6.1847,0.301803,324.97266,-4.091781,-1.7048569,13.250481,1439084,-3.8652625,9641.947,-0.8181818
0.14999999,0.73963934,-1.1843345,923.1301282051282,3.4455952e-10,-13.250481,63.678864,1560,-3.7082722,8.42407,3.5707677e-09,244,144,0.14999999,2275.978778362274,-0.90909094,,146.9515,,,1560,6.1843348,-0.054174185,169.69127,-4.0924225,-0.61423385,13.250481,1440083,-3.8847373,9647.562,0.8181818
0.14999999,0.7513378,-1.1847988,923.1787315823191,3.4411823e-10,-13.250481,63.65573,1561,-3.708811,8.42407,,244,144,0.14999999,2278.084909915924,6.3636365,,146.9515,,,1561,6.1847987,7.379582,380.98883,-4.093063,-1.9091918,13.250481,1441082,-4.266486,9654.471,1.0
0.14999999,1.6095366,-1.1869218,923.2272727272727,3.4367775e-10,-13.250481,63.33712,1562,-3.7090287,8.42407,2.1343023e-09,244,144,0.14999999,2279.9278824329376,-0.90909094,,146.9515,,,1562,6.186922,-1.5649971,455.45325,-4.0937033,-4.500767,13.250481,1442081,-3.7583804,9663.972,-0.8181818
0.14999999,1.240386,-1.1867816,923.275751759437,3.4323813e-10,-13.250481,63.32395,1563,-3.7085989,8.42407,,244,144,0.14999999,2281.7966179847717,8.181818,,146.9515,,,1563,6.186782,8.451323,616.18616,-4.0943437,-0.9678648,13.250481,1443080,-3.5415416,9669.939,0.6363636
0.14999999,1.0005634,-1.1863165,923.3241687979539,3.4279934e-10,-13.250481,63.076004,1564,-3.7081451,8.42407,,244,144,0.14999999,2283.689109802246,8.181818,,146.9515,1.4622133,,1564,6.1863165,7.8430195,323.15512,-4.094983,-0.459381,13.250481,1444079,-3.131914,9675.399,-0.09090909
0.14999999,0.9944469,-1.1854696,923.1207667731629,3.423614e-10,-13.250481,62.62347,1565,-3.7076516,8.42407,,244,144,0.14999999,2285.508318901062,6.3636365,,146.9515,1.229208e-25,,1565,6.1854696,6.8532424,177.5091,-4.095622,0.13922358,13.250481,1444684,-2.891212,9680.26,0.09090909
0.14999999,0.821331,-1.1848626,923.169220945083,3.419243e-10,-13.250481,62.461742,1566,-3.7076485,8.42407,,244,144,0.14999999,2287.399545431137,-8.181818,,146.9515,,,1566,6.1848626,-8.886552,306.9426,-4.096261,-0.2349294,13.250481,1445683,-3.6634114,9685.495,-0.6363636
0.14999999,0.57313925,-1.1846118,923.2176132737716,3.4148803e-10,-13.250481,62.435665,1567,-3.7079186,8.42407,,244,144,0.14999999,2289.3786237239838,2.7272727,,146.9515,,,1567,6.184612,1.8676974,215.09616,-4.0968995,-0.7919017,13.250481,1446682,-3.9173105,9691.287,-1.0
0.14999999,0.84916836,-1.1850327,923.2213010204082,3.4105258e-10,-13.250481,62.384968,1568,-3.7083604,8.42407,,244,144,0.14999999,2291.310381412506,6.3636365,,146.9515,,,1568,6.185033,5.7519336,282.40292,-4.0975375,-1.8447384,13.250481,1447611,-3.951097,9698.131,-0.45454547
0.14999999,1.1080976,-1.1841285,922.8942001274697,3.4061798e-10,-13.250481,62.28864,1569,-3.7084305,8.42407,1.6120276e-16,244,144,0.14999999,2293.073754310608,0.90909094,,146.9515,,,1569,6.1841288,1.6155633,423.0261,-4.098175,0.23366943,13.250481,1448021,-3.6239276,9702.897,0.8181818
0.14999999,1.3575537,-1.186395,922.9426751592357,3.4018421e-10,-13.250481,62.24822,1570,-3.709864,8.42407,,244,144,0.14999999,2295.0231161117554,-6.3636365,,146.9515,,,1570,6.186395,-5.827689,485.36688,-4.098812,-4.7424054,13.250481,1449020,-5.9935274,9712.641,1.0
0.14999999,0.7703832,-1.1862239,922.991088478676,3.3975125e-10,-13.250481,62.239365,1571,-3.7097325,8.42407,,244,144,0.14999999,2296.8455798625946,-6.3636365,,146.9515,4.705427,,1571,6.186224,-6.599058,275.00253,-4.0994487,-0.91763496,13.250481,1450019,-3.7664108,9718.558,0.09090909
0.14999999,0.86934423,-1.1854699,923.0394402035623,3.3931913e-10,-13.250481,61.96101,1572,-3.7097719,8.42407,,244,144,0.14999999,2298.8058626651764,-6.3636365,,146.9515,1.1742585,,1572,6.1854696,-6.652896,296.68793,-4.1000853,-0.000789749,13.250481,1451018,-3.5119913,9723.559,-0.45454547
0.14999999,0.7588027,-1.1849517,923.0877304513668,3.3888786e-10,-13.250481,61.722874,1573,-3.7098181,8.42407,,244,144,0.14999999,2300.628932952881,6.3636365,,146.9515,,,1573,6.184952,7.333377,253.10524,-4.100721,-0.3704362,13.250481,1452017,-3.6108878,9728.929,0.45454547
0.14999999,1.4707851,-1.1851637,923.135959339263,3.384574e-10,-13.250481,61.633327,1574,-3.7100391,8.42407,,244,144,0.14999999,2302.545385837555,8.181818,,146.9515,,,1574,6.1851635,7.2481174,382.71585,-4.1013565,-1.5185856,13.250481,1453016,-3.7912579,9735.447,-0.8181818
0.14999999,0.9892927,-1.1853703,922.8850793650794,3.3802774e-10,-13.250481,61.502285,1575,-3.709987,8.42407,,244,144,0.14999999,2304.1414489746094,4.5454545,,146.9515,,,1575,6.1853704,5.1250477,475.27573,-4.1019917,-1.5105675,13.250481,1453544,-4.008358,9741.958,1.0
0.14999999,0.682154,-1.1866596,922.9333756345178,3.375989e-10,-13.250481,61.382885,1576,-3.7099786,8.42407,,244,144,0.14999999,2306.1351840496063,4.5454545,,146.9515,0.050642744,,1576,6.18666,4.7295876,235.14833,-4.1026263,-3.2172523,13.250481,1454543,-3.6009927,9750.176,0.27272728
0.14999999,0.7623566,-1.1859523,922.9816106531389,3.3717087e-10,-13.250481,61.327614,1577,-3.7101758,8.42407,,244,144,0.14999999,2308.0454382896423,-4.5454545,,146.9515,,,1577,6.185952,-5.1059422,154.39018,-4.103261,-0.07144414,13.250481,1455542,-3.6780717,9755.247,-0.27272728
0.14999999,1.3755466,-1.1855067,923.0297845373891,3.3674377e-10,-13.250481,61.322075,1578,-3.7104785,8.42407,,244,144,0.14999999,2309.9816040992737,4.5454545,,146.9515,,,1578,6.185507,4.128152,313.3289,-4.1038947,-0.4825872,13.250481,1456541,-3.9262617,9760.7295,-0.27272728
0.14999999,1.2176336,-1.1848203,922.9360354654845,3.3631734e-10,-13.250481,61.141182,1579,-3.7100883,8.42407,,244,144,0.14999999,2311.927707672119,-4.5454545,,146.9515,,,1579,6.18482,-4.2908096,295.17368,-4.1045284,-0.10187914,13.250481,1457316,-3.3972468,9765.831,0.27272728
0.14999999,1.400037,-1.1842401,922.9841772151899,3.3589176e-10,-13.250481,61.090107,1580,-3.7099643,8.42407,,244,144,0.14999999,2313.9079642295837,-6.3636365,,146.9515,6.7118966e-29,,1580,6.1842403,-5.766424,284.36768,-4.105161,-0.26804906,13.250481,1458315,-3.6639988,9771.1,0.45454547
0.14999999,1.0347644,-1.1845022,923.0322580645161,3.35467e-10,-13.250481,61.055286,1581,-3.7097425,8.42407,,244,144,0.14999999,2315.9548807144165,-4.5454545,,146.9515,8.552689e-34,,1581,6.184502,-3.7317657,446.78244,-4.105794,-1.5986146,13.250481,1459314,-3.6822426,9777.698,1.0
0.14999999,0.6434111,-1.1857508,923.0802781289507,3.35043e-10,-13.250481,61.012234,1582,-3.7098706,8.42407,,244,144,0.14999999,2317.876981496811,4.5454545,,146.9515,,,1582,6.185751,3.569046,167.9838,-4.1064262,-3.1599972,13.250481,1460313,-3.8480566,9785.857,-0.6363636
0.14999999,0.93022174,-1.1859269,922.9324068224889,3.3461986e-10,-13.250481,60.86224,1583,-3.710028,8.42407,,244,144,0.14999999,2319.7878086566925,-8.181818,,146.9515,,,1583,6.185927,-8.095729,272.59845,-4.107058,-1.4643813,13.250481,1461002,-3.5837958,9792.322,0.09090909
0.14999999,0.80600643,-1.1851788,922.9804292929293,3.3419748e-10,-13.250481,60.71855,1584,-3.709708,8.42407,,244,144,0.14999999,2321.6908600330353,-8.181818,,146.9515,24.963882,,1584,6.1851788,-8.460604,300.01877,-4.10769,-0.0009833627,13.250481,1462001,-3.0938709,9797.323,-0.27272728
0.14999999,0.6422696,-1.1845027,923.0283911671925,3.3377592e-10,-13.250481,60.63635,1585,-3.7098975,8.42407,,244,144,0.14999999,2323.630116701126,-4.5454545,,146.9515,,,1585,6.1845026,-3.922226,310.5397,-4.1083207,-0.11336768,13.250481,1463000,-3.7848818,9802.437,0.6363636
0.14999999,0.9291894,-1.1852394,923.0762925598991,3.3335512e-10,-13.250481,60.611954,1586,-3.7103624,8.42407,,244,144,0.14999999,2325.590092420578,8.181818,,146.9515,,,1586,6.1852393,7.785282,250.4661,-4.1089516,-2.3530002,13.250481,1463999,-4.059136,9809.79,0.09090909
0.14999999,1.197341,-1.1836381,922.760554505356,3.3293515e-10,-13.250481,60.555645,1587,-3.7099187,8.42407,,244,144,0.14999999,2327.157826423645,-4.5454545,,146.9515,,,1587,6.183638,-5.143413,309.2423,-4.109582,1.3560368,13.250481,1464421,-2.8973532,9813.434,-0.6363636
0.14999999,1.1795677,-1.1832849,922.808564231738,3.3251596e-10,-13.250481,60.40775,1588,-3.7098508,8.42407,,244,144,0.14999999,2328.983969449997,-2.7272727,,146.9515,1.0456408e-34,,1588,6.1832848,-3.694653,441.2121,-4.110212,-0.6227949,13.250481,1465420,-3.7375536,9819.057,-1.0
0.14999999,0.8300674,-1.1836575,922.8565135305223,3.3209757e-10,-13.250481,60.361496,1589,-3.7097127,8.42407,,244,144,0.14999999,2330.9952986240387,6.3636365,,146.9515,,,1589,6.1836576,6.527592,245.30199,-4.1108413,-1.7754472,13.250481,1466419,-3.58102,9825.832,-0.09090909
0.14999999,0.94831264,-1.1826642,922.6188679245283,3.3168002e-10,-13.250481,60.253654,1590,-3.7096894,8.42407,,244,144,0.14999999,2332.7563107013702,-8.181818,,146.9515,,,1590,6.182664,-7.418251,301.21283,-4.1114707,0.39587325,13.250481,1466964,-3.4736784,9830.436,0.45454547
0.14999999,0.93853086,-1.1825413,922.6668761785041,3.3126318e-10,-13.250481,60.094738,1591,-3.7092633,8.42407,,244,144,0.14999999,2334.849855661392,8.181818,,146.9515,,,1591,6.1825414,7.7814975,401.05313,-4.112099,-0.98705107,13.250481,1467963,-2.9422767,9836.423,-0.45454547
0.14999999,0.8306135,-1.1821098,922.4780150753769,3.3084713e-10,-13.250481,60.019707,1592,-3.70964,8.42407,,244,144,0.14999999,2336.7741980552673,4.5454545,,146.9515,,,1592,6.18211,5.072925,285.8445,-4.1127276,-0.4958636,13.250481,1468585,-4.196054,9841.919,0.6363636
0.14999999,0.9014187,-1.1822003,922.526051475204,3.304319e-10,-13.250481,59.986683,1593,-3.7096775,8.42407,,244,144,0.14999999,2338.681195497513,-6.3636365,,146.9515,,,1593,6.1822004,-6.647597,271.0268,-4.1133556,-1.3261716,13.250481,1469584,-3.562275,9848.245,-0.09090909
0.14999999,1.0185941,-1.1815305,922.5740276035132,3.3001743e-10,-13.250481,59.575085,1594,-3.709663,8.42407,,244,144,0.14999999,2340.5977880954742,6.3636365,,146.9515,,,1594,6.1815305,5.9135985,252.34183,-4.113983,-0.11448064,13.250481,1470583,-3.5486438,9853.359,-0.6363636
0.14999999,0.903538,-1.1811982,922.4495297805643,3.2960373e-10,-13.250481,59.567543,1595,-3.7095318,8.42407,,244,144,0.14999999,2342.5201382637024,-8.181818,,146.9515,,,1595,6.181198,-8.834913,186.64758,-4.11461,-0.6515561,13.250481,1471307,-3.4848695,9859.011,-0.8181818
0.14999999,1.2192132,-1.18126,922.4974937343359,3.2919084e-10,-13.250481,59.568676,1596,-3.709165,8.42407,,244,144,0.14999999,2344.553886651993,8.181818,,146.9515,,,1596,6.18126,8.570079,464.90244,-4.1152368,-1.2799262,13.250481,1472306,-2.9991448,9865.291,0.45454547
0.14999999,0.8804503,-1.1814094,922.5453976205386,3.287787e-10,-13.250481,59.216427,1597,-3.7086377,8.42407,,244,144,0.14999999,2346.6511657238007,-6.3636365,,146.9515,,,1597,6.1814094,-7.1325355,226.78082,-4.1158633,-1.4196308,13.250481,1473305,-3.0093353,9871.711,-0.6363636
0.14999999,0.88475305,-1.181493,922.59324155194,3.2836733e-10,-13.250481,59.05783,1598,-3.7086825,8.42407,,244,144,0.14999999,2348.5490894317627,-2.7272727,,146.9515,,,1598,6.181493,-1.9145348,493.7716,-4.1164894,-1.3151634,13.250481,1474304,-3.6329203,9878.025,1.0
0.14999999,1.0932486,-1.1825447,922.6410256410256,3.2795675e-10,-13.250481,58.984207,1599,-3.7087736,8.42407,,244,144,0.14999999,2350.5151450634003,4.5454545,,146.9515,,,1599,6.1825447,4.604955,291.5561,-4.117115,-2.8630476,13.250481,1475303,-3.6741533,9885.889,-0.09090909
0.14999999,1.0698764,-1.181777,922.496875,3.2754693e-10,-13.250481,58.96974,1600,-3.7089338,8.42407,,244,144,0.14999999,2352.332370519638,-4.5454545,,146.9515,,,1600,6.181777,-4.548674,292.3241,-4.11774,0.04556829,13.250481,1475995,-4.016104,9890.844,-0.09090909
0.14999999,0.7934462,-1.1810594,922.5446595877577,3.2713787e-10,-13.250481,58.837994,1601,-3.7087257,8.42407,,244,144,0.14999999,2354.186868429184,-8.181818,,146.9515,,,1601,6.1810594,-7.40532,229.68175,-4.118365,-0.032589838,13.250481,1476994,-3.3893573,9895.876,0.8181818
0.14999999,0.65824056,-1.1819634,922.5923845193508,3.267296e-10,-13.250481,58.73018,1602,-3.7088,8.42407,,244,144,0.14999999,2356.144479036331,8.181818,,146.9515,,,1602,6.1819634,9.015961,336.20093,-4.1189895,-2.6295419,13.250481,1477993,-3.5940483,9903.506,0.8181818
0.14999999,0.76166534,-1.1834629,922.6400499064255,3.2632205e-10,-13.250481,58.54978,1603,-3.7087636,8.42407,,244,144,0.14999999,2358.1510367393494,-2.7272727,,146.9515,,,1603,6.183463,-2.2539563,272.79532,-4.119613,-3.5855243,13.250481,1478992,-3.273525,9912.091,0.27272728
0.14999999,0.7052998,-1.1828414,922.6876558603491,3.259153e-10,-13.250481,58.48958,1604,-3.7087,8.42407,,244,144,0.14999999,2360.0757195949554,2.7272727,,146.9515,,,1604,6.1828413,3.0158322,173.27023,-4.120237,-0.18676661,13.250481,1479991,-3.3446891,9917.277,0.09090909
0.14999999,0.85416377,-1.1821191,922.7352024922118,3.255093e-10,-13.250481,58.441547,1605,-3.7093203,8.42407,,244,144,0.14999999,2362.1694695949554,-2.7272727,,146.9515,,,1605,6.1821194,-3.491281,276.55438,-4.12086,-0.023522338,13.250481,1480990,-4.388698,9922.301,-0.6363636
0.14999999,1.2085692,-1.1818961,922.7826899128269,3.2510408e-10,-13.250481,58.441246,1606,-3.7097194,8.42407,,244,144,0.14999999,2364.154214859009,2.7272727,,146.9515,,,1606,6.181896,2.492235,312.4218,-4.121483,-0.8238219,13.250481,1481989,-4.166933,9928.125,-0.27272728
0.14999999,1.1869228,-1.1811703,922.8301182327318,3.2469957e-10,-13.250481,58.277317,1607,-3.7093132,8.42407,6.003373e-20,244,144,0.14999999,2366.157052755356,0.90909094,,146.9515,2.6427683e-33,,1607,6.1811705,-0.12744385,562.39307,-4.1221056,-0.015603072,13.250481,1482988,-3.2128246,9933.141,-1.0
0.14999999,0.7060904,-1.1816497,922.877487562189,3.2429587e-10,-13.250481,58.234417,1608,-3.7092607,8.42407,,244,144,0.14999999,2368.135437965393,-2.7272727,,146.9515,,,1608,6.1816497,-2.8880436,270.66748,-4.1227274,-1.9519811,13.250481,1483987,-3.7157955,9940.093,-0.09090909
0.14999999,1.3068107,-1.1809161,922.924798011187,3.2389286e-10,-13.250481,58.22196,1609,-3.7097638,8.42407,1.3391304e-12,244,144,0.14999999,2370.208864212036,-0.90909094,,146.9515,,,1609,6.180916,-1.3813884,389.1478,-4.123349,-0.0011363867,13.250481,1484986,-4.1938753,9945.094,-1.0
0.14999999,0.9258419,-1.1806864,922.972049689441,3.2349065e-10,-13.250481,58.111023,1610,-3.7099562,8.42407,,244,144,0.14999999,2372.2374556064606,6.3636365,,146.9515,,,1610,6.1806865,6.6843443,254.98871,-4.1239705,-0.81111705,13.250481,1485985,-4.237942,9950.905,0.6363636
0.14999999,0.6583503,-1.1804416,923.0192427063936,3.2308917e-10,-13.250481,58.020725,1611,-3.709927,8.42407,,244,144,0.14999999,2374.2994480133057,6.3636365,,146.9515,0.002256837,,1611,6.180442,6.2769275,160.97733,-4.1245914,-0.78653765,13.250481,1486984,-3.5543365,9956.691,-0.27272728
0.14999999,1.0726202,-1.1797968,922.8604218362283,3.2268843e-10,-13.250481,58.015465,1612,-3.710002,8.42407,,244,144,0.14999999,2376.112647294998,2.7272727,,146.9515,,,1612,6.1797967,3.2944226,280.4809,-4.125212,-0.14108232,13.250481,1487651,-3.4719496,9961.832,0.45454547
0.14999999,0.88998866,-1.179584,922.9076255424675,3.2228847e-10,-13.250481,57.90285,1613,-3.7100444,8.42407,,244,144,0.14999999,2378.0808203220367,6.3636365,,146.9515,,,1613,6.179584,6.6289577,204.39648,-4.125832,-0.8364643,13.250481,1488650,-3.8026366,9967.669,0.27272728
0.14999999,0.6634798,-1.1789994,922.954770755886,3.218892e-10,-13.250481,57.78366,1614,-3.7099645,8.42407,,244,144,0.14999999,2380.0425550937653,-6.3636365,,146.9515,,,1614,6.1789994,-6.44735,259.5291,-4.126452,-0.23587593,13.250481,1489649,-3.4401202,9972.905,0.27272728
0.14999999,0.9598645,-1.1782902,923.0018575851393,3.214907e-10,-13.250481,57.737556,1615,-3.7100723,8.42407,,244,144,0.14999999,2382.070887327194,-6.3636365,,146.9515,4.2691607,,1615,6.1782904,-6.7801566,208.0922,-4.1270714,-0.033858705,13.250481,1490648,-3.5284688,9977.938,-0.27272728
0.14999999,1.3045729,-1.1777813,923.0488861386139,3.2109296e-10,-13.250481,57.521484,1616,-3.709944,8.42407,,244,144,0.14999999,2384.061512231827,6.3636365,,146.9515,,,1616,6.177781,5.424754,255.9109,-4.1276903,-0.35576662,13.250481,1491647,-3.42948,9983.295,-0.8181818
0.14999999,1.5229497,-1.1774704,922.817563388992,3.2069594e-10,-13.250481,57.516705,1617,-3.709563,8.42407,,244,144,0.14999999,2385.987968683243,2.7272727,,146.9515,,,1617,6.17747,2.0988655,329.4383,-4.1283092,-0.6751624,13.250481,1492196,-3.34419,9988.97,-0.6363636
0.14999999,1.7267311,-1.1773403,922.7768850432633,3.2029965e-10,-13.250481,57.406086,1618,-3.709183,8.42407,,244,144,0.14999999,2387.9317178726196,-6.3636365,,146.9515,,,1618,6.1773405,-6.021397,249.83545,-4.128927,-0.9667439,13.250481,1493053,-3.524212,9994.937,0.6363636
0.14999999,1.1657541,-1.1771601,922.8239654107474,3.1990408e-10,-13.250481,57.369526,1619,-3.7087348,8.42407,,244,144,0.14999999,2389.880018234253,-2.7272727,,146.9515,,,1619,6.1771603,-1.6773627,279.983,-4.129545,-0.8858683,13.250481,1494052,-3.623169,10000.822,0.6363636
0.14999999,0.8065855,-1.1786987,922.870987654321,3.1950925e-10,-13.250481,57.075047,1620,-3.708469,8.42407,,244,144,0.14999999,2391.9348623752594,4.5454545,,146.9515,,,1620,6.1786985,4.4367023,246.31798,-4.1301627,-3.669508,13.250481,1495051,-3.3879385,10009.492,0.09090909
0.14999999,1.0867469,-1.1779026,922.6940160394818,3.1911515e-10,-13.250481,57.01521,1621,-3.7084548,8.42407,,244,144,0.14999999,2393.7513358592987,-4.5454545,,146.9515,,,1621,6.1779027,-4.5191007,218.89168,-4.1307797,0.11170124,13.250481,1495687,-3.4648561,10014.38,0.09090909
0.14999999,1.3863316,-1.1772363,922.7410604192355,3.1872177e-10,-13.250481,56.89488,1622,-3.7085612,8.42407,,244,144,0.14999999,2395.671294927597,8.181818,,146.9515,,,1622,6.1772366,7.261771,467.4207,-4.1313963,-0.09719649,13.250481,1496686,-3.935325,10019.478,-1.0
0.14999999,0.8074946,-1.1778826,922.7880468268638,3.1832917e-10,-13.250481,56.84297,1623,-3.7091765,8.42407,,244,144,0.14999999,2397.5889554023743,4.5454545,,146.9515,,,1623,6.1778827,3.942144,152.16193,-4.132013,-2.226093,13.250481,1497685,-5.0088825,10026.703,-0.45454547
0.14999999,0.7742223,-1.1774989,922.5683497536946,3.1793726e-10,-13.250481,56.704834,1624,-3.7091775,8.42407,,244,144,0.14999999,2399.3290379047394,4.5454545,,146.9515,4.038261e-09,,1624,6.177499,5.143856,189.7551,-4.132629,-0.5547286,13.250481,1498251,-3.4988842,10032.258,0.45454547
0.14999999,1.210257,-1.1771193,922.6153846153846,3.1754605e-10,-13.250481,56.649395,1625,-3.7095187,8.42407,,244,144,0.14999999,2401.2970724105835,-6.3636365,,146.9515,,,1625,6.1771193,-7.1758976,262.00003,-4.133244,-0.56061774,13.250481,1499250,-4.011899,10037.818,-0.8181818
0.14999999,0.9063264,-1.1772377,922.6623616236162,3.1715558e-10,-13.250481,56.548668,1626,-3.709291,8.42407,,244,144,0.14999999,2403.3852801322937,-4.5454545,,146.9515,,,1626,6.1772375,-4.0052567,215.17905,-4.1338596,-1.369767,13.250481,1500249,-3.4902263,10044.188,0.45454547
0.14999999,0.9552494,-1.1770194,922.7092808850646,3.1676584e-10,-13.250481,56.48549,1627,-3.7091823,8.42407,,244,144,0.14999999,2405.2153997421265,4.5454545,,146.9515,,,1627,6.177019,3.6571124,275.34763,-4.1344743,-0.82188296,13.250481,1501248,-3.4042718,10050.011,-0.8181818
0.14999999,1.0387388,-1.1770334,922.7561425061425,3.163768e-10,-13.250481,56.463234,1628,-3.7090878,8.42407,,244,144,0.14999999,2407.215951681137,-4.5454545,,146.9515,,,1628,6.1770334,-4.9172926,269.51947,-4.135089,-1.1998745,13.250481,1502247,-3.464864,10056.21,-0.45454547
0.14999999,0.79437774,-1.1765771,922.8029465930018,3.159885e-10,-13.250481,56.459133,1629,-3.7088897,8.42407,,244,144,0.14999999,2409.274552822113,-2.7272727,,146.9515,3.1581768e-28,,1629,6.176577,-3.2122455,235.71909,-4.1357026,-0.43385527,13.250481,1503246,-3.3753436,10061.645,-0.45454547
0.14999999,0.96057624,-1.1761866,922.8496932515337,3.156009e-10,-13.250481,56.398617,1630,-3.7088382,8.42407,,244,144,0.14999999,2411.3374412059784,-4.5454545,,146.9515,2.0662475e-31,,1630,6.1761866,-5.117368,226.6618,-4.1363163,-0.5399503,13.250481,1504245,-3.3880224,10067.184,-0.8181818
0.14999999,0.8106563,-1.1760849,922.8963825873697,3.1521402e-10,-13.250481,56.09563,1631,-3.7087173,8.42407,2.5502252e-12,244,144,0.14999999,2413.2867040634155,-0.90909094,,146.9515,,,1631,6.176085,0.10127115,627.9503,-4.13693,-1.0102701,13.250481,1505244,-3.4341354,10073.194,1.0
0.14999999,0.8535576,-1.1800786,922.9430147058823,3.1482783e-10,-13.250481,56.04507,1632,-3.7091706,8.42407,0.006740582,244,144,0.14999999,2415.3102445602417,-0.90909094,,146.9515,2.289929e-13,,1632,6.1800785,-0.8109458,309.4835,-4.1375427,-7.6939564,13.250481,1506243,-4.1896005,10085.889,-0.09090909
0.14999999,1.0865432,-1.1793658,922.9895897121862,3.1444244e-10,-13.250481,56.022957,1633,-3.70917,8.42407,3.2060563e-10,244,144,0.14999999,2417.2185895442963,0.90909094,,146.9515,2.1264465e-29,,1633,6.1793656,1.1740336,299.9344,-4.138151,-0.01594155,13.250481,1507242,-3.5258582,10090.904,0.09090909
0.14999999,1.0963563,-1.1787223,923.0361077111384,3.140577e-10,-13.250481,55.87761,1634,-3.7088745,8.42407,0.0017415568,244,144,0.14999999,2419.200458049774,-0.90909094,,146.9515,1.5749125e-32,,1634,6.1787224,-0.6204708,270.53073,-4.1387634,-0.12791274,13.250481,1508241,-3.2601986,10096.032,0.27272728
0.14999999,1.4207455,-1.1781161,923.0825688073395,3.1367364e-10,-13.250481,55.8711,1635,-3.7087216,8.42407,6.586093e-11,244,144,0.14999999,2421.0089848041534,0.90909094,,146.9515,1.6599092e-31,,1635,6.178116,0.5993856,298.2468,-4.1393743,-0.18760403,13.250481,1509240,-3.5150867,10101.22,-0.27272728
0.14999999,0.823595,-1.1774687,923.1289731051345,3.1329028e-10,-13.250481,55.697178,1636,-3.7085676,8.42407,4.3884783e-12,244,144,0.14999999,2423.085256099701,0.90909094,,146.9515,0.012320244,,1636,6.177469,1.3150649,296.95428,-4.1399856,-0.11884417,13.250481,1510239,-3.7960963,10106.339,0.45454547
0.14999999,1.0465008,-1.177144,923.1753207086133,3.1290762e-10,-13.250481,55.68633,1637,-3.7085674,8.42407,,244,144,0.14999999,2424.9350180625916,2.7272727,,146.9515,6.8419954e-32,,1637,6.177144,3.2532268,237.87753,-4.1405964,-0.6461803,13.250481,1511238,-3.5006216,10111.984,0.6363636
0.14999999,1.2072321,-1.1775235,923.2216117216117,3.125257e-10,-13.250481,55.60134,1638,-3.7083123,8.42407,7.349372e-05,244,144,0.14999999,2426.7940254211426,-0.90909094,,146.9515,,,1638,6.1775236,-1.5961006,298.90695,-4.141207,-1.7986537,13.250481,1512237,-3.296561,10118.783,-0.45454547
0.14999999,1.4000474,-1.1771578,923.267846247712,3.1214445e-10,-13.250481,55.45791,1639,-3.707904,8.42407,,244,144,0.14999999,2428.668437242508,2.7272727,,146.9515,,,1639,6.177158,3.733773,632.9463,-4.1418176,-0.5779775,13.250481,1513236,-3.1892512,10124.361,1.0
0.14999999,1.0471761,-1.1785464,923.314024390244,3.117639e-10,-13.250481,55.35349,1640,-3.707904,8.42407,3.799726e-14,244,144,0.14999999,2430.769481897354,0.90909094,,146.9515,,,1640,6.1785464,0.12939584,243.2763,-4.1424274,-3.4546375,13.250481,1514235,-3.961672,10132.816,-0.6363636
0.14999999,1.1381176,-1.1784444,923.3601462522852,3.1138406e-10,-13.250481,55.318127,1641,-3.7079322,8.42407,,244,144,0.14999999,2432.6314227581024,-8.181818,,146.9515,,,1641,6.1784444,-8.989799,456.62598,-4.143037,-1.0111333,13.250481,1515234,-3.7574592,10138.827,-1.0
0.14999999,0.78970134,-1.1785444,923.4062119366627,3.110049e-10,-13.250481,55.307865,1642,-3.707635,8.42407,,244,144,0.14999999,2434.6056032180786,-4.5454545,,146.9515,,,1642,6.1785445,-3.798245,275.82727,-4.1436462,-1.3426921,13.250481,1516233,-3.2872436,10145.17,0.8181818
0.14999999,0.99681664,-1.1787038,923.4522215459525,3.106264e-10,-13.250481,54.98837,1643,-3.707617,8.42407,,244,144,0.14999999,2436.5558955669403,6.3636365,,146.9515,,,1643,6.178704,7.372318,270.4286,-4.144255,-1.4403859,13.250481,1517232,-3.4346588,10151.61,0.8181818
0.14999999,0.8170422,-1.1821077,923.4981751824818,3.1024863e-10,-13.250481,54.97951,1644,-3.7079954,8.42407,,244,144,0.14999999,2438.557435274124,-2.7272727,,146.9515,,,1644,6.182108,-2.848487,249.03333,-4.1448636,-6.7746487,13.250481,1518231,-4.2837377,10163.385,0.09090909
0.14999999,1.0602038,-1.1814015,923.5440729483282,3.0987155e-10,-13.250481,54.96774,1645,-3.7085764,8.42407,,244,144,0.14999999,2440.710583925247,2.7272727,,146.9515,,,1645,6.1814013,2.1500976,246.17238,-4.1454716,-0.020608177,13.250481,1519230,-4.450318,10168.405,-0.09090909
0.14999999,0.8723531,-1.1808622,923.589914945322,3.0949515e-10,-13.250481,54.937748,1646,-3.708328,8.42407,,244,144,0.14999999,2442.6525418758392,6.3636365,,146.9515,,,1646,6.1808624,5.4770665,166.26773,-4.1460795,-0.29366267,13.250481,1520229,-3.316433,10173.699,-1.0
0.14999999,0.7639123,-1.1801245,923.2714025500911,3.0911945e-10,-13.250481,54.86886,1647,-3.7082548,8.42407,,244,144,0.14999999,2444.2540481090546,2.7272727,,146.9515,,,1647,6.1801243,2.8687112,273.5906,-4.1466866,0.03405118,13.250481,1520628,-3.432827,10178.665,0.27272728
0.14999999,0.9023932,-1.1794267,923.317354368932,3.087444e-10,-13.250481,54.692066,1648,-3.7082863,8.42407,,244,144,0.14999999,2446.3567836284637,4.5454545,,146.9515,1.4182893e-33,,1648,6.1794267,5.3348665,287.97803,-4.1472936,-0.02998629,13.250481,1521627,-3.4990745,10183.695,0.8181818
0.14999999,1.4528282,-1.1810154,923.3632504548211,3.0837005e-10,-13.250481,54.55446,1649,-3.7082665,8.42407,,244,144,0.14999999,2448.3273134231567,-6.3636365,,146.9515,,,1649,6.1810155,-5.454525,266.5379,-4.1479,-3.7991545,13.250481,1522626,-3.540898,10192.494,0.8181818
0.14999999,0.8922171,-1.1828841,923.4090909090909,3.0799638e-10,-13.250481,54.54154,1650,-3.7080545,8.42407,,244,144,0.14999999,2450.446825504303,-2.7272727,,146.9515,,,1650,6.182884,-2.1419363,205.53452,-4.1485066,-4.2644973,13.250481,1523625,-3.7444344,10201.759,0.45454547
0.14999999,1.1532816,-1.1823618,923.4548758328286,3.076234e-10,-13.250481,54.532753,1651,-3.7079878,8.42407,1.272958e-06,244,144,0.14999999,2452.337289094925,-0.90909094,,146.9515,1.157298e-22,,1651,6.1823616,-0.013768733,309.548,-4.149112,-0.32038093,13.250481,1524624,-3.4592278,10207.079,0.6363636
0.14999999,0.6461715,-1.1836134,923.5006053268766,3.0725109e-10,-13.250481,54.373055,1652,-3.7077844,8.42407,,244,144,0.14999999,2454.3538098335266,-2.7272727,,146.9515,,,1652,6.1836133,-2.9079473,150.39005,-4.149718,-3.250032,13.250481,1525623,-3.4659965,10215.329,-0.27272728
0.14999999,1.3019729,-1.183054,923.546279491833,3.0687947e-10,-13.250481,54.240505,1653,-3.7076776,8.42407,1.160133e-19,244,144,0.14999999,2456.507818222046,0.90909094,,146.9515,,,1653,6.183054,1.7141924,494.59943,-4.150323,-0.25900003,13.250481,1526622,-3.1635776,10220.588,1.0
0.14999999,1.03285,-1.1838303,923.5918984280532,3.0650846e-10,-13.250481,54.223984,1654,-3.7073855,8.42407,,244,144,0.14999999,2458.496973514557,2.7272727,,146.9515,,,1654,6.1838303,1.652171,214.95158,-4.150928,-2.4669309,13.250481,1527621,-3.4256387,10228.055,-0.8181818
0.14999999,0.6006708,-1.184631,923.6374622356495,3.061382e-10,-13.250481,54.200565,1655,-3.7081342,8.42407,,244,144,0.14999999,2460.633505344391,8.181818,,146.9515,,,1655,6.184631,9.046339,425.52057,-4.151532,-2.5090675,13.250481,1528620,-4.939798,10235.564,1.0
0.14999999,1.2344208,-1.18648,923.6829710144928,3.0576858e-10,-13.250481,53.946857,1656,-3.7082467,8.42407,,244,144,0.14999999,2462.727744579315,2.7272727,,146.9515,,,1656,6.18648,2.087922,233.03842,-4.1521363,-4.2466474,13.250481,1529619,-3.4552877,10244.811,-0.45454547
0.14999999,1.1022613,-1.1860945,923.7284248642125,3.0539962e-10,-13.250481,53.696957,1657,-3.7078016,8.42407,,244,144,0.14999999,2464.5617344379425,-2.7272727,,146.9515,,,1657,6.1860943,-3.391941,224.99304,-4.15274,-0.5477806,13.250481,1530618,-3.1625214,10250.358,-0.8181818
0.14999999,1.1635401,-1.1863474,923.7738238841978,3.0503133e-10,-13.250481,53.56159,1658,-3.7075536,8.42407,,244,144,0.14999999,2466.606625318527,8.181818,,146.9515,,,1658,6.1863475,7.4809957,255.21703,-4.153343,-1.6051023,13.250481,1531617,-3.3584971,10256.964,-0.6363636
0.14999999,1.1531796,-1.1840439,923.4207353827607,3.046637e-10,-13.250481,53.507877,1659,-3.70699,8.42407,,244,144,0.14999999,2468.3176465034485,-6.3636365,,146.9515,,,1659,6.184044,-7.476686,391.80084,-4.1539464,2.6350827,13.250481,1531955,-2.893653,10259.329,-1.0
0.14999999,0.8889131,-1.1845577,923.466265060241,3.0429673e-10,-13.250481,53.452263,1660,-3.706948,8.42407,,244,144,0.14999999,2470.4039368629456,8.181818,,146.9515,,,1660,6.184558,8.466136,263.7826,-4.1545486,-2.0370588,13.250481,1532954,-3.7286005,10266.365,-0.09090909
0.14999999,0.9510744,-1.1814021,923.1005418422637,3.0393046e-10,-13.250481,53.437946,1661,-3.707955,8.42407,,244,144,0.14999999,2472.0899200439453,4.5454545,,146.9515,,,1661,6.181402,3.2546468,380.45306,-4.155151,4.0568814,13.250481,1533270,-5.237348,10267.309,-1.0
0.14999999,1.4824063,-1.1823623,923.0012033694344,3.035648e-10,-13.250481,53.282784,1662,-3.7089024,8.42407,8.578793e-07,244,144,0.14999999,2474.0464372634888,-0.90909094,,146.9515,,,1662,6.1823626,-1.5197058,293.75888,-4.155753,-2.7774372,13.250481,1534028,-5.1781883,10275.086,-0.6363636
0.14999999,0.8584437,-1.1822605,923.0469031870115,3.0319985e-10,-13.250481,53.173843,1663,-3.7086403,8.42407,,244,144,0.14999999,2476.0913515090942,8.181818,,146.9515,,,1663,6.1822605,8.382796,211.68831,-4.1563544,-1.0130363,13.250481,1535027,-3.6786392,10281.1,0.27272728
0.14999999,0.8087266,-1.1814406,922.8269230769231,3.0283553e-10,-13.250481,53.13507,1664,-3.7084017,8.42407,,244,144,0.14999999,2477.9744296073914,-8.181818,,146.9515,,,1664,6.1814404,-8.118067,282.5333,-4.1569557,0.1821616,13.250481,1535584,-3.147417,10285.917,-0.09090909
0.14999999,0.8976881,-1.1808155,922.8726726726727,3.0247188e-10,-13.250481,53.009525,1665,-3.7088456,8.42407,,244,144,0.14999999,2480.042554616928,-4.5454545,,146.9515,,,1665,6.1808157,-5.070573,452.0882,-4.1575565,-0.1406478,13.250481,1536583,-4.227099,10291.058,-1.0
0.14999999,0.9121407,-1.1812073,922.9183673469388,3.0210887e-10,-13.250481,52.95636,1666,-3.7087502,8.42407,5.765746e-14,244,144,0.14999999,2481.963572025299,0.90909094,,146.9515,,,1666,6.181207,1.8733153,215.38086,-4.158157,-1.8336003,13.250481,1537582,-3.3918996,10297.892,0.6363636
0.14999999,1.0910693,-1.182402,922.9640071985602,3.0174652e-10,-13.250481,52.88193,1667,-3.708529,8.42407,0.0072913277,244,144,0.14999999,2483.927487850189,-0.90909094,,146.9515,,,1667,6.182402,-0.70861685,226.78818,-4.1587567,-3.1727648,13.250481,1538581,-3.2193668,10306.064,0.09090909
0.14999999,1.1715167,-1.1818198,923.0095923261391,3.0138483e-10,-13.250481,52.876133,1668,-3.7081866,8.42407,3.092304e-10,244,144,0.14999999,2485.891973733902,0.90909094,,146.9515,8.067739e-34,,1668,6.18182,0.5966393,269.91068,-4.1593523,-0.21136227,13.250481,1539580,-3.1896381,10311.275,-0.09090909
0.14999999,1.2903348,-1.1811538,923.0551228280408,3.010238e-10,-13.250481,52.86995,1669,-3.7083068,8.42407,,244,144,0.14999999,2487.9772703647614,-8.181818,,146.9515,,,1669,6.181154,-7.840384,346.0408,-4.1599517,-0.070234984,13.250481,1540579,-4.030654,10316.346,0.27272728
0.14999999,0.75721633,-1.1805545,923.1005988023952,3.0066338e-10,-13.250481,52.848095,1670,-3.707771,8.42407,0.0014986887,244,144,0.14999999,2490.036097764969,-0.90909094,,146.9515,,,1670,6.1805544,-1.1848624,260.97186,-4.1605506,-0.18027166,13.250481,1541578,-3.0324123,10321.526,-0.27272728
0.14999999,0.95329446,-1.1800177,923.1460203470975,3.0030364e-10,-13.250481,52.768574,1671,-3.7078247,8.42407,7.994155e-11,244,144,0.14999999,2491.968466758728,0.90909094,,146.9515,1.417685e-31,,1671,6.1800175,0.7689909,243.66801,-4.161148,-0.2836591,13.250481,1542577,-3.528396,10326.81,0.27272728
0.14999999,1.0266128,-1.1793189,923.1913875598086,2.9994454e-10,-13.250481,52.701935,1672,-3.7083354,8.42407,,244,144,0.14999999,2493.9054605960846,-2.7272727,,146.9515,,,1672,6.179319,-2.1513212,283.55377,-4.1617465,-0.011572845,13.250481,1543576,-4.486052,10331.821,0.8181818
0.14999999,0.91063344,-1.1791223,923.2367005379558,2.9958605e-10,-13.250481,52.67857,1673,-3.708081,8.42407,,244,144,0.14999999,2495.84486413002,-8.181818,,146.9515,,,1673,6.1791224,-8.67016,213.97221,-4.1623445,-0.85032094,13.250481,1544575,-3.2615159,10337.672,-0.45454547
0.14999999,1.2767286,-1.1787708,923.2819593787335,2.9922825e-10,-13.250481,52.571148,1674,-3.7078435,8.42407,3.3713412e-12,244,144,0.14999999,2497.73490524292,0.90909094,,146.9515,,,1674,6.178771,0.33116046,288.0754,-4.162942,-0.59058,13.250481,1545574,-3.1917598,10343.262,-0.45454547
0.14999999,1.0690591,-1.178369,923.3271641791044,2.9887107e-10,-13.250481,52.31732,1675,-3.7077408,8.42407,0.00010009893,244,144,0.14999999,2499.8074543476105,-0.90909094,,146.9515,9.5193605e-35,,1675,6.178369,-0.6647649,252.0228,-4.163539,-0.5059615,13.250481,1546573,-3.7529666,10348.768,0.45454547
0.14999999,0.7525963,-1.1778711,923.3723150357995,2.9851452e-10,-13.250481,52.123646,1676,-3.707377,8.42407,,244,144,0.14999999,2501.7903439998627,8.181818,,146.9515,,,1676,6.177871,7.673498,209.23323,-4.164136,-0.34394258,13.250481,1547572,-3.1309738,10354.112,-0.27272728
0.14999999,0.9888588,-1.1771356,923.1329755515802,2.981586e-10,-13.250481,52.00661,1677,-3.7071366,8.42407,,244,144,0.14999999,2503.664255142212,-8.181818,,146.9515,,,1677,6.1771355,-7.1449075,600.16943,-4.1647325,0.055789843,13.250481,1548094,-3.0380163,10359.057,1.0
0.14999999,1.048748,-1.1786906,923.1781883194279,2.9780334e-10,-13.250481,51.903885,1678,-3.7068975,8.42407,,244,144,0.14999999,2505.6586298942566,2.7272727,,146.9515,,,1678,6.1786904,3.601587,297.22815,-4.1653285,-3.7864208,13.250481,1549093,-3.2130837,10367.843,0.8181818
0.14999999,0.8868924,-1.1814835,923.2233472304944,2.974487e-10,-13.250481,51.654686,1679,-3.7067568,8.42407,,244,144,0.14999999,2507.6731119155884,-8.181818,,146.9515,,,1679,6.1814833,-7.5380993,276.58008,-4.165924,-5.8680735,13.250481,1550092,-3.4763856,10378.711,0.6363636
0.14999999,0.8188058,-1.1824949,923.2684523809523,2.970947e-10,-13.250481,51.56944,1680,-3.7074509,8.42407,,244,144,0.14999999,2509.727634906769,6.3636365,,146.9515,,,1680,6.182495,6.391153,203.94728,-4.1665196,-2.8805811,13.250481,1551091,-4.7290626,10386.592,-0.09090909
0.14999999,0.9103402,-1.181739,923.1165972635337,2.9674133e-10,-13.250481,51.479244,1681,-3.7074132,8.42407,,244,144,0.14999999,2511.561391353607,2.7272727,,146.9515,,,1681,6.181739,1.9667115,431.36212,-4.1671147,0.08800562,13.250481,1551759,-3.4403296,10391.503,-1.0
0.14999999,1.1063417,-1.1817839,923.1551724137931,2.9638858e-10,-13.250481,51.4668,1682,-3.70729,8.42407,1.03159335e-16,244,144,0.14999999,2513.494126558304,0.90909094,,146.9515,1.5785712e-30,,1682,6.1817837,0.09028381,240.41248,-4.1677094,-1.2573304,13.250481,1552747,-3.3545365,10397.761,-0.8181818
0.14999999,0.9864575,-1.182254,923.2002376708259,2.9603647e-10,-13.250481,51.227074,1683,-3.7070596,8.42407,,244,144,0.14999999,2515.395004272461,8.181818,,146.9515,,,1683,6.182254,8.374486,266.48413,-4.168304,-1.9727741,13.250481,1553746,-3.3827636,10404.733,0.09090909
0.14999999,0.78274435,-1.1809883,922.9222090261283,2.95685e-10,-13.250481,51.222614,1684,-3.7084305,8.42407,,244,144,0.14999999,2517.2445147037506,6.3636365,,146.9515,,,1684,6.1809883,5.918951,219.51276,-4.1688976,0.94917667,13.250481,1554201,-5.9657288,10408.784,-0.45454547
0.14999999,0.73566705,-1.1805575,922.806528189911,2.9533412e-10,-13.250481,51.20598,1685,-3.708359,8.42407,,244,144,0.14999999,2519.2370347976685,-6.3636365,,146.9515,,,1685,6.1805573,-6.2799506,216.28592,-4.1694913,-0.45515388,13.250481,1554929,-3.34301,10414.239,0.09090909
0.14999999,1.4252714,-1.179864,922.8517200474496,2.949839e-10,-13.250481,51.167778,1686,-3.7083974,8.42407,2.3037114e-09,244,144,0.14999999,2521.312952041626,-0.90909094,,146.9515,,,1686,6.179864,-1.7416222,309.9657,-4.170085,-0.011300261,13.250481,1555928,-3.489419,10419.251,-0.8181818
0.14999999,0.9792742,-1.1799264,922.8968583283936,2.946343e-10,-13.250481,51.11283,1687,-3.707874,8.42407,,244,144,0.14999999,2523.494509935379,8.181818,,146.9515,,,1687,6.1799264,8.769945,362.289,-4.1706777,-1.2852174,13.250481,1556927,-3.1866307,10425.536,0.6363636
0.14999999,1.0115229,-1.1804441,922.9419431279621,2.942853e-10,-13.250481,51.08594,1688,-3.707548,8.42407,,244,144,0.14999999,2525.4318857192993,6.3636365,,146.9515,1.316438e-29,,1688,6.1804442,6.5477886,228.62347,-4.1712704,-2.0538795,13.250481,1557926,-3.0924835,10432.59,0.27272728
0.14999999,1.0061432,-1.1798556,922.9869745411486,2.9393699e-10,-13.250481,50.944855,1689,-3.7073545,8.42407,,244,144,0.14999999,2527.456251859665,-6.3636365,,146.9515,,,1689,6.1798553,-6.7342362,189.88742,-4.1718626,-0.186406,13.250481,1558925,-3.3578215,10437.776,-0.27272728
0.14999999,0.96739364,-1.1791779,923.0319526627219,2.9358924e-10,-13.250481,50.911503,1690,-3.7072701,8.42407,,244,144,0.14999999,2529.515153169632,-8.181818,,146.9515,1.3946144e-24,,1690,6.1791778,-8.719238,257.38263,-4.1724544,-0.034641657,13.250481,1559924,-3.5377069,10442.811,-0.6363636
0.14999999,1.2155343,-1.1791339,923.0768775872265,2.9324207e-10,-13.250481,50.87266,1691,-3.7068708,8.42407,,244,144,0.14999999,2531.42391204834,-6.3636365,,146.9515,,,1691,6.179134,-5.781841,380.5518,-4.173046,-1.104726,13.250481,1560923,-2.9638398,10448.915,1.0
0.14999999,0.8611162,-1.1793314,923.1217494089834,2.9289557e-10,-13.250481,50.849438,1692,-3.7066674,8.42407,,244,144,0.14999999,2533.4676241874695,4.5454545,,146.9515,,,1692,6.1793313,5.1484804,359.5082,-4.173637,-1.513255,13.250481,1561922,-3.5124552,10455.429,1.0
0.14999999,1.0879409,-1.1796771,923.166568222091,2.9254968e-10,-13.250481,50.842186,1693,-3.7066362,8.42407,,244,144,0.14999999,2535.4374825954437,-2.7272727,,146.9515,,,1693,6.179677,-3.7848816,333.18112,-4.174228,-1.7644811,13.250481,1562921,-3.4656696,10462.193,-1.0
0.14999999,1.2994646,-1.1802076,923.211334120425,2.9220437e-10,-13.250481,50.791153,1694,-3.706583,8.42407,,244,144,0.14999999,2537.532786846161,8.181818,,146.9515,,,1694,6.1802077,6.9949117,275.47302,-4.1748185,-2.0783174,13.250481,1563920,-3.64481,10469.271,-0.8181818
0.14999999,0.863985,-1.1807162,923.1156342182891,2.918597e-10,-13.250481,50.760406,1695,-3.7062097,8.42407,3.8797374e-09,244,144,0.14999999,2539.5359070301056,-0.90909094,,146.9515,,,1695,6.180716,-0.5319389,214.14787,-4.175409,-2.0422373,13.250481,1564681,-3.3201659,10476.313,0.8181818
0.14999999,1.3049906,-1.181183,923.1603773584906,2.9151562e-10,-13.250481,50.680386,1696,-3.7062097,8.42407,,244,144,0.14999999,2541.3842651844025,4.5454545,,146.9515,,,1696,6.181183,4.31451,238.42921,-4.175998,-1.9724991,13.250481,1565680,-3.5412967,10483.286,-0.27272728
0.14999999,0.76679224,-1.1805017,923.1555686505598,2.9117214e-10,-13.250481,50.610703,1697,-3.705843,8.42407,,244,144,0.14999999,2543.3114850521088,4.5454545,,146.9515,5.29298,,1697,6.180502,4.5927434,190.6899,-4.176588,-0.02500028,13.250481,1566595,-3.3383641,10488.312,0.27272728
0.14999999,0.81666607,-1.1798497,923.2002355712604,2.908293e-10,-13.250481,50.61169,1698,-3.7057753,8.42407,,244,144,0.14999999,2545.2992057800293,-4.5454545,,146.9515,,,1698,6.1798496,-4.6419573,129.13957,-4.177177,-0.073397845,13.250481,1567594,-3.334029,10493.385,-0.27272728
0.14999999,1.0962979,-1.179215,923.2448499117128,2.9048705e-10,-13.250481,50.487232,1699,-3.7056615,8.42407,,244,144,0.14999999,2547.381850719452,-4.5454545,,146.9515,24.98214,,1699,6.179215,-4.111177,196.57846,-4.177766,-0.101429455,13.250481,1568593,-3.3096156,10498.486,0.09090909
0.14999999,0.9679993,-1.1785684,923.2894117647058,2.9014538e-10,-13.250481,50.41096,1700,-3.7054276,8.42407,,244,144,0.14999999,2549.355164051056,-8.181818,,146.9515,,,1700,6.1785684,-8.502754,206.71829,-4.1783543,-0.07997382,13.250481,1569592,-3.3725848,10503.566,0.09090909
0.14999999,0.95102054,-1.1779485,923.3339212228101,2.8980435e-10,-13.250481,50.407814,1701,-3.7055295,8.42407,,244,144,0.14999999,2551.576078891754,6.3636365,,146.9515,,,1701,6.1779485,7.4126167,347.52457,-4.178942,-0.12413614,13.250481,1570591,-3.8169894,10508.69,1.0
0.14999999,0.96459705,-1.1807278,923.3783783783783,2.894639e-10,-13.250481,50.37397,1702,-3.7055497,8.42407,,244,144,0.14999999,2553.6378486156464,-4.5454545,,146.9515,,,1702,6.180728,-3.9296756,358.59396,-4.17953,-5.9084854,13.250481,1571590,-3.6406486,10519.599,1.0
0.14999999,0.8948062,-1.1811012,923.4227833235467,2.8912406e-10,-13.250481,50.361294,1703,-3.70561,8.42407,,244,144,0.14999999,2555.665599822998,-6.3636365,,146.9515,,,1703,6.1811013,-6.6921835,197.57326,-4.180117,-1.8164662,13.250481,1572589,-3.703941,10526.415,-0.6363636
0.14999999,0.9349951,-1.1807029,923.4671361502348,2.887848e-10,-13.250481,50.288433,1704,-3.705549,8.42407,,244,144,0.14999999,2557.8175830841064,-8.181818,,146.9515,5.793616e-36,,1704,6.180703,-8.314056,231.2602,-4.180704,-0.5023346,13.250481,1573588,-3.4747815,10531.918,-0.27272728
0.14999999,0.7572595,-1.1800852,923.5114369501466,2.8844616e-10,-13.250481,50.211277,1705,-3.7051795,8.42407,,244,144,0.14999999,2559.9025344848633,4.5454545,,146.9515,,,1705,6.180085,4.155217,223.8602,-4.181291,-0.12756169,13.250481,1574587,-2.975588,10537.045,-0.6363636
0.14999999,0.97906876,-1.1797154,923.5556858147714,2.881081e-10,-13.250481,50.187157,1706,-3.7052867,8.42407,,244,144,0.14999999,2562.048758506775,8.181818,,146.9515,,,1706,6.179715,7.737755,281.91385,-4.181877,-0.54932916,13.250481,1575586,-3.6228395,10542.595,-0.45454547
0.14999999,1.2376854,-1.1792916,923.4387814879906,2.877706e-10,-13.250481,50.11445,1707,-3.7050722,8.42407,,244,144,0.14999999,2564.013674736023,-6.3636365,,146.9515,,,1707,6.1792917,-5.3930964,221.54214,-4.182463,-0.45629823,13.250481,1576310,-3.2793303,10548.051,0.45454547
0.14999999,0.83535236,-1.1797469,923.4830210772834,2.8743377e-10,-13.250481,49.909008,1708,-3.7048311,8.42407,,244,144,0.14999999,2566.068856716156,-8.181818,,146.9515,,,1708,6.1797466,-7.914708,215.44815,-4.183049,-1.956857,13.250481,1577309,-3.482885,10555.008,0.45454547
0.14999999,1.1693012,-1.1797675,923.5272088940901,2.8709748e-10,-13.250481,49.89304,1709,-3.7063415,8.42407,,244,144,0.14999999,2568.169112443924,-4.5454545,,146.9515,,,1709,6.1797676,-5.451265,236.4499,-4.1836343,-1.2150202,13.250481,1578308,-6.1004205,10561.223,-0.6363636
0.14999999,1.0097165,-1.1800243,923.5713450292398,2.8676178e-10,-13.250481,49.88025,1710,-3.7061124,8.42407,,244,144,0.14999999,2570.203772544861,-4.5454545,,146.9515,2.2994975e-16,,1710,6.180024,-3.8075666,202.88885,-4.1842194,-1.6188504,13.250481,1579307,-3.437802,10567.842,0.45454547
0.14999999,1.0711018,-1.1800693,923.6154295733489,2.864267e-10,-13.250481,49.68303,1711,-3.7059608,8.42407,1.4240076e-12,244,144,0.14999999,2572.2290518283844,-0.90909094,,146.9515,,,1711,6.1800694,-1.800529,294.32703,-4.184804,-1.2572125,13.250481,1580306,-3.4227924,10574.099,-1.0
0.14999999,0.8377072,-1.180059,923.6594626168225,2.8609215e-10,-13.250481,49.53574,1712,-3.7056196,8.42407,,244,144,0.14999999,2574.3694326877594,6.3636365,,146.9515,,,1712,6.180059,6.761762,203.1388,-4.185388,-1.1624886,13.250481,1581305,-3.1408098,10580.261,0.6363636
0.14999999,1.0463886,-1.1802967,923.7034442498541,2.8575825e-10,-13.250481,49.532463,1713,-3.7056003,8.42407,,244,144,0.14999999,2576.597681283951,6.3636365,,146.9515,1.7977391e-13,,1713,6.180297,5.6915784,202.68307,-4.185972,-1.5869961,13.250481,1582304,-3.4865265,10586.848,-0.6363636
0.14999999,1.1490484,-1.1793066,923.4002333722287,2.854249e-10,-13.250481,49.475914,1714,-3.705373,8.42407,1.7609822e-16,244,144,0.14999999,2578.475219488144,0.90909094,,146.9515,,,1714,6.1793065,1.4087465,294.16397,-4.186556,0.5167219,13.250481,1582708,-3.3335671,10591.332,0.8181818
0.14999999,1.2207187,-1.1794983,923.4443148688047,2.8509214e-10,-13.250481,49.387493,1715,-3.7055008,8.42407,,244,144,0.14999999,2580.5451669692993,4.5454545,,146.9515,,,1715,6.179498,4.152629,227.0705,-4.187139,-1.5080547,13.250481,1583707,-4.0211844,10597.84,-0.09090909
0.14999999,1.1632373,-1.1788118,923.4090909090909,2.8475994e-10,-13.250481,49.36623,1716,-3.705197,8.42407,6.4105056e-20,244,144,0.14999999,2582.578068971634,0.90909094,,146.9515,,,1716,6.178812,0.09906161,418.02054,-4.1877217,-0.0014232888,13.250481,1584570,-3.3645139,10602.841,-1.0
0.14999999,1.0555795,-1.1792259,923.4531158998253,2.8442834e-10,-13.250481,49.349316,1717,-3.704886,8.42407,,244,144,0.14999999,2584.7075419425964,8.181818,,146.9515,,,1717,6.179226,8.53706,310.95148,-4.1883044,-1.8899435,13.250481,1585569,-3.2637846,10609.73,0.45454547
0.14999999,0.85697687,-1.1794736,923.4970896391153,2.8409733e-10,-13.250481,49.280666,1718,-3.7044647,8.42407,,244,144,0.14999999,2586.803194284439,-2.7272727,,146.9515,,,1718,6.179474,-1.7520614,388.87772,-4.1888866,-1.6047384,13.250481,1586568,-2.9974837,10616.336,1.0
0.14999999,0.94245374,-1.1813599,923.5410122164049,2.837669e-10,-13.250481,49.17234,1719,-3.7044785,8.42407,,244,144,0.14999999,2588.8411424160004,-8.181818,,146.9515,,,1719,6.18136,-8.687384,186.23882,-4.1894684,-4.421909,13.250481,1587567,-3.5399368,10625.758,-0.8181818
0.14999999,1.1200012,-1.1812482,923.5848837209302,2.8343702e-10,-13.250481,49.145664,1720,-3.704088,8.42407,,244,144,0.14999999,2591.1952409744263,6.3636365,,146.9515,,,1720,6.181248,6.47684,192.75395,-4.19005,-0.98919,13.250481,1588566,-2.948151,10631.747,0.09090909
0.14999999,0.95908034,-1.180603,923.6287042417199,2.8310773e-10,-13.250481,49.139503,1721,-3.703794,8.42407,,244,144,0.14999999,2593.2701914310455,4.5454545,,146.9515,4.2594094e-31,,1721,6.180603,4.852867,220.94388,-4.1906314,-0.07115084,13.250481,1589565,-3.2868433,10636.818,0.6363636
0.14999999,0.88832265,-1.1803317,923.6724738675958,2.8277902e-10,-13.250481,49.082172,1722,-3.7036643,8.42407,,244,144,0.14999999,2595.452826023102,-2.7272727,,146.9515,,,1722,6.1803317,-2.920331,242.17781,-4.191212,-0.7132358,13.250481,1590564,-3.4049308,10642.531,0.09090909
0.14999999,0.7438449,-1.1796509,923.7161926871736,2.8245087e-10,-13.250481,49.076393,1723,-3.703876,8.42407,,244,144,0.14999999,2597.6005234718323,2.7272727,,146.9515,,,1723,6.179651,3.1464217,229.99124,-4.191793,-0.0074075423,13.250481,1591563,-3.924073,10647.539,0.09090909
0.14999999,1.0430052,-1.1791277,923.7598607888631,2.821233e-10,-13.250481,48.99272,1724,-3.7041614,8.42407,,244,144,0.14999999,2599.6832990646362,2.7272727,,146.9515,0.23765081,,1724,6.1791277,2.3630779,234.85832,-4.1923733,-0.27760938,13.250481,1592562,-3.9191291,10652.816,-0.27272728
0.14999999,0.9152318,-1.178619,923.8034782608696,2.817963e-10,-13.250481,48.93976,1725,-3.7038984,8.42407,,244,144,0.14999999,2601.704999446869,6.3636365,,146.9515,,,1725,6.178619,5.0275126,174.07742,-4.192953,-0.301769,13.250481,1593561,-3.260658,10658.118,-1.0
0.14999999,0.6331093,-1.1794813,923.6958285052144,2.8146985e-10,-13.250481,48.82309,1726,-3.7047493,8.42407,,244,144,0.14999999,2603.6744015216827,6.3636365,,146.9515,9.430312e-07,,1726,6.1794815,5.585053,132.65282,-4.1935325,-2.6668234,13.250481,1594299,-5.0611396,10665.785,-0.27272728
0.14999999,0.8608212,-1.1790298,923.5240301100174,2.81144e-10,-13.250481,48.813644,1727,-3.704706,8.42407,,244,144,0.14999999,2605.4257640838623,-2.7272727,,146.9515,,,1727,6.17903,-3.0526602,206.76385,-4.194112,-0.39972407,13.250481,1594926,-3.2494547,10671.185,-0.45454547
0.14999999,0.9423799,-1.1785951,923.5677083333334,2.3952182e-10,-13.250481,48.969498,1728,-3.7044911,8.42407,,244,144,0.14999999,2607.4579298496246,-6.3636365,,146.9515,,,1728,6.178595,-6.459609,203.41408,-4.1946907,-0.42777404,13.250481,1595925,-3.1653078,10676.612,-0.09090909
0.14999999,0.48856014,-1.1779234,923.6113360323886,2.3924485e-10,-13.250481,221.57559,1729,-3.7042859,8.42407,1.3068403e-38,244,169,0.14999999,2609.5618102550507,1.6666666,,146.9515,,,1729,6.177923,2.3571255,261.3189,-4.195269,-0.01738227,13.250481,1596924,-3.2619812,10681.63,0.8333333
0.14999999,0.85524714,-1.1784972,923.6549132947977,2.3896835e-10,-13.250481,221.09175,1730,-3.7050004,8.42407,,244,169,0.14999999,2840.0595705509186,1.6666666,,146.9515,5.0508504e-22,,1730,6.1784973,0.88850635,483.61157,-4.1958475,-2.1705904,13.250481,1597923,-4.413435,10688.8,-0.8333333
0.14999999,1.5570534,-1.1787815,923.6984402079722,2.3869232e-10,-13.250481,220.3119,1731,-3.7053554,8.42407,2.28895e-25,244,169,0.14999999,2842.438506126404,-1.6666666,,146.9515,,,1731,6.1787815,-2.8022962,940.2037,-4.196425,-1.6706638,13.250481,1598922,-4.120816,10695.471,-0.8333333
0.14999999,1.6782255,-1.1795112,923.7419168591224,2.3841676e-10,-13.250481,217.57492,1732,-3.7062175,8.42407,3.8734725e-25,244,169,0.14999999,2844.9538476467133,-1.6666666,,146.9515,3.156082e-35,,1732,6.179511,-0.4731846,897.81195,-4.197003,-2.442547,13.250481,1599921,-5.5240374,10702.913,0.8333333
0.14999999,0.89949787,-1.181444,923.7853433352568,2.3814167e-10,-13.250481,209.39369,1733,-3.7062287,8.42407,1.4113318e-19,244,169,0.14999999,2847.3386783599854,-1.6666666,,146.9515,0.008589358,,1733,6.181444,-1.3073473,291.1232,-4.19758,-4.5293393,13.250481,1600920,-4.187592,10712.442,0.33333334
0.14999999,1.8510141,-1.1808274,923.8287197231834,2.378671e-10,-13.250481,208.81834,1734,-3.7064078,8.42407,4.772637e-33,244,169,0.14999999,2849.873998403549,1.6666666,,146.9515,,,1734,6.180827,1.7967771,778.3505,-4.198157,-0.1120639,13.250481,1601919,-3.8808093,10717.555,0.33333334
0.14999999,1.4760374,-1.1802474,923.87204610951,2.3759297e-10,-13.250481,194.42566,1735,-3.7062743,8.42407,1.5025219e-18,244,169,0.14999999,2852.321170091629,-1.6666666,,146.9515,,,1735,6.1802473,-1.5900263,498.87265,-4.1987333,-0.17470281,13.250481,1602918,-4.084908,10722.7295,
0.14999999,1.2034684,-1.1795744,923.9153225806451,2.3731933e-10,-13.250481,194.40486,1736,-3.7063968,8.42407,5.08101e-32,244,169,0.14999999,2854.8637368679047,1.6666666,,146.9515,,,1736,6.1795745,1.3779254,487.9101,-4.1993093,-0.011696326,13.250481,1603917,-4.2746625,10727.741,
0.14999999,0.90917486,-1.1790758,923.958549222798,2.3704613e-10,-13.250481,188.4024,1737,-3.706775,8.42407,1.1464289e-19,244,169,0.14999999,2857.2336740493774,-1.6666666,,146.9515,,,1737,6.1790757,-2.142764,633.01965,-4.1998854,-0.31356362,13.250481,1604916,-4.490139,10733.055,-0.33333334
0.14999999,1.450152,-1.1785794,924.0017261219792,2.3677343e-10,-13.250481,188.16997,1738,-3.7070858,8.42407,3.8768123e-33,244,169,0.14999999,2859.7472066879272,1.6666666,,146.9515,,,1738,6.1785793,1.619597,612.9325,-4.200461,-0.3163252,13.250481,1605915,-4.075845,10738.371,-0.33333334
0.14999999,0.9625607,-1.1780094,924.0448533640023,2.365012e-10,-13.250481,143.9828,1739,-3.7067645,8.42407,6.816113e-21,244,169,0.14999999,2862.1436824798584,-1.6666666,,146.9515,,,1739,6.1780095,-1.0714148,323.5924,-4.201036,-0.18739179,13.250481,1606914,-3.4528105,10743.559,0.5
0.14999999,1.6964362,-1.1776184,924.0879310344827,2.3622945e-10,-13.250481,143.36867,1740,-3.706894,8.42407,2.304983e-34,244,169,0.14999999,2864.7297401428223,1.6666666,,146.9515,,,1740,6.1776185,2.1514323,717.52454,-4.201611,-0.49756372,13.250481,1607913,-3.8433096,10749.056,0.5
0.14999999,0.5695435,-1.1774503,924.1309592188397,2.3595817e-10,-13.250481,142.12758,1741,-3.7069037,8.42407,6.276346e-23,244,169,0.14999999,2867.1129655838013,-1.6666666,,146.9515,,,1741,6.17745,-2.6585186,313.0299,-4.2021856,-0.88494635,13.250481,1608912,-4.2470756,10754.941,-0.6666667
0.14999999,0.6166688,-1.1776189,924.1739380022963,2.3568733e-10,-13.250481,141.47307,1742,-3.707353,8.42407,2.1224274e-36,244,169,0.14999999,2869.664468765259,1.6666666,,146.9515,,,1742,6.177619,0.8064131,296.80878,-4.2027597,-1.4712213,13.250481,1609911,-4.0313478,10761.412,-0.6666667
0.14999999,0.4765491,-1.1778102,924.2168674698795,2.3541696e-10,-13.250481,140.55966,1743,-3.7079372,8.42407,,244,169,0.14999999,2872.023811817169,1.6666666,,146.9515,4.184106e-31,,1743,6.17781,2.7872145,202.78575,-4.203334,-1.5109198,13.250481,1610910,-4.3206263,10767.923,1.0
0.14999999,1.9944278,-1.180096,924.259747706422,2.3514712e-10,-13.250481,138.29016,1744,-3.7086325,8.42407,2.4612142e-28,244,169,0.14999999,2874.3890476226807,-1.6666666,,146.9515,,,1744,6.180096,-2.8779078,1114.2145,-4.203907,-5.1641707,13.250481,1611909,-4.3792553,10778.088,-1.0
0.14999999,1.8318743,-1.1805496,924.3025787965616,2.3487767e-10,-13.250481,138.02118,1745,-3.7083464,8.42407,,244,169,0.14999999,2876.8056428432465,1.6666666,,146.9515,,,1745,6.1805496,0.5406821,1247.4993,-4.2044806,-1.9718435,13.250481,1612908,-3.8981264,10785.059,-1.0
0.14999999,2.6073718,-1.1809268,924.3453608247422,2.346087e-10,-13.250481,128.30032,1746,-3.708202,8.42407,4.629182e-28,244,169,0.14999999,2879.2072291374207,-1.6666666,,146.9515,,,1746,6.180927,-0.68336076,1320.7803,-4.2050533,-1.8390588,13.250481,1613907,-4.0373025,10791.898,1.0
0.14999999,1.2366041,-1.1823705,924.3880938752146,2.3434021e-10,-13.250481,114.854485,1747,-3.707829,8.42407,3.2407627e-36,244,169,0.14999999,2881.6438274383545,1.6666666,,146.9515,,,1747,6.1823707,2.4833417,484.5499,-4.205626,-3.7031987,13.250481,1614906,-4.210993,10800.602,0.6666667
0.14999999,0.94019246,-1.1824969,924.4307780320366,2.3407215e-10,-13.250481,114.82274,1748,-3.7077274,8.42407,9.594446e-23,244,169,0.14999999,2884.001920223236,-1.6666666,,146.9515,,,1748,6.182497,-0.8337399,294.20734,-4.206198,-1.403291,13.250481,1615905,-3.6740448,10807.005,0.6666667
0.14999999,0.52328247,-1.1839373,924.4734133790738,2.3380456e-10,-13.250481,113.40591,1749,-3.708043,8.42407,5.001482e-21,244,169,0.14999999,2886.4137177467346,-1.6666666,,146.9515,4.287722e-18,,1749,6.183937,-2.1001081,207.32343,-4.20677,-3.7016184,13.250481,1616904,-4.163925,10815.706,-0.5
0.14999999,0.7131339,-1.1835021,924.516,2.3353744e-10,-13.250481,113.01696,1750,-3.708537,8.42407,1.6913223e-34,244,169,0.14999999,2888.8021292686462,1.6666666,,146.9515,,,1750,6.183502,1.1772264,283.95728,-4.2073417,-0.42253765,13.250481,1617903,-4.076157,10821.129,-0.5
0.14999999,1.329431,-1.1831622,924.5585379782981,2.3327076e-10,-13.250481,111.17182,1751,-3.7089126,8.42407,8.620756e-19,244,169,0.14999999,2891.2473073005676,-1.6666666,,146.9515,,,1751,6.183162,-1.125881,503.715,-4.207913,-0.58834195,13.250481,1618902,-4.049358,10826.717,0.16666667
0.14999999,1.0231774,-1.1827685,924.6010273972603,2.3300456e-10,-13.250481,111.05514,1752,-3.7088678,8.42407,2.91522e-32,244,169,0.14999999,2893.6114037036896,1.6666666,,146.9515,,,1752,6.1827683,1.8852656,414.85056,-4.2084837,-0.49350858,13.250481,1619901,-3.8750398,10832.211,0.16666667
0.14999999,1.1257193,-1.18225,924.6434683399885,2.3273879e-10,-13.250481,110.14472,1753,-3.7090244,8.42407,7.7695984e-19,244,169,0.14999999,2895.9644544124603,-1.6666666,,146.9515,,,1753,6.18225,-1.7956645,416.9402,-4.2090545,-0.27358058,13.250481,1620900,-3.9527736,10837.484,-0.16666667
0.14999999,1.2152854,-1.1816573,924.6858608893957,2.3247347e-10,-13.250481,110.12612,1754,-3.7090347,8.42407,2.62738e-32,244,169,0.14999999,2898.3347120285034,1.6666666,,146.9515,,,1754,6.1816573,1.6241239,356.7901,-4.209625,-0.14262834,13.250481,1621899,-3.8004801,10842.627,-0.16666667
0.14999999,0.9316938,-1.180999,924.7282051282051,2.3220864e-10,-13.250481,94.383514,1755,-3.7091157,8.42407,,244,169,0.14999999,2900.752696990967,8.333333,,146.9515,,,1755,6.180999,8.908571,822.2643,-4.2101946,-0.026461406,13.250481,1622898,-3.9942417,10847.653,0.8333333
0.14999999,1.1338973,-1.181455,924.7705011389521,2.3194423e-10,-13.250481,94.28725,1756,-3.7090006,8.42407,,244,169,0.14999999,2903.018525838852,-8.333333,,146.9515,,,1756,6.181455,-7.3710666,765.88367,-4.2107644,-1.9816415,13.250481,1623897,-3.3296006,10854.635,0.8333333
0.14999999,1.4265382,-1.1829995,924.8127490039841,2.3168029e-10,-13.250481,93.52359,1757,-3.7092662,8.42407,,244,169,0.14999999,2905.482347011566,8.333333,,146.9515,,,1757,6.1829996,7.2410903,842.18207,-4.2113338,-3.8950503,13.250481,1624896,-4.196115,10863.53,-1.0
0.14999999,0.5769221,-1.183339,924.5557451649602,2.3141679e-10,-13.250481,92.17729,1758,-3.7100348,8.42407,,244,169,0.14999999,2907.620351076126,-8.333333,,146.9515,,,1758,6.183339,-9.383593,531.1318,-4.2119026,-1.780122,13.250481,1625369,-5.3286877,10870.311,-1.0
0.14999999,1.4948274,-1.1837058,924.5980670835702,2.3115375e-10,-13.250481,88.73183,1759,-3.7107482,8.42407,,244,169,0.14999999,2910.044647216797,8.333333,,146.9515,,,1759,6.183706,7.955786,983.08496,-4.2124715,-1.8283089,13.250481,1626368,-4.498024,10877.139,
0.14999999,0.9271411,-1.1829896,924.4392045454546,2.3089111e-10,-13.250481,86.67722,1760,-3.710173,8.42407,,244,169,0.14999999,2912.270199775696,8.333333,,146.9515,22.23456,,1760,6.1829896,7.9049063,469.20828,-4.21304,0.076726325,13.250481,1627013,-2.973761,10882.062,-0.33333334
0.14999999,0.81302416,-1.1823586,924.3180011357183,2.3062897e-10,-13.250481,85.97184,1761,-3.7098567,8.42407,,244,169,0.14999999,2914.6881551742554,8.333333,,146.9515,1.067131,,1761,6.1823587,7.7862983,249.11028,-4.213608,-0.07167764,13.250481,1627724,-3.0182757,10887.134,-0.6666667
0.14999999,0.6838519,-1.1816976,924.0624290578887,2.3036728e-10,-13.250481,85.719345,1762,-3.710268,8.42407,,244,169,0.14999999,2916.840528011322,-8.333333,,146.9515,,,1762,6.181698,-8.113129,253.78467,-4.214175,-0.017649336,13.250481,1628198,-4.21743,10892.151,
0.14999999,0.5925689,-1.1810814,924.104934770278,2.3010602e-10,-13.250481,85.429985,1763,-3.7104452,8.42407,,244,169,0.14999999,2919.4166264533997,-8.333333,,146.9515,0.76429594,,1763,6.1810813,-8.623755,234.39023,-4.2147427,-0.0955052,13.250481,1629197,-3.679949,10897.246,-0.33333334
0.14999999,1.3381004,-1.1805259,924.1473922902494,2.298452e-10,-13.250481,85.078545,1764,-3.710777,8.42407,,244,169,0.14999999,2921.907293319702,-8.333333,,146.9515,0.07405405,,1764,6.180526,-7.759045,629.6744,-4.2153096,-0.20125829,13.250481,1630196,-3.8686857,10902.447,0.33333334
0.14999999,0.95940626,-1.1802822,924.1898016997167,2.2958481e-10,-13.250481,84.958984,1765,-3.710459,8.42407,,244,169,0.14999999,2924.27791929245,8.333333,,146.9515,,,1765,6.180282,8.583403,1042.7462,-4.2158766,-0.7505558,13.250481,1631195,-3.366898,10908.198,0.33333334
0.14999999,0.39982533,-1.1788247,923.9009060022651,2.2932489e-10,-13.250481,84.90604,1766,-3.7112377,8.42407,,244,169,0.14999999,2926.32652759552,8.333333,,146.9515,1.9449548e-05,,1766,6.1788244,9.152549,295.7028,-4.216443,1.3938845,13.250481,1631609,-4.912061,10911.805,1.0
0.14999999,0.5246965,-1.1813432,923.9434069043576,2.2906539e-10,-13.250481,84.80155,1767,-3.7114208,8.42407,,244,169,0.14999999,2928.794844865799,-8.333333,,146.9515,,,1767,6.181343,-8.846375,229.27873,-4.217009,-5.628996,13.250481,1632608,-3.41996,10922.434,-0.6666667
0.14999999,1.5331554,-1.1810771,923.9858597285067,2.2880635e-10,-13.250481,83.569534,1768,-3.7115645,8.42407,2.4950853e-28,244,169,0.14999999,2931.070988893509,-1.6666666,,146.9515,,,1768,6.181077,-2.8543987,689.17535,-4.217575,-0.7109831,13.250481,1633607,-3.4742606,10928.145,-1.0
0.14999999,1.514539,-1.1819441,924.0282645562464,2.2854772e-10,-13.250481,83.26132,1769,-3.7122164,8.42407,,244,169,0.14999999,2933.3197968006134,1.6666666,,146.9515,,,1769,6.181944,0.52467537,737.45056,-4.21814,-2.7146704,13.250481,1634606,-5.2413616,10935.859,-1.0
0.14999999,0.69088906,-1.1827136,924.0706214689266,2.2828954e-10,-13.250481,82.845924,1770,-3.7128162,8.42407,,244,169,0.14999999,2935.7212920188904,1.6666666,,146.9515,,,1770,6.1827135,2.711215,464.656,-4.2187057,-2.543959,13.250481,1635605,-5.1563683,10943.403,1.0
0.14999999,1.113944,-1.18418,924.1129305477132,2.2803183e-10,-13.250481,81.12739,1771,-3.7131338,8.42407,,244,169,0.14999999,2938.2309563159943,-8.333333,,146.9515,,,1771,6.1841803,-7.5763793,672.4695,-4.21927,-3.7797976,13.250481,1636604,-3.9242456,10952.183,1.0
0.14999999,0.9322598,-1.184524,924.1551918735892,2.2777451e-10,-13.250481,79.45346,1772,-3.7130775,8.42407,1.443093e-19,244,169,0.14999999,2940.422923564911,-1.6666666,,146.9515,,,1772,6.184524,-1.3030846,195.15744,-4.219835,-1.7935708,13.250481,1637603,-3.6190033,10958.977,0.33333334
0.14999999,1.3144363,-1.1841476,924.1974055273548,2.2751764e-10,-13.250481,79.273125,1773,-3.713238,8.42407,,244,169,0.14999999,2942.8009021282196,-8.333333,,146.9515,,,1773,6.184148,-7.8845572,976.49097,-4.220399,-0.517295,13.250481,1638602,-3.9007316,10964.494,0.6666667
0.14999999,1.4606811,-1.1839116,924.239571589628,2.2726121e-10,-13.250481,79.12266,1774,-3.7133546,8.42407,4.882724e-33,244,169,0.14999999,2945.10817360878,1.6666666,,146.9515,,,1774,6.1839113,1.9910542,373.28842,-4.220963,-0.7653489,13.250481,1639601,-4.0917864,10970.259,0.33333334
0.14999999,1.1181751,-1.1836015,924.2816901408451,2.2700523e-10,-13.250481,78.96569,1775,-3.7132192,8.42407,,244,169,0.14999999,2947.6478142738342,8.333333,,146.9515,,,1775,6.1836014,9.1513195,929.347,-4.221526,-0.6336441,13.250481,1640600,-3.8396041,10975.893,0.6666667
0.14999999,1.2397395,-1.1840589,924.3237612612612,2.2674965e-10,-13.250481,78.88441,1776,-3.7138946,8.42407,1.5380241e-18,244,169,0.14999999,2949.9431252479553,-1.6666666,,146.9515,,,1776,6.184059,-1.4102757,340.46417,-4.2220893,-1.9959427,13.250481,1641599,-4.903969,10982.889,
0.14999999,1.0203949,-1.1834929,924.3657850309511,2.2649452e-10,-13.250481,78.8735,1777,-3.7138577,8.42407,5.200987e-32,244,169,0.14999999,2952.199944496155,1.6666666,,146.9515,,,1777,6.1834927,1.2282228,302.38394,-4.2226524,-0.17832446,13.250481,1642598,-3.8241405,10988.066,
0.14999999,0.5311699,-1.182975,924.4077615298088,2.2623983e-10,-13.250481,78.80852,1778,-3.7139232,8.42407,6.409738e-23,244,169,0.14999999,2954.4401569366455,-1.6666666,,146.9515,,,1778,6.182975,-2.4129272,198.9802,-4.223215,-0.26281884,13.250481,1643597,-3.8063595,10993.33,-0.6666667
0.14999999,0.7625064,-1.1826783,924.4496908375492,2.2598555e-10,-13.250481,78.50088,1779,-3.7141242,8.42407,2.1675107e-36,244,169,0.14999999,2956.79665017128,1.6666666,,146.9515,,,1779,6.182678,0.8001374,235.17772,-4.2237773,-0.65509105,13.250481,1644596,-3.5880558,10998.984,-0.6666667
0.14999999,1.0543023,-1.1828899,924.4915730337078,2.257317e-10,-13.250481,78.121124,1780,-3.7143953,8.42407,1.1748073e-19,244,169,0.14999999,2959.3239221572876,-1.6666666,,146.9515,,,1780,6.18289,-2.160729,349.6353,-4.2243395,-1.559369,13.250481,1645595,-3.9314125,11005.544,-0.33333334
0.14999999,1.2296438,-1.1824683,924.5334081976417,2.2547829e-10,-13.250481,78.079094,1781,-3.7144573,8.42407,3.972717e-33,244,169,0.14999999,2961.5974593162537,1.6666666,,146.9515,,,1781,6.1824684,1.0846878,340.35672,-4.2249007,-0.4319112,13.250481,1646594,-3.8213475,11010.977,-0.33333334
0.14999999,1.1175034,-1.1821122,924.5751964085298,2.252253e-10,-13.250481,77.76381,1782,-3.714374,8.42407,3.3056897e-36,244,169,0.14999999,2964.068767309189,1.6666666,,146.9515,2.7666768e-11,,1782,6.182112,2.1700368,363.67245,-4.2254624,-0.54764163,13.250481,1647593,-3.7282307,11016.523,0.6666667
0.14999999,0.9461974,-1.182119,924.616937745373,2.2497272e-10,-13.250481,77.73464,1783,-3.714416,8.42407,9.786554e-23,244,169,0.14999999,2966.3769698143005,-1.6666666,,146.9515,,,1783,6.182119,-0.82283115,254.64435,-4.226023,-1.1943042,13.250481,1648592,-3.8484185,11022.719,0.6666667
0.14999999,1.0931484,-1.1826985,924.6586322869955,2.2472059e-10,-13.250481,75.232666,1784,-3.7145576,8.42407,,244,169,0.14999999,2968.715639591217,8.333333,,146.9515,,,1784,6.1826982,8.666341,753.5637,-4.226584,-2.2158995,13.250481,1649591,-3.88292,11029.934,-0.16666667
0.14999999,1.3694013,-1.1812456,924.3719887955182,2.2446886e-10,-13.250481,75.48613,1785,-3.7157316,8.42407,,244,169,0.14999999,2970.823549747467,8.333333,,146.9515,778.4641,,1785,6.181246,8.5422735,778.4641,-4.2271442,1.410494,13.250481,1650004,-5.8074446,11033.523,0.16666667
0.14999999,2.1674993,-1.1801914,924.1203807390817,2.2421758e-10,-13.250481,74.804634,1786,-3.7156641,8.42407,4.7352194e-28,244,169,0.14999999,2972.8939530849457,-1.6666666,,146.9515,,,1786,6.1801915,-0.6849617,765.91364,-4.2277045,0.7019051,13.250481,1650479,-3.8240447,11037.822,1.0
0.14999999,1.0544491,-1.1817123,924.1622831561276,2.2396669e-10,-13.250481,74.204254,1787,-3.7152853,8.42407,,244,169,0.14999999,2975.1913673877716,8.333333,,146.9515,,,1787,6.181712,7.4191747,347.34894,-4.2282643,-3.8979878,13.250481,1651478,-3.9730039,11046.72,-0.8333333
0.14999999,0.9554532,-1.181583,923.930648769575,2.2371625e-10,-13.250481,73.91874,1788,-3.7151484,8.42407,,244,169,0.14999999,2977.104898929596,8.333333,,146.9515,10.810908,,1788,6.181583,7.870888,379.19525,-4.2288237,-0.95093524,13.250481,1651988,-3.4731677,11052.67,-0.5
0.14999999,0.7694958,-1.1809574,923.6780324203465,2.2346622e-10,-13.250481,73.5122,1789,-3.71587,8.42407,,244,169,0.14999999,2979.1245028972626,-8.333333,,146.9515,,,1789,6.1809573,-8.41191,368.36517,-4.2293825,-0.062368818,13.250481,1652460,-4.9063587,11057.732,-0.16666667
0.14999999,1.1552668,-1.180298,923.7201117318435,2.2321658e-10,-13.250481,73.294495,1790,-3.716253,8.42407,,244,169,0.14999999,2981.5643870830536,-8.333333,,146.9515,192.68439,,1790,6.180298,-8.162268,511.19376,-4.2299414,-0.0006423128,13.250481,1653459,-4.1293845,11062.733,0.16666667
0.14999999,0.6296773,-1.1798028,923.7621440536013,2.229674e-10,-13.250481,73.087494,1791,-3.7167645,8.42407,,244,169,0.14999999,2983.855717897415,-8.333333,,146.9515,0.00028090767,,1791,6.179803,-8.566408,185.91815,-4.2305,-0.2934826,13.250481,1654458,-4.713773,11068.027,-0.5
0.14999999,0.6267962,-1.1793009,923.8041294642857,2.2271861e-10,-13.250481,72.51776,1792,-3.7167056,8.42407,,244,169,0.14999999,2986.1210792064667,-8.333333,,146.9515,0.58718175,,1792,6.179301,-9.35227,341.27524,-4.231058,-0.2801322,13.250481,1655457,-3.2240603,11073.307,-0.8333333
0.14999999,1.3132732,-1.1792161,923.8460680423871,2.2247026e-10,-13.250481,72.2357,1793,-3.718591,8.42407,,244,169,0.14999999,2988.3830320835114,-8.333333,,146.9515,5.730493e-12,,1793,6.1792164,-7.711597,570.26154,-4.231616,-1.0271981,13.250481,1656456,-6.6998973,11079.334,0.5
0.14999999,1.079604,-1.1792423,923.8879598662207,2.2222231e-10,-13.250481,71.88195,1794,-3.7183757,8.42407,,244,169,0.14999999,2990.557333469391,8.333333,,146.9515,,,1794,6.179242,8.701069,610.6233,-4.2321734,-1.2259762,13.250481,1657455,-3.5524833,11085.561,0.5
0.14999999,0.9141821,-1.1792061,923.9298050139275,2.2197479e-10,-13.250481,71.674416,1795,-3.71815,8.42407,,244,169,0.14999999,2992.6715030670166,6.6666665,,146.9515,3.3960387e-24,,1795,6.179206,7.4908066,239.86111,-4.232731,-1.1146817,13.250481,1658454,-3.3078606,11091.675,0.8333333
0.14999999,0.8293764,-1.1805097,923.9716035634743,2.2172766e-10,-13.250481,69.201614,1796,-3.7182567,8.42407,,244,169,0.14999999,2994.7418081760406,-6.6666665,,146.9515,,,1796,6.1805096,-7.614585,261.55664,-4.233288,-3.520347,13.250481,1659453,-3.7883148,11100.195,-0.8333333
0.14999999,1.3461788,-1.1803923,924.0133555926544,2.2148094e-10,-13.250481,69.04946,1797,-3.7188218,8.42407,,244,169,0.14999999,2996.8647792339325,-6.6666665,,146.9515,4.575968e-12,,1797,6.1803923,-6.519049,322.0402,-4.2338443,-0.96937233,13.250481,1660452,-4.5304136,11106.165,0.5
0.14999999,1.0149679,-1.1800131,924.0550611790878,2.2123464e-10,-13.250481,68.95555,1798,-3.719122,8.42407,,244,169,0.14999999,2999.1214921474457,6.6666665,,146.9515,,,1798,6.180013,7.1852217,315.53604,-4.2344007,-0.49882293,13.250481,1661451,-4.5400953,11111.664,0.5
0.14999999,1.0678575,-1.1798104,924.0967204002224,2.2098881e-10,-13.250481,68.853645,1799,-3.7191525,8.42407,7.051283e-21,244,169,0.14999999,3001.1392302513123,-1.6666666,,146.9515,,,1799,6.1798105,-1.199181,262.7854,-4.2349567,-0.8155175,13.250481,1662450,-3.742881,11117.479,0.5
0.14999999,0.9479965,-1.1795969,924.1383333333333,2.2074334e-10,-13.250481,68.77241,1800,-3.7191374,8.42407,2.380186e-25,244,169,0.14999999,3003.2776069641113,-1.6666666,,146.9515,4.5411478e-15,,1800,6.179597,-2.4132032,354.01608,-4.2355127,-0.7952043,13.250481,1663449,-3.7195737,11123.274,-0.8333333
0.14999999,1.1851319,-1.1794064,924.1799000555247,2.2049826e-10,-13.250481,68.44578,1801,-3.719218,8.42407,,244,169,0.14999999,3005.416601419449,1.6666666,,146.9515,,,1801,6.179406,1.0473272,354.4375,-4.236068,-0.83647853,13.250481,1664448,-3.761222,11129.111,-0.8333333
0.14999999,1.5392373,-1.1792489,924.2214206437292,2.2025361e-10,-13.250481,68.41101,1802,-3.7191825,8.42407,2.3871129e-34,244,169,0.14999999,3007.6068317890167,1.6666666,,146.9515,6.8939035e-11,,1802,6.179249,1.9212749,344.80713,-4.236623,-0.89584994,13.250481,1665447,-3.7801206,11135.007,0.5
0.14999999,0.86013085,-1.1791134,924.2628951747088,2.2000937e-10,-13.250481,68.408585,1803,-3.7189567,8.42407,5.1559177e-21,244,169,0.14999999,3009.685110092163,-1.6666666,,146.9515,,,1803,6.1791134,-1.9512551,281.43787,-4.237178,-0.9350394,13.250481,1666446,-3.7662516,11140.941,-0.5
0.14999999,1.0137202,-1.1787602,924.3043237250554,2.197655e-10,-13.250481,68.204025,1804,-3.7189834,8.42407,1.7435069e-34,244,169,0.14999999,3011.864751815796,1.6666666,,146.9515,,,1804,6.17876,1.205617,320.0786,-4.2377324,-0.5418685,13.250481,1667445,-3.5909083,11146.483,-0.5
0.14999999,1.217354,-1.1782248,924.3457063711911,2.1952205e-10,-13.250481,68.11888,1805,-3.7189345,8.42407,8.886608e-19,244,169,0.14999999,3014.067973613739,-1.6666666,,146.9515,,,1805,6.1782246,-1.4813778,308.95078,-4.2382865,-0.21229684,13.250481,1668444,-3.6005535,11151.695,0.16666667
0.14999999,0.6999336,-1.1776072,924.3870431893688,2.1927903e-10,-13.250481,68.091385,1806,-3.7187927,8.42407,1.3650399e-38,244,169,0.14999999,3016.279658794403,1.6666666,,146.9515,,,1806,6.177607,2.639695,254.73653,-4.23884,-0.06279718,13.250481,1669443,-3.6287062,11156.759,0.8333333
0.14999999,0.89629513,-1.1793435,924.4283342556724,2.190364e-10,-13.250481,68.08765,1807,-3.7190309,8.42407,3.0067494e-32,244,169,0.14999999,3018.4158940315247,1.6666666,,146.9515,0.0008149313,,1807,6.179343,2.1005893,259.5081,-4.2393937,-4.3150835,13.250481,1670442,-3.8259332,11166.074,0.16666667
0.14999999,0.9922707,-1.179059,924.4695796460177,2.1879418e-10,-13.250481,67.931435,1808,-3.7190843,8.42407,8.013388e-19,244,169,0.14999999,3020.637160539627,-1.6666666,,146.9515,,,1808,6.179059,-1.8954861,273.50073,-4.2399473,-0.6653289,13.250481,1671441,-3.6834617,11171.738,-0.16666667
0.14999999,1.1579326,-1.1784356,924.5107794361526,2.1855234e-10,-13.250481,67.91555,1809,-3.719057,8.42407,2.7097687e-32,244,169,0.14999999,3022.739991903305,1.6666666,,146.9515,,,1809,6.1784353,1.5362015,261.8021,-4.2405,-0.05118073,13.250481,1672440,-3.631762,11176.79,-0.16666667
0.14999999,0.8511315,-1.1777849,924.5519337016575,2.1831091e-10,-13.250481,67.843254,1810,-3.7189043,8.42407,,244,169,0.14999999,3024.912160396576,-6.6666665,,146.9515,,,1810,6.177785,-5.602912,246.38094,-4.2410526,-0.00073304295,13.250481,1673439,-3.5522013,11181.791,0.8333333
0.14999999,1.1401241,-1.1793802,924.5930425179458,2.1806988e-10,-13.250481,66.56725,1811,-3.7189887,8.42407,,244,169,0.14999999,3026.990695476532,6.6666665,,146.9515,,,1811,6.1793804,7.118772,277.09146,-4.2416053,-4.0666223,13.250481,1674438,-3.6949928,11190.857,0.16666667
0.14999999,1.5023792,-1.1788497,924.634105960265,2.1782927e-10,-13.250481,66.45732,1812,-3.719308,8.42407,,244,169,0.14999999,3029.265128850937,8.333333,,146.9515,5.1431963e-33,,1812,6.1788497,6.8657556,697.4777,-4.242157,-0.21807393,13.250481,1675437,-4.3928266,11196.076,-1.0
0.14999999,0.9238671,-1.179082,924.3816878102592,2.1758902e-10,-13.250481,66.12934,1813,-3.7191033,8.42407,,244,169,0.14999999,3031.3772733211517,-6.6666665,,146.9515,,,1813,6.179082,-6.514164,244.96078,-4.2427087,-1.6000657,13.250481,1675904,-3.7123744,11202.676,0.16666667
0.14999999,0.4054629,-1.178494,924.4228224917309,2.1734918e-10,-13.250481,65.92743,1814,-3.7191586,8.42407,,244,169,0.14999999,3033.518421649933,8.333333,,146.9515,,,1814,6.178494,9.34629,259.59534,-4.2432604,-0.11237012,13.250481,1676903,-3.713655,11207.788,1.0
0.14999999,0.9756209,-1.180482,924.4639118457301,2.1710975e-10,-13.250481,65.88571,1815,-3.7198923,8.42407,,244,169,0.14999999,3035.470850944519,6.6666665,,146.9515,,,1815,6.180482,5.635272,299.93008,-4.243811,-4.7868958,13.250481,1677902,-4.4431653,11217.575,-0.8333333
0.14999999,1.0720094,-1.181053,924.318832599119,2.1687072e-10,-13.250481,65.67342,1816,-3.7204015,8.42407,,244,169,0.14999999,3037.377998113632,-6.6666665,,146.9515,,,1816,6.181053,-7.2108955,327.35388,-4.2443624,-2.2173505,13.250481,1678563,-4.5773273,11224.792,-0.5
0.14999999,0.78695524,-1.1805754,924.3599339570721,2.1663206e-10,-13.250481,65.47423,1817,-3.72066,8.42407,,244,169,0.14999999,3039.5403985977173,-8.333333,,146.9515,3.0975018e-23,,1817,6.1805754,-9.282238,480.91183,-4.2449126,-0.3133853,13.250481,1679562,-4.2052755,11230.105,-1.0
0.14999999,1.4003066,-1.1810175,924.4009900990098,2.163938e-10,-13.250481,65.39154,1818,-3.7207344,8.42407,4.0658113e-25,244,169,0.14999999,3041.825169801712,-1.6666666,,146.9515,,,1818,6.1810174,-1.114776,341.081,-4.245463,-1.984397,13.250481,1680561,-3.5878167,11237.09,0.8333333
0.14999999,0.8920673,-1.1813194,924.4420010995052,2.1615594e-10,-13.250481,63.462334,1819,-3.7205431,8.42407,,244,169,0.14999999,3043.9608845710754,-8.333333,,146.9515,,,1819,6.181319,-7.4255986,500.3881,-4.2460127,-1.7297142,13.250481,1681560,-3.6982331,11243.82,1.0
0.14999999,0.9248642,-1.1825619,924.482967032967,2.1591848e-10,-13.250481,63.32442,1820,-3.720671,8.42407,,244,169,0.14999999,3046.135196208954,6.6666665,,146.9515,,,1820,6.182562,6.870019,282.5065,-4.2465625,-3.4428213,13.250481,1682559,-3.7811785,11252.263,-0.16666667
0.14999999,1.3290367,-1.1808777,924.1900054914881,2.156814e-10,-13.250481,63.15638,1821,-3.7210135,8.42407,,244,169,0.14999999,3048.1892228126526,8.333333,,146.9515,8.3486537e-16,,1821,6.1808777,8.77832,429.71198,-4.247112,1.8844274,13.250481,1682950,-4.237318,11255.378,
0.14999999,0.7951665,-1.1784734,923.8649835345774,2.154447e-10,-13.250481,62.82571,1822,-3.7217004,8.42407,,244,169,0.14999999,3050.067312002182,6.6666665,,146.9515,1.1687225e-36,,1822,6.1784735,6.1179934,244.89621,-4.2476606,3.1996748,13.250481,1683282,-5.2087727,11257.179,-0.5
0.14999999,1.1910843,-1.1779503,923.7032364234777,2.1520842e-10,-13.250481,62.73825,1823,-3.7216234,8.42407,,244,169,0.14999999,3051.9755322933197,-6.6666665,,146.9515,,,1823,6.1779504,-6.541438,246.45003,-4.2482095,-0.22478442,13.250481,1683911,-3.3504229,11262.403,-0.16666667
0.14999999,0.71641356,-1.1773064,923.7445175438596,2.149725e-10,-13.250481,61.56648,1824,-3.7213724,8.42407,,244,169,0.14999999,3054.354784965515,8.333333,,146.9515,,,1824,6.177306,7.841566,276.4535,-4.248758,-0.0036651962,13.250481,1684910,-3.404569,11267.407,-0.33333334
0.14999999,1.111173,-1.1751343,923.4235616438356,2.1473699e-10,-13.250481,61.53102,1825,-3.7212586,8.42407,,244,169,0.14999999,3056.2630808353424,8.333333,,146.9515,0.0007088617,,1825,6.175134,8.511102,432.1927,-4.2493057,2.7866964,13.250481,1685248,-3.2069657,11269.62,0.33333334
0.14999999,1.3877037,-1.1736845,923.1396495071194,2.1450185e-10,-13.250481,61.38067,1826,-3.721025,8.42407,2.5769405e-28,244,169,0.14999999,3058.4653873443604,-1.6666666,,146.9515,,,1826,6.1736846,-2.8543925,500.5998,-4.2498536,1.4722729,13.250481,1685653,-3.3437579,11273.148,-1.0
0.14999999,1.1277848,-1.1743102,923.1811713191023,2.1426709e-10,-13.250481,61.228527,1827,-3.7212393,8.42407,,244,169,0.14999999,3060.708069562912,8.333333,,146.9515,,,1827,6.17431,7.9704466,480.0513,-4.250401,-2.316869,13.250481,1686652,-4.387497,11280.465,-0.6666667
0.14999999,1.5598781,-1.1702862,922.8189277899344,2.1403274e-10,-13.250481,60.898346,1828,-3.722277,8.42407,,244,169,0.14999999,3062.698118209839,1.6666666,,146.9515,,,1828,6.170286,0.5534159,527.8304,-4.2509484,6.1817513,13.250481,1686913,-5.6859536,11279.283,-1.0
0.14999999,0.7974938,-1.1708164,922.8605795516676,2.1379874e-10,-13.250481,60.88175,1829,-3.722209,8.42407,,244,169,0.14999999,3064.842518091202,-8.333333,,146.9515,,,1829,6.1708164,-8.341647,368.4096,-4.2514954,-2.1400251,13.250481,1687912,-4.04792,11286.424,
0.14999999,0.7701405,-1.170177,922.9021857923498,2.1356515e-10,-13.250481,60.66819,1830,-3.722209,8.42407,,244,169,0.14999999,3066.9505445957184,-8.333333,,146.9515,24.861448,,1830,6.170177,-8.790138,264.67273,-4.252042,-0.0007468068,13.250481,1688911,-3.4884157,11291.424,-0.33333334
0.14999999,1.3011192,-1.1697788,922.9437465865648,2.1333192e-10,-13.250481,60.352085,1831,-3.722291,8.42407,,244,169,0.14999999,3069.2001547813416,-8.333333,,146.9515,0.00038855162,,1831,6.169779,-8.080745,454.16006,-4.2525883,-0.4410798,13.250481,1689910,-3.6174135,11296.865,0.33333334
0.14999999,1.1354381,-1.169158,922.9852620087336,2.1309911e-10,-13.250481,60.162857,1832,-3.7218173,8.42407,,244,169,0.14999999,3071.5510547161102,-8.333333,,146.9515,0.090594225,,1832,6.169158,-7.8051014,457.76596,-4.2531343,-0.03251801,13.250481,1690909,-3.0801225,11301.897,0.6666667
0.14999999,0.8377421,-1.1692157,923.0267321331152,2.1286664e-10,-13.250481,60.089977,1833,-3.7218847,8.42407,,244,169,0.14999999,3073.6994156837463,1.6666666,,146.9515,,,1833,6.1692157,2.3505585,346.7127,-4.2536798,-1.2747658,13.250481,1691908,-3.9236465,11308.172,1.0
0.14999999,0.9146239,-1.1702826,923.0681570338058,2.1263459e-10,-13.250481,59.934734,1834,-3.722001,8.42407,,244,169,0.14999999,3075.945599794388,-8.333333,,146.9515,,,1834,6.1702824,-8.88763,609.5923,-4.2542253,-3.1261744,13.250481,1692907,-3.7290697,11316.299,-0.6666667
0.14999999,1.1240405,-1.1700208,923.1095367847412,2.1240289e-10,-13.250481,59.43791,1835,-3.7219365,8.42407,,244,169,0.14999999,3077.984134197235,8.333333,,146.9515,,,1835,6.170021,8.904622,508.7096,-4.2547703,-0.6901625,13.250481,1693906,-3.458624,11321.988,0.6666667
0.14999999,0.90082943,-1.1706253,923.1508714596949,2.1217159e-10,-13.250481,58.351215,1836,-3.7216685,8.42407,5.373705e-32,244,169,0.14999999,3080.142359495163,1.6666666,,146.9515,,,1836,6.170625,1.6774826,225.41669,-4.2553153,-2.2795608,13.250481,1694905,-3.2749314,11329.268,
0.14999999,1.1783673,-1.1699905,923.192161132281,2.1194065e-10,-13.250481,58.349712,1837,-3.721618,8.42407,1.5908525e-18,244,169,0.14999999,3082.413337945938,-1.6666666,,146.9515,,,1837,6.1699905,-1.5018177,246.0251,-4.25586,-0.0045531443,13.250481,1695904,-3.5008411,11334.272,
0.14999999,1.341713,-1.1693566,923.2334058759521,2.117101e-10,-13.250481,58.258026,1838,-3.7214315,8.42407,,244,169,0.14999999,3084.738883972168,8.333333,,146.9515,,,1838,6.1693563,8.286339,408.1985,-4.256404,-0.0045836447,13.250481,1696903,-3.5169291,11339.277,0.16666667
0.14999999,0.99580705,-1.1683853,923.0027188689505,2.114799e-10,-13.250481,58.183647,1839,-3.7211626,8.42407,,244,169,0.14999999,3086.8142614364624,6.6666665,,146.9515,5.7287706e-33,,1839,6.1683855,7.4811077,313.50763,-4.256948,0.6168045,13.250481,1697402,-3.4851217,11343.66,0.8333333
0.14999999,1.1585097,-1.1694573,923.0440217391305,2.112501e-10,-13.250481,58.14911,1840,-3.7211525,8.42407,1.4984743e-19,244,169,0.14999999,3088.9917755126953,-1.6666666,,146.9515,,,1840,6.1694574,-1.191152,254.57721,-4.2574916,-3.1410656,13.250481,1698401,-3.659777,11351.802,0.33333334
0.14999999,0.78701776,-1.1690818,923.0852797392721,2.1102066e-10,-13.250481,58.06779,1841,-3.7209995,8.42407,,244,169,0.14999999,3091.2481560707092,-6.6666665,,146.9515,,,1841,6.1690817,-7.618237,233.28424,-4.2580347,-0.4780949,13.250481,1699400,-3.5595362,11357.279,-0.8333333
0.14999999,1.3174294,-1.169257,923.1264929424539,2.107916e-10,-13.250481,57.953575,1842,-3.7211652,8.42407,5.069875e-33,244,169,0.14999999,3093.5264620780945,1.6666666,,146.9515,,,1842,6.169257,1.5415117,254.3257,-4.258578,-1.4919225,13.250481,1700399,-3.786583,11363.771,0.33333334
0.14999999,0.61746,-1.1686397,923.1676614215952,2.1056291e-10,-13.250481,57.93996,1843,-3.7209203,8.42407,6.6440535e-23,244,169,0.14999999,3095.777781009674,-1.6666666,,146.9515,,,1843,6.1686397,-2.1476285,192.52202,-4.2591205,-0.031425882,13.250481,1701398,-3.5317447,11368.803,-0.6666667
0.14999999,1.265245,-1.1682142,923.2087852494577,2.1033458e-10,-13.250481,57.928337,1844,-3.7210946,8.42407,,244,169,0.14999999,3098.117945432663,-6.6666665,,146.9515,,,1844,6.1682143,-6.407279,270.2106,-4.259663,-0.3838976,13.250481,1702397,-3.644087,11374.1875,0.5
0.14999999,1.1085359,-1.167874,923.249864498645,2.1010665e-10,-13.250481,57.889942,1845,-3.7211747,8.42407,4.1154946e-33,244,169,0.14999999,3100.4890785217285,1.6666666,,146.9515,,,1845,6.167874,1.2602769,249.43774,-4.2602053,-0.5406978,13.250481,1703396,-4.0834165,11379.728,-0.33333334
0.14999999,1.1322607,-1.1675333,923.2908992416035,2.0987907e-10,-13.250481,57.811485,1846,-3.7210684,8.42407,1.2183671e-19,244,169,0.14999999,3102.6412920951843,-1.6666666,,146.9515,,,1846,6.1675334,-1.6317567,250.02637,-4.260747,-0.5387219,13.250481,1704395,-3.5918055,11385.267,-0.33333334
0.14999999,1.1363002,-1.1669075,923.3318895506226,2.096519e-10,-13.250481,57.784588,1847,-3.7208812,8.42407,,244,169,0.14999999,3104.7956013679504,8.333333,,146.9515,,,1847,6.1669073,7.9972296,320.50012,-4.2612886,-0.011959924,13.250481,1705394,-3.4638317,11390.278,-0.5
0.14999999,1.0828956,-1.1660376,923.0952380952381,2.0942505e-10,-13.250481,57.705673,1848,-3.7206593,8.42407,,244,169,0.14999999,3106.852518558502,6.6666665,,146.9515,1.9873032e-31,,1848,6.1660376,6.9191537,293.2658,-4.26183,0.44082654,13.250481,1705880,-3.3929472,11394.838,0.5
0.14999999,0.903634,-1.165689,923.1362898864251,2.0919859e-10,-13.250481,57.543484,1849,-3.7204916,8.42407,2.2528058e-36,244,169,0.14999999,3109.1686754226685,1.6666666,,146.9515,,,1849,6.165689,1.5588593,272.71246,-4.262371,-0.52159727,13.250481,1706879,-3.4475052,11400.359,-0.6666667
0.14999999,0.91156685,-1.1654211,923.1772972972973,2.0897248e-10,-13.250481,57.20913,1850,-3.7204392,8.42407,,244,169,0.14999999,3111.25879406929,8.333333,,146.9515,,,1850,6.165421,8.2009325,379.53064,-4.2629113,-0.66998935,13.250481,1707878,-3.4978118,11406.029,-0.16666667
0.14999999,1.0533711,-1.1632583,922.8654781199351,2.0874676e-10,-13.250481,56.938885,1851,-3.7206044,8.42407,,244,169,0.14999999,3113.20387339592,8.333333,,146.9515,0.09014753,,1851,6.1632586,7.6038094,249.2455,-4.263452,2.8380034,13.250481,1708224,-3.9013314,11408.191,-0.8333333
0.14999999,1.0700779,-1.1634077,922.6911447084233,2.0852138e-10,-13.250481,56.901665,1852,-3.721157,8.42407,3.4355383e-36,244,169,0.14999999,3115.12796998024,1.6666666,,146.9515,,,1852,6.163408,2.3171942,249.24573,-4.263992,-1.4400933,13.250481,1708824,-4.758233,11414.631,0.6666667
0.14999999,1.1329937,-1.1637305,922.7323259579061,2.0829637e-10,-13.250481,56.867207,1853,-3.7210484,8.42407,,244,169,0.14999999,3117.360219478607,6.6666665,,146.9515,,,1853,6.1637306,6.7570734,238.29123,-4.2645316,-1.7615591,13.250481,1709823,-3.5531437,11421.393,0.16666667
0.14999999,1.0697674,-1.163144,922.7734627831716,2.0807174e-10,-13.250481,56.634632,1854,-3.7208169,8.42407,1.0176251e-22,244,169,0.14999999,3119.5329988002777,-1.6666666,,146.9515,,,1854,6.163144,-0.66793704,205.2221,-4.2650714,-0.076296784,13.250481,1710822,-3.3871636,11426.469,0.6666667
0.14999999,0.86482686,-1.1652337,922.8145552560646,2.0784748e-10,-13.250481,56.51782,1855,-3.7210205,8.42407,,244,169,0.14999999,3121.79119181633,-6.6666665,,146.9515,,,1855,6.1652336,-5.784137,221.93272,-4.2656107,-5.0395074,13.250481,1711821,-4.1374054,11436.509,0.8333333
0.14999999,1.0586551,-1.1666611,922.8556034482758,2.0762358e-10,-13.250481,56.44199,1856,-3.721174,8.42407,,244,169,0.14999999,3124.083163499832,-6.6666665,,146.9515,0.0002896757,,1856,6.1666613,-6.6308017,271.55032,-4.2661495,-3.8144135,13.250481,1712820,-3.844455,11445.323,0.16666667
0.14999999,1.0045265,-1.1660442,922.8966074313408,2.0740003e-10,-13.250481,56.306328,1857,-3.721063,8.42407,,244,169,0.14999999,3126.418291568756,-8.333333,,146.9515,4.4511422e-29,,1857,6.166044,-7.3187227,335.08557,-4.2666883,-0.02116274,13.250481,1713819,-3.5375385,11450.344,0.8333333
0.14999999,0.9254542,-1.1670744,922.9375672766415,2.0717683e-10,-13.250481,56.178436,1858,-3.720804,8.42407,,244,169,0.14999999,3128.7251391410828,6.6666665,,146.9515,,,1858,6.167074,6.1615677,262.45605,-4.2672267,-3.0802662,13.250481,1714818,-3.2016015,11458.424,-0.8333333
0.14999999,0.86720514,-1.1663465,922.6616460462615,2.0695401e-10,-13.250481,56.04452,1859,-3.721201,8.42407,,244,169,0.14999999,3130.5329661369324,8.333333,,146.9515,,,1859,6.1663465,9.394195,381.3329,-4.2677646,0.18620047,13.250481,1715228,-4.3502955,11463.238,0.8333333
0.14999999,1.0138453,-1.1698592,922.702688172043,2.067315e-10,-13.250481,56.03455,1860,-3.7214658,8.42407,,244,169,0.14999999,3132.8379621505737,-6.6666665,,146.9515,,,1860,6.169859,-7.444158,276.9104,-4.2683024,-7.699876,13.250481,1716227,-4.0388045,11475.9375,-0.5
0.14999999,0.8393585,-1.1699286,922.7436861902203,2.0650942e-10,-13.250481,56.025433,1861,-3.7213738,8.42407,,244,169,0.14999999,3135.0567803382874,-8.333333,,146.9515,6.2721587e-30,,1861,6.1699286,-8.375217,261.5539,-4.26884,-1.2991663,13.250481,1717226,-3.5196788,11482.237,-0.16666667
0.14999999,1.1461821,-1.1693089,922.7846401718582,2.0628767e-10,-13.250481,55.890144,1862,-3.7214594,8.42407,,244,169,0.14999999,3137.2392058372498,-8.333333,,146.9515,152.07895,,1862,6.1693087,-8.276669,309.30396,-4.269377,-0.01619309,13.250481,1718225,-3.689016,11487.253,0.16666667
0.14999999,0.7807241,-1.1687528,922.825550187869,2.0606626e-10,-13.250481,55.617706,1863,-3.721709,8.42407,,244,169,0.14999999,3139.5345277786255,-8.333333,,146.9515,3.4816314e-12,,1863,6.1687527,-9.081362,381.40143,-4.269914,-0.1331903,13.250481,1719224,-4.2838993,11492.387,-1.0
0.14999999,0.9738835,-1.1686438,922.8664163090128,2.0584523e-10,-13.250481,55.438953,1864,-3.721919,8.42407,,244,169,0.14999999,3141.7058827877045,-8.333333,,146.9515,144.52797,,1864,6.168644,-8.615452,232.00407,-4.2704506,-0.9654216,13.250481,1720223,-3.8520799,11498.352,-0.5
0.14999999,0.90959716,-1.1683192,922.9072386058981,2.0562455e-10,-13.250481,54.967785,1865,-3.7215555,8.42407,,244,169,0.14999999,3144.03573179245,8.333333,,146.9515,,,1865,6.168319,8.873909,343.5729,-4.270987,-0.5631984,13.250481,1721222,-2.9866543,11503.915,0.5
0.14999999,1.151999,-1.1681122,922.9480171489818,2.0540421e-10,-13.250481,54.93995,1866,-3.721611,8.42407,,244,169,0.14999999,3146.2244551181793,-8.333333,,146.9515,,,1866,6.1681123,-7.8582344,314.76318,-4.271523,-0.7819411,13.250481,1722221,-3.699634,11509.697,0.5
0.14999999,0.87579525,-1.1677225,922.9887520085699,2.0518422e-10,-13.250481,54.895,1867,-3.721223,8.42407,,244,169,0.14999999,3148.609174966812,6.6666665,,146.9515,,,1867,6.1677227,6.269381,244.89995,-4.272059,-0.4406638,13.250481,1723220,-3.0990968,11515.138,-0.16666667
0.14999999,1.3405464,-1.1671532,922.9887580299786,2.0496459e-10,-13.250481,54.473366,1868,-3.7210805,8.42407,,244,169,0.14999999,3150.5953471660614,8.333333,,146.9515,1.2167304e-37,,1868,6.1671534,7.6705465,495.8834,-4.2725945,-0.10423709,13.250481,1724143,-3.3030741,11520.242,-1.0
0.14999999,0.7906285,-1.167079,922.7779561262707,2.0474533e-10,-13.250481,54.412613,1869,-3.721467,8.42407,,244,169,0.14999999,3152.5995709896088,6.6666665,,146.9515,1.016615e-32,,1869,6.167079,5.9655395,214.12051,-4.2731295,-1.0283203,13.250481,1724672,-4.695106,11526.2705,-0.5
0.14999999,1.118079,-1.1668997,922.7294117647059,2.0452641e-10,-13.250481,54.345398,1870,-3.7213795,8.42407,,244,169,0.14999999,3154.764173746109,-6.6666665,,146.9515,,,1870,6.1668997,-6.84831,217.87305,-4.2736645,-0.83190453,13.250481,1725504,-3.3263783,11532.103,-0.16666667
0.14999999,1.9682604,-1.1663619,922.7701763762693,2.0430782e-10,-13.250481,54.0537,1871,-3.7211297,8.42407,4.960593e-28,244,169,0.14999999,3156.887593984604,-1.6666666,,146.9515,,,1871,6.166362,-0.72509104,539.60443,-4.274199,-0.1609036,13.250481,1726503,-3.332073,11537.264,1.0
0.14999999,0.8372229,-1.1676811,922.8108974358975,2.0408962e-10,-13.250481,53.573048,1872,-3.7206647,8.42407,5.3532334e-21,244,169,0.14999999,3159.0710928440094,-1.6666666,,146.9515,1.1962487e-17,,1872,6.167681,-2.2931993,208.85275,-4.274733,-3.6356847,13.250481,1727502,-3.6615744,11545.898,-0.5
0.14999999,1.2067536,-1.1675771,922.8515750133475,2.0387173e-10,-13.250481,53.54367,1873,-3.7206414,8.42407,9.221419e-19,244,169,0.14999999,3161.1972534656525,-1.6666666,,146.9515,3.065086e-05,,1873,6.1675773,-1.9550228,229.36752,-4.275267,-0.97329694,13.250481,1728501,-3.4886618,11551.872,0.16666667
0.14999999,0.9287626,-1.1669756,922.8922091782284,2.0365422e-10,-13.250481,53.529213,1874,-3.720414,8.42407,3.1182347e-32,244,169,0.14999999,3163.3728799819946,1.6666666,,146.9515,,,1874,6.1669755,2.0917552,200.12927,-4.275801,-0.040297598,13.250481,1729500,-3.4641175,11556.912,0.16666667
0.14999999,1.0392302,-1.1664841,922.9328,2.0343706e-10,-13.250481,53.47527,1875,-3.7203455,8.42407,2.8086348e-32,244,169,0.14999999,3165.746924161911,1.6666666,,146.9515,1.7337431,,1875,6.166484,1.3896962,200.31506,-4.276335,-0.24530226,13.250481,1730499,-3.4971745,11562.158,-0.16666667
0.14999999,1.1069965,-1.1658826,922.9733475479744,2.0322022e-10,-13.250481,53.43585,1876,-3.7201812,8.42407,8.3147606e-19,244,169,0.14999999,3168.140035867691,-1.6666666,,146.9515,,,1876,6.1658826,-2.0470643,208.06381,-4.276868,-0.037972983,13.250481,1731498,-3.4170551,11567.195,-0.16666667
0.14999999,0.9229321,-1.1653583,923.0138518913159,2.0300372e-10,-13.250481,53.39525,1877,-3.7199836,8.42407,1.8140533e-34,244,169,0.14999999,3170.3379385471344,1.6666666,,146.9515,,,1877,6.1653585,1.5776482,238.50027,-4.2774005,-0.18155412,13.250481,1732497,-3.429932,11572.377,-0.5
0.14999999,1.1821872,-1.1647552,923.0543130990416,2.0278759e-10,-13.250481,53.37452,1878,-3.7198646,8.42407,,244,169,0.14999999,3172.5446062088013,-5.0,,146.9515,,,1878,6.1647553,-4.5096073,295.5848,-4.277933,-0.03302211,13.250481,1733496,-3.388849,11577.41,0.33333334
0.14999999,1.1086806,-1.1646256,923.0947312400212,2.025718e-10,-13.250481,53.365025,1879,-3.719802,8.42407,7.364861e-21,244,169,0.14999999,3174.873106241226,-1.6666666,,146.9515,,,1879,6.1646256,-1.2908614,246.80165,-4.2784657,-0.92117155,13.250481,1734495,-3.7267742,11583.332,0.5
0.14999999,0.87288207,-1.1646866,923.1351063829787,2.0235637e-10,-13.250481,53.271885,1880,-3.7196336,8.42407,2.485978e-25,244,169,0.14999999,3177.185994386673,-1.6666666,,146.9515,1.5166245e-18,,1880,6.1646867,-2.4252355,256.81516,-4.278998,-1.279412,13.250481,1735494,-3.4758825,11589.611,-0.8333333
0.14999999,1.3832058,-1.1647514,923.1754385964912,2.0214126e-10,-13.250481,53.070915,1881,-3.7195745,8.42407,2.4917486e-34,244,169,0.14999999,3179.401200771332,1.6666666,,146.9515,,,1881,6.1647515,2.0591152,248.5397,-4.2795296,-1.2867881,13.250481,1736493,-3.4505162,11595.897,0.5
0.14999999,1.2932065,-1.1643022,923.2157279489904,2.0192649e-10,-13.250481,53.067787,1882,-3.7192624,8.42407,,244,169,0.14999999,3181.633298635483,5.0,,146.9515,,,1882,6.1643023,4.996265,281.09973,-4.280061,-0.31935322,13.250481,1737492,-3.4614034,11601.217,0.33333334
0.14999999,0.79014874,-1.1638232,923.2559745087626,2.0171209e-10,-13.250481,53.067688,1883,-3.719254,8.42407,,244,169,0.14999999,3183.9351749420166,-8.333333,,146.9515,,,1883,6.163823,-9.214896,300.29758,-4.280592,-0.2623901,13.250481,1738491,-3.9407945,11606.4795,-0.8333333
0.14999999,1.041213,-1.163903,923.296178343949,2.0149803e-10,-13.250481,53.016403,1884,-3.7193713,8.42407,,244,169,0.14999999,3186.2147669792175,1.6666666,,146.9515,,,1884,6.163903,0.8257444,258.0322,-4.281123,-1.3138778,13.250481,1739490,-3.7051773,11612.793,-0.8333333
0.14999999,0.80794,-1.1642127,923.3363395225464,2.0128428e-10,-13.250481,52.75426,1885,-3.719324,8.42407,,244,169,0.14999999,3188.4553077220917,5.0,,146.9515,,,1885,6.1642127,4.1610894,309.10535,-4.281654,-1.7476864,13.250481,1740489,-3.6359007,11619.541,-0.8333333
0.14999999,1.0541016,-1.1642512,923.3764581124072,2.010709e-10,-13.250481,52.26966,1886,-3.7194238,8.42407,,244,169,0.14999999,3190.6272945404053,-5.0,,146.9515,,,1886,6.1642513,-5.86774,309.47464,-4.282184,-1.2370723,13.250481,1741488,-3.673106,11625.777,-0.8333333
0.14999999,0.81848496,-1.1644304,923.4165341812401,2.0085783e-10,-13.250481,52.157665,1887,-3.7193856,8.42407,,244,169,0.14999999,3192.869334936142,-5.0,,146.9515,3.7676486e-21,,1887,6.1644306,-4.3878193,264.9835,-4.2827144,-1.5021187,13.250481,1742487,-3.650699,11632.28,0.6666667
0.14999999,0.8303545,-1.1644634,923.4565677966102,2.0064513e-10,-13.250481,52.051254,1888,-3.719443,8.42407,1.4270178e-38,244,169,0.14999999,3195.176480770111,1.6666666,,146.9515,,,1888,6.1644635,2.7443037,223.04456,-4.283244,-1.2269485,13.250481,1743486,-3.6177862,11638.507,0.8333333
0.14999999,1.039662,-1.1650822,923.4965590259396,2.0043273e-10,-13.250481,51.896404,1889,-3.7194006,8.42407,,244,169,0.14999999,3197.3487870693207,5.0,,146.9515,,,1889,6.165082,4.9966645,263.09998,-4.2837734,-2.3332229,13.250481,1744485,-3.442826,11645.84,-0.16666667
0.14999999,0.8911839,-1.1644797,923.536507936508,2.002207e-10,-13.250481,51.86215,1890,-3.7194088,8.42407,,244,169,0.14999999,3199.6759130954742,-5.0,,146.9515,,,1890,6.1644797,-4.9574933,270.1574,-4.2843027,-0.026539812,13.250481,1745484,-3.735536,11650.867,-0.16666667
0.14999999,1.1791037,-1.1639117,923.5764145954521,2.0000898e-10,-13.250481,51.836815,1891,-3.719653,8.42407,,244,169,0.14999999,3201.815595626831,8.333333,,146.9515,,,1891,6.163912,8.638602,285.8719,-4.2848315,-0.090320975,13.250481,1746483,-4.034066,11655.957,
0.14999999,0.6518642,-1.1626428,923.3165961945032,1.997976e-10,-13.250481,51.83039,1892,-3.720104,8.42407,,244,169,0.14999999,3203.8955368995667,8.333333,,146.9515,4.317011e-06,,1892,6.162643,9.283756,316.88538,-4.2853603,1.2368163,13.250481,1746915,-4.702644,11659.721,1.0
0.14999999,1.0173033,-1.1649717,923.3565768621236,1.9958657e-10,-13.250481,51.44744,1893,-3.7201762,8.42407,,244,169,0.14999999,3205.944235086441,-3.3333333,,146.9515,,,1893,6.164972,-3.9372468,263.37146,-4.2858887,-5.571265,13.250481,1747914,-3.4776108,11670.291,-0.5
0.14999999,0.8734141,-1.1648375,923.39651531151,1.9937588e-10,-13.250481,51.42249,1894,-3.7200735,8.42407,,244,169,0.14999999,3208.0085883140564,-8.333333,,146.9515,,,1894,6.1648374,-7.3024817,402.0599,-4.286417,-0.91065234,13.250481,1748913,-3.5017338,11676.202,1.0
0.14999999,1.0765321,-1.168002,923.4364116094987,1.991655e-10,-13.250481,51.360683,1895,-3.721316,8.42407,,244,169,0.14999999,3210.3060529232025,8.333333,,146.9515,,,1895,6.168002,7.5500994,256.6817,-4.286945,-7.161371,13.250481,1749912,-5.901164,11688.363,-0.5
0.14999999,1.2678236,-1.1678469,923.3243670886076,1.9895546e-10,-13.250481,51.30153,1896,-3.7209463,8.42407,,244,169,0.14999999,3212.5344727039337,5.0,,146.9515,,,1896,6.1678467,5.406665,288.88812,-4.2874722,-0.8741623,13.250481,1750623,-3.0558193,11694.238,0.6666667
0.14999999,1.3098552,-1.1674396,923.3642593568793,1.9874576e-10,-13.250481,51.21972,1897,-3.7208292,8.42407,,244,169,0.14999999,3214.6929063796997,3.3333333,,146.9515,4.883448e-34,,1897,6.1674395,2.8306797,263.48828,-4.2879996,-0.39499828,13.250481,1751622,-3.7053235,11699.633,-0.5
0.14999999,0.61628574,-1.1672032,923.4041095890411,1.985364e-10,-13.250481,51.18225,1898,-3.7206147,8.42407,,244,169,0.14999999,3216.976797103882,3.3333333,,146.9515,48.821358,,1898,6.167203,2.4972272,196.56056,-4.2885265,-0.71877474,13.250481,1752621,-3.5621443,11705.352,-0.8333333
0.14999999,1.0502398,-1.1673659,923.3954713006846,1.9832737e-10,-13.250481,50.907154,1899,-3.72071,8.42407,,244,169,0.14999999,3219.165218114853,-3.3333333,,146.9515,,,1899,6.167366,-3.0637946,260.62936,-4.2890534,-1.4762828,13.250481,1753528,-3.502295,11711.828,0.5
0.14999999,0.93132275,-1.166821,923.4352631578947,1.9811865e-10,-13.250481,50.8814,1900,-3.7206657,8.42407,,244,169,0.14999999,3221.4387097358704,3.3333333,,146.9515,,,1900,6.166821,3.6881835,263.8778,-4.28958,-0.13210717,13.250481,1754527,-3.6360033,11716.96,0.5
0.14999999,1.2416474,-1.1664248,923.4750131509732,1.9791024e-10,-13.250481,50.87385,1901,-3.7206345,8.42407,,244,169,0.14999999,3223.7683815956116,-6.6666665,,146.9515,,,1901,6.1664248,-5.891583,235.6058,-4.290106,-0.41376755,13.250481,1755526,-3.5487323,11722.373,0.5
0.14999999,0.96696496,-1.1665395,923.5147213459517,1.9770222e-10,-13.250481,50.872734,1902,-3.720384,8.42407,,244,169,0.14999999,3225.994276046753,-3.3333333,,146.9515,,,1902,6.1665397,-2.3557215,286.5689,-4.290632,-1.3844702,13.250481,1756525,-3.4415941,11728.758,0.8333333
0.14999999,1.0422478,-1.1676842,923.554387808723,1.9749448e-10,-13.250481,50.724266,1903,-3.7204747,8.42407,,244,169,0.14999999,3228.287178993225,6.6666665,,146.9515,,,1903,6.167684,6.9823194,257.257,-4.2911572,-3.3447073,13.250481,1757524,-3.8169098,11737.104,0.5
0.14999999,0.9812456,-1.1674589,923.594012605042,1.9728709e-10,-13.250481,50.700394,1904,-3.7203023,8.42407,,244,169,0.14999999,3230.5746405124664,-6.6666665,,146.9515,,,1904,6.167459,-7.4084296,269.1293,-4.2916827,-0.73866963,13.250481,1758523,-3.3967233,11742.842,-0.8333333
0.14999999,1.3392245,-1.1674466,923.633595800525,1.9708002e-10,-13.250481,50.698208,1905,-3.7201931,8.42407,2.68842e-28,244,169,0.14999999,3232.7134685516357,-1.6666666,,146.9515,,,1905,6.1674466,-2.3045838,399.68924,-4.2922077,-1.1441358,13.250481,1759522,-3.4558914,11748.986,-1.0
0.14999999,1.0174888,-1.1674887,923.6731374606505,1.9687325e-10,-13.250481,50.62711,1906,-3.7199554,8.42407,,244,169,0.14999999,3234.9372382164,3.3333333,,146.9515,,,1906,6.1674886,4.288884,284.91452,-4.2927327,-1.2475476,13.250481,1760521,-3.519283,11755.233,0.8333333
0.14999999,0.64076763,-1.1705778,923.7126376507604,1.9666684e-10,-13.250481,50.48347,1907,-3.7204952,8.42407,,244,169,0.14999999,3237.12762260437,5.0,,146.9515,1.7358993e-29,,1907,6.170578,5.7420187,362.3714,-4.293257,-7.0584435,13.250481,1761520,-4.718788,11767.292,1.0
0.14999999,1.1568618,-1.1730978,923.7520964360587,1.9646075e-10,-13.250481,50.46751,1908,-3.7209718,8.42407,,244,169,0.14999999,3239.399790287018,6.6666665,,146.9515,,,1908,6.1730976,6.6488156,211.60878,-4.2937813,-5.9790387,13.250481,1762519,-4.231976,11778.2705,0.16666667
0.14999999,1.0067874,-1.1724719,923.6977475117862,1.9625498e-10,-13.250481,50.326878,1909,-3.7206872,8.42407,,244,169,0.14999999,3241.4103841781616,8.333333,,146.9515,2.687765e-27,,1909,6.172472,8.6107235,275.28775,-4.2943053,0.02192962,13.250481,1763339,-3.2992303,11783.249,0.33333334
0.14999999,0.6242569,-1.1701685,923.3879581151832,1.9604955e-10,-13.250481,50.242012,1910,-3.720553,8.42407,,244,169,0.14999999,3243.3718836307526,3.3333333,,146.9515,,,1910,6.1701684,3.2272062,211.78705,-4.294829,3.2269287,13.250481,1763671,-3.4365535,11785.021,0.16666667
0.14999999,0.89668417,-1.1695732,923.4275248560963,1.9584442e-10,-13.250481,50.229916,1911,-3.721046,8.42407,,244,169,0.14999999,3245.5120017528534,-3.3333333,,146.9515,,,1911,6.1695733,-2.77172,239.72368,-4.2953525,-0.032538537,13.250481,1764670,-4.2719517,11790.055,0.16666667
0.14999999,1.17638,-1.1692058,923.467050209205,1.9563962e-10,-13.250481,50.2288,1912,-3.7213538,8.42407,,244,169,0.14999999,3247.6367514133453,-3.3333333,,146.9515,1.1291545e-12,,1912,6.1692057,-4.1863384,256.95737,-4.2958755,-0.46715087,13.250481,1765669,-4.1710253,11795.521,-0.8333333
0.14999999,1.5410917,-1.169198,923.5065342394146,1.9543515e-10,-13.250481,50.206112,1913,-3.721274,8.42407,,244,169,0.14999999,3249.9845023155212,1.6666666,,146.9515,,,1913,6.169198,0.43282664,422.51364,-4.2963986,-1.1541337,13.250481,1766668,-3.6896791,11801.676,-1.0
0.14999999,1.0730182,-1.1701112,923.5459770114943,1.9523098e-10,-13.250481,50.198334,1914,-3.7222457,8.42407,,244,169,0.14999999,3252.055554151535,-5.0,,146.9515,,,1914,6.170111,-4.9700313,253.92581,-4.2969213,-2.9171624,13.250481,1767667,-6.03481,11809.593,0.16666667
0.14999999,0.9589864,-1.1696129,923.5853785900783,1.9502713e-10,-13.250481,50.18236,1915,-3.722645,8.42407,,244,169,0.14999999,3254.3229126930237,-3.3333333,,146.9515,7.66076e-35,,1915,6.169613,-3.5151606,231.80382,-4.2974434,-0.21555047,13.250481,1768666,-4.517273,11814.809,-0.16666667
0.14999999,1.4702814,-1.1690277,923.624739039666,1.948236e-10,-13.250481,50.177616,1916,-3.7225325,8.42407,,244,169,0.14999999,3256.467225790024,3.3333333,,146.9515,,,1916,6.169028,3.1472101,241.87175,-4.2979655,-0.048567634,13.250481,1769665,-3.4320064,11819.857,-0.16666667
0.14999999,1.2144113,-1.1684858,923.6640584246218,1.946204e-10,-13.250481,50.153015,1917,-3.7222054,8.42407,,244,169,0.14999999,3258.8432030677795,5.0,,146.9515,2.5591545e-25,,1917,6.1684856,5.5129075,264.14056,-4.298487,-0.13024837,13.250481,1770664,-3.5020766,11824.987,0.16666667
0.14999999,1.0707868,-1.1681604,923.7033368091762,1.9441751e-10,-13.250481,50.14584,1918,-3.7222397,8.42407,,244,169,0.14999999,3261.108784198761,5.0,,146.9515,0.0030648082,,1918,6.1681604,4.527462,264.45978,-4.299009,-0.54435253,13.250481,1771663,-3.952161,11830.531,-0.33333334
0.14999999,1.0019931,-1.1676775,923.6112558624284,1.9421495e-10,-13.250481,50.141693,1919,-3.7222292,8.42407,,244,169,0.14999999,3263.260298728943,6.6666665,,146.9515,,,1919,6.1676774,7.6587276,271.52792,-4.29953,-0.24167123,13.250481,1772410,-3.7306473,11835.773,0.8333333
0.14999999,1.0441136,-1.168886,923.6505208333333,1.9401271e-10,-13.250481,50.117046,1920,-3.722337,8.42407,,244,169,0.14999999,3265.486679315567,-6.6666665,,146.9515,,,1920,6.168886,-6.566351,239.38889,-4.300051,-3.4876995,13.250481,1773409,-3.891957,11844.261,0.16666667
0.14999999,0.9229464,-1.1682806,923.6897449245184,1.9381075e-10,-13.250481,50.10988,1921,-3.7221162,8.42407,,244,169,0.14999999,3267.7669761180878,-5.0,,146.9515,1.3595224e-21,,1921,6.1682806,-5.579376,265.4451,-4.300572,-0.0061268997,13.250481,1774408,-3.3114307,11849.268,-0.33333334
0.14999999,1.3433545,-1.1678897,923.7289281997919,1.9360913e-10,-13.250481,50.034184,1922,-3.7223296,8.42407,4.298401e-25,244,169,0.14999999,3270.1443424224854,-1.6666666,,146.9515,,,1922,6.1678896,-1.4515574,255.2253,-4.301092,-0.4169035,13.250481,1775407,-4.013814,11854.684,0.8333333
0.14999999,0.93092084,-1.1679436,923.768070722829,1.9340783e-10,-13.250481,49.86914,1923,-3.722089,8.42407,,244,169,0.14999999,3272.3529477119446,8.333333,,146.9515,,,1923,6.1679435,8.486943,290.09222,-4.3016124,-1.2715238,13.250481,1776406,-3.5515597,11860.955,-0.16666667
0.14999999,0.93906724,-1.1671635,923.5738045738045,1.9320683e-10,-13.250481,49.86693,1924,-3.7219682,8.42407,,244,169,0.14999999,3274.496561527252,6.6666665,,146.9515,5.6615906e-35,,1924,6.1671634,5.915523,237.32126,-4.302132,0.3329878,13.250481,1776956,-3.3868473,11865.623,-0.8333333
0.14999999,0.9571205,-1.1672038,923.612987012987,1.9300615e-10,-13.250481,49.865196,1925,-3.7218556,8.42407,,244,169,0.14999999,3276.8687200546265,-8.333333,,146.9515,,,1925,6.167204,-7.9810424,266.16766,-4.302652,-1.2445039,13.250481,1777955,-3.4153693,11871.867,
0.14999999,0.75962543,-1.1667123,923.6521287642782,1.9280577e-10,-13.250481,49.786983,1926,-3.7215981,8.42407,,244,169,0.14999999,3279.129716873169,1.6666666,,146.9515,,,1926,6.1667123,3.048377,284.729,-4.303171,-0.22079256,13.250481,1778954,-3.1482112,11877.088,1.0
0.14999999,0.9731658,-1.1703055,923.6912298910223,1.9260572e-10,-13.250481,49.693363,1927,-3.7222514,8.42407,,244,169,0.14999999,3281.3629701137543,-6.6666665,,146.9515,,,1927,6.1703053,-7.059038,244.34355,-4.3036904,-8.09069,13.250481,1779953,-4.7116537,11890.179,-0.5
0.14999999,0.85565066,-1.1700075,923.7302904564316,1.9240595e-10,-13.250481,49.683353,1928,-3.7220972,8.42407,,244,169,0.14999999,3283.7608428001404,5.0,,146.9515,,,1928,6.1700077,4.473279,265.57043,-4.304209,-0.59579855,13.250481,1780952,-3.3623526,11895.774,-0.6666667
0.14999999,0.7855262,-1.1696475,923.5982374287196,1.9220653e-10,-13.250481,49.644375,1929,-3.7220662,8.42407,,244,169,0.14999999,3285.8631105422974,-8.333333,,146.9515,,,1929,6.169647,-8.805004,207.33607,-4.3047276,-0.47560298,13.250481,1781621,-3.4882765,11901.25,-0.33333334
0.14999999,1.1714162,-1.1692755,923.6373056994819,1.9200738e-10,-13.250481,49.614204,1930,-3.7220836,8.42407,,244,169,0.14999999,3288.0608644485474,8.333333,,146.9515,,,1930,6.1692753,7.6262474,314.17914,-4.305246,-0.45168903,13.250481,1782620,-3.5200367,11906.701,-0.6666667
0.14999999,1.2468704,-1.1677281,923.3335059554635,1.9180858e-10,-13.250481,49.42168,1931,-3.721938,8.42407,,244,169,0.14999999,3289.972847700119,-8.333333,,146.9515,,,1931,6.167728,-7.974358,305.30087,-4.3057637,1.8187848,13.250481,1782957,-3.5701866,11909.883,0.33333334
0.14999999,1.0351673,-1.1671515,923.3726708074535,1.9161008e-10,-13.250481,49.407413,1932,-3.7214568,8.42407,,244,169,0.14999999,3292.2099866867065,5.0,,146.9515,,,1932,6.1671515,4.171292,458.38345,-4.3062816,-0.0537041,13.250481,1783956,-2.9916081,11914.937,-1.0
0.14999999,1.0069112,-1.1672996,923.2503879979307,1.9141189e-10,-13.250481,49.398804,1933,-3.7213953,8.42407,,244,169,0.14999999,3294.52569937706,-5.0,,146.9515,,,1933,6.1672997,-5.7358923,263.26865,-4.306799,-1.4536983,13.250481,1784643,-3.5583463,11921.391,-0.6666667
0.14999999,1.3677834,-1.167205,923.2895553257497,1.9121398e-10,-13.250481,49.18561,1934,-3.7213314,8.42407,,244,169,0.14999999,3296.6898210048676,8.333333,,146.9515,,,1934,6.167205,8.214806,273.95953,-4.3073163,-0.98417366,13.250481,1785642,-3.5651484,11927.375,0.16666667
0.14999999,0.94096726,-1.1661232,923.0511627906977,1.9101641e-10,-13.250481,49.177456,1935,-3.7207808,8.42407,,244,169,0.14999999,3298.765776872635,-6.6666665,,146.9515,,,1935,6.1661234,-5.4008565,219.34671,-4.307833,0.92615986,13.250481,1786104,-2.9661114,11931.448,0.8333333
0.14999999,0.88276345,-1.1685611,923.0903925619834,1.908191e-10,-13.250481,49.1455,1936,-3.7211075,8.42407,,244,169,0.14999999,3301.1207802295685,6.6666665,,146.9515,,,1936,6.168561,6.7220073,219.88225,-4.30835,-5.885835,13.250481,1787103,-4.2655125,11942.334,-0.16666667
0.14999999,1.0262406,-1.1678867,922.939081053175,1.9062214e-10,-13.250481,48.972683,1937,-3.7209578,8.42407,,244,169,0.14999999,3303.1478941440582,-5.0,,146.9515,,,1937,6.1678867,-3.869342,299.36682,-4.3088665,0.13757168,13.250481,1787733,-3.2911944,11947.196,0.8333333
0.14999999,1.0358641,-1.1705439,922.9783281733746,1.9042548e-10,-13.250481,48.90189,1938,-3.721424,8.42407,,244,169,0.14999999,3305.253279209137,-8.333333,,146.9515,,,1938,6.1705437,-9.052643,363.02966,-4.3093824,-6.317747,13.250481,1788732,-4.5960784,11958.514,-0.6666667
0.14999999,1.0253048,-1.1704694,923.0175348117587,1.9022911e-10,-13.250481,48.848877,1939,-3.7212582,8.42407,,244,169,0.14999999,3307.4060983657837,-8.333333,,146.9515,2.3268074e-16,,1939,6.1704693,-7.4337826,297.79276,-4.3098984,-1.0259712,13.250481,1789731,-3.392116,11964.54,0.6666667
0.14999999,1.2876015,-1.1707863,923.0567010309278,1.9003304e-10,-13.250481,48.744995,1940,-3.7209198,8.42407,,244,169,0.14999999,3309.6310455799103,8.333333,,146.9515,,,1940,6.1707864,7.2490187,406.3084,-4.310414,-1.7852256,13.250481,1790730,-3.0552194,11971.325,-1.0
0.14999999,1.126932,-1.1713206,922.8876867594024,1.8983728e-10,-13.250481,48.64807,1941,-3.7212203,8.42407,,244,169,0.14999999,3311.765115261078,-6.6666665,,146.9515,,,1941,6.1713204,-6.608817,198.69139,-4.3109293,-2.207817,13.250481,1791325,-4.5212846,11978.533,-0.16666667
0.14999999,0.8059561,-1.1707257,922.9268795056643,1.8964182e-10,-13.250481,48.648197,1942,-3.7209375,8.42407,,244,169,0.14999999,3314.1604413986206,6.6666665,,146.9515,,,1942,6.170726,6.049075,193.85924,-4.3114443,-0.016116435,13.250481,1792324,-3.2637503,11983.549,-0.5
0.14999999,1.3185251,-1.1704018,922.8826556870819,1.8944667e-10,-13.250481,48.598183,1943,-3.7208188,8.42407,,244,169,0.14999999,3316.2011847496033,-5.0,,146.9515,,,1943,6.1704016,-5.8406487,469.6591,-4.3119593,-0.5414422,13.250481,1793161,-3.2757082,11989.091,-1.0
0.14999999,1.1523279,-1.1705147,922.9218106995885,1.8925181e-10,-13.250481,48.469482,1944,-3.7205977,8.42407,1.6835151e-18,244,169,0.14999999,3318.5425062179565,-1.6666666,,146.9515,,,1944,6.1705146,-1.6597366,195.69754,-4.312474,-1.3895382,13.250481,1794160,-3.5177708,11995.48,
0.14999999,1.0357373,-1.1699152,922.9609254498714,1.8905726e-10,-13.250481,48.469017,1945,-3.72034,8.42407,5.69272e-32,244,169,0.14999999,3320.855836868286,1.6666666,,146.9515,,,1945,6.169915,1.8272748,202.54454,-4.312988,-0.004817216,13.250481,1795159,-3.3391628,12000.485,
0.14999999,0.94912136,-1.1693174,923.0,1.8886301e-10,-13.250481,48.392284,1946,-3.7201746,8.42407,,244,169,0.14999999,3323.0826258659363,8.333333,,146.9515,,,1946,6.1693172,8.797564,331.9026,-4.313502,-0.006401105,13.250481,1796158,-3.406845,12005.492,0.6666667
0.14999999,0.7929607,-1.1690884,923.0390344119157,1.8866905e-10,-13.250481,48.20822,1947,-3.7200072,8.42407,,244,169,0.14999999,3325.3616881370544,8.333333,,146.9515,0.00013367039,,1947,6.1690884,7.828716,192.31815,-4.3140154,-0.7234273,13.250481,1797157,-3.303306,12011.215,-0.33333334
0.14999999,1.0654792,-1.1670225,922.7397330595483,1.8847539e-10,-13.250481,48.197536,1948,-3.7197208,8.42407,1.5864277e-19,244,169,0.14999999,3327.288496017456,-1.6666666,,146.9515,,,1948,6.1670227,-1.4106591,200.72162,-4.314529,2.855294,13.250481,1797497,-2.9338346,12013.359,0.33333334
0.14999999,1.0200828,-1.1664932,922.7788609543355,1.8828204e-10,-13.250481,48.123795,1949,-3.719493,8.42407,4.347459e-33,244,169,0.14999999,3329.5636739730835,1.6666666,,146.9515,,,1949,6.1664934,1.2215706,201.3355,-4.3150425,-0.13512343,13.250481,1798496,-3.3135922,12018.495,-0.33333334
0.14999999,1.0662552,-1.166016,922.8179487179488,1.8808896e-10,-13.250481,48.10885,1950,-3.719312,8.42407,1.2870093e-19,244,169,0.14999999,3331.7848258018494,-1.6666666,,146.9515,,,1950,6.166016,-2.2290714,202.7346,-4.315555,-0.23627289,13.250481,1799495,-3.3593185,12023.731,-0.33333334
0.14999999,1.2379116,-1.165684,922.8569964120964,1.8789621e-10,-13.250481,48.0577,1951,-3.7191443,8.42407,5.369911e-33,244,169,0.14999999,3334.093854188919,1.6666666,,146.9515,,,1951,6.1656837,1.8965744,205.39117,-4.316068,-0.5181779,13.250481,1800494,-3.4253368,12029.25,0.33333334
0.14999999,0.9849372,-1.1652721,922.8960040983607,1.8770376e-10,-13.250481,48.051746,1952,-3.718874,8.42407,,244,169,0.14999999,3336.461861371994,6.6666665,,146.9515,,,1952,6.165272,5.5616503,386.59473,-4.3165803,-0.3617151,13.250481,1801493,-3.3896515,12034.611,-1.0
0.14999999,0.73046464,-1.1650853,922.6328725038402,1.8751158e-10,-13.250481,47.845783,1953,-3.718897,8.42407,,244,169,0.14999999,3338.4549691677094,-8.333333,,146.9515,,,1953,6.1650853,-10.010079,295.8701,-4.3170924,-0.80065215,13.250481,1801902,-3.6988666,12040.412,-1.0
0.14999999,0.8661321,-1.165687,922.671954964176,1.8731969e-10,-13.250481,47.82675,1954,-3.7227128,8.42407,,244,169,0.14999999,3340.7465212345123,10.0,,146.9515,,,1954,6.165687,11.383472,280.22314,-4.3176045,-2.3408096,13.250481,1802901,-10.876743,12047.752,0.8333333
0.14999999,0.7560065,-1.1699618,922.7109974424552,1.871281e-10,-13.250481,47.783417,1955,-3.7238739,8.42407,2.3819437e-36,244,169,0.14999999,3343.0821475982666,1.6666666,,146.9515,,,1955,6.169962,1.1325877,215.83466,-4.318116,-9.522946,13.250481,1803900,-5.818884,12062.275,-0.6666667
0.14999999,0.80867225,-1.1695845,922.75,1.8693681e-10,-13.250481,47.775482,1956,-3.72381,8.42407,7.051411e-23,244,169,0.14999999,3345.4784531593323,-1.6666666,,146.9515,,,1956,6.1695843,-2.2392366,210.08972,-4.3186274,-0.431831,13.250481,1804899,-3.3377855,12067.707,-0.6666667
0.14999999,0.94083595,-1.1694126,922.7889626980071,1.8674583e-10,-13.250481,47.76851,1957,-3.7237206,8.42407,,244,169,0.14999999,3347.7731771469116,-5.0,,146.9515,,,1957,6.1694126,-4.4715924,263.90448,-4.3191385,-0.8332805,13.250481,1805898,-3.3369703,12073.541,0.5
0.14999999,0.7595217,-1.1698382,922.8278855975485,1.8655512e-10,-13.250481,47.752907,1958,-3.7240796,8.42407,,244,169,0.14999999,3350.0723280906677,-6.6666665,,146.9515,,,1958,6.169838,-7.9009337,366.6461,-4.319649,-2.0025773,13.250481,1806897,-4.3330393,12080.543,-1.0
0.14999999,0.9462234,-1.1703031,922.8667687595712,1.8636472e-10,-13.250481,47.5908,1959,-3.7245555,8.42407,,244,169,0.14999999,3352.2965924739838,5.0,,146.9515,,,1959,6.1703033,5.611994,256.5779,-4.32016,-2.080505,13.250481,1807896,-4.3844833,12087.624,0.8333333
0.14999999,1.298709,-1.1712365,922.905612244898,1.8617459e-10,-13.250481,47.167145,1960,-3.7247643,8.42407,,244,169,0.14999999,3354.5506517887115,5.0,,146.9515,15.1097555,,1960,6.1712365,5.670577,265.4217,-4.32067,-2.999749,13.250481,1808895,-4.0394735,12095.623,0.5
0.14999999,0.7772895,-1.1710314,922.9444161142275,1.8598476e-10,-13.250481,47.10085,1961,-3.724991,8.42407,,244,169,0.14999999,3356.7834692001343,-8.333333,,146.9515,,,1961,6.1710315,-8.533418,209.2015,-4.3211803,-0.7690266,13.250481,1809894,-4.4165897,12101.393,-0.16666667
0.14999999,0.99944115,-1.1704646,922.9831804281346,1.8579521e-10,-13.250481,47.044228,1962,-3.724984,8.42407,3.6396032e-36,244,169,0.14999999,3358.9129219055176,1.6666666,,146.9515,,,1962,6.1704645,2.422298,215.7722,-4.32169,-0.05909964,13.250481,1810893,-3.4664433,12106.451,0.6666667
0.14999999,1.1540389,-1.1710325,923.0219052470708,1.8560596e-10,-13.250481,46.98493,1963,-3.7248147,8.42407,,244,169,0.14999999,3361.1737484931946,-8.333333,,146.9515,,,1963,6.1710324,-8.056338,267.76706,-4.3222,-2.2853277,13.250481,1811892,-3.3646843,12113.736,0.16666667
0.14999999,0.95245326,-1.170448,923.0605906313646,1.85417e-10,-13.250481,46.848045,1964,-3.7243762,8.42407,1.0780004e-22,244,169,0.14999999,3363.4105463027954,-1.6666666,,146.9515,,,1964,6.170448,-1.1504269,169.83577,-4.322709,-0.022866927,13.250481,1812891,-2.977725,12118.76,0.6666667
0.14999999,1.0012497,-1.170562,923.0992366412214,1.8522835e-10,-13.250481,46.64352,1965,-3.724267,8.42407,,244,169,0.14999999,3365.711946249008,-10.0,,146.9515,,,1965,6.170562,-8.979805,257.50735,-4.3232183,-1.3943802,13.250481,1813890,-3.4416404,12125.154,0.8333333
0.14999999,0.9812863,-1.1727021,923.1378433367244,1.8503998e-10,-13.250481,46.54416,1966,-3.7245076,8.42407,,244,169,0.14999999,3368.090757369995,-8.333333,,146.9515,,,1966,6.172702,-9.126835,195.29726,-4.323727,-5.3780746,13.250481,1814889,-4.1587753,12135.532,-0.5
0.14999999,0.9929903,-1.1724473,923.1764107778342,1.848519e-10,-13.250481,46.405792,1967,-3.7251601,8.42407,,244,169,0.14999999,3370.2043430805206,-3.3333333,,146.9515,,,1967,6.172447,-3.983353,235.37022,-4.3242354,-0.6715426,13.250481,1815888,-4.962299,12141.204,-0.5
0.14999999,1.2350218,-1.1724082,923.2149390243902,1.8466408e-10,-13.250481,46.37422,1968,-3.7250862,8.42407,,244,169,0.14999999,3372.464332342148,8.333333,,146.9515,,,1968,6.172408,7.904241,276.18906,-4.3247437,-1.0953429,13.250481,1816887,-3.5371637,12147.299,-0.8333333
0.14999999,0.9059099,-1.1723578,923.0507872016252,1.8447655e-10,-13.250481,46.32985,1969,-3.7264738,8.42407,,244,169,0.14999999,3374.6486418247223,-8.333333,,146.9515,,,1969,6.1723576,-8.112799,255.78073,-4.3252516,-1.0732666,13.250481,1817487,-6.6510353,12153.373,0.8333333
0.14999999,1.2815809,-1.172019,923.0893401015228,1.842893e-10,-13.250481,46.210957,1970,-3.7268887,8.42407,,244,169,0.14999999,3376.9578874111176,3.3333333,,146.9515,,,1970,6.172019,3.06167,235.39401,-4.3257594,-0.50489336,13.250481,1818486,-4.4207144,12158.877,-0.5
0.14999999,0.9790993,-1.1717314,923.0182648401826,1.8410236e-10,-13.250481,46.211826,1971,-3.727251,8.42407,,244,169,0.14999999,3379.1876513957977,8.333333,,146.9515,,,1971,6.1717315,8.683194,249.90503,-4.326267,-0.60503674,13.250481,1819269,-4.6721363,12164.482,0.5
0.14999999,1.0821809,-1.1715777,923.0567951318459,1.8391569e-10,-13.250481,46.197403,1972,-3.726907,8.42407,,244,169,0.14999999,3381.655308008194,-8.333333,,146.9515,,,1972,6.1715775,-7.699749,227.10255,-4.326774,-0.8689435,13.250481,1820268,-2.998213,12170.352,0.5
0.14999999,0.9515349,-1.1715453,923.0952863659402,1.837293e-10,-13.250481,46.11312,1973,-3.7265642,8.42407,,244,169,0.14999999,3384.082501411438,10.0,,146.9515,,,1973,6.171545,9.836725,210.27823,-4.327281,-1.1074193,13.250481,1821267,-3.0959296,12176.459,-0.16666667
0.14999999,0.97250336,-1.1694192,922.7983789260385,1.835432e-10,-13.250481,46.104042,1974,-3.726706,8.42407,,244,169,0.14999999,3386.15012049675,3.3333333,,146.9515,,,1974,6.1694193,4.3506174,434.63837,-4.327788,3.0253112,13.250481,1821604,-3.9251726,12178.434,1.0
0.14999999,0.6903499,-1.1720033,922.8369620253164,1.833574e-10,-13.250481,46.09024,1975,-3.7268894,8.42407,,244,169,0.14999999,3388.473210811615,3.3333333,,146.9515,7.7656904e-33,,1975,6.1720033,2.352819,240.77408,-4.3282943,-6.273333,13.250481,1822603,-3.996494,12189.707,-0.8333333
0.14999999,1.1122802,-1.1720715,922.8755060728745,1.8317185e-10,-13.250481,46.045692,1976,-3.727265,8.42407,,244,169,0.14999999,3390.7740964889526,-3.3333333,,146.9515,,,1976,6.1720715,-2.280457,467.07156,-4.3288007,-1.3063477,13.250481,1823602,-4.1367464,12196.014,1.0
0.14999999,0.75652844,-1.1739994,922.9140111279717,1.8298658e-10,-13.250481,46.016556,1977,-3.727338,8.42407,,244,169,0.14999999,3393.013255596161,8.333333,,146.9515,,,1977,6.1739993,9.03325,277.40652,-4.3293066,-4.983696,13.250481,1824601,-3.900947,12205.997,0.8333333
0.14999999,0.88217175,-1.1746584,922.9524772497472,1.8280162e-10,-13.250481,45.99535,1978,-3.7271845,8.42407,,244,169,0.14999999,3395.362343788147,3.3333333,,146.9515,,,1978,6.1746583,3.6609695,236.21799,-4.329812,-2.4774687,13.250481,1825600,-3.1558976,12213.475,0.5
0.14999999,1.0220996,-1.1743352,922.9909044972209,1.8261692e-10,-13.250481,45.98969,1979,-3.727153,8.42407,,244,169,0.14999999,3397.556227207184,-3.3333333,,146.9515,,,1979,6.1743355,-2.8449464,233.87723,-4.3303175,-0.5352181,13.250481,1826599,-3.5129085,12219.01,0.5
0.14999999,1.2070677,-1.1739888,923.029292929293,1.8243251e-10,-13.250481,45.923267,1980,-3.7271285,8.42407,,244,169,0.14999999,3399.921405315399,6.6666665,,146.9515,,,1980,6.173989,6.957973,193.6967,-4.330823,-0.48827785,13.250481,1827598,-3.6574953,12224.498,0.16666667
0.14999999,1.1685406,-1.1734877,923.0676426047451,1.8224836e-10,-13.250481,45.916,1981,-3.7268906,8.42407,,244,169,0.14999999,3402.146213054657,-6.6666665,,146.9515,,,1981,6.1734877,-6.211249,212.71767,-4.3313274,-0.18125536,13.250481,1828597,-3.4274247,12229.679,0.5
0.14999999,1.298909,-1.1731336,923.1059535822402,1.820645e-10,-13.250481,45.865757,1982,-3.726625,8.42407,,244,169,0.14999999,3404.429618358612,6.6666665,,146.9515,,,1982,6.173134,7.6698008,586.8452,-4.3318324,-0.47206506,13.250481,1829596,-3.334419,12235.15,1.0
0.14999999,1.0097778,-1.1764789,923.1442259203227,1.8188094e-10,-13.250481,45.77965,1983,-3.7266886,8.42407,,244,169,0.14999999,3406.7368879318237,6.6666665,,146.9515,0.1451334,,1983,6.176479,7.379244,228.80124,-4.332337,-7.806431,13.250481,1830595,-4.0574255,12247.957,0.5
0.14999999,1.054016,-1.176572,923.1824596774194,1.8169762e-10,-13.250481,45.725452,1984,-3.726772,8.42407,,244,169,0.14999999,3409.0517749786377,5.0,,146.9515,3.7786903e-35,,1984,6.176572,4.7995644,218.46696,-4.332841,-1.3612834,13.250481,1831594,-3.8712242,12254.318,-0.16666667
0.14999999,0.8276284,-1.1757965,922.9929471032746,1.815146e-10,-13.250481,45.700104,1985,-3.726677,8.42407,,244,169,0.14999999,3411.3502900600433,-5.0,,146.9515,,,1985,6.1757965,-4.916189,232.01967,-4.333345,0.36271277,13.250481,1832141,-3.556052,12258.956,-0.16666667
0.14999999,1.1874269,-1.175207,923.031218529708,1.8133185e-10,-13.250481,45.678677,1986,-3.7266648,8.42407,2.8027327e-28,244,169,0.14999999,3413.521602153778,-1.6666666,,146.9515,,,1986,6.175207,-2.7812665,344.19226,-4.3338485,-0.0049977587,13.250481,1833140,-3.5038674,12263.961,-1.0
0.14999999,0.6913378,-1.1758572,923.0694514343231,1.8114937e-10,-13.250481,45.647484,1987,-3.7269454,8.42407,,244,169,0.14999999,3415.746146917343,3.3333333,,146.9515,,,1987,6.175857,3.2105577,193.66714,-4.334352,-2.4671135,13.250481,1834139,-4.407183,12271.428,0.16666667
0.14999999,0.9741195,-1.1752933,923.1076458752515,1.8096719e-10,-13.250481,45.643326,1988,-3.7275603,8.42407,,244,169,0.14999999,3418.12868976593,-3.3333333,,146.9515,,,1988,6.1752934,-3.8120196,212.43578,-4.334855,-0.054930173,13.250481,1835138,-4.624812,12276.483,-0.16666667
0.14999999,1.0981438,-1.1748179,923.1458019105078,1.8078525e-10,-13.250481,45.610394,1989,-3.7277434,8.42407,,244,169,0.14999999,3420.536365747452,-5.0,,146.9515,5.8668946e-22,,1989,6.174818,-4.7004137,228.33739,-4.3353577,-0.2296125,13.250481,1836137,-4.032331,12281.713,0.16666667
0.14999999,1.1741685,-1.1743032,923.18391959799,1.8060359e-10,-13.250481,45.60808,1990,-3.727599,8.42407,9.797444e-19,244,169,0.14999999,3423.0537581443787,-1.6666666,,146.9515,,,1990,6.174303,-1.7509539,189.06128,-4.3358607,-0.15063348,13.250481,1837136,-3.5031903,12286.863,0.16666667
0.14999999,1.4214635,-1.1737372,923.2219989954797,1.8042225e-10,-13.250481,45.60065,1991,-3.7273607,8.42407,,244,169,0.14999999,3425.5633804798126,3.3333333,,146.9515,,,1991,6.173737,3.6689663,219.00684,-4.336363,-0.047265887,13.250481,1838135,-3.3948019,12291.91,-0.16666667
0.14999999,0.8627257,-1.1731548,923.2600401606426,1.8024114e-10,-13.250481,45.60119,1992,-3.7277076,8.42407,,244,169,0.14999999,3427.8347012996674,-3.3333333,,146.9515,,,1992,6.173155,-2.958216,215.92505,-4.336865,-0.013829148,13.250481,1839134,-4.785479,12296.924,0.16666667
0.14999999,1.1199923,-1.1727034,923.2980431510287,1.8006029e-10,-13.250481,45.596466,1993,-3.72769,8.42407,2.985377e-32,244,169,0.14999999,3430.1576104164124,1.6666666,,146.9515,,,1993,6.1727033,1.3865073,182.69734,-4.337367,-0.27347067,13.250481,1840133,-3.5260096,12302.197,-0.16666667
0.14999999,1.0697008,-1.1721535,923.3360080240723,1.7987975e-10,-13.250481,45.573097,1994,-3.7274194,8.42407,8.837757e-19,244,169,0.14999999,3432.5632338523865,-1.6666666,,146.9515,,,1994,6.1721535,-1.5184819,175.15067,-4.3378687,-0.07602244,13.250481,1841132,-3.277532,12307.273,-0.16666667
0.14999999,1.1484189,-1.1715723,923.3739348370927,1.7969945e-10,-13.250481,45.56051,1995,-3.7271516,8.42407,,244,169,0.14999999,3435.0738446712494,5.0,,146.9515,,,1995,6.171572,5.4866605,236.63669,-4.33837,-0.012812744,13.250481,1842131,-3.2414017,12312.287,0.16666667
0.14999999,1.0187289,-1.1712276,923.4118236472946,1.7951945e-10,-13.250481,45.553963,1996,-3.727106,8.42407,,244,169,0.14999999,3437.550003528595,-6.6666665,,146.9515,,,1996,6.1712275,-6.805657,216.81181,-4.338871,-0.48344964,13.250481,1843130,-3.7445803,12317.7705,0.16666667
0.14999999,0.99784404,-1.170684,923.4496745117676,1.7933971e-10,-13.250481,45.543533,1997,-3.7268941,8.42407,3.322891e-32,244,169,0.14999999,3439.96737074852,1.6666666,,146.9515,,,1997,6.170684,1.669172,164.69974,-4.339372,-0.085656285,13.250481,1844129,-3.296231,12322.855,0.16666667
0.14999999,1.14524,-1.1701269,923.4874874874874,1.7916021e-10,-13.250481,45.53076,1998,-3.7267032,8.42407,6.2632154e-08,244,169,0.14999999,3442.409937620163,,,146.9515,4.366817e-28,,1998,6.170127,0.43305242,477.85608,-4.3398724,-0.057507113,13.250481,1845128,-3.3225064,12327.914,1.0
0.14999999,1.150417,-1.1701288,923.5252626313156,1.7898101e-10,-13.250481,45.509747,1999,-3.7267745,8.42407,116.362854,244,169,0.14999999,3444.8956110477448,,,146.9515,5.238937,,1999,6.170129,0.25585082,216.00238,-4.340373,-1.174106,13.250481,1846127,-3.9277565,12334.088,0.16666667
0.14999999,1.0815511,-1.1696979,923.563,1.7880208e-10,-13.250481,45.501247,2000,-3.726578,8.42407,,244,169,0.14999999,3447.343149662018,10.0,,146.9515,,,2000,6.1696978,10.146716,198.5657,-4.2842937,-0.30814752,13.250481,1847126,-3.4441676,12339.3955,0.16666667
0.14999999,0.8699987,-1.1673125,923.2628685657171,1.7862342e-10,-13.250481,45.433475,2001,-3.7263155,8.42407,1.8275141e-34,244,169,0.14999999,3449.60476398468,1.6666666,,146.9515,,,2001,6.1673126,1.2830478,197.48746,-4.284794,3.6035542,13.250481,1847449,-3.2446496,12340.792,-0.5
0.14999999,0.94080293,-1.1669434,923.3006993006993,1.7844502e-10,-13.250481,45.38902,2002,-3.7261548,8.42407,5.4100585e-21,244,169,0.14999999,3452.075222015381,-1.6666666,,146.9515,,,2002,6.1669436,-1.8643515,174.95844,-4.285293,-0.42844373,13.250481,1848448,-3.250792,12346.221,-0.5
0.14999999,1.2321231,-1.1665366,923.3384922616076,1.7826689e-10,-13.250481,45.241875,2003,-3.7260373,8.42407,,244,169,0.14999999,3454.881528377533,-3.3333333,,146.9515,1.5062405e-33,,2003,6.1665363,-4.4135303,236.34148,-4.285793,-0.35218984,13.250481,1849447,-3.408017,12351.572,-0.8333333
0.14999999,1.3051692,-1.1665443,923.37624750499,1.7808902e-10,-13.250481,45.21537,2004,-3.7266986,8.42407,,244,169,0.14999999,3457.20503616333,10.0,,146.9515,,,2004,6.1665444,9.37544,207.05135,-4.2862916,-1.1822709,13.250481,1850446,-5.233459,12357.755,-0.5
0.14999999,1.0423326,-1.1658267,923.1516209476309,1.7791141e-10,-13.250481,45.200153,2005,-3.726535,8.42407,7.4264195e-21,244,169,0.14999999,3459.5070934295654,-1.6666666,,146.9515,,,2005,6.165827,-1.0875449,203.01678,-4.286791,0.27257994,13.250481,1850919,-3.656453,12362.482,0.5
0.14999999,1.2746215,-1.1661619,923.1894317048854,1.7773408e-10,-13.250481,45.194237,2006,-3.7263932,8.42407,,244,169,0.14999999,3461.9378204345703,8.333333,,146.9515,,,2006,6.166162,8.348907,247.27272,-4.287289,-1.8383322,13.250481,1851918,-3.4583702,12369.32,0.16666667
0.14999999,0.97590166,-1.1654348,923.0029895366218,1.7755701e-10,-13.250481,45.157467,2007,-3.725891,8.42407,,244,169,0.14999999,3464.2052834033966,-6.6666665,,146.9515,,,2007,6.165435,-6.917396,223.68594,-4.2877874,0.29286835,13.250481,1852467,-2.945595,12374.027,-0.5
0.14999999,1.6621872,-1.1651293,923.0408366533865,1.773802e-10,-13.250481,45.14384,2008,-3.725764,8.42407,5.0309518e-28,244,169,0.14999999,3466.682515859604,-1.6666666,,146.9515,,,2008,6.165129,-0.73585075,436.2459,-4.2882857,-0.55184305,13.250481,1853466,-3.4168913,12379.58,1.0
0.14999999,0.89023113,-1.1656867,923.0786460925834,1.7720365e-10,-13.250481,45.094276,2009,-3.7253964,8.42407,,244,169,0.14999999,3469.43018245697,5.0,,146.9515,,,2009,6.1656866,4.3735266,240.16475,-4.2887836,-2.2851398,13.250481,1854465,-3.5486505,12386.865,-0.6666667
0.14999999,0.9908776,-1.1655174,923.0855721393035,1.7702738e-10,-13.250481,45.054596,2010,-3.725313,8.42407,,244,169,0.14999999,3471.8522305488586,-6.6666665,,146.9515,,,2010,6.1655173,-5.443142,276.91803,-4.2892814,-0.82525665,13.250481,1855402,-3.4186342,12392.69,1.0
0.14999999,1.2325907,-1.1678084,923.1233217304823,1.7685137e-10,-13.250481,45.04633,2011,-3.7254798,8.42407,2.5174302e-34,244,169,0.14999999,3474.2961094379425,1.6666666,,146.9515,,,2011,6.1678085,2.2743685,204.38644,-4.2897787,-5.7723475,13.250481,1856401,-4.0067124,12403.463,0.5
0.14999999,1.2337778,-1.1679085,923.1610337972166,1.7667562e-10,-13.250481,45.0399,2012,-3.7251704,8.42407,,244,169,0.14999999,3477.1446702480316,-5.0,,146.9515,,,2012,6.1679087,-3.6284063,471.6095,-4.290276,-1.3693509,13.250481,1857400,-3.2998304,12409.832,1.0
0.14999999,0.8363075,-1.1695027,923.1987083954297,1.7650012e-10,-13.250481,44.920376,2013,-3.7251909,8.42407,,244,169,0.14999999,3479.732187986374,6.6666665,,146.9515,,,2013,6.1695027,6.6690187,201.5846,-4.290773,-4.377139,13.250481,1858399,-3.919053,12419.209,-0.16666667
0.14999999,0.95138556,-1.1688353,923.0491559086395,1.7632487e-10,-13.250481,44.869114,2014,-3.7250643,8.42407,,244,169,0.14999999,3481.9162957668304,1.6666666,,146.9515,,,2014,6.168835,1.158994,212.95607,-4.2912693,0.17486131,13.250481,1859021,-3.28782,12424.034,-0.8333333
0.14999999,0.8920069,-1.16882,923.0868486352357,1.7614991e-10,-13.250481,44.860947,2015,-3.724943,8.42407,,244,169,0.14999999,3484.4422883987427,-8.333333,,146.9515,,,2015,6.16882,-9.092493,233.74422,-4.2917657,-1.1383917,13.250481,1860020,-3.4060988,12430.172,-0.8333333
0.14999999,0.9506235,-1.1688337,923.124503968254,1.759752e-10,-13.250481,44.820232,2016,-3.7247455,8.42407,,244,169,0.14999999,3486.8725078105927,5.0,,146.9515,,,2016,6.1688337,3.8192203,386.37967,-4.292262,-1.1964333,13.250481,1861019,-3.1950436,12436.369,-1.0
0.14999999,1.18442,-1.1697347,923.0034705007437,1.7580076e-10,-13.250481,44.798405,2017,-3.7261693,8.42407,3.180382e-08,244,169,0.14999999,3489.1942150592804,,,146.9515,,,2017,6.169735,-1.3041638,334.88812,-4.292758,-2.9860044,13.250481,1861698,-6.488527,12444.355,-1.0
0.14999999,1.0871892,-1.170295,923.0411298315164,1.7562657e-10,-13.250481,44.746544,2018,-3.72667,8.42407,,244,169,0.14999999,3491.626980304718,-5.0,,146.9515,,,2018,6.170295,-5.534029,240.96324,-4.2932534,-2.3002508,13.250481,1862697,-4.8538713,12451.655,-0.6666667
0.14999999,0.8532107,-1.170186,923.0787518573551,1.7545264e-10,-13.250481,44.602295,2019,-3.7266452,8.42407,,244,169,0.14999999,3494.1507704257965,8.333333,,146.9515,,,2019,6.170186,8.116152,242.35837,-4.293749,-0.95047104,13.250481,1863696,-3.724718,12457.605,-0.16666667
0.14999999,0.97572786,-1.1691709,922.8465346534654,1.7527896e-10,-13.250481,44.51208,2020,-3.726443,8.42407,,244,169,0.14999999,3496.409865140915,-6.6666665,,146.9515,,,2020,6.169171,-7.5535116,227.26917,-4.2942443,0.88045377,13.250481,1864150,-3.1489966,12461.725,-0.8333333
0.14999999,0.66803473,-1.1694814,922.8842157347848,1.7510557e-10,-13.250481,44.480324,2021,-3.7263384,8.42407,,244,169,0.14999999,3498.958873987198,8.333333,,146.9515,,,2021,6.1694813,9.266711,278.82043,-4.2947392,-1.7965397,13.250481,1865149,-3.4574645,12468.521,1.0
0.14999999,0.9596469,-1.1729684,922.921859545005,1.7493242e-10,-13.250481,44.47719,2022,-3.726791,8.42407,,244,169,0.14999999,3501.272974252701,8.333333,,146.9515,8.863723e-26,,2022,6.1729684,7.870993,190.84326,-4.2952337,-8.220451,13.250481,1866148,-4.284182,12481.742,-0.5
0.14999999,0.7406969,-1.1714661,922.6381611468116,1.7475953e-10,-13.250481,44.469852,2023,-3.7269504,8.42407,,244,169,0.14999999,3503.4502453804016,10.0,,146.9515,1.0238367e-20,,2023,6.171466,9.386324,207.15187,-4.295728,1.8660613,13.250481,1866497,-3.9841738,12484.876,-0.8333333
0.14999999,1.1693226,-1.1694987,922.3453557312253,1.7458687e-10,-13.250481,44.467403,2024,-3.7268815,8.42407,,244,169,0.14999999,3505.5602469444275,-6.6666665,,146.9515,,,2024,6.1694984,-6.7514215,184.75813,-4.296222,2.8105226,13.250481,1866827,-3.3079228,12487.065,-0.16666667
0.14999999,0.8207533,-1.1689271,922.3832098765432,1.7441447e-10,-13.250481,44.46102,2025,-3.7265856,8.42407,,244,169,0.14999999,3508.014767408371,6.6666665,,146.9515,,,2025,6.168927,6.214577,179.5265,-4.296716,-0.0117418105,13.250481,1867826,-3.2644944,12492.077,-0.5
0.14999999,1.1061518,-1.1680243,922.1382033563672,1.7424236e-10,-13.250481,44.455975,2026,-3.7264893,8.42407,,244,169,0.14999999,3510.1079635620117,5.0,,146.9515,5.8229336e-27,,2026,6.168024,4.0814486,225.965,-4.29721,0.66013616,13.250481,1868252,-3.3322816,12496.417,-0.33333334
0.14999999,0.873177,-1.1677938,922.1509620128269,1.7407047e-10,-13.250481,44.42525,2027,-3.7264771,8.42407,,244,169,0.14999999,3512.596519470215,-5.0,,146.9515,,,2027,6.1677938,-5.4999037,226.42685,-4.2977033,-0.7006562,13.250481,1869200,-3.7715666,12502.118,-0.33333334
0.14999999,0.87275827,-1.1673083,922.188856015779,1.7389884e-10,-13.250481,44.405525,2028,-3.7268515,8.42407,,244,169,0.14999999,3515.116284132004,-10.0,,146.9515,,,2028,6.1673083,-10.459164,188.65863,-4.298197,-0.18320821,13.250481,1870199,-4.327878,12507.301,-0.16666667
0.14999999,0.93340653,-1.1667831,922.2267126663381,1.7372748e-10,-13.250481,44.37072,2029,-3.7274501,8.42407,,244,169,0.14999999,3517.5647616386414,-10.0,,146.9515,9.333591,,2029,6.1667833,-9.762225,220.10233,-4.29869,-0.101585016,13.250481,1871198,-4.7872224,12512.402,0.16666667
0.14999999,1.1391128,-1.166247,922.2645320197045,1.7355636e-10,-13.250481,44.327545,2030,-3.7273726,8.42407,,244,169,0.14999999,3520.039058446884,-5.0,,146.9515,,,2030,6.166247,-4.721642,224.30832,-4.2991824,-0.078506306,13.250481,1872197,-3.4717093,12517.481,0.33333334
0.14999999,0.88156825,-1.1660557,922.30231413097,1.733855e-10,-13.250481,44.23067,2031,-3.7276058,8.42407,,244,169,0.14999999,3522.681037425995,-5.0,,146.9515,97.003876,,2031,6.1660557,-4.1045647,209.52338,-4.299675,-0.77774805,13.250481,1873196,-4.302764,12523.259,0.6666667
0.14999999,0.8657121,-1.1660393,922.3400590551181,1.7321487e-10,-13.250481,44.20305,2032,-3.7277646,8.42407,,244,169,0.14999999,3525.0743057727814,-10.0,,146.9515,,,2032,6.1660395,-10.97757,240.27013,-4.300167,-1.1329064,13.250481,1874195,-3.904295,12529.392,-0.8333333
0.14999999,0.5575037,-1.1662792,922.3777668470241,1.7304452e-10,-13.250481,44.189217,2033,-3.7277756,8.42407,0.64955735,244,169,0.14999999,3527.6033952236176,,,146.9515,,,2033,6.1662793,-0.2959785,222.17975,-4.300659,-1.653874,13.250481,1875194,-3.5793648,12536.046,-0.5
0.14999999,0.6663078,-1.1658684,922.4154375614553,1.7287441e-10,-13.250481,44.161568,2034,-3.727892,8.42407,,244,169,0.14999999,3530.003048658371,3.3333333,,146.9515,,,2034,6.1658683,2.3545885,337.03848,-4.3008313,-0.33050826,13.250481,1876193,-3.505058,12541.376,-1.0
0.14999999,1.1875716,-1.1661241,922.3749385749386,1.7270455e-10,-13.250481,44.154602,2035,-3.727978,8.42407,,244,169,0.14999999,3532.310460805893,-5.0,,146.9515,,,2035,6.1661243,-5.863396,396.07727,-4.301323,-1.6862354,13.250481,1877033,-3.5297923,12548.0625,-1.0
0.14999999,0.9578084,-1.1663139,922.4125736738704,1.7253493e-10,-13.250481,44.119526,2036,-3.7277908,8.42407,,244,169,0.14999999,3534.573355436325,6.6666665,,146.9515,,,2036,6.166314,5.663065,201.52289,-4.301814,-1.5526084,13.250481,1878032,-3.4661558,12554.615,-0.8333333
0.14999999,0.80083877,-1.1663682,922.2596956308297,1.7236557e-10,-13.250481,44.04799,2037,-3.7276287,8.42407,,244,169,0.14999999,3536.8152606487274,1.6666666,,146.9515,,,2037,6.1663685,2.7672462,260.53955,-4.302305,-1.2769538,13.250481,1878643,-3.3292387,12560.893,1.0
0.14999999,0.6204999,-1.1676999,922.297350343474,1.7219645e-10,-13.250481,44.030434,2038,-3.7276478,8.42407,,244,169,0.14999999,3539.184171438217,5.0,,146.9515,,,2038,6.1677,6.03953,297.81122,-4.302796,-3.8802323,13.250481,1879642,-3.5393827,12569.772,1.0
0.14999999,0.98280066,-1.1691582,922.3349681216282,1.720276e-10,-13.250481,44.015697,2039,-3.7278705,8.42407,,244,169,0.14999999,3541.7224776744843,-3.3333333,,146.9515,,,2039,6.169158,-2.5315356,246.6019,-4.3032866,-4.141392,13.250481,1880641,-3.7764838,12578.914,0.8333333
0.14999999,1.3964206,-1.1697919,922.3725490196078,1.7185899e-10,-13.250481,44.003838,2040,-3.7277396,8.42407,,244,169,0.14999999,3544.2348594665527,5.0,,146.9515,,,2040,6.169792,5.502771,230.68451,-4.3037767,-2.4619806,13.250481,1881640,-3.4063866,12586.375,0.33333334
0.14999999,0.8923674,-1.1696008,922.4100930916218,1.7169062e-10,-13.250481,43.920742,2041,-3.7274482,8.42407,2.5495955e-25,244,169,0.14999999,3546.731957912445,-1.6666666,,146.9515,,,2041,6.169601,-2.1327057,203.10172,-4.304267,-0.7796212,13.250481,1882639,-3.4801211,12592.155,-0.8333333
0.14999999,0.94980305,-1.1694325,922.4476003917728,1.7152249e-10,-13.250481,43.80796,2042,-3.7273655,8.42407,,244,169,0.14999999,3549.2105100154877,3.3333333,,146.9515,,,2042,6.1694326,4.3942394,240.25409,-4.3047566,-0.8260104,13.250481,1883638,-3.4254694,12597.981,0.8333333
0.14999999,0.9557414,-1.171997,922.4850709740577,1.7135462e-10,-13.250481,43.74008,2043,-3.727526,8.42407,101.13845,244,169,0.14999999,3551.7662115097046,,,146.9515,,,2043,6.171997,-0.4231313,215.98601,-4.3052464,-6.408737,13.250481,1884637,-3.968265,12609.39,-0.16666667
0.14999999,1.136822,-1.1714681,922.5225048923679,1.7118701e-10,-13.250481,43.643772,2044,-3.7279074,8.42407,,244,169,0.14999999,3554.0390996932983,5.0,,146.9515,,,2044,6.1714683,5.361866,228.60103,-4.257417,-0.091105685,13.250481,1885636,-4.429402,12614.48,0.6666667
0.14999999,1.4711461,-1.1712364,922.559902200489,1.7101962e-10,-13.250481,43.610977,2045,-3.727771,8.42407,,244,169,0.14999999,3556.304935693741,1.6666666,,146.9515,,,2045,6.1712365,0.76306784,365.69482,-4.2579064,-0.6974347,13.250481,1886635,-3.5488477,12620.179,-1.0
0.14999999,1.2335411,-1.1717975,922.5972629521017,1.7085248e-10,-13.250481,43.517857,2046,-3.7277982,8.42407,,244,169,0.14999999,3558.750495195389,8.333333,,146.9515,,,2046,6.1717978,7.495536,241.16682,-4.258395,-2.3192577,13.250481,1887634,-4.1796317,12627.498,-0.6666667
0.14999999,1.1813523,-1.1717578,922.4445530043967,1.706856e-10,-13.250481,43.39806,2047,-3.727374,8.42407,0.8538909,244,169,0.14999999,3560.8661649227142,,,146.9515,,,2047,6.1717577,0.5753919,229.58243,-4.258884,-1.0903612,13.250481,1888244,-3.0541894,12633.588,0.5
0.14999999,0.8285383,-1.1715467,922.48193359375,1.7051895e-10,-13.250481,43.34339,2048,-3.727257,8.42407,,244,169,0.14999999,3563.2089722156525,-10.0,,146.9515,,,2048,6.171547,-10.304437,205.1452,-4.2589555,-0.7395813,13.250481,1889243,-3.628046,12639.328,-0.5
0.14999999,0.90181696,-1.1711437,922.5192776964373,1.7035255e-10,-13.250481,43.32067,2049,-3.7272422,8.42407,,244,169,0.14999999,3565.569610118866,-8.333333,,146.9515,5.4874115e-24,,2049,6.1711435,-8.362016,215.68445,-4.2594433,-0.3454753,13.250481,1890242,-3.498495,12644.674,
0.14999999,1.0295187,-1.1705755,922.5565853658536,1.701864e-10,-13.250481,43.27871,2050,-3.7270062,8.42407,,244,169,0.14999999,3567.9893851280212,6.6666665,,146.9515,,,2050,6.1705756,7.5675735,245.81097,-4.2599316,-0.0064610103,13.250481,1891241,-3.1220367,12649.68,0.8333333
0.14999999,1.173403,-1.1724881,922.5938566552901,1.7002047e-10,-13.250481,43.268795,2051,-3.7269943,8.42407,,244,169,0.14999999,3570.2728612422943,-3.3333333,,146.9515,,,2051,6.172488,-4.241068,369.6715,-4.260419,-5.0934525,13.250481,1892240,-3.697638,12659.773,-1.0
0.14999999,1.1258898,-1.1727245,922.6310916179337,1.6985482e-10,-13.250481,43.20538,2052,-3.726807,8.42407,,244,169,0.14999999,3572.6531431674957,8.333333,,146.9515,,,2052,6.1727247,8.330009,204.91418,-4.2609067,-1.6575307,13.250481,1893239,-3.4501514,12666.431,
0.14999999,0.87264967,-1.1721694,922.6142230881636,1.6968939e-10,-13.250481,43.13214,2053,-3.7263744,8.42407,,244,169,0.14999999,3574.947598218918,-6.6666665,,146.9515,,,2053,6.1721697,-6.179883,183.81024,-4.2613935,-0.033152055,13.250481,1894127,-2.9339259,12671.464,0.8333333
0.14999999,1.3113935,-1.1725523,922.65141187926,1.6952419e-10,-13.250481,43.123898,2054,-3.7267547,8.42407,,244,169,0.14999999,3577.4511733055115,8.333333,,146.9515,,,2054,6.172552,7.1153545,345.57135,-4.261881,-1.9588345,13.250481,1895126,-4.3600545,12678.423,-1.0
0.14999999,0.9968313,-1.1722989,922.3907542579076,1.6935925e-10,-13.250481,43.117252,2055,-3.726937,8.42407,,244,169,0.14999999,3579.7515771389008,10.0,,146.9515,,,2055,6.172299,9.9204855,190.28542,-4.2623672,-0.65142477,13.250481,1895513,-4.3518043,12684.074,
0.14999999,0.8793509,-1.169872,922.0972762645914,1.6919453e-10,-13.250481,43.08888,2056,-3.7270489,8.42407,,244,169,0.14999999,3582.075203180313,10.0,,146.9515,5.0346966,,2056,6.1698723,10.943026,212.49059,-4.262854,3.81723,13.250481,1895832,-3.9247186,12685.257,0.5
0.14999999,0.85862845,-1.170689,922.1346621293145,1.6903008e-10,-13.250481,43.07521,2057,-3.7272263,8.42407,,244,169,0.14999999,3584.427276134491,-8.333333,,146.9515,,,2057,6.170689,-8.843631,175.91309,-4.26334,-2.8503435,13.250481,1896831,-3.9392855,12693.107,-0.33333334
0.14999999,0.98195255,-1.1702582,922.1720116618076,1.6886584e-10,-13.250481,43.022823,2058,-3.7274482,8.42407,,244,169,0.14999999,3586.8956887722015,-8.333333,,146.9515,5.500071e-16,,2058,6.170258,-7.6659923,519.02655,-4.2638264,-0.2840826,13.250481,1897830,-4.0233045,12698.392,1.0
0.14999999,1.1462432,-1.1717561,922.2093249150073,1.6870186e-10,-13.250481,42.958176,2059,-3.7287562,8.42407,2.896413e-05,244,169,0.14999999,3589.345216035843,,,146.9515,,,2059,6.1717563,-0.70498824,228.37975,-4.264312,-4.2548203,13.250481,1898829,-6.343871,12707.646,-0.8333333
0.14999999,0.92189884,-1.171817,922.2466019417476,1.6853811e-10,-13.250481,42.91798,2060,-3.7286255,8.42407,4.9009974e-05,244,169,0.14999999,3591.912831068039,,,146.9515,4.0464415e-24,,2060,6.171817,1.0228112,246.85461,-4.2647977,-1.2968513,13.250481,1899828,-3.560275,12713.943,0.8333333
0.14999999,1.1605817,-1.173227,922.2838427947598,1.683746e-10,-13.250481,42.906704,2061,-3.7286646,8.42407,,244,169,0.14999999,3594.2289958000183,-8.333333,,146.9515,,,2061,6.173227,-8.14606,239.14507,-4.2652826,-4.0777445,13.250481,1900827,-3.6957524,12723.0205,0.33333334
0.14999999,0.8108122,-1.1726865,922.3210475266732,1.6821132e-10,-13.250481,42.87261,2062,-3.7282746,8.42407,,244,169,0.14999999,3596.549200773239,10.0,,146.9515,,,2062,6.1726866,9.281359,323.76807,-4.265768,-0.058898315,13.250481,1901826,-3.049762,12728.08,-1.0
0.14999999,0.99170214,-1.1721259,922.0625302956859,1.6804828e-10,-13.250481,42.8653,2063,-3.7292066,8.42407,,244,169,0.14999999,3598.7863295078278,8.333333,,146.9515,,,2063,6.172126,8.681692,198.9967,-4.2662525,-0.016127914,13.250481,1902215,-5.4146113,12733.096,0.33333334
0.14999999,0.99673367,-1.171875,922.0998062015503,1.6788548e-10,-13.250481,42.860313,2064,-3.7288916,8.42407,,244,169,0.14999999,3601.2184126377106,6.6666665,,146.9515,,,2064,6.171875,5.718786,329.71048,-4.2667375,-0.654199,13.250481,1903214,-3.0486658,12738.75,-1.0
0.14999999,1.0583087,-1.1713269,921.8450363196126,1.6772292e-10,-13.250481,42.842934,2065,-3.7287138,8.42407,,244,169,0.14999999,3603.6536371707916,-10.0,,146.9515,,,2065,6.1713266,-9.471517,202.86244,-4.267222,-0.039992016,13.250481,1903610,-3.3162525,12743.79,0.5
0.14999999,0.9244516,-1.171554,921.8823814133591,1.6756062e-10,-13.250481,42.73945,2066,-3.7287989,8.42407,,244,169,0.14999999,3606.199779033661,10.0,,146.9515,,,2066,6.171554,10.747344,256.67422,-4.267706,-1.6403842,13.250481,1904609,-3.9263635,12750.431,0.8333333
0.14999999,1.415152,-1.1717874,921.9196903725206,1.6739851e-10,-13.250481,42.72351,2067,-3.7287385,8.42407,,244,169,0.14999999,3608.556415081024,-10.0,,146.9515,,,2067,6.1717873,-10.969585,399.6456,-4.26819,-1.6539038,13.250481,1905608,-3.4899166,12757.084,-1.0
0.14999999,1.040682,-1.172162,921.9569632495164,1.6723666e-10,-13.250481,42.71945,2068,-3.728579,8.42407,,244,169,0.14999999,3610.8440182209015,6.6666665,,146.9515,,,2068,6.172162,7.161773,181.74017,-4.2686734,-1.9468887,13.250481,1906607,-3.7201295,12764.031,0.33333334
0.14999999,0.8280368,-1.1717881,921.994200096665,1.6707503e-10,-13.250481,42.718803,2069,-3.7285893,8.42407,,244,169,0.14999999,3613.2193467617035,5.0,,146.9515,,,2069,6.171788,3.7757592,222.23495,-4.269157,-0.39866668,13.250481,1907606,-3.7635252,12769.43,-0.8333333
0.14999999,0.85459846,-1.1720982,921.8768115942029,1.6691365e-10,-13.250481,42.66497,2070,-3.7288983,8.42407,1.4077372e-38,244,169,0.14999999,3615.5354351997375,1.6666666,,146.9515,,,2070,6.172098,2.1999474,186.22993,-4.26964,-1.813482,13.250481,1908285,-4.1663265,12776.243,0.8333333
0.14999999,0.975302,-1.1721811,921.9140511830034,1.6675249e-10,-13.250481,42.65906,2071,-3.7287865,8.42407,,244,169,0.14999999,3617.8810935020447,-3.3333333,,146.9515,,,2071,6.172181,-3.4613564,217.30936,-4.270123,-1.343966,13.250481,1909284,-3.3314803,12782.587,-0.5
0.14999999,1.0456418,-1.1716582,921.9512548262549,1.6659157e-10,-13.250481,42.651978,2072,-3.728681,8.42407,,244,169,0.14999999,3620.2800221443176,-6.6666665,,146.9515,,,2072,6.171658,-6.1714334,209.65169,-4.270606,-0.08863302,13.250481,1910283,-3.4568138,12787.676,0.33333334
0.14999999,0.7784053,-1.1714731,921.9884225759769,1.6643088e-10,-13.250481,42.585495,2073,-3.7284765,8.42407,,244,169,0.14999999,3622.582174062729,8.333333,,146.9515,,,2073,6.171473,8.129676,160.57423,-4.271088,-0.7879686,13.250481,1911282,-3.3192835,12793.464,-0.33333334
0.14999999,1.2517107,-1.1704586,921.76518804243,1.6627044e-10,-13.250481,42.46791,2074,-3.7282095,8.42407,,244,169,0.14999999,3624.772270679474,3.3333333,,146.9515,,,2074,6.170459,3.0123935,217.34811,-4.2715707,0.93287057,13.250481,1911741,-2.9374754,12797.531,-0.5
0.14999999,0.9407312,-1.1700435,921.8024096385542,1.6611022e-10,-13.250481,42.46058,2075,-3.7279568,8.42407,,244,169,0.14999999,3627.1318531036377,5.0,,146.9515,2.3584582e-25,,2075,6.1700435,4.8598723,200.7535,-4.272053,-0.30908367,13.250481,1912740,-3.4108722,12802.84,
0.14999999,0.8663128,-1.169467,921.6705202312139,1.6595024e-10,-13.250481,42.416595,2076,-3.7278457,8.42407,,244,169,0.14999999,3629.531822681427,-5.0,,146.9515,,,2076,6.169467,-4.9135656,210.01129,-4.2725344,0.026580539,13.250481,1913388,-3.4133477,12807.813,
0.14999999,1.198962,-1.1689045,921.7077515647569,1.6579049e-10,-13.250481,42.414093,2077,-3.7278259,8.42407,1.6183847e-18,244,169,0.14999999,3631.9768722057343,-1.6666666,,146.9515,,,2077,6.1689043,-1.7231351,177.40857,-4.273016,-0.001263457,13.250481,1914387,-3.5285017,12812.814,
0.14999999,1.041801,-1.1683593,921.7449470644851,1.6563095e-10,-13.250481,42.411148,2078,-3.7274914,8.42407,5.4722965e-32,244,169,0.14999999,3634.3972928524017,1.6666666,,146.9515,,,2078,6.1683593,1.4269203,174.0492,-4.2734976,-0.03587912,13.250481,1915386,-3.2011383,12817.851,
0.14999999,1.240728,-1.167798,921.7821067821068,1.6547166e-10,-13.250481,42.383926,2079,-3.727403,8.42407,4.183416e-25,244,169,0.14999999,3636.81325006485,-1.6666666,,146.9515,,,2079,6.167798,-0.7376022,213.64505,-4.2739787,-0.0013626479,13.250481,1916385,-3.5628471,12822.852,0.8333333
0.14999999,1.1109278,-1.1686345,921.8192307692308,1.6531258e-10,-13.250481,42.337482,2080,-3.7271483,8.42407,,244,169,0.14999999,3639.2248356342316,-8.333333,,146.9515,,,2080,6.1686344,-8.805105,271.24838,-4.2744594,-2.9078364,13.250481,1917384,-3.4003518,12830.76,-0.6666667
0.14999999,1.3601274,-1.1682947,921.8563190773666,1.6515375e-10,-13.250481,42.32333,2081,-3.726875,8.42407,,244,169,0.14999999,3641.53342294693,10.0,,146.9515,,,2081,6.168295,8.915559,193.39436,-4.27494,-0.46133938,13.250481,1918383,-3.2342947,12836.221,-0.5
0.14999999,0.86687654,-1.1653174,921.537944284342,1.6499513e-10,-13.250481,42.31373,2082,-3.726761,8.42407,,244,169,0.14999999,3643.5711534023285,3.3333333,,146.9515,,,2082,6.1653175,3.758196,218.17049,-4.2754207,5.030222,13.250481,1918642,-3.8033853,12836.191,0.5
0.14999999,0.88017774,-1.1653483,921.5751320211234,1.6483674e-10,-13.250481,42.275223,2083,-3.7268531,8.42407,,244,169,0.14999999,3646.0983390808105,-6.6666665,,146.9515,,,2083,6.165348,-7.595981,319.4332,-4.275901,-1.2293594,13.250481,1919641,-3.7541723,12842.42,-1.0
0.14999999,1.0492038,-1.1659198,921.6122840690979,1.6467859e-10,-13.250481,42.25915,2084,-3.7272031,8.42407,,244,169,0.14999999,3648.3741850852966,-3.3333333,,146.9515,,,2084,6.16592,-3.5038135,216.35089,-4.2763805,-2.3563805,13.250481,1920640,-4.3031855,12849.777,0.5
0.14999999,0.8676426,-1.1653768,921.6494004796164,1.6452067e-10,-13.250481,42.233982,2085,-3.7277687,8.42407,,244,169,0.14999999,3650.6697869300842,-8.333333,,146.9515,,,2085,6.1653767,-9.388524,448.3288,-4.27686,-0.0336307,13.250481,1921639,-4.918097,12854.811,-1.0
0.14999999,1.1032319,-1.1656575,921.6864813039309,1.6436297e-10,-13.250481,42.227665,2086,-3.7278218,8.42407,,244,169,0.14999999,3652.931999206543,10.0,,146.9515,,,2086,6.1656575,10.277704,177.71939,-4.27734,-1.751038,13.250481,1922638,-3.6644628,12861.562,0.16666667
0.14999999,0.9645918,-1.1645708,921.4542405366554,1.642055e-10,-13.250481,42.2228,2087,-3.7277162,8.42407,,244,169,0.14999999,3655.0113184452057,-8.333333,,146.9515,,,2087,6.164571,-7.6662407,231.36343,-4.277819,1.1022093,13.250481,1923075,-3.5757875,12865.459,0.6666667
0.14999999,1.0113729,-1.1643097,921.4913793103449,1.6404826e-10,-13.250481,42.217655,2088,-3.727408,8.42407,,244,169,0.14999999,3657.3931674957275,-10.0,,146.9515,7.0313566e-35,,2088,6.1643095,-9.245728,240.74113,-4.2782984,-0.6193601,13.250481,1924074,-3.022351,12871.078,0.8333333
0.14999999,0.9567575,-1.1649505,921.5284825275252,1.6389123e-10,-13.250481,42.19138,2089,-3.7272983,8.42407,,244,169,0.14999999,3659.8217771053314,-6.6666665,,146.9515,,,2089,6.1649504,-7.4591713,188.58066,-4.278777,-2.5033455,13.250481,1925073,-3.4739826,12878.582,-0.6666667
0.14999999,0.7684471,-1.1651087,921.5655502392344,1.6373443e-10,-13.250481,42.171543,2090,-3.727117,8.42407,,244,169,0.14999999,3662.183806180954,3.3333333,,146.9515,,,2090,6.1651087,3.1986232,181.7193,-4.2792554,-1.4955832,13.250481,1926072,-3.281329,12885.077,0.16666667
0.14999999,1.0518285,-1.1645958,921.6025824964132,1.6357786e-10,-13.250481,42.152138,2091,-3.7277715,8.42407,,244,169,0.14999999,3664.687839746475,-3.3333333,,146.9515,,,2091,6.1645956,-3.572246,206.35794,-4.279734,-0.09278625,13.250481,1927071,-4.8477225,12890.17,-0.16666667
0.14999999,1.1737527,-1.1641313,921.6395793499044,1.6342153e-10,-13.250481,42.150536,2092,-3.7275906,8.42407,,244,169,0.14999999,3667.0038323402405,-5.0,,146.9515,1.9079529e-29,,2092,6.164131,-5.696412,226.23161,-4.280212,-0.19251882,13.250481,1928070,-3.3660965,12895.362,-0.8333333
0.14999999,1.0116898,-1.1642214,921.6765408504539,1.632654e-10,-13.250481,42.140247,2093,-3.7274785,8.42407,1.533641e-19,244,169,0.14999999,3669.2780034542084,-1.6666666,,146.9515,,,2093,6.1642213,-1.9071461,171.80652,-4.28069,-1.3526716,13.250481,1929069,-3.624645,12901.715,0.33333334
0.14999999,1.3474082,-1.1636881,921.7134670487106,1.6310948e-10,-13.250481,42.12611,2094,-3.7273824,8.42407,,244,169,0.14999999,3671.7193415164948,3.3333333,,146.9515,,,2094,6.163688,2.679515,204.08406,-4.2811675,-0.04727515,13.250481,1930068,-3.5166292,12906.763,-0.16666667
0.14999999,0.9225824,-1.1633173,921.7503579952268,1.6295382e-10,-13.250481,42.119926,2095,-3.7276518,8.42407,,244,169,0.14999999,3674.039850950241,-3.3333333,,146.9515,,,2095,6.163317,-2.880511,200.72966,-4.2816453,-0.38735086,13.250481,1931067,-4.5934753,12912.15,0.16666667
0.14999999,1.0983125,-1.1628975,921.787213740458,1.6279836e-10,-13.250481,42.09147,2096,-3.7277465,8.42407,4.206667e-33,244,169,0.14999999,3676.198822259903,1.6666666,,146.9515,,,2096,6.1628976,1.4060689,175.19067,-4.282122,-0.28334275,13.250481,1932066,-3.8207357,12917.434,-0.33333334
0.14999999,1.0556448,-1.1624365,921.824034334764,1.6264312e-10,-13.250481,42.088394,2097,-3.7274535,8.42407,1.245287e-19,244,169,0.14999999,3678.5660943984985,-1.6666666,,146.9515,,,2097,6.1624365,-1.8414155,176.06036,-4.2825994,-0.1962558,13.250481,1933065,-3.1843958,12922.629,-0.33333334
0.14999999,0.9844747,-1.1619459,921.860819828408,1.6248812e-10,-13.250481,42.039852,2098,-3.7271795,8.42407,,244,169,0.14999999,3680.7602219581604,5.0,,146.9515,,,2098,6.161946,4.4984016,217.268,-4.283076,-0.13295726,13.250481,1934064,-3.1829684,12927.763,-0.5
0.14999999,0.88036656,-1.161766,921.726060028585,1.6233333e-10,-13.250481,42.03991,2099,-3.7272017,8.42407,,244,169,0.14999999,3682.9285175800323,10.0,,146.9515,,,2099,6.161766,9.682649,187.551,-4.2835526,-0.7844978,13.250481,1934703,-3.7288966,12933.547,-0.16666667
0.14999999,1.1047809,-1.1611865,921.5295238095238,1.6217877e-10,-13.250481,42.034412,2100,-3.7273283,8.42407,109.98779,244,169,0.14999999,3685.0616776943207,,,146.9515,,,2100,6.161186,-0.08259973,200.52905,-4.284029,0.055534963,13.250481,1935212,-3.8480303,12938.491,0.16666667
0.14999999,0.9191991,-1.1606699,921.5663969538315,1.6202442e-10,-13.250481,42.020706,2101,-3.7277088,8.42407,,244,169,0.14999999,3687.436869621277,-5.0,,146.9515,,,2101,6.16067,-4.0313873,243.49867,-4.233455,-0.076023735,13.250481,1936211,-4.5972004,12943.567,0.8333333
0.14999999,1.1768832,-1.1619136,921.6032350142722,1.618703e-10,-13.250481,41.992096,2102,-3.727692,8.42407,4.946465e-33,244,169,0.14999999,3689.85702586174,1.6666666,,146.9515,,,2102,6.161914,1.8693446,178.815,-4.233931,-3.7750287,13.250481,1937210,-3.5768483,12952.343,0.33333334
0.14999999,0.92892945,-1.1614026,921.640038040894,1.6171639e-10,-13.250481,41.9195,2103,-3.727376,8.42407,,244,169,0.14999999,3692.1953842639923,-5.0,,146.9515,,,2103,6.1614027,-5.495941,216.25735,-4.234407,-0.087181285,13.250481,1938209,-3.208053,12957.43,-0.5
0.14999999,0.89597416,-1.1610769,921.6768060836501,1.6156271e-10,-13.250481,41.879623,2104,-3.727255,8.42407,,244,169,0.14999999,3694.4702594280243,8.333333,,146.9515,,,2104,6.161077,9.170063,259.25305,-4.2348824,-0.4760528,13.250481,1939208,-3.377075,12962.906,0.6666667
0.14999999,0.7137912,-1.1619602,921.713539192399,1.6140922e-10,-13.250481,41.800526,2105,-3.727264,8.42407,2.1927595e-36,244,169,0.14999999,3696.9807765483856,1.6666666,,146.9515,,,2105,6.16196,1.0594714,185.69666,-4.2353573,-3.0205917,13.250481,1940207,-3.6140077,12970.926,-0.6666667
0.14999999,0.91096526,-1.1617471,921.750237416904,1.6125598e-10,-13.250481,41.726494,2106,-3.727156,8.42407,,244,169,0.14999999,3699.407522201538,-5.0,,146.9515,,,2106,6.161747,-4.6889534,217.22087,-4.235832,-0.7131053,13.250481,1941206,-3.199665,12976.64,0.5
0.14999999,0.8350449,-1.1614475,921.7869008068344,1.6110295e-10,-13.250481,41.72435,2107,-3.7271228,8.42407,6.494206e-23,244,169,0.14999999,3701.8764340877533,-1.6666666,,146.9515,,,2107,6.1614475,-2.2241728,182.17348,-4.236307,-0.5306159,13.250481,1942205,-3.5433338,12982.17,-0.6666667
0.14999999,0.853193,-1.1613109,921.8235294117648,1.6095014e-10,-13.250481,41.702335,2108,-3.7269835,8.42407,,244,169,0.14999999,3704.194156885147,6.6666665,,146.9515,,,2108,6.161311,6.7408266,190.75027,-4.2367816,-0.8733136,13.250481,1943204,-3.2506874,12988.043,-0.16666667
0.14999999,0.98386586,-1.1607,921.6970128022759,1.6079754e-10,-13.250481,41.66904,2109,-3.7268667,8.42407,,244,169,0.14999999,3706.3509709835052,-6.6666665,,146.9515,,,2109,6.1607,-6.0387254,209.15105,-4.2372556,0.12719563,13.250481,1943859,-3.314914,12992.916,0.6666667
0.14999999,1.276166,-1.1609204,921.7336492890995,1.6064516e-10,-13.250481,41.53586,2110,-3.726712,8.42407,,244,169,0.14999999,3708.75527715683,6.6666665,,146.9515,,,2110,6.16092,6.75461,175.62418,-4.23773,-1.6258821,13.250481,1944858,-3.3634381,12999.542,0.16666667
0.14999999,0.8889172,-1.1603063,921.5949786830886,1.6049301e-10,-13.250481,41.480873,2111,-3.7263396,8.42407,,244,169,0.14999999,3711.0901486873627,-8.333333,,146.9515,,,2111,6.1603065,-8.272632,195.72536,-4.2382035,0.13536675,13.250481,1945487,-3.1852677,13004.406,-0.16666667
0.14999999,1.1436573,-1.1597574,921.6316287878788,1.6034106e-10,-13.250481,41.39697,2112,-3.7260654,8.42407,,244,169,0.14999999,3713.6723668575287,-8.333333,,146.9515,63.680367,,2112,6.1597576,-8.454706,218.784,-4.238677,-0.0007695638,13.250481,1946486,-3.013509,13009.407,0.16666667
0.14999999,0.7837814,-1.159214,921.6682442025556,1.6018932e-10,-13.250481,41.305325,2113,-3.725915,8.42407,,244,169,0.14999999,3715.9896337985992,3.3333333,,146.9515,,,2113,6.159214,2.2240257,214.20752,-4.2391505,-0.011697657,13.250481,1947485,-3.5240762,13014.419,-0.8333333
0.14999999,0.85586184,-1.1596365,921.7048249763482,1.600378e-10,-13.250481,41.28639,2114,-3.7260604,8.42407,,244,169,0.14999999,3718.4546761512756,6.6666665,,146.9515,,,2114,6.1596365,5.893415,194.4268,-4.2396235,-2.0526588,13.250481,1948484,-3.7917926,13021.472,-0.5
0.14999999,1.1692415,-1.1596347,921.6094562647754,1.598865e-10,-13.250481,41.2785,2115,-3.7259147,8.42407,,244,169,0.14999999,3720.576944589615,-6.6666665,,146.9515,,,2115,6.1596346,-6.5405626,176.77557,-4.2400966,-1.1554734,13.250481,1949204,-3.2546937,13027.627,-0.16666667
0.14999999,0.9454373,-1.1590897,921.6460302457467,1.5973542e-10,-13.250481,41.23154,2116,-3.7256386,8.42407,,244,169,0.14999999,3722.961855173111,-6.6666665,,146.9515,37.69316,,2116,6.1590896,-6.108496,192.47365,-4.2405696,-0.006589836,13.250481,1950203,-3.278617,13032.634,0.16666667
0.14999999,0.94897187,-1.1586674,921.682569674067,1.5958455e-10,-13.250481,41.170868,2117,-3.725544,8.42407,,244,169,0.14999999,3725.415565252304,-10.0,,146.9515,,,2117,6.1586676,-9.941978,209.31306,-4.2410417,-0.26490772,13.250481,1951202,-3.4513383,13037.898,0.16666667
0.14999999,1.406325,-1.1581435,921.719074598678,1.594339e-10,-13.250481,41.149548,2118,-3.7256634,8.42407,,244,169,0.14999999,3727.8616948127747,5.0,,146.9515,,,2118,6.1581435,5.3419085,221.77203,-4.241514,-0.049257103,13.250481,1952201,-3.8953001,13042.948,0.5
0.14999999,0.9829971,-1.1581429,921.7555450684285,1.5928345e-10,-13.250481,41.14364,2119,-3.7256162,8.42407,,244,169,0.14999999,3730.352467060089,-10.0,,146.9515,,,2119,6.158143,-9.979004,201.0871,-4.2419863,-1.1568149,13.250481,1953200,-3.9851599,13049.105,-0.16666667
0.14999999,1.0176388,-1.1576425,921.7919811320754,1.591332e-10,-13.250481,41.139866,2120,-3.7258494,8.42407,,244,169,0.14999999,3732.6590979099274,6.6666665,,146.9515,,,2120,6.1576424,7.715222,212.09164,-4.242458,-0.097314864,13.250481,1954199,-4.175459,13054.202,0.6666667
0.14999999,0.79755026,-1.1601754,921.8283828382838,1.5898319e-10,-13.250481,40.996323,2121,-3.7259068,8.42407,,244,169,0.14999999,3735.0049035549164,10.0,,146.9515,,,2121,6.1601753,9.2038555,186.69852,-4.2429295,-6.52986,13.250481,1955198,-3.834003,13065.732,-0.8333333
0.14999999,0.5877737,-1.1596665,921.6008482563619,1.5883339e-10,-13.250481,40.953316,2122,-3.7257605,8.42407,0.61340964,244,169,0.14999999,3737.15106010437,,,146.9515,,,2122,6.1596665,-0.3947503,205.132,-4.243401,-0.08047976,13.250481,1955637,-3.192449,13070.8125,-0.5
0.14999999,1.255937,-1.1593423,921.6373056994819,1.5868379e-10,-13.250481,40.94792,2123,-3.7257974,8.42407,,244,169,0.14999999,3739.584770679474,8.333333,,146.9515,,,2123,6.1593423,7.5305395,240.90637,-4.243583,-0.47106963,13.250481,1956636,-3.3760626,13076.283,-0.8333333
0.14999999,1.1023587,-1.1577549,921.3568738229756,1.5853441e-10,-13.250481,40.9096,2124,-3.7254393,8.42407,,244,169,0.14999999,3741.589104652405,-8.333333,,146.9515,,,2124,6.157755,-8.930845,232.67401,-4.244054,2.212249,13.250481,1956962,-3.1847706,13079.071,-0.5
0.14999999,0.91563547,-1.1575404,921.3934117647059,1.5838524e-10,-13.250481,40.906746,2125,-3.725159,8.42407,,244,169,0.14999999,3743.8442857265472,5.0,,146.9515,,,2125,6.1575403,5.913303,213.79536,-4.2445245,-0.70211494,13.250481,1957961,-3.2025597,13084.773,0.8333333
0.14999999,0.8701488,-1.1583402,921.4299153339605,1.5823627e-10,-13.250481,40.857986,2126,-3.7253218,8.42407,,244,169,0.14999999,3746.360438346863,-6.6666665,,146.9515,,,2126,6.1583405,-7.2163253,197.28378,-4.244995,-2.8578253,13.250481,1958960,-3.9562104,13092.631,-0.5
0.14999999,1.0830338,-1.1580746,921.4663845792196,1.5808752e-10,-13.250481,40.80617,2127,-3.7251716,8.42407,3.3724835e-36,244,169,0.14999999,3748.594133377075,1.6666666,,146.9515,,,2127,6.1580744,2.0591369,187.14104,-4.2454653,-0.59327096,13.250481,1959959,-3.253713,13098.225,0.6666667
0.14999999,1.0478327,-1.1579459,921.5028195488721,1.5793897e-10,-13.250481,40.782833,2128,-3.7249677,8.42407,186.23544,244,169,0.14999999,3750.9571828842163,,,146.9515,3.6836945e-24,,2128,6.1579456,-0.13376471,207.72034,-4.2459354,-0.8844291,13.250481,1960958,-3.346387,13104.109,
0.14999999,1.1471144,-1.1574054,921.5392202912166,1.5779063e-10,-13.250481,40.766922,2129,-3.7248085,8.42407,2.3614073e-28,244,169,0.14999999,3753.150099992752,-1.6666666,,146.9515,2.6673824e-31,,2129,6.1574054,-2.814331,309.06085,-4.1625085,-0.007072519,13.250481,1961957,-3.399821,13109.116,-1.0
0.14999999,0.9887616,-1.1578882,921.5755868544601,1.5764251e-10,-13.250481,40.76473,2130,-3.7247713,8.42407,6.561597e-21,244,169,0.14999999,3755.5512890815735,-1.6666666,,146.9515,2.2529595e-22,,2130,6.1578884,-1.1211191,184.40712,-4.162978,-2.1856306,13.250481,1962956,-3.739857,13116.302,0.5
0.14999999,1.2133036,-1.1575438,921.6119192867199,1.5749459e-10,-13.250481,40.76377,2131,-3.7246592,8.42407,,244,169,0.14999999,3757.8985748291016,10.0,,146.9515,,,2131,6.1575437,11.00237,493.60376,-4.1634474,-0.42394388,13.250481,1963955,-3.4545782,13121.726,1.0
0.14999999,0.90739393,-1.1595039,921.6482176360225,1.573469e-10,-13.250481,40.733364,2132,-3.7246451,8.42407,,244,169,0.14999999,3760.211418867111,10.0,,146.9515,0.0078569865,,2132,6.159504,10.415367,174.06679,-4.1639166,-5.3366866,13.250481,1964954,-3.8118596,13132.0625,0.33333334
0.14999999,0.9856666,-1.1598403,921.6844819503048,1.5719939e-10,-13.250481,40.70581,2133,-3.7247093,8.42407,,244,169,0.14999999,3762.602381706238,-8.333333,,146.9515,,,2133,6.1598406,-7.7322674,191.50215,-4.1643853,-1.8770692,13.250481,1965953,-3.7457094,13138.939,0.5
0.14999999,1.1881155,-1.159892,921.7207122774133,1.5705211e-10,-13.250481,40.662098,2134,-3.7244635,8.42407,,244,169,0.14999999,3764.80287194252,-3.3333333,,146.9515,,,2134,6.159892,-3.882378,205.99998,-4.164854,-1.2698866,13.250481,1966952,-3.1610777,13145.209,-0.8333333
0.14999999,1.0400997,-1.1599454,921.7569086651054,1.5690502e-10,-13.250481,40.609356,2135,-3.724748,8.42407,,244,169,0.14999999,3766.976691007614,5.0,,146.9515,,,2135,6.1599455,4.5905976,196.92531,-4.165323,-1.2738814,13.250481,1967951,-4.478218,13151.483,-0.16666667
0.14999999,0.952072,-1.1594216,921.6994382022472,1.5675813e-10,-13.250481,40.598896,2136,-3.724832,8.42407,,244,169,0.14999999,3769.2351973056793,8.333333,,146.9515,,,2136,6.1594214,8.773752,205.83453,-4.165791,-0.041155525,13.250481,1968750,-3.9142635,13156.524,0.5
0.14999999,1.0892752,-1.1592057,921.7356106691624,1.5661146e-10,-13.250481,40.538506,2137,-3.7246504,8.42407,,244,169,0.14999999,3771.7831041812897,-3.3333333,,146.9515,,,2137,6.1592054,-3.54746,200.70831,-4.166259,-0.6980085,13.250481,1969749,-3.2662144,13162.223,-0.33333334
0.14999999,0.8418067,-1.1587223,921.7717492984098,1.56465e-10,-13.250481,40.53924,2138,-3.7244105,8.42407,,244,169,0.14999999,3774.253359079361,-5.0,,146.9515,1.095614e-25,,2138,6.1587224,-4.994892,196.56094,-4.166727,-0.12577958,13.250481,1970748,-3.2648,13167.348,-0.16666667
0.14999999,0.6578216,-1.1582067,921.8078541374474,1.5631874e-10,-13.250481,40.5271,2139,-3.7244608,8.42407,,244,169,0.14999999,3776.7388322353363,8.333333,,146.9515,,,2139,6.158207,9.581138,258.7025,-4.1671944,-0.05580729,13.250481,1971747,-3.650814,13172.404,1.0
0.14999999,1.1177183,-1.160147,921.8439252336449,1.5617269e-10,-13.250481,40.45781,2140,-3.7257152,8.42407,7.4545827e-19,244,169,0.14999999,3779.1750288009644,-1.6666666,,146.9515,,,2140,6.1601467,-2.1244264,157.31961,-4.1676617,-5.3102593,13.250481,1972746,-6.046272,13182.715,-0.16666667
0.14999999,1.0628597,-1.1596944,921.8799626342831,1.5602683e-10,-13.250481,40.45641,2141,-3.725481,8.42407,,244,169,0.14999999,3781.3524820804596,10.0,,146.9515,,,2141,6.1596947,9.638457,185.07892,-4.168129,-0.19142568,13.250481,1973745,-3.319433,13187.906,-0.33333334
0.14999999,1.0668845,-1.1570705,921.5891690009337,1.5588117e-10,-13.250481,40.451935,2142,-3.7252505,8.42407,,244,169,0.14999999,3783.3446435928345,-5.0,,146.9515,,,2142,6.1570706,-4.975749,195.30927,-4.168596,4.4607697,13.250481,1974044,-3.2642653,13188.445,0.16666667
0.14999999,1.2289484,-1.1565316,921.6252916472235,1.5573573e-10,-13.250481,40.45244,2143,-3.725012,8.42407,,244,169,0.14999999,3785.7739441394806,3.3333333,,146.9515,,,2143,6.1565313,3.446793,204.22093,-4.1690626,-0.002373851,13.250481,1975043,-3.2546318,13193.447,-0.33333334
0.14999999,1.1302795,-1.1560501,921.5867537313433,1.5559048e-10,-13.250481,40.449577,2144,-3.7256114,8.42407,2.5241255e-32,244,169,0.14999999,3788.1462156772614,1.6666666,,146.9515,4.7929156e-37,,2144,6.15605,1.5018249,160.81598,-4.1695294,-0.123802476,13.250481,1975882,-5.203581,13198.571,-0.16666667
0.14999999,1.1060653,-1.1555333,921.6228438228438,1.5544545e-10,-13.250481,40.443882,2145,-3.725279,8.42407,,244,169,0.14999999,3790.4774825572968,8.333333,,146.9515,,,2145,6.1555333,8.455243,191.42966,-4.169996,-0.047788296,13.250481,1976881,-3.1177847,13203.619,
0.14999999,1.117322,-1.1543947,921.3928238583411,1.553006e-10,-13.250481,40.43494,2146,-3.725192,8.42407,8.3038883e-19,244,169,0.14999999,3792.5696568489075,-1.6666666,,146.9515,,,2146,6.1543946,-1.1368755,165.43158,-4.1704617,1.2877747,13.250481,1977309,-3.6192138,13207.331,0.16666667
0.14999999,0.7223194,-1.1541395,921.4289706567304,1.5515597e-10,-13.250481,40.434124,2147,-3.7249293,8.42407,,244,169,0.14999999,3794.934224128723,3.3333333,,146.9515,,,2147,6.1541395,3.9710305,205.43546,-4.1709275,-0.60650986,13.250481,1978308,-3.2561023,13212.9375,0.33333334
0.14999999,1.0796638,-1.1538407,921.4650837988827,1.5501155e-10,-13.250481,40.415264,2148,-3.725581,8.42407,,244,169,0.14999999,3797.5082714557648,-3.3333333,,146.9515,,,2148,6.1538405,-2.52123,401.44037,-4.1713934,-0.51201236,13.250481,1979307,-4.8248734,13218.449,1.0
0.14999999,1.0326278,-1.1546118,921.5011633317822,1.548673e-10,-13.250481,40.412907,2149,-3.725439,8.42407,2.8103925e-32,244,169,0.14999999,3799.9282104969025,1.6666666,,146.9515,,,2149,6.1546116,1.963485,173.91347,-4.171859,-2.8112414,13.250481,1980306,-3.4360008,13226.261,0.16666667
0.14999999,1.0077419,-1.1541679,921.5372093023256,1.5472328e-10,-13.250481,40.409996,2150,-3.7251809,8.42407,,244,169,0.14999999,3802.285118818283,5.0,,146.9515,,,2150,6.154168,5.3415627,201.18127,-4.1723237,-0.20009549,13.250481,1981305,-3.183477,13231.461,0.16666667
0.14999999,1.0088581,-1.1538707,921.5732217573221,1.5457946e-10,-13.250481,40.406513,2151,-3.725006,8.42407,,244,169,0.14999999,3804.807426929474,-3.3333333,,146.9515,,,2151,6.1538706,-2.5856612,200.19952,-4.172789,-0.51474214,13.250481,1982304,-3.3319995,13236.976,0.33333334
0.14999999,0.98196924,-1.1536149,921.6092007434944,1.5443581e-10,-13.250481,40.33418,2152,-3.7255754,8.42407,,244,169,0.14999999,3807.251477241516,6.6666665,,146.9515,,,2152,6.153615,7.230821,197.09666,-4.1732535,-0.6034055,13.250481,1983303,-4.926187,13242.579,0.5
0.14999999,1.1992286,-1.1537594,921.645146307478,1.542924e-10,-13.250481,40.329933,2153,-3.7253742,8.42407,,244,169,0.14999999,3809.7286059856415,-6.6666665,,146.9515,,,2153,6.1537595,-6.231855,191.82385,-4.1737185,-1.4649322,13.250481,1984302,-3.2483792,13249.044,0.5
0.14999999,1.0376558,-1.1537832,921.6810584958217,1.5414917e-10,-13.250481,40.32244,2154,-3.7253337,8.42407,5.3068806e-08,244,169,0.14999999,3812.0878591537476,,,146.9515,,,2154,6.1537833,1.2505165,407.01404,-4.1741824,-1.2048882,13.250481,1985301,-3.8054795,13255.249,1.0
0.14999999,0.83170694,-1.1574316,921.7169373549884,1.5400614e-10,-13.250481,40.320072,2155,-3.725988,8.42407,,244,169,0.14999999,3814.732276201248,-10.0,,146.9515,,,2155,6.1574316,-10.571656,192.90494,-4.174647,-9.016133,13.250481,1986300,-5.1130443,13269.266,-0.5
0.14999999,1.1498586,-1.157177,921.7527829313543,1.5386331e-10,-13.250481,40.242916,2156,-3.725893,8.42407,0.7852721,244,169,0.14999999,3817.0392801761627,,,146.9515,,,2156,6.157177,0.5648111,213.5933,-4.175111,-0.6083599,13.250481,1987299,-3.3280554,13274.873,0.5
0.14999999,0.92481405,-1.1570135,921.78859527121,1.5372068e-10,-13.250481,40.22145,2157,-3.7257283,8.42407,1.6378357e-34,244,169,0.14999999,3819.5403583049774,1.6666666,,146.9515,1.1394635e-31,,2157,6.1570134,1.3186605,174.02786,-4.1752105,-0.8047873,13.250481,1988298,-3.4817426,13280.678,-0.5
0.14999999,0.8781731,-1.1566437,921.8243744207599,1.5357823e-10,-13.250481,40.2138,2158,-3.7254992,8.42407,,244,169,0.14999999,3821.8863518238068,-8.333333,,146.9515,,,2158,6.156644,-7.372828,217.60196,-4.175674,-0.35892528,13.250481,1989297,-3.1353993,13286.037,0.8333333
0.14999999,1.1556174,-1.157828,921.8601204261232,1.53436e-10,-13.250481,40.21146,2159,-3.7253647,8.42407,2.8302875e-08,244,169,0.14999999,3824.3201520442963,,,146.9515,,,2159,6.157828,-1.3463953,324.37103,-4.176137,-3.7135334,13.250481,1990296,-3.291039,13294.75,-1.0
0.14999999,0.964971,-1.1585875,921.8958333333334,1.5329397e-10,-13.250481,40.18106,2160,-3.7261398,8.42407,4.852858e-21,244,169,0.14999999,3826.773087978363,-1.6666666,,146.9515,1.2798169e-27,,2160,6.1585875,-2.3593473,157.26898,-4.1766,-2.7980342,13.250481,1991295,-5.500755,13302.549,-0.5
0.14999999,1.3686115,-1.1584042,921.9315131883387,1.5315213e-10,-13.250481,40.16946,2161,-3.7259572,8.42407,,244,169,0.14999999,3829.2130296230316,1.6666666,,146.9515,,,2161,6.1584044,0.7539228,327.75876,-4.177063,-0.76255846,13.250481,1992294,-3.2771285,13308.312,-1.0
0.14999999,1.0173628,-1.1588432,921.9671600370028,1.5301048e-10,-13.250481,40.03646,2162,-3.7257457,8.42407,,244,169,0.14999999,3831.6709249019623,5.0,,146.9515,,,2162,6.158843,4.1343455,343.5534,-4.1775255,-2.107372,13.250481,1993293,-3.5766218,13315.419,-1.0
0.14999999,0.9303206,-1.1591125,921.9204808136847,1.5286904e-10,-13.250481,39.997364,2163,-3.7256775,8.42407,,244,169,0.14999999,3833.9785482883453,3.3333333,,146.9515,,,2163,6.1591125,4.183771,225.63542,-4.177988,-1.741226,13.250481,1994114,-3.5427003,13322.16,0.8333333
0.14999999,0.91055936,-1.1597627,921.9560998151571,1.5272777e-10,-13.250481,39.98776,2164,-3.7255833,8.42407,,244,169,0.14999999,3836.398207426071,8.333333,,146.9515,,,2164,6.159763,7.965086,164.53113,-4.17845,-2.566402,13.250481,1995113,-3.4207613,13329.727,-0.5
0.14999999,1.0534731,-1.1588436,921.7173210161662,1.5258672e-10,-13.250481,39.986607,2165,-3.7259414,8.42407,,244,169,0.14999999,3838.611717939377,6.6666665,,146.9515,8.3442834e-33,,2165,6.1588435,5.902045,180.1757,-4.178912,0.83003485,13.250481,1995518,-4.3912306,13333.896,-0.8333333
0.14999999,0.76845753,-1.1589363,921.7128347183749,1.5244588e-10,-13.250481,39.90652,2166,-3.7257442,8.42407,13.279455,244,169,0.14999999,3840.9595608711243,,,146.9515,,,2166,6.1589365,-0.906291,193.17566,-4.179374,-1.3593819,13.250481,1996430,-3.325565,13340.256,-0.33333334
0.14999999,0.87416816,-1.15886,921.7485002307337,1.523052e-10,-13.250481,39.901913,2167,-3.726199,8.42407,,244,169,0.14999999,3843.342190027237,-10.0,,146.9515,,,2167,6.15886,-10.840788,212.20879,-4.173723,-0.99370193,13.250481,1997429,-4.4563475,13346.25,-0.8333333
0.14999999,0.9210762,-1.158993,921.7841328413284,1.5216473e-10,-13.250481,39.8781,2168,-3.726089,8.42407,,244,169,0.14999999,3845.5995478630066,5.0,,146.9515,,,2168,6.158993,4.1301355,202.11772,-4.174185,-1.4475372,13.250481,1998428,-3.334087,13352.697,-0.6666667
0.14999999,1.1165837,-1.1589156,921.8197325956662,1.5202446e-10,-13.250481,39.86976,2169,-3.7261698,8.42407,,244,169,0.14999999,3848.094271183014,-5.0,,146.9515,,,2169,6.1589155,-5.9323206,350.30884,-4.174646,-0.99099094,13.250481,1999427,-3.7954097,13358.6875,-1.0
0.14999999,1.1163852,-1.1591151,921.8552995391705,1.5188438e-10,-13.250481,39.868393,2170,-3.725982,8.42407,,244,169,0.14999999,3850.49383687973,-5.0,,146.9515,3.0132123e-33,,2170,6.159115,-4.068261,405.1134,-4.175107,-1.5921142,13.250481,2000426,-3.3828082,13365.279,1.0
0.14999999,1.4575839,-1.1611993,921.8908337171811,1.5174448e-10,-13.250481,39.801804,2171,-3.7262647,8.42407,4.4946713e-28,244,169,0.14999999,3853.0668449401855,-1.6666666,,146.9515,,,2171,6.1611996,-0.6378145,378.655,-4.1755676,-5.683687,13.250481,2001425,-4.3983684,13375.964,1.0
0.14999999,1.0042006,-1.1629081,921.9263351749539,1.5160478e-10,-13.250481,39.775345,2172,-3.7260158,8.42407,,244,169,0.14999999,3855.432605266571,-10.0,,146.9515,,,2172,6.162908,-9.470771,190.06824,-4.1760283,-4.872801,13.250481,2002424,-3.573309,13385.836,0.5
0.14999999,0.97401494,-1.1626983,921.9618039576623,1.5146528e-10,-13.250481,39.774567,2173,-3.7258632,8.42407,,244,169,0.14999999,3857.848075866699,-6.6666665,,146.9515,,,2173,6.1626983,-5.492507,238.57251,-4.1764884,-0.70716184,13.250481,2003423,-3.3666644,13391.543,1.0
0.14999999,0.76788217,-1.1642779,921.9972401103956,1.5132597e-10,-13.250481,39.77395,2174,-3.7258484,8.42407,,244,169,0.14999999,3860.248599290848,3.3333333,,146.9515,,,2174,6.164278,2.2713382,296.21863,-4.1769485,-4.596494,13.250481,2004422,-3.6307516,13401.141,-1.0
0.14999999,1.0307353,-1.1644636,922.0326436781609,1.5118685e-10,-13.250481,39.76497,2175,-3.7260637,8.42407,9.3221296e-23,244,169,0.14999999,3862.738021850586,-1.6666666,,146.9515,,,2175,6.1644635,-1.1950567,153.89304,-4.177408,-1.568325,13.250481,2005421,-3.9230032,13407.709,0.6666667
0.14999999,0.9037617,-1.1643786,922.0680147058823,1.5104792e-10,-13.250481,39.757042,2176,-3.7258246,8.42407,,244,169,0.14999999,3865.229964017868,10.0,,146.9515,,,2176,6.1643786,9.031063,289.8385,-4.177868,-0.97961175,13.250481,2006420,-3.2156622,13413.6875,-1.0
0.14999999,1.2711964,-1.1611445,921.7602204869086,1.5090919e-10,-13.250481,39.710285,2177,-3.7256851,8.42407,2.2519317e-34,244,169,0.14999999,3867.360955953598,1.6666666,,146.9515,,,2177,6.1611443,2.0932913,179.94423,-4.1783276,5.876725,13.250481,2006672,-3.2834284,13412.812,0.5
0.14999999,1.1851554,-1.1607656,921.795684113866,1.5077065e-10,-13.250481,39.706524,2178,-3.7253678,8.42407,,244,169,0.14999999,3869.786402463913,8.333333,,146.9515,,,2178,6.1607656,8.590495,192.9317,-4.1787868,-0.33637357,13.250481,2007671,-3.2741187,13418.147,0.16666667
0.14999999,1.0082024,-1.1600149,921.6071592473612,1.506323e-10,-13.250481,39.662743,2179,-3.7251105,8.42407,,244,169,0.14999999,3871.9869928359985,5.0,,146.9515,,,2179,6.160015,4.8922977,194.17267,-4.179246,0.4753765,13.250481,2008182,-3.321353,13422.672,-0.33333334
0.14999999,0.9100751,-1.1594115,921.4692660550459,1.5049413e-10,-13.250481,39.614613,2180,-3.7248979,8.42407,,244,169,0.14999999,3874.294105052948,-5.0,,146.9515,,,2180,6.1594114,-4.981769,195.94508,-4.1797047,0.15513256,13.250481,2008803,-3.242484,13427.518,-0.33333334
0.14999999,0.9178754,-1.1588985,921.5048143053646,1.5035616e-10,-13.250481,39.61001,2181,-3.7248814,8.42407,,244,169,0.14999999,3876.6731400489807,-8.333333,,146.9515,,,2181,6.1588984,-9.457132,201.22147,-4.1801634,-0.04049447,13.250481,2009802,-3.5745184,13432.558,-0.8333333
0.14999999,1.0781002,-1.1591924,921.5403299725023,1.5021837e-10,-13.250481,39.53109,2182,-3.7250667,8.42407,,244,169,0.14999999,3879.2528932094574,-5.0,,146.9515,,,2182,6.1591926,-5.87505,201.73796,-4.1806216,-1.8002256,13.250481,2010801,-4.023807,13439.357,-0.6666667
0.14999999,0.6279054,-1.1592609,921.5758131012368,1.5008078e-10,-13.250481,39.489044,2183,-3.724895,8.42407,,244,169,0.14999999,3881.84867310524,5.0,,146.9515,,,2183,6.1592607,6.034804,256.2037,-4.18108,-1.308635,13.250481,2011800,-3.400641,13445.666,1.0
0.14999999,1.0951846,-1.1616033,921.6112637362637,1.4994338e-10,-13.250481,39.4783,2184,-3.7252288,8.42407,,244,169,0.14999999,3884.178606748581,-5.0,,146.9515,,,2184,6.1616035,-4.841753,193.12297,-4.1815376,-6.2749286,13.250481,2012799,-4.0584617,13456.941,0.33333334
0.14999999,1.2960259,-1.161164,921.6466819221968,1.4980617e-10,-13.250481,39.459988,2185,-3.7250652,8.42407,,244,169,0.14999999,3886.627199649811,8.333333,,146.9515,,,2185,6.1611643,7.423293,307.5176,-4.1819954,-0.20203608,13.250481,2013798,-3.4336858,13462.144,-1.0
0.14999999,1.2770945,-1.1612821,921.5169258920403,1.4966912e-10,-13.250481,39.3872,2186,-3.7246542,8.42407,,244,169,0.14999999,3889.034282684326,-10.0,,146.9515,,,2186,6.161282,-8.9855175,409.2281,-4.182453,-1.4189411,13.250481,2014436,-3.0697877,13468.5625,1.0
0.14999999,0.8675152,-1.1622119,921.5523548239597,1.495323e-10,-13.250481,39.387005,2187,-3.7245784,8.42407,,244,169,0.14999999,3891.65878534317,8.333333,,146.9515,,,2187,6.162212,8.148482,191.97409,-4.1829104,-3.1948676,13.250481,2015435,-3.7585185,13476.758,-0.16666667
0.14999999,1.0264078,-1.1607779,921.304844606947,1.4939565e-10,-13.250481,39.363766,2188,-3.7244534,8.42407,,244,169,0.14999999,3893.8018317222595,-3.3333333,,146.9515,,,2188,6.160778,-2.0300694,221.13116,-4.1833677,1.9753058,13.250481,2015815,-3.2995539,13479.782,0.8333333
0.14999999,0.9364624,-1.1636453,921.3403380539058,1.4925919e-10,-13.250481,39.354515,2189,-3.7250407,8.42407,,244,169,0.14999999,3896.2733714580536,10.0,,146.9515,,,2189,6.1636453,10.099948,167.5971,-4.1838245,-7.4374895,13.250481,2016814,-5.0018067,13492.22,
0.14999999,1.3456057,-1.1622193,921.0963470319634,1.4912291e-10,-13.250481,39.349094,2190,-3.7248049,8.42407,,244,169,0.14999999,3898.5359551906586,10.0,,146.9515,0.14176264,,2190,6.162219,9.291035,175.11609,-4.1842813,1.9590774,13.250481,2017201,-3.1204946,13495.26,-0.5
0.14999999,0.97925943,-1.1605533,920.8256503879508,1.4898682e-10,-13.250481,39.335052,2191,-3.7244065,8.42407,,244,169,0.14999999,3900.684458255768,-6.6666665,,146.9515,,,2191,6.1605535,-7.5008163,198.11656,-4.1847377,2.488006,13.250481,2017529,-3.1568248,13497.772,-0.8333333
0.14999999,0.9312875,-1.1608045,920.8613138686131,1.488509e-10,-13.250481,39.334385,2192,-3.724258,8.42407,,244,169,0.14999999,3903.217068195343,-10.0,,146.9515,,,2192,6.1608047,-10.147516,195.77258,-4.185194,-1.7108058,13.250481,2018528,-3.3519683,13504.483,
0.14999999,0.7647737,-1.1603956,920.8969448244414,1.4871519e-10,-13.250481,39.328632,2193,-3.724411,8.42407,,244,169,0.14999999,3905.6990864276886,1.6666666,,146.9515,,,2193,6.1603956,2.7032113,235.91002,-4.1856503,-0.26428193,13.250481,2019527,-3.9629412,13509.748,1.0
0.14999999,0.8444196,-1.1618806,920.9325432999088,1.4857965e-10,-13.250481,39.310078,2194,-3.7243907,8.42407,0.0073023923,244,169,0.14999999,3908.170262813568,,,146.9515,,,2194,6.1618805,-0.97976136,202.24382,-4.186106,-4.4184027,13.250481,2020526,-3.4213495,13519.166,-0.6666667
0.14999999,0.7775089,-1.16198,920.9681093394078,1.4844431e-10,-13.250481,39.2596,2195,-3.7245257,8.42407,,244,169,0.14999999,3910.5700137615204,-5.0,,146.9515,,,2195,6.16198,-4.578044,179.24466,-4.1865582,-1.3800756,13.250481,2021525,-3.8404129,13525.546,0.6666667
0.14999999,1.0992522,-1.1620517,921.0036429872496,1.4830914e-10,-13.250481,39.25324,2196,-3.7247765,8.42407,,244,169,0.14999999,3913.176438331604,-3.3333333,,146.9515,,,2196,6.1620517,-4.5216684,326.47766,-4.187014,-1.3194033,13.250481,2022524,-4.034555,13531.865,-1.0
0.14999999,1.2508252,-1.1626103,921.039144287665,1.2786604e-10,-13.250481,39.370777,2197,-3.7249877,8.42407,,244,169,0.14999999,3915.4807918071747,6.6666665,,146.9515,,,2197,6.16261,6.9725537,179.72864,-4.187469,-2.38953,13.250481,2023523,-4.238692,13539.255,
0.14999999,0.9195902,-1.1619148,920.869881710646,1.2774971e-10,-13.250481,134.75987,2198,-3.7250962,8.42407,,244,196,0.14999999,3917.7192611694336,6.923077,,146.9515,0.00045668142,,2198,6.161915,8.190813,390.1956,-4.1879244,0.3660501,13.250481,2024072,-4.1803226,13543.889,0.84615386
0.14999999,0.6321297,-1.1629076,920.9054115507049,1.2763354e-10,-13.250481,132.8474,2199,-3.725348,8.42407,,244,196,0.14999999,4322.7983775138855,-6.923077,,146.9515,,,2199,6.1629076,-6.354323,386.6886,-4.1883793,-3.3451471,13.250481,2025071,-4.1625304,13552.234,0.84615386
0.14999999,1.2693969,-1.1630615,920.9409090909091,1.2751754e-10,-13.250481,126.921684,2200,-3.7258317,8.42407,,244,196,0.14999999,4325.971747875214,6.923077,,146.9515,,,2200,6.1630616,7.7429547,492.19638,-4.1888337,-1.5011754,13.250481,2026070,-4.396801,13558.735,0.53846157
0.14999999,1.8472909,-1.1638355,920.976374375284,1.2740169e-10,-13.250481,126.91617,2201,-3.7259405,8.42407,,244,196,0.14999999,4329.050797700882,-6.923077,,146.9515,,,2201,6.1638355,-6.1530647,537.2706,-4.189288,-2.8670201,13.250481,2027069,-4.1667733,13566.602,0.53846157
0.14999999,1.2126272,-1.1651118,921.0118074477748,1.2728599e-10,-13.250481,125.280685,2202,-3.7258732,8.42407,,244,196,0.14999999,4332.159863948822,6.923077,,146.9515,,,2202,6.1651115,5.9800744,854.6397,-4.1897426,-3.9738905,13.250481,2028068,-4.3010964,13575.576,-1.0
0.14999999,1.2930845,-1.1653146,920.8338629142079,1.2717047e-10,-13.250481,124.2059,2203,-3.726155,8.42407,,244,196,0.14999999,4334.94776725769,-6.923077,,146.9515,,,2203,6.1653147,-7.9166083,532.87354,-4.1901965,-1.6117965,13.250481,2028597,-4.451987,13582.1875,-0.84615386
0.14999999,1.4005694,-1.1652639,920.8693284936479,1.270551e-10,-13.250481,122.03374,2204,-3.726248,8.42407,,244,196,0.14999999,4338.091598749161,-6.923077,,146.9515,39.600967,,2204,6.165264,-8.029484,505.15723,-4.1906505,-1.0539383,13.250481,2029596,-4.1390443,13588.242,-0.53846157
0.14999999,1.1063126,-1.1652141,920.9047619047619,1.2693989e-10,-13.250481,121.931046,2205,-3.7262733,8.42407,,244,196,0.14999999,4341.200761795044,6.923077,,146.9515,,,2205,6.165214,6.098019,428.38583,-4.191104,-1.0551498,13.250481,2030595,-4.106391,13594.297,-0.53846157
0.14999999,0.94733316,-1.1652794,920.8000906618314,1.2682481e-10,-13.250481,120.39104,2206,-3.7264442,8.42407,,244,196,0.14999999,4344.297607660294,-6.923077,,146.9515,,,2206,6.1652794,-6.760288,433.3113,-4.1915574,-1.309213,13.250481,2031285,-4.145748,13600.606,0.23076923
0.14999999,1.2651055,-1.1649963,920.8355233348436,1.2670992e-10,-13.250481,120.3316,2207,-3.7266695,8.42407,,244,196,0.14999999,4347.4605717659,6.923077,,146.9515,,,2207,6.164996,7.030489,400.64062,-4.1920104,-0.5404576,13.250481,2032284,-4.1328287,13606.146,0.23076923
0.14999999,0.686903,-1.1645678,920.8709239130435,1.2659516e-10,-13.250481,119.41347,2208,-3.7265537,8.42407,,244,196,0.14999999,4350.578447341919,6.923077,,146.9515,3.9167678,,2208,6.164568,6.520197,353.983,-4.1924634,-0.21900971,13.250481,2033283,-3.6795597,13611.365,-0.23076923
0.14999999,0.7337793,-1.1638503,920.6772295156179,1.2648058e-10,-13.250481,119.136635,2209,-3.7266681,8.42407,,244,196,0.14999999,4353.447559118271,-6.923077,,146.9515,,,2209,6.1638503,-7.5298314,358.3063,-4.1929164,0.42050132,13.250481,2033776,-3.6381598,13615.945,-0.23076923
0.14999999,0.7900301,-1.1634251,920.7126696832579,1.2636615e-10,-13.250481,117.92102,2210,-3.7269223,8.42407,,244,196,0.14999999,4356.57416677475,-2.3076923,,146.9515,,,2210,6.163425,-1.8584569,272.08392,-4.193369,-0.22412822,13.250481,2034775,-3.99895,13621.17,0.3846154
0.14999999,1.1979394,-1.1630937,920.7480777928539,1.2625186e-10,-13.250481,117.592255,2211,-3.727232,8.42407,,244,196,0.14999999,4359.740865945816,2.3076923,,146.9515,,,2211,6.1630936,2.982242,512.09937,-4.1938214,-0.43085995,13.250481,2035774,-4.1801057,13626.6,0.3846154
0.14999999,0.9407778,-1.1627687,920.7834538878843,1.2613774e-10,-13.250481,116.868805,2212,-3.7270675,8.42407,,244,196,0.14999999,4362.940602779388,2.3076923,,146.9515,3.2086513e-13,,2212,6.162769,1.1629523,542.69214,-4.1942735,-0.44421944,13.250481,2036773,-3.496733,13632.045,-0.84615386
0.14999999,0.7528676,-1.1631533,920.8187980117488,1.2602376e-10,-13.250481,116.48875,2213,-3.7274456,8.42407,,244,196,0.14999999,4365.905370473862,-2.3076923,,146.9515,,,2213,6.163153,-1.0932748,548.38275,-4.1947255,-2.0139701,13.250481,2037772,-4.4423504,13639.059,0.84615386
0.14999999,0.7921005,-1.1645082,920.8541102077687,1.2590994e-10,-13.250481,115.8361,2214,-3.7276258,8.42407,,244,196,0.14999999,4369.069172382355,2.3076923,,146.9515,,,2214,6.1645083,3.3170438,457.65225,-4.195177,-4.162822,13.250481,2038771,-3.8328407,13648.221,0.84615386
0.14999999,1.1155171,-1.1664286,920.8893905191874,1.2579628e-10,-13.250481,114.639946,2215,-3.7282062,8.42407,,244,196,0.14999999,4372.214540243149,-2.3076923,,146.9515,,,2215,6.1664286,-2.978685,580.0351,-4.1956286,-5.418218,13.250481,2039770,-4.7660427,13658.639,-0.6923077
0.14999999,0.98763937,-1.1662576,920.9246389891697,1.2568277e-10,-13.250481,111.39636,2216,-3.72829,8.42407,,244,196,0.14999999,4375.325101852417,-2.3076923,,146.9515,119.69432,,2216,6.166258,-2.5617933,350.56686,-4.19608,-0.7876572,13.250481,2040769,-3.961423,13664.427,-0.3846154
0.14999999,1.0553834,-1.1658909,920.9598556608029,1.2556942e-10,-13.250481,111.02051,2217,-3.7284153,8.42407,,244,196,0.14999999,4378.643618345261,2.3076923,,146.9515,,,2217,6.1658907,1.8080353,382.52847,-4.1965313,-0.35335678,13.250481,2041768,-3.9542208,13669.78,-0.3846154
0.14999999,0.85738605,-1.1656725,920.9950405770965,1.2545621e-10,-13.250481,107.19605,2218,-3.728512,8.42407,,244,196,0.14999999,4381.707377672195,2.3076923,,146.9515,0.054872204,,2218,6.1656723,2.394554,471.77527,-4.1969824,-0.68130696,13.250481,2042767,-3.962858,13675.462,0.07692308
0.14999999,1.0598212,-1.1651939,921.0301937809825,1.2534315e-10,-13.250481,107.125854,2219,-3.7287683,8.42407,,244,196,0.14999999,4384.893237352371,-2.3076923,,146.9515,,,2219,6.165194,-2.016021,422.00565,-4.197433,-0.10387166,13.250481,2043766,-4.119858,13680.565,0.07692308
0.14999999,1.1963738,-1.1647257,921.0653153153153,1.2523027e-10,-13.250481,103.77696,2220,-3.7289488,8.42407,,244,196,0.14999999,4388.01168680191,6.923077,,146.9515,,,2220,6.164726,7.864124,572.47516,-4.1978836,-0.1254624,13.250481,2044765,-4.143257,13685.691,1.0
0.14999999,0.63255525,-1.1664287,921.1004052228726,1.2511753e-10,-13.250481,103.67421,2221,-3.7290983,8.42407,,244,196,0.14999999,4391.190415382385,-2.3076923,,146.9515,,,2221,6.1664286,-3.2086945,284.7111,-4.1983337,-4.94711,13.250481,2045764,-4.17903,13695.639,-1.0
0.14999999,0.5321181,-1.1668566,921.1354635463547,1.2500492e-10,-13.250481,103.228455,2222,-3.7295208,8.42407,,244,196,0.14999999,4394.339073181152,-6.923077,,146.9515,,,2222,6.166857,-6.054933,298.5611,-4.198784,-2.1172988,13.250481,2046763,-4.279949,13702.756,1.0
0.14999999,1.1035005,-1.1683613,921.1704903283851,1.2489249e-10,-13.250481,102.34565,2223,-3.730003,8.42407,,244,196,0.14999999,4397.419945001602,6.923077,,146.9515,,,2223,6.168361,5.8975472,445.42084,-4.199234,-4.511716,13.250481,2047762,-4.3149433,13712.268,-0.84615386
0.14999999,0.72613424,-1.1671706,920.9033273381295,1.247802e-10,-13.250481,99.45413,2224,-3.7301621,8.42407,,244,196,0.14999999,4400.201030015945,-6.923077,,146.9515,,,2224,6.1671705,-7.1191974,309.42728,-4.1996837,1.47947,13.250481,2048089,-4.136121,13715.787,-0.07692308
0.14999999,0.53204757,-1.1667451,920.9384269662921,1.2466807e-10,-13.250481,99.11018,2225,-3.7302485,8.42407,,244,196,0.14999999,4403.283658981323,-5.3846154,,146.9515,4.6685274e-23,,2225,6.166745,-6.417572,321.86273,-4.2001333,-0.22017053,13.250481,2049088,-3.6257424,13721.008,-1.0
0.14999999,0.7125566,-1.167248,920.9734950584008,1.2455607e-10,-13.250481,98.54898,2226,-3.73104,8.42407,,244,196,0.14999999,4406.442507266998,-6.923077,,146.9515,2.0738525e-23,,2226,6.167248,-7.7984557,381.3145,-4.2005825,-2.2861373,13.250481,2050087,-5.0075803,13728.294,-1.0
0.14999999,0.9360369,-1.1676604,921.0085316569376,1.2444425e-10,-13.250481,98.434586,2227,-3.7311957,8.42407,,244,196,0.14999999,4409.60262131691,6.923077,,146.9515,,,2227,6.16766,6.6749773,396.49963,-4.2010317,-2.0855746,13.250481,2051086,-3.7537289,13735.38,-0.07692308
0.14999999,0.8162924,-1.1670148,920.8518850987433,1.2433256e-10,-13.250481,97.28742,2228,-3.7310824,8.42407,,244,196,0.14999999,4412.608162403107,5.3846154,,146.9515,2.6981852e-17,,2228,6.167015,5.032819,582.83307,-4.201481,0.27052107,13.250481,2051658,-3.3775086,13740.109,-0.23076923
0.14999999,0.71933615,-1.1665752,920.7631224764468,1.2422102e-10,-13.250481,97.252785,2229,-3.731444,8.42407,,244,196,0.14999999,4415.572138547897,-5.3846154,,146.9515,,,2229,6.1665754,-5.5844846,276.86563,-4.2019296,-0.18703875,13.250481,2052381,-4.313803,13745.296,-0.23076923
0.14999999,1.0461447,-1.166157,920.7982062780269,1.2410964e-10,-13.250481,97.076416,2230,-3.7318547,8.42407,,244,196,0.14999999,4418.692253112793,5.3846154,,146.9515,,,2230,6.166157,5.6492248,445.92767,-4.202378,-0.23404282,13.250481,2053380,-4.342258,13750.53,0.23076923
0.14999999,1.1952941,-1.1657815,920.8332586284178,1.2399841e-10,-13.250481,97.07653,2231,-3.7321002,8.42407,,244,196,0.14999999,4421.874334096909,-5.3846154,,146.9515,,,2231,6.1657815,-4.772595,451.73157,-4.2028265,-0.32842866,13.250481,2054379,-4.271936,13755.858,0.23076923
0.14999999,0.9755863,-1.1655791,920.8682795698925,1.2388733e-10,-13.250481,96.74463,2232,-3.7323039,8.42407,,244,196,0.14999999,4425.175084352493,2.3076923,,146.9515,,,2232,6.165579,1.7279961,592.1723,-4.2032743,-0.71394914,13.250481,2055378,-4.3238525,13761.572,-1.0
0.14999999,0.6950213,-1.1657976,920.833855799373,1.2377639e-10,-13.250481,96.69349,2233,-3.7322443,8.42407,,244,196,0.14999999,4428.271914720535,-2.3076923,,146.9515,,,2233,6.1657977,-1.4680011,438.2351,-4.2037225,-1.6536999,13.250481,2056222,-3.5080621,13768.227,0.6923077
0.14999999,0.85230213,-1.1663549,920.8688451208594,1.236656e-10,-13.250481,96.34313,2234,-3.7325754,8.42407,,244,196,0.14999999,4431.369305849075,2.3076923,,146.9515,,,2234,6.166355,3.1324298,429.57324,-4.20417,-2.4105442,13.250481,2057221,-4.1342683,13775.637,0.6923077
0.14999999,1.1549811,-1.1669344,920.903803131991,1.2355496e-10,-13.250481,96.136665,2235,-3.7327478,8.42407,,244,196,0.14999999,4434.47013759613,5.3846154,,146.9515,,,2235,6.1669345,4.6026444,524.73016,-4.2046175,-2.4616933,13.250481,2058220,-3.9378722,13783.099,-0.6923077
0.14999999,0.5632706,-1.1668473,920.7075134168157,1.2344448e-10,-13.250481,96.05947,2236,-3.732746,8.42407,,244,196,0.14999999,4437.310733795166,5.3846154,,146.9515,2.044632e-22,,2236,6.166847,6.031739,384.54276,-4.205065,-0.9725414,13.250481,2058702,-3.8177543,13789.07,0.6923077
0.14999999,0.6377931,-1.1672264,920.7425122932499,1.2333413e-10,-13.250481,96.00706,2237,-3.7332466,8.42407,,244,196,0.14999999,4440.468191146851,-2.3076923,,146.9515,,,2237,6.1672263,-1.4572055,462.72552,-4.205512,-2.0145454,13.250481,2059701,-4.3949637,13796.086,1.0
0.14999999,0.889814,-1.1679217,920.7774798927614,1.2322393e-10,-13.250481,95.61198,2238,-3.7335634,8.42407,,244,196,0.14999999,4443.7037353515625,-5.3846154,,146.9515,,,2238,6.1679215,-5.9693785,602.36847,-4.205959,-2.7230213,13.250481,2060700,-4.050872,13803.809,-0.6923077
0.14999999,1.1657188,-1.1678135,920.8124162572577,1.2311388e-10,-13.250481,95.36613,2239,-3.7339118,8.42407,,244,196,0.14999999,4446.9663026332855,-5.3846154,,146.9515,1.7098987e-15,,2239,6.1678133,-4.629198,631.72784,-4.2064056,-0.92600393,13.250481,2061699,-4.3433776,13809.734,0.6923077
0.14999999,0.6192785,-1.168198,920.8473214285714,1.23004e-10,-13.250481,94.99971,2240,-3.7340925,8.42407,,244,196,0.14999999,4450.011249303818,5.3846154,,146.9515,,,2240,6.168198,6.00538,486.49207,-4.2068524,-2.0288067,13.250481,2062698,-4.2341905,13816.764,1.0
0.14999999,1.1683847,-1.1685789,920.8821954484605,1.2289424e-10,-13.250481,94.82214,2241,-3.734562,8.42407,,244,196,0.14999999,4453.148474931717,2.3076923,,146.9515,,,2241,6.168579,2.208547,459.5644,-4.2072988,-2.0219486,13.250481,2063697,-4.371367,13823.785,-0.23076923
0.14999999,0.94096917,-1.168138,920.9170383586084,1.2278466e-10,-13.250481,94.780975,2242,-3.7344193,8.42407,,244,196,0.14999999,4456.158925533295,2.3076923,,146.9515,2.357507,,2242,6.168138,1.650891,359.8056,-4.2077446,-0.18012792,13.250481,2064696,-3.533563,13828.965,-0.6923077
0.14999999,0.873079,-1.1681879,920.9518502006241,1.2267519e-10,-13.250481,94.26892,2243,-3.7344239,8.42407,,244,196,0.14999999,4459.329614877701,2.3076923,,146.9515,2.0703208e-29,,2243,6.168188,3.0720649,687.8208,-4.2081904,-1.2799987,13.250481,2065695,-3.643813,13835.245,1.0
0.14999999,1.1093541,-1.1691338,920.9866310160428,1.2256587e-10,-13.250481,93.16444,2244,-3.734646,8.42407,,244,196,0.14999999,4462.514343738556,-5.3846154,,146.9515,,,2244,6.1691337,-4.552878,1080.3833,-4.2086363,-3.2905917,13.250481,2066694,-4.0378714,13843.536,1.0
0.14999999,0.7537964,-1.1702617,921.0213808463252,1.2245673e-10,-13.250481,91.20151,2245,-3.734713,8.42407,,244,196,0.14999999,4465.598481178284,-2.3076923,,146.9515,,,2245,6.170262,-2.2146647,295.81253,-4.209082,-3.701451,13.250481,2067693,-3.8813019,13852.237,-0.07692308
0.14999999,1.0887052,-1.1697524,921.0560997328585,1.223477e-10,-13.250481,89.94436,2246,-3.7348063,8.42407,,244,196,0.14999999,4468.765117883682,6.923077,,146.9515,,,2246,6.169752,7.4462714,358.89468,-4.2095275,-0.02623017,13.250481,2068692,-3.675584,13857.264,0.3846154
0.14999999,1.429074,-1.1702414,921.0907877169559,1.2223883e-10,-13.250481,89.777306,2247,-3.7346897,8.42407,,244,196,0.14999999,4471.810272216797,-6.923077,,146.9515,,,2247,6.1702414,-6.834279,413.19775,-4.2099724,-2.2684662,13.250481,2069691,-3.5257044,13864.532,0.3846154
0.14999999,0.72554827,-1.169835,921.1254448398577,1.221301e-10,-13.250481,89.12288,2248,-3.7346556,8.42407,,244,196,0.14999999,4475.040333747864,5.3846154,,146.9515,,,2248,6.169835,4.552555,281.68784,-4.2104173,-0.25694904,13.250481,2070690,-4.014313,13869.789,-1.0
0.14999999,1.1170481,-1.1700554,921.1600711427301,1.220215e-10,-13.250481,88.635284,2249,-3.7348087,8.42407,,244,196,0.14999999,4478.0918226242065,-6.923077,,146.9515,,,2249,6.1700554,-5.9705153,393.70734,-4.210862,-1.6655283,13.250481,2071689,-3.7809064,13876.455,0.6923077
0.14999999,1.3003781,-1.1709,921.1946666666666,1.2191306e-10,-13.250481,88.58934,2250,-3.734777,8.42407,,244,196,0.14999999,4481.129362821579,-6.923077,,146.9515,6.451689e-22,,2250,6.1709,-7.7701926,424.40704,-4.2113066,-3.0701044,13.250481,2072688,-3.7227669,13884.525,-0.6923077
0.14999999,1.170136,-1.170993,921.2292314526877,1.2180477e-10,-13.250481,87.59049,2251,-3.7347646,8.42407,,244,196,0.14999999,4484.310912847519,6.923077,,146.9515,,,2251,6.170993,7.5496387,377.28543,-4.211751,-1.3806121,13.250481,2073687,-3.9417937,13890.905,0.6923077
0.14999999,0.68694,-1.1711547,921.2637655417407,1.2169662e-10,-13.250481,87.429504,2252,-3.7348194,8.42407,,244,196,0.14999999,4487.543478965759,-6.923077,,146.9515,,,2252,6.171155,-6.8848124,275.93933,-4.212195,-1.5350492,13.250481,2074686,-3.979284,13897.44,0.07692308
0.14999999,0.80604106,-1.170672,921.2982689747004,1.2158861e-10,-13.250481,87.381935,2253,-3.7350426,8.42407,,244,196,0.14999999,4490.690495729446,6.923077,,146.9515,,,2253,6.170672,6.4734683,368.15833,-4.212639,-0.083697125,13.250481,2075685,-3.9056182,13902.524,-0.3846154
0.14999999,1.1821404,-1.1702629,921.187222715173,1.2148074e-10,-13.250481,86.71839,2254,-3.7351272,8.42407,,244,196,0.14999999,4493.672668933868,6.923077,,146.9515,2.0481489,,2254,6.170263,6.934252,369.69763,-4.213083,-0.24857377,13.250481,2076356,-3.703108,13907.772,0.07692308
0.14999999,0.9355409,-1.1698354,921.2217294900222,1.2137302e-10,-13.250481,86.39116,2255,-3.7348502,8.42407,,244,196,0.14999999,4496.798374891281,-6.923077,,146.9515,,,2255,6.1698356,-7.1026506,350.37802,-4.2135262,-0.20621574,13.250481,2077355,-3.2463987,13912.979,-0.3846154
0.14999999,1.0392506,-1.1693765,921.2562056737588,1.2126546e-10,-13.250481,85.93205,2256,-3.734877,8.42407,,244,196,0.14999999,4499.995275735855,6.923077,,146.9515,,,2256,6.1693764,6.0247912,395.46112,-4.2139697,-0.13461107,13.250481,2078354,-3.6972382,13918.113,-0.6923077
0.14999999,1.0945562,-1.1692061,921.1067789100576,1.2115803e-10,-13.250481,85.6548,2257,-3.73468,8.42407,,244,196,0.14999999,4502.994644403458,-2.3076923,,146.9515,,,2257,6.169206,-2.7501154,360.4822,-4.2144127,-0.784712,13.250481,2078938,-3.2835126,13923.898,-0.53846157
0.14999999,1.0374764,-1.1689159,921.1412754650133,1.2105072e-10,-13.250481,85.40403,2258,-3.7347755,8.42407,,244,196,0.14999999,4506.190178871155,2.3076923,,146.9515,,,2258,6.1689157,2.7394934,343.20596,-4.2148557,-0.5138389,13.250481,2079937,-4.0018687,13929.412,0.23076923
0.14999999,0.7767924,-1.1690127,921.1757414785303,1.2094357e-10,-13.250481,85.253174,2259,-3.734851,8.42407,,244,196,0.14999999,4509.371341466904,-2.3076923,,146.9515,,,2259,6.1690125,-1.6923947,400.1347,-4.2152987,-1.3875773,13.250481,2080936,-3.8958025,13935.8,0.53846157
0.14999999,1.0650376,-1.1687413,921.2101769911504,1.2083658e-10,-13.250481,84.989586,2260,-3.7349505,8.42407,,244,196,0.14999999,4512.529616594315,5.3846154,,146.9515,,,2260,6.168741,5.0890822,453.46954,-4.215741,-0.55603766,13.250481,2081935,-3.7108564,13941.355,-0.3846154
0.14999999,0.74994814,-1.168285,921.2445820433436,1.2072972e-10,-13.250481,84.95616,2261,-3.7351594,8.42407,,244,196,0.14999999,4515.652957201004,-5.3846154,,146.9515,,,2261,6.168285,-5.6854725,371.27396,-4.2161837,-0.13679396,13.250481,2082934,-4.2110076,13946.492,-0.3846154
0.14999999,1.1616706,-1.1678154,921.2789566755084,1.2062298e-10,-13.250481,84.83012,2262,-3.7352993,8.42407,,244,196,0.14999999,4518.7562074661255,-5.3846154,,146.9515,44.964718,,2262,6.167815,-5.290606,372.699,-4.2166257,-0.105996266,13.250481,2083933,-3.7754478,13951.599,0.07692308
0.14999999,0.8537944,-1.1673087,921.3133009279717,1.205164e-10,-13.250481,84.81528,2263,-3.7353952,8.42407,,244,196,0.14999999,4521.904003620148,5.3846154,,146.9515,,,2263,6.167309,5.829839,541.1368,-4.2170677,-0.021120612,13.250481,2084932,-4.062008,13956.619,0.07692308
0.14999999,0.94927514,-1.1668344,921.3476148409894,1.2040996e-10,-13.250481,84.72425,2264,-3.7355676,8.42407,,244,196,0.14999999,4525.005074739456,-2.3076923,,146.9515,,,2264,6.1668344,-3.2963123,290.2558,-4.2175097,-0.09335457,13.250481,2085931,-3.9409769,13961.713,-0.84615386
0.14999999,1.1912246,-1.1672486,921.3818984547462,1.2030367e-10,-13.250481,84.70806,2265,-3.735909,8.42407,,244,196,0.14999999,4528.1507732868195,-2.3076923,,146.9515,3.1813063e-14,,2265,6.1672487,-2.0508404,366.8853,-4.2179513,-2.105195,13.250481,2086930,-4.4288173,13968.818,0.23076923
0.14999999,1.0613718,-1.1667552,921.4161518093557,1.2019752e-10,-13.250481,84.53446,2266,-3.7359145,8.42407,,244,196,0.14999999,4531.291881084442,2.3076923,,146.9515,,,2266,6.166755,3.1695626,390.69156,-4.2183924,-0.049026858,13.250481,2087929,-3.8992538,13973.867,0.53846157
0.14999999,1.0982933,-1.1670306,921.4503749448611,1.2009148e-10,-13.250481,84.28004,2267,-3.7358358,8.42407,,244,196,0.14999999,4534.415754079819,5.3846154,,146.9515,,,2267,6.1670303,5.9126606,474.2812,-4.218834,-1.7911675,13.250481,2088928,-3.578498,13980.658,0.3846154
0.14999999,1.1685519,-1.1672475,921.4845679012345,1.199856e-10,-13.250481,84.13014,2268,-3.7360659,8.42407,,244,196,0.14999999,4537.62605381012,-5.3846154,,146.9515,,,2268,6.167248,-5.1195436,351.4191,-4.219275,-1.6589212,13.250481,2089927,-4.303655,13987.317,0.3846154
0.14999999,0.7215963,-1.1668676,921.5187307183782,1.1987987e-10,-13.250481,83.82222,2269,-3.7360544,8.42407,1.3889594e-10,244,196,0.14999999,4540.68944811821,-0.7692308,,146.9515,,,2269,6.1668677,0.19221663,1138.0795,-4.2197156,-0.30521023,13.250481,2090926,-3.831527,13992.623,1.0
0.14999999,0.9542283,-1.1683084,921.5528634361234,1.1977427e-10,-13.250481,82.81499,2270,-3.736381,8.42407,,244,196,0.14999999,4543.8322722911835,2.3076923,,146.9515,,,2270,6.1683083,1.7744372,271.95395,-4.220156,-4.43775,13.250481,2091925,-4.1035333,14002.061,-0.07692308
0.14999999,1.3523744,-1.1679937,921.5869660942316,1.1966883e-10,-13.250481,82.72001,2271,-3.7365212,8.42407,8.426174e-17,244,196,0.14999999,4546.995816707611,0.7692308,,146.9515,6.727271e-38,,2271,6.1679935,1.6866422,1747.6849,-4.220597,-0.4535075,13.250481,2092924,-3.979592,14007.514,1.0
0.14999999,0.5714569,-1.1687349,921.6210387323944,1.195635e-10,-13.250481,80.89445,2272,-3.7364776,8.42407,0.38876384,244,196,0.14999999,4550.208394050598,-0.7692308,,146.9515,1.4606018e-31,,2272,6.168735,-0.6704294,413.6754,-4.221037,-2.8520834,13.250481,2093923,-3.771355,14015.365,-0.07692308
0.14999999,1.195876,-1.1682825,921.6550813902331,1.1945832e-10,-13.250481,80.857216,2273,-3.7380788,8.42407,2.4741513e-07,244,196,0.14999999,4553.378059387207,0.7692308,,146.9515,8.8439265e-12,,2273,6.1682825,0.91237855,777.79474,-4.221306,-0.14036386,13.250481,2094922,-6.924439,14020.506,0.07692308
0.14999999,0.67781204,-1.1678307,921.6890941072999,1.1935328e-10,-13.250481,80.50398,2274,-3.7384324,8.42407,0.14971788,244,196,0.14999999,4556.617493867874,-0.7692308,,146.9515,1.174875e-18,,2274,6.1678305,-0.031440377,227.95944,-4.2217455,-0.14075668,13.250481,2095921,-4.652323,14025.646,0.23076923
0.14999999,1.062783,-1.1676191,921.723076923077,1.1924836e-10,-13.250481,80.48865,2275,-3.7401245,8.42407,,244,196,0.14999999,4559.8116981983185,2.3076923,,146.9515,,,2275,6.167619,2.2764735,386.9361,-4.2221193,-0.68658596,13.250481,2096920,-7.2491117,14031.334,-0.53846157
0.14999999,1.8606669,-1.1671631,921.7570298769772,1.191436e-10,-13.250481,80.46913,2276,-3.7399979,8.42407,9.124695e-09,244,196,0.14999999,4563.0070877075195,0.7692308,,146.9515,1.3072764e-27,,2276,6.167163,0.2699431,1196.1992,-4.222559,-0.12967303,13.250481,2097919,-3.472767,14036.463,-0.3846154
0.14999999,0.93843323,-1.1667664,921.7909530083443,1.1903897e-10,-13.250481,80.444305,2277,-3.7404883,8.42407,,244,196,0.14999999,4566.140224933624,3.8461537,,146.9515,,,2277,6.166766,3.0223656,325.30148,-4.222998,-0.26370314,13.250481,2098918,-5.5346413,14041.727,-0.6923077
0.14999999,1.0624255,-1.1667442,921.824846356453,1.1893449e-10,-13.250481,80.35239,2278,-3.7409446,8.42407,0.015067514,244,196,0.14999999,4569.279946804047,-0.7692308,,146.9515,,,2278,6.166744,-1.0770046,645.9254,-4.2234373,-1.1163003,13.250481,2099917,-4.691074,14047.844,-0.3846154
0.14999999,0.9758865,-1.1663404,921.858709960509,1.1883014e-10,-13.250481,80.29645,2279,-3.741104,8.42407,1.1644381e-08,244,196,0.14999999,4572.356291055679,0.7692308,,146.9515,2.1532163e-25,,2279,6.1663404,1.3358839,982.0065,-4.22387,-0.24642405,13.250481,2100916,-4.0972943,14053.09,0.3846154
0.14999999,0.9306964,-1.1662647,921.8925438596491,1.1872592e-10,-13.250481,80.139175,2280,-3.7412379,8.42407,,244,196,0.14999999,4575.584424734116,3.8461537,,146.9515,,,2280,6.1662645,4.851795,728.7429,-4.2243085,-0.99406594,13.250481,2101915,-3.9344027,14059.084,1.0
0.14999999,0.8216719,-1.1688011,921.9263480929417,1.1862185e-10,-13.250481,80.07844,2281,-3.7416835,8.42407,,244,196,0.14999999,4578.736891269684,-2.3076923,,146.9515,,,2281,6.1688013,-2.9139602,393.46338,-4.2247467,-6.9514313,13.250481,2102914,-4.620284,14071.035,-0.23076923
0.14999999,1.2241952,-1.1685451,921.9601226993865,1.185179e-10,-13.250481,79.936005,2282,-3.7417514,8.42407,,244,196,0.14999999,4581.837069272995,-3.8461537,,146.9515,1.2113745e-18,,2282,6.1685452,-4.562616,666.68164,-4.225185,-0.5847589,13.250481,2103913,-3.6931746,14076.62,-0.6923077
0.14999999,0.8156368,-1.1685991,921.993867717915,1.1841411e-10,-13.250481,79.86537,2283,-3.7420805,8.42407,5.265702e-12,244,196,0.14999999,4584.958405971527,0.7692308,,146.9515,,,2283,6.168599,0.18255657,332.91116,-4.225623,-1.2920845,13.250481,2104912,-4.6250744,14082.912,-0.6923077
0.14999999,1.3297466,-1.1684289,922.0275831873905,1.1831043e-10,-13.250481,79.24598,2284,-3.7422764,8.42407,8.691377e-06,244,196,0.14999999,4588.0501255989075,-0.7692308,,146.9515,2.1914634e-21,,2284,6.168429,-1.1140007,494.86792,-4.2260613,-0.7799063,13.250481,2105911,-3.975946,14088.691,-0.6923077
0.14999999,1.803993,-1.1682872,922.0612691466083,1.182069e-10,-13.250481,79.22016,2285,-3.7434618,8.42407,0.0008614128,244,196,0.14999999,4591.284588098526,-0.7692308,,146.9515,9.276602e-11,,2285,6.1682873,-0.27275735,1726.2616,-4.226499,-0.8443884,13.250481,2106910,-6.7099185,14094.536,0.53846157
0.14999999,1.1038934,-1.1684511,922.0949256342957,1.181035e-10,-13.250481,78.96017,2286,-3.7431495,8.42407,,244,196,0.14999999,4594.52808880806,3.8461537,,146.9515,,,2286,6.1684513,4.84897,703.798,-4.226936,-1.5428429,13.250481,2107909,-3.5002522,14101.079,0.6923077
0.14999999,1.3576381,-1.1687832,922.1285526891123,1.1800025e-10,-13.250481,78.92422,2287,-3.7431366,8.42407,,244,196,0.14999999,4597.62345790863,-3.8461537,,146.9515,,,2287,6.168783,-2.8269382,767.5087,-4.2273736,-1.927981,13.250481,2108908,-3.7327538,14108.007,0.6923077
0.14999999,1.193523,-1.1700064,922.1621503496503,1.1789712e-10,-13.250481,78.16699,2288,-3.7434244,8.42407,,244,196,0.14999999,4600.865008831024,-3.8461537,,146.9515,1.1479807e-11,,2288,6.1700063,-4.092467,622.3058,-4.2278104,-3.967667,13.250481,2109907,-4.6644382,14116.975,-0.23076923
0.14999999,1.0657256,-1.1696091,922.1957186544342,1.1779414e-10,-13.250481,78.143166,2289,-3.743738,8.42407,8.169348e-12,244,196,0.14999999,4604.052922964096,0.7692308,,146.9515,,,2289,6.169609,1.4238899,586.50055,-4.2282476,-0.26038682,13.250481,2110906,-4.570795,14122.235,0.6923077
0.14999999,1.1829674,-1.169721,922.2292576419214,1.1769129e-10,-13.250481,78.12569,2290,-3.7437541,8.42407,,244,196,0.14999999,4607.295986652374,3.8461537,,146.9515,,,2290,6.169721,3.7641673,776.39777,-4.2286844,-1.4260347,13.250481,2111905,-3.7861738,14128.661,-0.23076923
0.14999999,1.2227958,-1.1692135,922.2627673505019,1.1758855e-10,-13.250481,78.055374,2291,-3.7440438,8.42407,,244,196,0.14999999,4610.493324041367,-3.8461537,,146.9515,,,2291,6.1692133,-3.679926,388.28943,-4.2291207,-0.0070812725,13.250481,2112904,-4.5064015,14133.668,0.23076923
0.14999999,1.3750547,-1.1687167,922.2962478184992,1.1748597e-10,-13.250481,77.936424,2292,-3.7442667,8.42407,,244,196,0.14999999,4613.707146644592,3.8461537,,146.9515,,,2292,6.1687164,3.985598,538.129,-4.229557,-0.030745368,13.250481,2113903,-4.4281087,14138.699,0.23076923
0.14999999,0.532985,-1.1682323,922.3296990841692,1.1738352e-10,-13.250481,77.40852,2293,-3.7442496,8.42407,,244,196,0.14999999,4616.859489202499,3.8461537,,146.9515,1.13957996e-10,,2293,6.1682324,2.9378498,348.67087,-4.2299933,-0.05810679,13.250481,2114902,-3.998732,14143.757,-1.0
0.14999999,0.70883226,-1.1685318,922.176983435048,1.172812e-10,-13.250481,77.15958,2294,-3.7444787,8.42407,,244,196,0.14999999,4619.847056627274,-3.8461537,,146.9515,,,2294,6.168532,-5.074674,295.68335,-4.2304296,-1.8547246,13.250481,2115474,-3.7833917,14150.611,-1.0
0.14999999,0.7617248,-1.168969,922.2104575163398,1.1717902e-10,-13.250481,77.07424,2295,-3.7447057,8.42407,,244,196,0.14999999,4623.057810306549,5.3846154,,146.9515,,,2295,6.168969,5.327356,257.39648,-4.2308655,-2.172146,13.250481,2116473,-3.9499135,14157.784,-0.07692308
0.14999999,1.1130179,-1.1684517,922.1668118466899,1.1707697e-10,-13.250481,77.04706,2296,-3.7449462,8.42407,,244,196,0.14999999,4626.102604627609,-5.3846154,,146.9515,,,2296,6.168452,-5.6560426,370.58487,-4.231301,0.019211603,13.250481,2117295,-4.0355225,14162.765,-0.07692308
0.14999999,0.92960095,-1.1679823,922.2002612102742,1.1697505e-10,-13.250481,76.96727,2297,-3.7449076,8.42407,,244,196,0.14999999,4629.373946905136,-5.3846154,,146.9515,0.016219037,,2297,6.167982,-6.3292193,398.6133,-4.231736,-0.090595245,13.250481,2118294,-3.720856,14167.855,-0.84615386
0.14999999,0.76898897,-1.1679978,922.233681462141,1.1687329e-10,-13.250481,76.828674,2298,-3.7449455,8.42407,7.485888e-11,244,196,0.14999999,4632.595520019531,-0.7692308,,146.9515,,,2298,6.167998,-1.6429049,456.54782,-4.2321715,-1.203632,13.250481,2119293,-3.7174144,14174.059,-1.0
0.14999999,0.95543146,-1.1682818,922.2670726402783,1.1677163e-10,-13.250481,76.73168,2299,-3.7454906,8.42407,,244,196,0.14999999,4635.691071510315,5.3846154,,146.9515,,,2299,6.1682816,5.0012956,392.4961,-4.232607,-1.8209919,13.250481,2120292,-4.728501,14180.88,-0.53846157
0.14999999,0.86749387,-1.167668,922.0995652173913,1.166701e-10,-13.250481,76.385574,2300,-3.745686,8.42407,4.5412818e-17,244,196,0.14999999,4638.632956504822,0.7692308,,146.9515,,,2300,6.167668,-0.37080467,887.68304,-4.233042,0.24388808,13.250481,2120829,-4.113553,14185.637,-1.0
0.14999999,0.7569481,-1.1680465,922.1329856584094,1.1656874e-10,-13.250481,76.37773,2301,-3.7463539,8.42407,,244,196,0.14999999,4641.77340555191,-5.3846154,,146.9515,,,2301,6.1680465,-6.084901,331.47253,-4.233476,-2.0385873,13.250481,2121828,-5.0749345,14192.675,-0.53846157
0.14999999,0.71595234,-1.1679618,922.166377063423,1.1646747e-10,-13.250481,76.19426,2302,-3.7465231,8.42407,,244,196,0.14999999,4644.93820476532,5.3846154,,146.9515,,,2302,6.167962,6.3996615,349.0022,-4.2339106,-0.9734975,13.250481,2122827,-3.8690658,14198.648,0.84615386
0.14999999,1.3138446,-1.1688051,922.1997394702562,1.16366354e-10,-13.250481,75.77786,2303,-3.7466483,8.42407,,244,196,0.14999999,4648.120366573334,-5.3846154,,146.9515,,,2303,6.168805,-5.1699157,472.59302,-4.234345,-3.1100025,13.250481,2123826,-3.7244895,14206.758,0.53846157
0.14999999,0.9563611,-1.1684736,922.2330729166666,1.1626536e-10,-13.250481,75.62862,2304,-3.7465062,8.42407,,244,196,0.14999999,4651.295270442963,5.3846154,,146.9515,,,2304,6.1684737,6.0585446,248.20512,-4.2347794,-0.4050302,13.250481,2124825,-3.671262,14212.163,0.53846157
0.14999999,0.8781628,-1.1685458,922.2663774403471,1.161645e-10,-13.250481,75.33518,2305,-3.7465088,8.42407,,244,196,0.14999999,4654.4194893836975,-5.3846154,,146.9515,,,2305,6.1685457,-4.488989,334.4689,-4.2352133,-1.3350437,13.250481,2125824,-3.6775753,14218.498,0.84615386
0.14999999,1.0578135,-1.1700107,922.2996530789245,1.1606378e-10,-13.250481,75.15328,2306,-3.746682,8.42407,,244,196,0.14999999,4657.629900693893,5.3846154,,146.9515,,,2306,6.1700106,4.920692,384.47784,-4.2356467,-4.546395,13.250481,2126823,-3.9937615,14228.045,-0.84615386
0.14999999,1.4075819,-1.169531,922.1118335500651,1.1596318e-10,-13.250481,74.90612,2307,-3.7466564,8.42407,,244,196,0.14999999,4660.587514400482,6.923077,,146.9515,2.6397327e-20,,2307,6.169531,5.748946,605.4076,-4.2360806,-0.063058615,13.250481,2127312,-3.7024512,14233.107,-1.0
0.14999999,1.4663655,-1.1692963,921.8864818024264,1.1586271e-10,-13.250481,73.95764,2308,-3.746571,8.42407,2.3931221e-07,244,196,0.14999999,4663.482401371002,0.7692308,,146.9515,,,2308,6.1692963,0.93183875,787.0082,-4.2365136,-0.62805235,13.250481,2127714,-3.8624134,14238.736,-0.07692308
0.14999999,0.9749314,-1.168804,921.9198787353832,1.1576238e-10,-13.250481,73.91338,2309,-3.7463932,8.42407,,244,196,0.14999999,4666.582397937775,-3.8461537,,146.9515,,,2309,6.168804,-2.9624038,728.0146,-4.236947,-0.032927003,13.250481,2128713,-3.7055097,14243.769,1.0
0.14999999,0.6967515,-1.1706492,921.9532467532467,1.1566216e-10,-13.250481,73.22646,2310,-3.7465606,8.42407,,244,196,0.14999999,4669.81521654129,-6.923077,,146.9515,,,2310,6.170649,-5.7458105,319.25977,-4.23738,-5.430795,13.250481,2129712,-4.021908,14254.199,1.0
0.14999999,0.97314125,-1.1720064,921.9865858935526,1.1556209e-10,-13.250481,72.69571,2311,-3.746627,8.42407,1.3607683e-05,244,196,0.14999999,4673.046188116074,-0.7692308,,146.9515,,,2311,6.1720066,0.024780631,641.2947,-4.237813,-4.3072925,13.250481,2130711,-3.570554,14263.507,0.6923077
0.14999999,0.7458596,-1.1722511,922.0198961937716,1.1546214e-10,-13.250481,72.686874,2312,-3.747099,8.42407,,244,196,0.14999999,4676.246590852737,-6.923077,,146.9515,,,2312,6.172251,-7.780209,335.56622,-4.2382455,-1.7380185,13.250481,2131710,-4.7486806,14270.244,-1.0
0.14999999,0.8586805,-1.1722457,922.05317769131,1.15362324e-10,-13.250481,71.82443,2313,-3.7473354,8.42407,,244,196,0.14999999,4679.488321781158,2.3076923,,146.9515,,,2313,6.172246,1.5985035,477.43793,-4.238678,-1.1596277,13.250481,2132709,-4.0083246,14276.404,-1.0
0.14999999,1.0454959,-1.1722709,922.0864304235091,1.1526264e-10,-13.250481,71.284515,2314,-3.7474346,8.42407,,244,196,0.14999999,4682.668740510941,-3.8461537,,146.9515,,,2314,6.172271,-4.4890366,474.20883,-4.23911,-1.2305692,13.250481,2133708,-3.7923536,14282.635,-0.53846157
0.14999999,1.3817986,-1.1721089,922.1196544276457,1.1516309e-10,-13.250481,71.124695,2315,-3.7474334,8.42407,,244,196,0.14999999,4685.886093139648,3.8461537,,146.9515,,,2315,6.1721087,3.514324,642.1239,-4.239542,-0.7973467,13.250481,2134707,-3.7429848,14288.432,-0.53846157
0.14999999,0.65737456,-1.1717712,921.9987046632124,1.15063646e-10,-13.250481,71.108086,2316,-3.7471871,8.42407,,244,196,0.14999999,4688.87704205513,-2.3076923,,146.9515,,,2316,6.171771,-1.0937815,396.12943,-4.239974,-0.38980794,13.250481,2135349,-3.4904773,14293.822,1.0
0.14999999,1.184725,-1.1728982,922.031937850669,1.1496436e-10,-13.250481,71.10458,2317,-3.7473657,8.42407,,244,196,0.14999999,4692.108222484589,6.923077,,146.9515,,,2317,6.1728983,7.574329,472.80084,-4.2404056,-3.7829726,13.250481,2136348,-3.7915418,14302.605,1.0
0.14999999,1.2280891,-1.1737909,922.065142364107,1.1486519e-10,-13.250481,70.739204,2318,-3.747196,8.42407,,244,196,0.14999999,4695.250694990158,3.8461537,,146.9515,,,2318,6.173791,4.4822483,548.5072,-4.240837,-3.2424018,13.250481,2137347,-3.4758837,14310.848,0.53846157
0.14999999,1.2565804,-1.173856,922.098318240621,1.1476615e-10,-13.250481,70.627716,2319,-3.7471087,8.42407,,244,196,0.14999999,4698.439096927643,-3.8461537,,146.9515,,,2319,6.173856,-3.614994,632.046,-4.2412686,-1.3246341,13.250481,2138346,-3.7023141,14317.172,0.53846157
0.14999999,1.2449086,-1.1735686,922.1314655172414,1.1466722e-10,-13.250481,70.2288,2320,-3.7469096,8.42407,,244,196,0.14999999,4701.646394252777,3.8461537,,146.9515,,,2320,6.1735687,3.709897,634.79456,-4.2416997,-0.5072415,13.250481,2139345,-3.4663506,14322.68,-0.07692308
0.14999999,1.3391565,-1.1731412,922.1645842309349,1.1456844e-10,-13.250481,70.21582,2321,-3.7467237,8.42407,,244,196,0.14999999,4704.887120723724,-3.8461537,,146.9515,,,2321,6.1731415,-3.6475713,601.55273,-4.2421308,-0.18144442,13.250481,2140344,-3.4805079,14327.861,-0.07692308
0.14999999,0.8361066,-1.1727295,922.1976744186046,1.14469774e-10,-13.250481,69.99531,2322,-3.7465656,8.42407,,244,196,0.14999999,4708.097581386566,2.3076923,,146.9515,,,2322,6.1727295,2.9065409,544.66864,-4.2425613,-0.21712211,13.250481,2141343,-3.6402926,14333.078,1.0
0.14999999,1.3704048,-1.1745886,922.2307361170899,1.1437124e-10,-13.250481,69.423515,2323,-3.7467546,8.42407,,244,196,0.14999999,4711.32839179039,-6.923077,,146.9515,,,2323,6.1745887,-6.3568215,353.62012,-4.242992,-5.4915543,13.250481,2142342,-3.9719183,14343.569,0.53846157
0.14999999,0.7167181,-1.1744115,922.263769363167,1.1427284e-10,-13.250481,69.373726,2324,-3.746548,8.42407,,244,196,0.14999999,4714.485255718231,6.923077,,146.9515,,,2324,6.174412,6.382905,272.21188,-4.2434225,-0.7631142,13.250481,2143341,-3.5770035,14349.332,-0.23076923
0.14999999,1.1101155,-1.1740975,922.2412903225807,1.14174566e-10,-13.250481,69.200745,2325,-3.7466037,8.42407,,244,196,0.14999999,4717.657909870148,6.923077,,146.9515,0.0076820427,,2325,6.1740975,7.1834173,296.90204,-4.2438526,-0.44432575,13.250481,2144211,-3.5731573,14354.777,0.23076923
0.14999999,0.99239165,-1.1729691,922.0214961306965,1.14076415e-10,-13.250481,69.07882,2326,-3.7466068,8.42407,,244,196,0.14999999,4720.513668060303,6.923077,,146.9515,0.00583499,,2326,6.172969,6.0802803,301.93732,-4.2442827,1.4507462,13.250481,2144622,-3.828078,14358.326,-0.53846157
0.14999999,0.59783727,-1.1728204,921.8882681564246,1.1397839e-10,-13.250481,69.06758,2327,-3.746466,8.42407,0.41786286,244,196,0.14999999,4723.58225107193,-0.7692308,,146.9515,,,2327,6.1728206,-0.5043783,239.48479,-4.2447124,-0.82723397,13.250481,2145234,-3.3781698,14364.153,0.07692308
0.14999999,0.8873428,-1.1723385,921.9213917525773,1.1388048e-10,-13.250481,68.98137,2328,-3.7471023,8.42407,,244,196,0.14999999,4726.859086275101,-2.3076923,,146.9515,4.1096506e-37,,2328,6.1723385,-3.6135907,486.24692,-4.244962,-0.05063544,13.250481,2146233,-4.80688,14369.204,-1.0
0.14999999,1.1729712,-1.172869,921.9544869042508,1.1378272e-10,-13.250481,68.91852,2329,-3.747434,8.42407,,244,196,0.14999999,4730.132456541061,-6.923077,,146.9515,,,2329,6.1728687,-7.534515,348.60535,-4.245392,-2.4078543,13.250481,2147232,-4.3678327,14376.611,-0.53846157
0.14999999,0.9206901,-1.1728103,921.9875536480687,1.1368506e-10,-13.250481,68.84952,2330,-3.747291,8.42407,,244,196,0.14999999,4733.423251867294,-6.923077,,146.9515,6.398235e-07,,2330,6.1728106,-6.5070376,292.4701,-4.245821,-1.0360581,13.250481,2148231,-3.5468771,14382.648,0.23076923
0.14999999,1.1875178,-1.1724703,922.0205920205921,1.1358755e-10,-13.250481,68.78283,2331,-3.747274,8.42407,,244,196,0.14999999,4736.600646495819,6.923077,,146.9515,,,2331,6.17247,7.2069664,350.80164,-4.24625,-0.3803239,13.250481,2149230,-3.6041386,14388.028,0.53846157
0.14999999,0.9403548,-1.1724058,922.053602058319,1.1349014e-10,-13.250481,68.78232,2332,-3.7470024,8.42407,0.13271038,244,196,0.14999999,4739.788533449173,-0.7692308,,146.9515,,,2332,6.1724057,-1.3964924,504.53326,-4.2466793,-1.0221975,13.250481,2150229,-3.2543123,14394.051,-0.23076923
0.14999999,1.0406376,-1.1721096,922.0865837976854,1.1339288e-10,-13.250481,68.77383,2333,-3.7469246,8.42407,9.307259e-08,244,196,0.14999999,4743.01947927475,0.7692308,,146.9515,4.0222802e-31,,2333,6.1721096,1.3247086,564.4063,-4.247051,-0.48107657,13.250481,2151228,-3.4534988,14399.531,0.23076923
0.14999999,0.7973982,-1.1718308,922.1195372750643,1.1329573e-10,-13.250481,68.73199,2334,-3.746808,8.42407,,244,196,0.14999999,4746.131801366806,-6.923077,,146.9515,,,2334,6.1718307,-7.1839786,270.3806,-4.2474794,-0.5214097,13.250481,2152227,-3.4558127,14405.053,-0.23076923
0.14999999,1.7169011,-1.1714777,922.1524625267666,1.1319871e-10,-13.250481,68.650795,2335,-3.7467697,8.42407,8.053716e-08,244,196,0.14999999,4749.455674171448,0.7692308,,146.9515,,,2335,6.171478,0.09853572,694.7595,-4.247908,-0.34737512,13.250481,2153226,-3.4331923,14410.4,-0.23076923
0.14999999,0.9326839,-1.1711879,922.1853595890411,1.1310181e-10,-13.250481,68.28297,2336,-3.7473783,8.42407,,244,196,0.14999999,4752.735991716385,-2.3076923,,146.9515,,,2336,6.171188,-1.9852939,331.62622,-4.248336,-0.49469402,13.250481,2154225,-5.758708,14415.895,0.3846154
0.14999999,1.5943285,-1.170969,922.2182284980745,1.1300504e-10,-13.250481,68.16174,2337,-3.7473624,8.42407,3.8017056e-10,244,196,0.14999999,4755.879917144775,0.7692308,,146.9515,,,2337,6.170969,0.03382945,771.03937,-4.248764,-0.6596448,13.250481,2155224,-3.6171405,14421.555,-0.53846157
0.14999999,1.0879322,-1.1708088,922.2510692899914,1.1290839e-10,-13.250481,68.107834,2338,-3.7476025,8.42407,0.01970409,244,196,0.14999999,4759.0689244270325,-0.7692308,,146.9515,2.4851328e-26,,2338,6.170809,-0.46348605,821.26276,-4.2491918,-0.79630256,13.250481,2156223,-4.7926497,14427.351,0.3846154
0.14999999,0.98339134,-1.1706312,922.2838820008551,1.1281187e-10,-13.250481,68.102394,2339,-3.7474544,8.42407,,244,196,0.14999999,4762.273126363754,2.3076923,,146.9515,,,2339,6.1706314,2.5313954,325.3488,-4.249611,-0.75536156,13.250481,2157222,-3.4163208,14433.106,0.3846154
0.14999999,1.4649218,-1.1702315,922.3166666666667,1.12715476e-10,-13.250481,67.9563,2340,-3.747541,8.42407,0.00062802056,244,196,0.14999999,4765.405964612961,-0.7692308,,146.9515,,,2340,6.1702313,-1.3914136,862.80945,-4.2500386,-0.2353377,13.250481,2158221,-3.9001708,14438.342,-0.53846157
0.14999999,0.9478173,-1.1699914,922.3494233233661,1.126192e-10,-13.250481,67.89169,2341,-3.7472851,8.42407,5.3478344e-10,244,196,0.14999999,4768.584059238434,0.7692308,,146.9515,3.8138515e-35,,2341,6.1699915,1.3514187,326.03647,-4.2504654,-0.607956,13.250481,2159220,-3.5208514,14443.949,0.53846157
0.14999999,0.732511,-1.1696575,922.3821520068318,1.1252304e-10,-13.250481,67.55404,2342,-3.7471745,8.42407,,244,196,0.14999999,4771.858132123947,-5.3846154,,146.9515,,,2342,6.1696577,-6.5852704,620.446,-4.2508926,-0.3882094,13.250481,2160219,-3.3954737,14449.338,-1.0
0.14999999,1.1044378,-1.1700331,922.414852752881,1.1242702e-10,-13.250481,67.074646,2343,-3.747418,8.42407,,244,196,0.14999999,4775.224863290787,-2.3076923,,146.9515,,,2343,6.170033,-2.57251,313.1192,-4.2513194,-2.0495932,13.250481,2161218,-4.0117445,14456.388,-0.3846154
0.14999999,0.71598864,-1.1696295,922.4475255972696,1.123311e-10,-13.250481,67.05073,2344,-3.7474194,8.42407,7.527378e-08,244,196,0.14999999,4778.44787311554,-0.7692308,,146.9515,1.0674619e-32,,2344,6.1696296,0.31661487,318.6663,-4.251746,-0.22375548,13.250481,2162217,-3.8158152,14461.611,0.84615386
0.14999999,1.1362514,-1.1710775,922.4801705756929,1.12235325e-10,-13.250481,67.00564,2345,-3.7479465,8.42407,,244,196,0.14999999,4781.644917488098,2.3076923,,146.9515,,,2345,6.1710777,2.2446337,357.16562,-4.252173,-4.565416,13.250481,2163216,-4.675039,14471.177,-0.23076923
0.14999999,1.0074406,-1.1706086,922.5127877237852,1.1213966e-10,-13.250481,66.8392,2346,-3.7478354,8.42407,,244,196,0.14999999,4784.923626422882,-2.3076923,,146.9515,,,2346,6.1706085,-3.108427,353.50818,-4.2525992,-0.07107231,13.250481,2164215,-3.5860755,14476.248,-0.6923077
0.14999999,0.78868645,-1.1704102,922.5453770771197,1.1204412e-10,-13.250481,66.520454,2347,-3.7477293,8.42407,,244,196,0.14999999,4788.170791864395,3.8461537,,146.9515,,,2347,6.17041,3.2755218,396.9597,-4.253025,-0.7047835,13.250481,2165214,-3.474677,14481.953,-0.84615386
0.14999999,0.9806586,-1.1704091,922.5779386712095,1.1194871e-10,-13.250481,66.44393,2348,-3.7477384,8.42407,,244,196,0.14999999,4791.392272472382,2.3076923,,146.9515,5.9771648e-27,,2348,6.170409,1.5991688,273.86954,-4.2534513,-1.1679767,13.250481,2166213,-3.5289304,14488.121,-0.6923077
0.14999999,1.0647664,-1.1703346,922.6104725415071,1.1185341e-10,-13.250481,66.24255,2349,-3.747787,8.42407,,244,196,0.14999999,4794.61758351326,-2.3076923,,146.9515,,,2349,6.170335,-2.267144,300.38193,-4.253877,-0.9955431,13.250481,2167212,-3.8110619,14494.116,0.07692308
0.14999999,0.8191133,-1.169838,922.6429787234042,1.11758235e-10,-13.250481,66.16396,2350,-3.7478108,8.42407,,244,196,0.14999999,4797.86364197731,-2.3076923,,146.9515,0.0027008639,,2350,6.169838,-1.7418008,326.42444,-4.2543025,-0.003199037,13.250481,2168211,-3.8337536,14499.119,0.6923077
0.14999999,1.1327341,-1.1699535,922.6754572522331,1.1166318e-10,-13.250481,66.08979,2351,-3.7478766,8.42407,,244,196,0.14999999,4801.124245882034,-3.8461537,,146.9515,,,2351,6.1699533,-4.940797,519.9302,-4.254728,-1.4412392,13.250481,2169210,-3.6919072,14505.561,-0.84615386
0.14999999,0.8403949,-1.1705519,922.7079081632653,1.1156825e-10,-13.250481,66.08156,2352,-3.7487993,8.42407,,244,196,0.14999999,4804.420576572418,2.3076923,,146.9515,,,2352,6.170552,2.4910278,324.24918,-4.255153,-2.5773735,13.250481,2170209,-5.9874225,14513.138,0.07692308
0.14999999,0.8010506,-1.1700631,922.7403314917127,1.11473455e-10,-13.250481,66.00362,2353,-3.7487848,8.42407,,244,196,0.14999999,4807.597790956497,3.8461537,,146.9515,7.434202e-24,,2353,6.170063,4.822783,441.05875,-4.2555785,-0.020579949,13.250481,2171208,-3.5335763,14518.158,0.84615386
0.14999999,0.98372763,-1.171789,922.7727272727273,1.1137876e-10,-13.250481,65.82663,2354,-3.7492948,8.42407,,244,196,0.14999999,4810.803248167038,2.3076923,,146.9515,7.464567e-20,,2354,6.171789,3.290299,328.95825,-4.2560034,-5.233023,13.250481,2172207,-4.7150908,14528.392,0.6923077
0.14999999,0.9336253,-1.1732044,922.8050955414013,1.1128419e-10,-13.250481,65.764496,2355,-3.7494187,8.42407,2.6885109e-14,244,196,0.14999999,4813.979044675827,0.7692308,,146.9515,,,2355,6.1732044,-0.25618464,426.93207,-4.2564282,-4.5051956,13.250481,2173206,-3.9968626,14537.896,-0.84615386
0.14999999,1.2221744,-1.1732397,922.8374363327674,1.1118974e-10,-13.250481,65.763214,2356,-3.7504444,8.42407,,244,196,0.14999999,4817.1180510520935,3.8461537,,146.9515,,,2356,6.1732397,3.9893954,575.118,-4.2568526,-1.2561549,13.250481,2174205,-6.06253,14544.152,0.07692308
0.14999999,1.3391901,-1.1728278,922.8697496817989,1.1109541e-10,-13.250481,65.76411,2357,-3.7506459,8.42407,,244,196,0.14999999,4820.328004360199,-3.8461537,,146.9515,,,2357,6.1728277,-3.9487653,492.02298,-4.257277,-0.20236401,13.250481,2175204,-4.3779507,14549.355,0.07692308
0.14999999,1.083404,-1.1723329,922.9020356234097,1.1100121e-10,-13.250481,65.593636,2358,-3.7504547,8.42407,4.5897395e-14,244,196,0.14999999,4823.58601307869,0.7692308,,146.9515,,,2358,6.172333,1.4699737,606.4084,-4.257701,-0.005581067,13.250481,2176203,-3.5736473,14554.361,0.84615386
0.14999999,1.2862228,-1.1727959,922.9342941924544,1.1090711e-10,-13.250481,65.43398,2359,-3.7505825,8.42407,4.4431484e-08,244,196,0.14999999,4826.825958490372,-0.7692308,,146.9515,,,2359,6.172796,-1.4632344,554.1906,-4.2581253,-2.2647417,13.250481,2177202,-4.070333,14561.625,-0.84615386
0.14999999,0.6034833,-1.1729761,922.9665254237289,1.1081314e-10,-13.250481,64.991264,2360,-3.7512388,8.42407,,244,196,0.14999999,4830.093488454819,5.3846154,,146.9515,,,2360,6.172976,6.448987,409.4619,-4.2585487,-1.5980321,13.250481,2178201,-5.518405,14568.224,1.0
0.14999999,1.0294299,-1.1755165,922.9987293519695,1.10719295e-10,-13.250481,64.93441,2361,-3.751597,8.42407,,244,196,0.14999999,4833.262494087219,6.923077,,146.9515,,,2361,6.1755166,6.2978497,320.57684,-4.2589726,-7.1711383,13.250481,2179200,-4.1736884,14580.395,-0.84615386
0.14999999,0.93936735,-1.1754261,922.8653683319221,1.1062557e-10,-13.250481,64.85977,2362,-3.751622,8.42407,,244,196,0.14999999,4836.32276058197,-3.8461537,,146.9515,,,2362,6.175426,-3.0610633,482.11612,-4.259396,-0.96186674,13.250481,2179808,-3.808728,14586.356,0.84615386
0.14999999,0.7152098,-1.175675,922.8975878121032,1.1053196e-10,-13.250481,64.649055,2363,-3.7519338,8.42407,,244,196,0.14999999,4839.683958053589,5.3846154,,146.9515,,,2363,6.175675,4.1402884,235.97897,-4.2598195,-1.7635449,13.250481,2180807,-4.381328,14593.12,-1.0
0.14999999,0.7494142,-1.176001,922.8819796954315,1.10438464e-10,-13.250481,64.639465,2364,-3.7521498,8.42407,,244,196,0.14999999,4842.8089854717255,-6.923077,,146.9515,,,2364,6.176001,-6.102796,240.77672,-4.2602425,-1.9460815,13.250481,2181693,-3.9583185,14600.066,0.84615386
0.14999999,0.82609826,-1.1766554,922.9141649048626,1.1034508e-10,-13.250481,64.42947,2365,-3.752278,8.42407,,244,196,0.14999999,4845.878061771393,6.923077,,146.9515,,,2365,6.1766553,6.6257415,291.0953,-4.2606654,-2.723805,13.250481,2182692,-3.784678,14607.79,-0.07692308
0.14999999,0.7284046,-1.1760827,922.7802197802198,1.1025183e-10,-13.250481,64.35073,2366,-3.7521484,8.42407,,244,196,0.14999999,4848.8476848602295,-6.923077,,146.9515,,,2366,6.1760826,-6.796751,245.54178,-4.261088,0.17808537,13.250481,2183298,-3.2508311,14612.611,-0.07692308
0.14999999,1.0528682,-1.1755958,922.8124207858048,1.10158695e-10,-13.250481,64.22372,2367,-3.752057,8.42407,,244,196,0.14999999,4851.9367134571075,-3.8461537,,146.9515,,,2367,6.1755958,-4.465077,485.16025,-4.261511,-0.023396846,13.250481,2184297,-3.2484953,14617.635,-0.3846154
0.14999999,1.156368,-1.1753483,922.8445945945946,1.10065665e-10,-13.250481,64.1863,2368,-3.751948,8.42407,,244,196,0.14999999,4855.222293376923,-6.923077,,146.9515,,,2368,6.1753483,-7.1647677,336.52252,-4.261933,-0.58943725,13.250481,2185296,-3.4934828,14623.225,-0.84615386
0.14999999,1.222426,-1.1751664,922.87674124103,1.0997276e-10,-13.250481,64.10015,2369,-3.7517107,8.42407,,244,196,0.14999999,4858.372455120087,3.8461537,,146.9515,,,2369,6.175166,3.6442876,419.74347,-4.2623553,-0.7446218,13.250481,2186295,-3.2965846,14628.969,-0.3846154
0.14999999,1.199803,-1.1747398,922.7620253164557,1.0987998e-10,-13.250481,63.924473,2370,-3.7515056,8.42407,,244,196,0.14999999,4861.399339675903,-3.8461537,,146.9515,,,2370,6.17474,-3.5125601,427.3714,-4.2627773,-0.16410394,13.250481,2186946,-3.4421113,14634.133,0.3846154
0.14999999,1.4017091,-1.1744002,922.7941796710248,1.0978731e-10,-13.250481,63.803894,2371,-3.7514334,8.42407,,244,196,0.14999999,4864.581508398056,3.8461537,,146.9515,,,2371,6.1744003,4.3076363,467.0582,-4.2631993,-0.36958405,13.250481,2187945,-3.733663,14639.503,0.3846154
0.14999999,1.1345385,-1.1742098,922.8263069139966,1.0969476e-10,-13.250481,63.75895,2372,-3.7513232,8.42407,,244,196,0.14999999,4867.774581193924,5.3846154,,146.9515,7.055948e-26,,2372,6.1742096,5.138928,397.164,-4.263621,-0.722988,13.250481,2188944,-3.818555,14645.226,-0.23076923
0.14999999,0.93414694,-1.1738557,922.7880320269701,1.09602334e-10,-13.250481,63.68415,2373,-3.7512476,8.42407,,244,196,0.14999999,4871.047262907028,-5.3846154,,146.9515,,,2373,6.173856,-5.8087554,305.28253,-4.2640424,-0.33378416,13.250481,2189776,-3.6570842,14650.56,-0.23076923
0.14999999,1.106584,-1.1735502,922.8201347935973,1.0951002e-10,-13.250481,63.535583,2374,-3.7513776,8.42407,,244,196,0.14999999,4874.27800321579,-5.3846154,,146.9515,0.014554888,,2374,6.17355,-4.7432637,314.41125,-4.2644634,-0.44847682,13.250481,2190775,-3.9598022,14656.008,0.23076923
0.14999999,1.0053805,-1.173194,922.8522105263158,1.0941781e-10,-13.250481,63.534004,2375,-3.7511957,8.42407,,244,196,0.14999999,4877.556389331818,5.3846154,,146.9515,,,2375,6.173194,5.5671787,364.97815,-4.264885,-0.32766056,13.250481,2191774,-3.3896632,14661.336,0.23076923
0.14999999,1.0535529,-1.1728803,922.8842592592592,1.0932573e-10,-13.250481,63.37666,2376,-3.751327,8.42407,,244,196,0.14999999,4880.719086408615,6.923077,,146.9515,2.460069e-28,,2376,6.17288,8.214745,355.80286,-4.2653055,-0.42770883,13.250481,2192773,-4.030818,14666.764,0.84615386
0.14999999,1.0663621,-1.1740776,922.916281026504,1.0923377e-10,-13.250481,63.340183,2377,-3.751525,8.42407,,244,196,0.14999999,4883.93380522728,-5.3846154,,146.9515,,,2377,6.1740775,-4.313887,733.9054,-4.2657266,-4.01883,13.250481,2193772,-4.2394047,14675.782,1.0
0.14999999,0.98116505,-1.1754673,922.948275862069,1.0914191e-10,-13.250481,62.848507,2378,-3.7517326,8.42407,,244,196,0.14999999,4887.152059078217,5.3846154,,146.9515,,,2378,6.1754675,4.813978,348.45746,-4.266147,-4.4787784,13.250481,2194771,-4.2428546,14685.262,-0.6923077
0.14999999,1.0516424,-1.1753095,922.9802437999159,1.0905018e-10,-13.250481,62.818264,2379,-3.7517483,8.42407,,244,196,0.14999999,4890.28524518013,2.3076923,,146.9515,,,2379,6.1753097,2.150259,253.11441,-4.2665677,-0.8003764,13.250481,2195770,-3.7361953,14691.062,-0.3846154
0.14999999,1.765635,-1.1748226,923.0121848739495,1.0895855e-10,-13.250481,62.580887,2380,-3.7517562,8.42407,,244,196,0.14999999,4893.575320959091,8.461538,,146.9515,,,2380,6.174823,7.9642096,1045.833,-4.266988,-0.016045773,13.250481,2196769,-3.7982583,14696.078,-0.6923077
0.14999999,1.0458466,-1.1743591,922.8236035279294,1.08867054e-10,-13.250481,62.519726,2381,-3.7518928,8.42407,,244,196,0.14999999,4896.507579088211,-5.3846154,,146.9515,,,2381,6.1743593,-6.475434,383.9403,-4.267408,-0.07117712,13.250481,2197243,-4.690498,14701.148,-0.6923077
0.14999999,1.4671335,-1.1746265,922.855583543241,1.0877566e-10,-13.250481,62.084057,2382,-3.751904,8.42407,,244,196,0.14999999,4899.648572206497,-8.461538,,146.9515,,,2382,6.1746264,-7.364684,1646.4832,-4.267828,-1.8111992,13.250481,2198242,-3.7779045,14707.96,1.0
0.14999999,0.8489592,-1.1763151,922.8875367184222,1.08684395e-10,-13.250481,61.95422,2383,-3.7519965,8.42407,,244,196,0.14999999,4902.9663281440735,-2.3076923,,146.9515,,,2383,6.1763153,-2.1240048,282.743,-4.2682476,-5.1987014,13.250481,2199241,-4.203308,14718.158,-0.07692308
0.14999999,1.169264,-1.1758215,922.9194630872483,1.0859324e-10,-13.250481,61.881508,2384,-3.752022,8.42407,,244,196,0.14999999,4906.172742128372,-5.3846154,,146.9515,,,2384,6.1758213,-5.1036105,388.99808,-4.268667,-2.921393e-05,13.250481,2200240,-3.6424427,14723.158,0.53846157
0.14999999,0.7113197,-1.1754779,922.9513626834381,1.08502186e-10,-13.250481,61.878498,2385,-3.7519336,8.42407,,244,196,0.14999999,4909.453829050064,-8.461538,,146.9515,,,2385,6.175478,-8.270095,247.96204,-4.2690864,-0.35585284,13.250481,2201239,-3.6656451,14728.515,-0.07692308
0.14999999,0.9912586,-1.1749865,922.9832355406538,1.0841126e-10,-13.250481,61.79118,2386,-3.751783,8.42407,,244,196,0.14999999,4912.750482797623,5.3846154,,146.9515,,,2386,6.1749864,5.9194946,229.63849,-4.2695055,-0.0032875023,13.250481,2202238,-3.0861666,14733.518,0.53846157
0.14999999,0.8950525,-1.1753464,923.0150816925011,1.08320436e-10,-13.250481,61.567127,2387,-3.7519155,8.42407,,244,196,0.14999999,4916.024194955826,8.461538,,146.9515,,,2387,6.1753464,8.510059,373.43353,-4.2699246,-2.0339582,13.250481,2203237,-4.0314612,14740.552,0.3846154
0.14999999,0.90516305,-1.1734616,922.7667504187605,1.0822974e-10,-13.250481,61.564648,2388,-3.751677,8.42407,,244,196,0.14999999,4918.868510484695,-8.461538,,146.9515,,,2388,6.1734614,-8.460213,347.7437,-4.2703433,3.3256614,13.250481,2203567,-3.0471025,14742.227,0.23076923
0.14999999,0.8361503,-1.1729815,922.7986605274174,1.0813916e-10,-13.250481,61.389576,2389,-3.7520063,8.42407,,244,196,0.14999999,4922.105339765549,-8.461538,,146.9515,2.545193,,2389,6.1729813,-8.730799,375.3684,-4.270762,-0.026859203,13.250481,2204566,-4.413305,14747.253,-0.3846154
0.14999999,0.9891326,-1.1726207,922.8305439330544,1.08048674e-10,-13.250481,61.19214,2390,-3.7518966,8.42407,,244,196,0.14999999,4925.387123823166,6.923077,,146.9515,,,2390,6.172621,6.80414,274.38297,-4.2711806,-0.3106189,13.250481,2205565,-3.2945902,14752.563,0.3846154
0.14999999,1.0935451,-1.1720952,922.7340025094103,1.0795831e-10,-13.250481,61.149883,2391,-3.7517188,8.42407,,244,196,0.14999999,4928.450096607208,8.461538,,146.9515,1.6654328e-32,,2391,6.1720953,9.170496,1192.3905,-4.271599,0.084020115,13.250481,2206257,-3.292817,14757.4795,0.84615386
0.14999999,1.3353279,-1.1732262,922.7658862876254,1.0786807e-10,-13.250481,61.04792,2392,-3.7515588,8.42407,,244,196,0.14999999,4931.690078496933,-6.923077,,146.9515,,,2392,6.1732264,-6.368115,303.23904,-4.272017,-3.8774633,13.250481,2207256,-3.3476605,14766.357,0.3846154
0.14999999,0.8055146,-1.1733725,922.7977434183034,1.0777793e-10,-13.250481,60.979378,2393,-3.7515109,8.42407,,244,196,0.14999999,4934.996560335159,-8.461538,,146.9515,2.8097586e-18,,2393,6.1733723,-8.056532,414.46814,-4.272435,-1.5230939,13.250481,2208255,-3.9227438,14772.881,0.53846157
0.14999999,3.130119,-1.1732395,922.8295739348371,1.07687914e-10,-13.250481,60.858265,2394,-3.7518854,8.42407,,244,196,0.14999999,4938.309517383575,-8.461538,,146.9515,6.9090235e-20,,2394,6.1732397,-9.439937,5891.1343,-4.272853,-0.8549805,13.250481,2209254,-4.424014,14778.735,-1.0
0.14999999,1.1208024,-1.1737056,922.8613778705637,1.0759801e-10,-13.250481,60.841446,2395,-3.7515967,8.42407,,244,196,0.14999999,4941.573740243912,6.923077,,146.9515,,,2395,6.1737056,6.959538,278.622,-4.2732706,-2.2897873,13.250481,2210253,-3.9421022,14786.025,0.07692308
0.14999999,0.8899898,-1.173216,922.8931552587646,1.0750821e-10,-13.250481,60.82116,2396,-3.7515092,8.42407,8.885634e-17,244,196,0.14999999,4944.816143989563,0.7692308,,146.9515,,,2396,6.173216,2.0021186,778.25775,-4.273688,-0.0005230087,13.250481,2211252,-3.6294847,14791.025,1.0
0.14999999,0.8337106,-1.176102,922.9249061326658,1.0741853e-10,-13.250481,60.79313,2397,-3.7519588,8.42407,,244,196,0.14999999,4948.076570749283,6.923077,,146.9515,,,2397,6.176102,6.693232,272.85345,-4.274105,-8.091169,13.250481,2212251,-4.6600294,14804.117,-0.3846154
0.14999999,0.69980055,-1.175735,922.8448707256047,1.0732895e-10,-13.250481,60.746662,2398,-3.7520378,8.42407,,244,196,0.14999999,4951.169343948364,-6.923077,,146.9515,,,2398,6.175735,-6.8914924,226.05649,-4.2745223,-0.29593793,13.250481,2212982,-3.750256,14809.412,0.07692308
0.14999999,1.1197658,-1.1752745,922.8766152563568,1.0723949e-10,-13.250481,60.464703,2399,-3.7521584,8.42407,,244,196,0.14999999,4954.378454208374,-8.461538,,146.9515,1.7228876e-24,,2399,6.1752744,-8.775791,922.72,-4.274939,-0.07086042,13.250481,2213981,-3.7281637,14814.483,-0.6923077
0.14999999,0.91979754,-1.1749904,922.9083333333333,1.0715014e-10,-13.250481,60.32382,2400,-3.7518914,8.42407,,244,196,0.14999999,4957.671396017075,-6.923077,,146.9515,1.9028112e-17,,2400,6.1749907,-7.6103716,267.24524,-4.275356,-0.49372897,13.250481,2214980,-3.1486704,14819.977,-0.3846154
0.14999999,1.2711427,-1.1747398,922.9400249895876,1.070609e-10,-13.250481,60.161762,2401,-3.7519767,8.42407,,244,196,0.14999999,4961.000769376755,-6.923077,,146.9515,73.61467,,2401,6.17474,-7.6225533,304.4584,-4.2757726,-0.5732523,13.250481,2215979,-3.8538942,14825.551,-0.6923077
0.14999999,0.7496528,-1.174564,922.9716902581182,1.06971786e-10,-13.250481,60.09343,2402,-3.751895,8.42407,,244,196,0.14999999,4964.219997406006,8.461538,,146.9515,,,2402,6.174564,7.8453827,185.11414,-4.276189,-0.7524111,13.250481,2216978,-3.7806308,14831.303,-0.3846154
0.14999999,0.9987337,-1.174025,922.7898460258011,1.06882767e-10,-13.250481,59.95038,2403,-3.7517362,8.42407,,244,196,0.14999999,4967.069519519806,2.3076923,,146.9515,,,2403,6.174025,2.5063224,302.78738,-4.276605,0.120530315,13.250481,2217464,-3.1043468,14836.182,0.23076923
0.14999999,1.0153655,-1.1736865,922.8215474209651,1.06793865e-10,-13.250481,59.943665,2404,-3.7517495,8.42407,,244,196,0.14999999,4970.28896355629,6.923077,,146.9515,,,2404,6.1736865,6.51734,295.34784,-4.2770214,-0.36006987,13.250481,2218463,-3.7479098,14841.543,-0.6923077
0.14999999,0.85547954,-1.1733178,922.6656964656964,1.06705075e-10,-13.250481,59.92828,2405,-3.751746,8.42407,,244,196,0.14999999,4973.231201171875,5.3846154,,146.9515,2.6654959e-27,,2405,6.173318,5.2429733,340.776,-4.277437,-0.28696012,13.250481,2219011,-3.7261276,14846.829,-0.07692308
0.14999999,0.9265144,-1.1728499,922.6974231088944,1.06616396e-10,-13.250481,59.903027,2406,-3.7518103,8.42407,,244,196,0.14999999,4976.499759912491,2.3076923,,146.9515,,,2406,6.1728497,1.381041,315.21347,-4.277853,-0.047387004,13.250481,2220010,-3.736516,14851.877,-0.84615386
0.14999999,1.020239,-1.1728154,922.7291233901121,1.0652782e-10,-13.250481,59.879623,2407,-3.7518144,8.42407,,244,196,0.14999999,4979.776193618774,-5.3846154,,146.9515,,,2407,6.1728153,-5.6893334,306.18536,-4.2782683,-1.0899602,13.250481,2221009,-3.6586387,14857.967,-0.07692308
0.14999999,1.1313034,-1.1723553,922.7607973421927,1.06439385e-10,-13.250481,59.869564,2408,-3.7517536,8.42407,,244,196,0.14999999,4983.090231657028,-6.923077,,146.9515,3.7692815e-24,,2408,6.172355,-6.4032593,292.40747,-4.2786837,-0.06481661,13.250481,2222008,-3.587282,14863.031,0.6923077
0.14999999,1.136036,-1.172384,922.7924449979245,1.06351025e-10,-13.250481,59.85617,2409,-3.7517292,8.42407,,244,196,0.14999999,4986.353098392487,-2.3076923,,146.9515,,,2409,6.1723843,-2.1684313,281.43597,-4.279099,-1.2417054,13.250481,2223007,-3.7851295,14869.273,0.23076923
0.14999999,1.1307775,-1.1721808,922.8240663900415,1.0626279e-10,-13.250481,59.73819,2410,-3.751608,8.42407,,244,196,0.14999999,4989.655644416809,-2.3076923,,146.9515,8.095743e-09,,2410,6.1721807,-3.24809,292.68674,-4.279514,-0.6822836,13.250481,2224006,-3.5630133,14874.955,-0.53846157
0.14999999,0.96884215,-1.1720703,922.8556615512235,1.0617465e-10,-13.250481,59.71568,2411,-3.7514663,8.42407,1.4751621e-10,244,196,0.14999999,4992.901877641678,-0.7692308,,146.9515,,,2411,6.1720705,0.29260218,759.5193,-4.2799287,-0.90601206,13.250481,2225005,-3.5061908,14880.861,1.0
0.14999999,1.1426451,-1.1740887,922.8872305140961,1.0608664e-10,-13.250481,59.69379,2412,-3.7517276,8.42407,,244,196,0.14999999,4996.100298166275,5.3846154,,146.9515,,,2412,6.1740885,4.6174717,307.17188,-4.2803435,-6.0401416,13.250481,2226004,-4.263713,14891.902,-0.3846154
0.14999999,0.5756028,-1.1738585,922.706174886034,1.05998724e-10,-13.250481,59.656876,2413,-3.7517054,8.42407,,244,196,0.14999999,4999.168372869492,3.8461537,,146.9515,1.80377e-21,,2413,6.1738586,2.8212647,301.07526,-4.280758,-0.6187246,13.250481,2226490,-3.799431,14897.5205,-1.0
0.14999999,0.8496898,-1.1741627,922.5513670256835,1.05910926e-10,-13.250481,59.616943,2414,-3.7519827,8.42407,,244,196,0.14999999,5002.22682261467,-5.3846154,,146.9515,,,2414,6.174163,-5.5744,329.42258,-4.2811723,-1.9086323,13.250481,2227039,-3.9781845,14904.429,-0.3846154
0.14999999,0.8108695,-1.1737406,922.5830227743271,1.0582323e-10,-13.250481,59.455982,2415,-3.7520802,8.42407,,244,196,0.14999999,5005.486118793488,-2.3076923,,146.9515,,,2415,6.1737404,-1.3001323,300.08716,-4.2815866,-0.15452948,13.250481,2228038,-3.811156,14909.584,0.53846157
0.14999999,1.0559962,-1.1739417,922.6146523178808,1.0573565e-10,-13.250481,59.360176,2416,-3.752106,8.42407,,244,196,0.14999999,5008.79154586792,6.923077,,146.9515,,,2416,6.1739416,7.627575,275.55304,-4.2820005,-1.6596836,13.250481,2229037,-3.6047966,14916.243,0.6923077
0.14999999,0.95625347,-1.1742527,922.6462556888705,1.0564817e-10,-13.250481,59.26931,2417,-3.7520688,8.42407,,244,196,0.14999999,5012.1380615234375,2.3076923,,146.9515,,,2417,6.1742525,2.3153584,287.88593,-4.2824144,-1.9256421,13.250481,2230036,-3.6864903,14923.169,0.53846157
0.14999999,0.8882514,-1.1738945,922.6778329197684,1.055608e-10,-13.250481,59.168777,2418,-3.752004,8.42407,,244,196,0.14999999,5015.412838220596,-2.3076923,,146.9515,,,2418,6.1738944,-2.8542657,238.58775,-4.282828,-0.30834746,13.250481,2231035,-3.5266016,14928.477,-0.84615386
0.14999999,1.0483341,-1.1738027,922.709384042993,1.0547355e-10,-13.250481,59.145145,2419,-3.7520685,8.42407,,244,196,0.14999999,5018.666697740555,2.3076923,,146.9515,,,2419,6.173803,2.5922556,274.94968,-4.2832417,-0.9514271,13.250481,2232034,-3.7755675,14934.429,-0.07692308
0.14999999,0.6059354,-1.1733203,922.7409090909091,1.053864e-10,-13.250481,58.913486,2420,-3.7519276,8.42407,,244,196,0.14999999,5021.943895578384,-2.3076923,,146.9515,,,2420,6.1733203,-1.3388009,345.1919,-4.2836547,-0.0063992348,13.250481,2233033,-3.4300785,14939.436,1.0
0.14999999,1.0866344,-1.1745791,922.7724080958282,1.0529935e-10,-13.250481,58.71496,2421,-3.7521386,8.42407,7.8846416e-11,244,196,0.14999999,5025.300204992294,-0.7692308,,146.9515,,,2421,6.174579,-1.7739468,567.15894,-4.284068,-4.22113,13.250481,2234032,-3.8523953,14948.656,-1.0
0.14999999,1.0288024,-1.1748625,922.8038810900083,1.0521243e-10,-13.250481,58.593517,2422,-3.7521422,8.42407,,244,196,0.14999999,5028.497662305832,-3.8461537,,146.9515,,,2422,6.1748624,-4.9154224,841.7047,-4.284481,-1.8605754,13.250481,2235031,-3.7771697,14955.517,-1.0
0.14999999,0.9834383,-1.1752243,922.8353281056542,1.05125596e-10,-13.250481,58.57052,2423,-3.7522533,8.42407,,244,196,0.14999999,5031.742030143738,-5.3846154,,146.9515,,,2423,6.1752243,-4.5625663,354.1253,-4.2848935,-2.051831,13.250481,2236030,-3.980013,14962.568,0.6923077
0.14999999,1.0766728,-1.1753113,922.8667491749175,1.05038866e-10,-13.250481,58.494534,2424,-3.7523077,8.42407,4.7849447e-17,244,196,0.14999999,5035.058521270752,0.7692308,,146.9515,,,2424,6.175311,-0.10926038,729.8839,-4.2853065,-1.3858949,13.250481,2237029,-3.8336146,14968.955,-1.0
0.14999999,0.6707127,-1.1754694,922.8981443298969,1.0495226e-10,-13.250481,58.449284,2425,-3.7523131,8.42407,0.41474092,244,196,0.14999999,5038.361133575439,-0.7692308,,146.9515,1.0392581e-27,,2425,6.1754694,-0.66935617,304.39133,-4.285719,-1.5584855,13.250481,2238028,-3.7616842,14975.514,-0.07692308
0.14999999,1.2639536,-1.1749848,922.929513602638,1.04865755e-10,-13.250481,58.44737,2426,-3.7526712,8.42407,,244,196,0.14999999,5041.662167072296,6.923077,,146.9515,,,2426,6.174985,6.053908,480.89258,-4.28596,-0.00030643225,13.250481,2239027,-4.2698464,14980.514,-1.0
0.14999999,1.0336769,-1.1744425,922.7132262051916,1.0477935e-10,-13.250481,58.43394,2427,-3.7525284,8.42407,2.640488e-07,244,196,0.14999999,5044.670661449432,0.7692308,,146.9515,,,2427,6.1744423,0.52076477,451.34424,-4.286372,0.14095059,13.250481,2239425,-3.606584,14985.372,0.07692308
0.14999999,0.8832804,-1.17397,922.7446457990116,1.0469307e-10,-13.250481,58.204018,2428,-3.7529638,8.42407,0.15977897,244,196,0.14999999,5047.89533162117,-0.7692308,,146.9515,1.6146794e-17,,2428,6.17397,-0.38882014,420.39667,-4.286784,-0.026959239,13.250481,2240424,-4.7977796,14990.399,0.23076923
0.14999999,1.0342476,-1.1735065,922.7760395224373,1.04606886e-10,-13.250481,58.200047,2429,-3.7538288,8.42407,,244,196,0.14999999,5051.242359638214,5.3846154,,146.9515,,,2429,6.1735067,6.0250254,365.77698,-4.2871304,-0.048179876,13.250481,2241423,-5.706619,14995.447,0.6923077
0.14999999,1.6123223,-1.1736206,922.8074074074074,1.0452081e-10,-13.250481,58.103226,2430,-3.7538111,8.42407,8.379334e-08,244,196,0.14999999,5054.510746955872,0.7692308,,146.9515,,,2430,6.1736207,0.36069897,499.17676,-4.287542,-1.4506011,13.250481,2242422,-3.701716,15001.898,-0.23076923
0.14999999,0.8556245,-1.1732388,922.8387494858083,1.0443483e-10,-13.250481,58.067493,2431,-3.7538087,8.42407,,244,196,0.14999999,5057.747576713562,-2.3076923,,146.9515,,,2431,6.1732388,-2.7495308,294.87698,-4.2879534,-0.24517374,13.250481,2243421,-4.2724547,15007.144,-0.23076923
0.14999999,1.0562726,-1.1729155,922.8700657894736,1.0434896e-10,-13.250481,57.99256,2432,-3.7538059,8.42407,0.016078262,244,196,0.14999999,5061.095642566681,-0.7692308,,146.9515,2.445499e-22,,2432,6.1729155,-1.2087071,407.21167,-4.2883644,-0.38710952,13.250481,2244420,-3.5821724,15012.53,-0.3846154
0.14999999,0.8331517,-1.1726061,922.901356350185,1.042632e-10,-13.250481,57.948166,2433,-3.7537794,8.42407,1.2425156e-08,244,196,0.14999999,5064.392644882202,0.7692308,,146.9515,7.052765e-28,,2433,6.172606,0.85126525,508.46417,-4.288769,-0.42040685,13.250481,2245419,-3.7025714,15017.951,0.3846154
0.14999999,0.8952648,-1.1722015,922.9326211996713,1.0417755e-10,-13.250481,57.938652,2434,-3.7543023,8.42407,,244,196,0.14999999,5067.678560733795,8.461538,,146.9515,,,2434,6.1722016,9.025904,385.81595,-4.28918,-0.18773258,13.250481,2246418,-4.826441,15023.139,0.6923077
0.14999999,0.9890631,-1.1721786,922.9638603696098,1.0409199e-10,-13.250481,57.913353,2435,-3.7544718,8.42407,,244,196,0.14999999,5070.98548412323,2.3076923,,146.9515,,,2435,6.1721787,2.0224159,288.39127,-4.289591,-1.1165963,13.250481,2247417,-4.024217,15029.255,-0.53846157
0.14999999,0.98155236,-1.1719488,922.9950738916256,1.04006546e-10,-13.250481,57.826008,2436,-3.7543504,8.42407,,244,196,0.14999999,5074.307694196701,2.3076923,,146.9515,8.9169064e-17,,2436,6.171949,3.4885888,301.7614,-4.2900014,-0.6122304,13.250481,2248416,-3.4217947,15034.867,0.84615386
0.14999999,1.2579846,-1.1728363,923.0262617972918,1.0392121e-10,-13.250481,57.711033,2437,-3.754315,8.42407,,244,196,0.14999999,5077.606994390488,8.461538,,146.9515,,,2437,6.1728363,8.664962,459.98422,-4.2904115,-3.3349223,13.250481,2249415,-3.6143448,15043.202,0.07692308
0.14999999,1.173907,-1.1708572,922.7805578342904,1.0383598e-10,-13.250481,57.708748,2438,-3.754507,8.42407,,244,196,0.14999999,5080.578909397125,8.461538,,146.9515,1.4024808e-09,,2438,6.1708574,7.511586,378.5658,-4.290822,3.652288,13.250481,2249739,-4.422837,15044.55,-1.0
0.14999999,0.64818066,-1.1707625,922.5936859368594,1.0375085e-10,-13.250481,57.618122,2439,-3.7544138,8.42407,,244,196,0.14999999,5083.61768078804,8.461538,,146.9515,8.726064e-35,,2439,6.1707625,9.385111,689.88916,-4.291232,-0.9399428,13.250481,2250206,-3.6474276,15050.49,1.0
0.14999999,1.0141132,-1.1727955,922.625,1.0366583e-10,-13.250481,57.575024,2440,-3.7545018,8.42407,,244,196,0.14999999,5086.904428482056,3.8461537,,146.9515,,,2440,6.1727953,2.9489012,449.495,-4.2916417,-6.130978,13.250481,2251205,-3.5757315,15061.621,-0.6923077
0.14999999,0.7385956,-1.1727508,922.5424006554691,1.035809e-10,-13.250481,57.5636,2441,-3.7548804,8.42407,,244,196,0.14999999,5090.022053718567,-8.461538,,146.9515,,,2441,6.172751,-7.8806233,318.5979,-4.292052,-1.0637769,13.250481,2251926,-4.661325,15067.685,0.6923077
0.14999999,1.6482569,-1.1726648,922.5737100737101,1.0349609e-10,-13.250481,57.44507,2442,-3.754864,8.42407,3.9715134e-10,244,196,0.14999999,5093.318551778793,0.7692308,,146.9515,,,2442,6.1726646,0.54308367,553.1417,-4.2924614,-0.9628402,13.250481,2252925,-3.4314723,15073.647,-0.53846157
0.14999999,0.64147747,-1.1723007,922.6049938600082,1.03411384e-10,-13.250481,57.37756,2443,-3.7545083,8.42407,,244,196,0.14999999,5096.630118131638,-6.923077,,146.9515,,,2443,6.172301,-7.875948,293.2528,-4.2928705,-0.2831489,13.250481,2253924,-3.444438,15078.931,-1.0
0.14999999,1.0283806,-1.1725096,922.6362520458265,1.0332678e-10,-13.250481,57.346874,2444,-3.7546256,8.42407,,244,196,0.14999999,5100.075642824173,-3.8461537,,146.9515,,,2444,6.1725097,-4.415837,398.9263,-4.29328,-1.682852,13.250481,2254923,-3.664357,15085.613,-0.23076923
0.14999999,1.1033955,-1.1720723,922.6674846625767,1.0324226e-10,-13.250481,57.34574,2445,-3.7546124,8.42407,,244,196,0.14999999,5103.362630605698,-3.8461537,,146.9515,0.056673996,,2445,6.1720724,-4.6281543,384.8377,-4.293689,-0.10340895,13.250481,2255922,-3.7063196,15090.717,-0.6923077
0.14999999,1.000607,-1.1720673,922.698691741619,1.0315786e-10,-13.250481,57.3376,2446,-3.7545354,8.42407,,244,196,0.14999999,5106.6960027217865,3.8461537,,146.9515,,,2446,6.172067,3.7038925,453.1371,-4.294098,-1.1594394,13.250481,2256921,-3.6212184,15096.877,-0.23076923
0.14999999,1.267152,-1.1716917,922.644871270944,1.0307357e-10,-13.250481,57.235394,2447,-3.7544227,8.42407,,244,196,0.14999999,5109.8996386528015,-3.8461537,,146.9515,,,2447,6.171692,-3.5532417,287.50262,-4.2945065,-0.2529855,13.250481,2257712,-3.443857,15102.129,0.23076923
0.14999999,1.0960286,-1.1712353,922.6760620915032,1.0298938e-10,-13.250481,57.229305,2448,-3.7546594,8.42407,0.0009224101,244,196,0.14999999,5113.11329460144,-0.7692308,,146.9515,,,2448,6.171235,-0.27010995,648.2779,-4.294915,-0.054463364,13.250481,2258711,-4.55764,15107.184,0.53846157
0.14999999,1.2751274,-1.1709572,922.7072274397714,1.0290528e-10,-13.250481,57.155113,2449,-3.7548988,8.42407,,244,196,0.14999999,5116.358087301254,3.8461537,,146.9515,,,2449,6.170957,3.7077146,447.1441,-4.2953234,-0.49049267,13.250481,2259710,-4.368721,15112.674,0.23076923
0.14999999,0.8174883,-1.1704853,922.7383673469387,1.028213e-10,-13.250481,57.062218,2450,-3.755186,8.42407,,244,196,0.14999999,5119.591188192368,5.3846154,,146.9515,2.3039451e-27,,2450,6.1704855,5.402778,338.90015,-4.2957315,-0.014589673,13.250481,2260709,-4.67852,15117.689,0.07692308
0.14999999,0.9928432,-1.1700282,922.7135862913096,1.02737416e-10,-13.250481,57.051086,2451,-3.755211,8.42407,,244,196,0.14999999,5122.798703670502,-5.3846154,,146.9515,,,2451,6.170028,-5.797015,258.93146,-4.2961397,-0.050407123,13.250481,2261571,-3.611597,15122.739,0.07692308
0.14999999,0.81904817,-1.1695764,922.7446982055465,1.0265363e-10,-13.250481,57.006317,2452,-3.7552872,8.42407,,244,196,0.14999999,5126.206067323685,-3.8461537,,146.9515,,,2452,6.1695766,-3.0639987,561.9553,-4.2965474,-0.062067207,13.250481,2262570,-3.906972,15127.801,1.0
0.14999999,0.8228303,-1.1699089,922.7757847533633,1.0256995e-10,-13.250481,56.993744,2453,-3.755532,8.42407,,244,196,0.14999999,5129.534492969513,-5.3846154,,146.9515,,,2453,6.169909,-6.2352242,511.28616,-4.296955,-1.985146,13.250481,2263569,-4.129113,15134.787,-1.0
0.14999999,0.9020977,-1.1700287,922.8068459657702,1.0248638e-10,-13.250481,56.942944,2454,-3.755635,8.42407,,244,196,0.14999999,5132.849078178406,3.8461537,,146.9515,,,2454,6.1700287,4.5409417,439.61752,-4.297363,-1.4640098,13.250481,2264568,-3.795823,15141.25,0.6923077
0.14999999,1.4226081,-1.170515,922.837881873727,1.024029e-10,-13.250481,56.822506,2455,-3.7558577,8.42407,9.337515e-06,244,196,0.14999999,5136.196480035782,-0.7692308,,146.9515,,,2455,6.170515,-1.5144002,580.666,-4.2977705,-2.3637702,13.250481,2265567,-4.168421,15148.614,-0.6923077
0.14999999,0.75663406,-1.1704978,922.8688925081433,1.0231953e-10,-13.250481,56.79882,2456,-3.755689,8.42407,,244,196,0.14999999,5139.488688707352,2.3076923,,146.9515,,,2456,6.170498,1.1957417,385.40332,-4.2981777,-1.128136,13.250481,2266566,-3.6985419,15154.742,-1.0
0.14999999,1.0437652,-1.1709433,922.8998778998779,1.0223626e-10,-13.250481,56.5847,2457,-3.7560244,8.42407,,244,196,0.14999999,5142.742656469345,5.3846154,,146.9515,,,2457,6.1709433,4.8644342,285.4785,-4.2985845,-2.2652044,13.250481,2267565,-4.309532,15162.008,-0.53846157
0.14999999,0.7244081,-1.1706918,922.9308380797396,1.02153085e-10,-13.250481,56.564255,2458,-3.756012,8.42407,,244,196,0.14999999,5146.022269248962,-6.923077,,146.9515,,,2458,6.170692,-5.9198384,277.94235,-4.2989917,-0.5528144,13.250481,2268564,-3.7371213,15167.561,1.0
0.14999999,0.9951955,-1.1720823,922.9617730784872,1.0207002e-10,-13.250481,56.502354,2459,-3.7561975,8.42407,,244,196,0.14999999,5149.310622692108,5.3846154,,146.9515,,,2459,6.1720824,5.618567,316.2876,-4.2993984,-4.58996,13.250481,2269563,-3.9138093,15177.15,0.3846154
0.14999999,1.1393281,-1.1717108,922.9926829268293,1.0198705e-10,-13.250481,56.49627,2460,-3.75623,8.42407,,244,196,0.14999999,5152.620848655701,-5.3846154,,146.9515,,,2460,6.171711,-4.9941874,244.7323,-4.2998047,-0.25816518,13.250481,2270562,-3.803305,15182.408,0.3846154
0.14999999,0.8382323,-1.1716349,923.0235676554246,1.01904186e-10,-13.250481,56.485783,2461,-3.7561138,8.42407,,244,196,0.14999999,5156.019438505173,-5.3846154,,146.9515,1.2761237e-09,,2461,6.1716347,-5.8968844,263.11026,-4.3002114,-0.985073,13.250481,2271561,-3.573674,15188.394,-0.53846157
0.14999999,0.68503076,-1.1713581,923.0544272948822,1.0182142e-10,-13.250481,56.381954,2462,-3.7561207,8.42407,,244,196,0.14999999,5159.333477497101,8.461538,,146.9515,,,2462,6.171358,8.228919,279.93616,-4.3006177,-0.48997226,13.250481,2272560,-3.589713,15193.884,-0.23076923
0.14999999,1.0199938,-1.1707581,922.8924076329679,1.01738756e-10,-13.250481,56.212753,2463,-3.7562702,8.42407,8.786056e-12,244,196,0.14999999,5162.437089443207,0.7692308,,146.9515,,,2463,6.1707582,1.3788657,382.13232,-4.3010235,0.3062815,13.250481,2273084,-3.7934086,15198.577,0.6923077
0.14999999,1.3069614,-1.1706036,922.9232954545455,1.01656204e-10,-13.250481,56.178017,2464,-3.756146,8.42407,,244,196,0.14999999,5165.75802564621,-3.8461537,,146.9515,,,2464,6.1706038,-2.879683,465.41925,-4.3014297,-0.7900695,13.250481,2274083,-3.4268181,15204.367,0.6923077
0.14999999,0.9535802,-1.1719574,922.9541582150101,1.0157374e-10,-13.250481,56.11781,2465,-3.756066,8.42407,,244,196,0.14999999,5169.040887832642,-8.461538,,146.9515,,,2465,6.1719575,-8.066117,477.6424,-4.3018355,-4.5073733,13.250481,2275082,-3.801646,15213.875,0.07692308
0.14999999,0.6862003,-1.1716158,922.98499594485,1.0149138e-10,-13.250481,55.946205,2466,-3.755941,8.42407,,244,196,0.14999999,5172.400347948074,-8.461538,,146.9515,0.16517302,,2466,6.1716156,-8.281234,246.1165,-4.302241,-0.3298855,13.250481,2276081,-3.3681226,15219.205,-0.23076923
0.14999999,1.0396099,-1.1711452,923.0158086745034,1.0140911e-10,-13.250481,55.789654,2467,-3.755796,8.42407,,244,196,0.14999999,5175.716814041138,5.3846154,,146.9515,,,2467,6.1711454,4.7295446,293.02216,-4.302646,-0.010476556,13.250481,2277080,-3.072245,15224.215,-0.84615386
0.14999999,0.8786837,-1.171123,922.8622366288492,1.0132696e-10,-13.250481,55.58699,2468,-3.7557375,8.42407,,244,196,0.14999999,5178.733368873596,-2.3076923,,146.9515,,,2468,6.171123,-1.4120128,315.90384,-4.3030515,-1.1162409,13.250481,2277624,-3.6177325,15230.332,0.84615386
0.14999999,1.307069,-1.1719257,922.8930741190766,1.0124489e-10,-13.250481,55.47056,2469,-3.7557802,8.42407,,244,196,0.14999999,5182.025678157806,3.8461537,,146.9515,,,2469,6.1719255,4.880414,695.0392,-4.303457,-3.1529968,13.250481,2278623,-3.7070856,15238.484,1.0
0.14999999,0.9881756,-1.1743809,922.9238866396761,1.0116293e-10,-13.250481,55.398205,2470,-3.756451,8.42407,,244,196,0.14999999,5185.356971502304,-8.461538,,146.9515,,,2470,6.174381,-9.279361,513.3257,-4.3038616,-7.2363276,13.250481,2279622,-5.62083,15250.721,-0.53846157
0.14999999,1.0522939,-1.1741915,922.9546742209632,1.0108107e-10,-13.250481,55.393772,2471,-3.7573066,8.42407,,244,196,0.14999999,5188.613170146942,-8.461538,,146.9515,8.452084e-07,,2471,6.1741915,-8.141081,372.4707,-4.3042665,-0.7063657,13.250481,2280621,-5.818111,15256.428,0.3846154
0.14999999,0.83951104,-1.1739721,922.9854368932039,1.009993e-10,-13.250481,55.225105,2472,-3.7575738,8.42407,,244,196,0.14999999,5191.872331619263,-2.3076923,,146.9515,,,2472,6.173972,-3.07692,397.5636,-4.304671,-0.63206637,13.250481,2281620,-4.4355936,15262.059,-1.0
0.14999999,1.2017416,-1.1742779,923.0161746866155,1.00917635e-10,-13.250481,55.07603,2473,-3.7576861,8.42407,,244,196,0.14999999,5195.031361818314,8.461538,,146.9515,,,2473,6.174278,8.82313,392.8492,-4.3050756,-1.9301745,13.250481,2282619,-3.844577,15268.989,0.23076923
0.14999999,0.7621855,-1.172461,922.7772837510105,1.0083607e-10,-13.250481,55.008144,2474,-3.758024,8.42407,,244,196,0.14999999,5197.982914686203,5.3846154,,146.9515,,,2474,6.172461,6.2659307,231.40028,-4.30548,3.3206244,13.250481,2282951,-4.7513123,15270.669,0.84615386
0.14999999,0.86816967,-1.1740166,922.8080808080808,1.007546e-10,-13.250481,54.97876,2475,-3.758288,8.42407,,244,196,0.14999999,5201.276042222977,8.461538,,146.9515,,,2475,6.1740165,8.997167,363.54486,-4.305884,-5.0224104,13.250481,2283950,-4.1543837,15280.691,0.53846157
0.14999999,0.814525,-1.1743255,922.8388529886914,1.0067323e-10,-13.250481,54.80434,2476,-3.758158,8.42407,,244,196,0.14999999,5204.5769855976105,2.3076923,,146.9515,,,2476,6.1743255,3.1666794,435.88574,-4.306288,-1.9385318,13.250481,2284949,-3.2753975,15287.63,1.0
0.14999999,1.2716897,-1.1753861,922.8696003229713,1.00591965e-10,-13.250481,54.786907,2477,-3.7582679,8.42407,,244,196,0.14999999,5207.937149763107,8.461538,,146.9515,,,2477,6.175386,7.818725,451.62842,-4.3066916,-3.8015933,13.250481,2285948,-3.8067598,15296.432,-0.53846157
0.14999999,0.8787701,-1.1745085,922.6610169491526,1.00510794e-10,-13.250481,54.657326,2478,-3.7579157,8.42407,,244,196,0.14999999,5210.890075922012,-5.3846154,,146.9515,,,2478,6.1745086,-4.6314454,255.66843,-4.307095,0.9994152,13.250481,2286354,-3.0961874,15300.432,0.84615386
0.14999999,1.2202055,-1.1748337,922.6918112141992,1.0042971e-10,-13.250481,54.597065,2479,-3.75797,8.42407,5.7149715e-12,244,196,0.14999999,5214.202464580536,0.7692308,,146.9515,,,2479,6.174834,0.17452484,544.13025,-4.307499,-1.9805449,13.250481,2287353,-3.7438543,15307.412,-0.6923077
0.14999999,1.0167714,-1.1747615,922.7225806451613,1.00348736e-10,-13.250481,54.416462,2480,-3.7577786,8.42407,,244,196,0.14999999,5217.460756778717,6.923077,,146.9515,,,2480,6.174762,7.759174,401.37262,-4.307902,-0.99636245,13.250481,2288352,-3.4514434,15313.408,1.0
0.14999999,0.9214351,-1.1764275,922.7533252720677,1.0026786e-10,-13.250481,54.249466,2481,-3.7578385,8.42407,1.4601531e-05,244,196,0.14999999,5220.911936283112,-0.7692308,,146.9515,,,2481,6.1764274,-0.10913885,471.2577,-4.3083053,-5.3078346,13.250481,2289351,-3.8816648,15323.717,0.6923077
0.14999999,0.95782876,-1.1763799,922.7840451248993,1.0018708e-10,-13.250481,54.220737,2482,-3.7580934,8.42407,,244,196,0.14999999,5224.224406719208,-3.8461537,,146.9515,,,2482,6.17638,-4.1552343,338.852,-4.308708,-1.0585341,13.250481,2290350,-4.2701163,15329.775,-0.53846157
0.14999999,1.2492841,-1.1761364,922.8147402335884,1.001064e-10,-13.250481,54.099525,2483,-3.758465,8.42407,,244,196,0.14999999,5227.523250341415,3.8461537,,146.9515,,,2483,6.1761365,3.4471047,401.24384,-4.309111,-0.57137716,13.250481,2291349,-4.6101522,15335.347,-0.53846157
0.14999999,1.1130465,-1.1757264,922.8454106280193,1.00025814e-10,-13.250481,54.072567,2484,-3.7586765,8.42407,,244,196,0.14999999,5230.946871042252,-3.8461537,,146.9515,,,2484,6.1757264,-4.135098,391.4539,-4.3095136,-0.15769608,13.250481,2292348,-4.496814,15340.504,-0.07692308
0.14999999,1.0823041,-1.1752838,922.8760563380282,9.994533e-11,-13.250481,54.063267,2485,-3.7585003,8.42407,,244,196,0.14999999,5234.418960809708,3.8461537,,146.9515,,,2485,6.175284,3.6109495,407.0987,-4.309916,-0.07578649,13.250481,2293347,-3.3929384,15345.58,-0.07692308
0.14999999,1.4279854,-1.1748383,922.8306516492357,9.9864936e-11,-13.250481,53.864655,2486,-3.7585313,8.42407,,244,196,0.14999999,5237.655895471573,8.461538,,146.9515,,,2486,6.174838,7.593676,733.70557,-4.3103185,-0.06800328,13.250481,2294157,-3.8770669,15350.648,-0.84615386
0.14999999,0.7337761,-1.1749295,922.702854845195,9.978463e-11,-13.250481,53.81818,2487,-3.75838,8.42407,,244,196,0.14999999,5240.6997656822205,6.923077,,146.9515,2.4009217e-26,,2487,6.1749296,6.5827217,226.20616,-4.3107204,-1.4016305,13.250481,2294762,-3.7361536,15357.05,-0.23076923
0.14999999,1.0525066,-1.174446,922.6040996784566,9.970444e-11,-13.250481,53.730553,2488,-3.7582958,8.42407,,244,196,0.14999999,5243.821651935577,6.923077,,146.9515,2.57241,,2488,6.174446,7.12991,242.1113,-4.311123,0.028071167,13.250481,2295439,-3.2668672,15362.021,0.23076923
0.14999999,0.7779884,-1.1741072,922.6347930895943,9.962435e-11,-13.250481,53.69657,2489,-3.7581663,8.42407,,244,196,0.14999999,5247.2176425457,-8.461538,,146.9515,,,2489,6.174107,-7.754714,565.24176,-4.3115244,-0.33133528,13.250481,2296438,-3.4628434,15367.353,0.84615386
0.14999999,1.1426198,-1.1743332,922.6654618473896,9.9544345e-11,-13.250481,53.681366,2490,-3.758182,8.42407,,244,196,0.14999999,5250.535265922546,3.8461537,,146.9515,,,2490,6.174333,4.3628907,360.8905,-4.3119264,-1.73716,13.250481,2297437,-3.5420585,15374.09,0.53846157
0.14999999,0.9632347,-1.1742121,922.6961059815335,9.946444e-11,-13.250481,53.62681,2491,-3.758065,8.42407,,244,196,0.14999999,5253.887410163879,-8.461538,,146.9515,,,2491,6.174212,-9.809918,393.4403,-4.312328,-0.87232286,13.250481,2298436,-3.5676706,15379.963,-0.84615386
0.14999999,1.003498,-1.1747032,922.7267255216693,9.938462e-11,-13.250481,53.60344,2492,-3.759097,8.42407,,244,196,0.14999999,5257.122221469879,-5.3846154,,146.9515,,,2492,6.174703,-6.189235,313.86423,-4.312729,-2.3981736,13.250481,2299435,-6.253893,15387.36,-0.84615386
0.14999999,1.1612353,-1.1748769,922.7573204973927,9.9304905e-11,-13.250481,53.57497,2493,-3.7591631,8.42407,,244,196,0.14999999,5260.4832310676575,-3.8461537,,146.9515,2.9738426e-38,,2493,6.174877,-3.4999723,396.96103,-4.3131304,-1.6076372,13.250481,2300434,-3.8940914,15393.969,0.53846157
0.14999999,1.0344644,-1.1749884,922.7878909382518,9.922529e-11,-13.250481,53.530224,2494,-3.759092,8.42407,0.4476324,244,196,0.14999999,5263.770877838135,-0.7692308,,146.9515,,,2494,6.1749883,-0.5072015,504.03888,-4.3135314,-1.4527246,13.250481,2301433,-3.7032824,15400.421,0.07692308
0.14999999,1.2430391,-1.174533,922.8184368737475,9.914576e-11,-13.250481,53.49627,2495,-3.7593977,8.42407,2.585293e-07,244,196,0.14999999,5267.117200374603,0.7692308,,146.9515,5.553873e-17,,2495,6.174533,0.71873665,464.3417,-4.3137527,-0.03905056,13.250481,2302432,-4.5022516,15405.46,-0.07692308
0.14999999,0.99769413,-1.1741012,922.8489583333334,9.906634e-11,-13.250481,53.460876,2496,-3.759174,8.42407,,244,196,0.14999999,5270.405451536179,6.923077,,146.9515,,,2496,6.1741014,6.08619,245.57198,-4.3141537,-0.09659414,13.250481,2303431,-3.3943768,15410.557,-0.53846157
0.14999999,0.758295,-1.1739482,922.7380857028434,9.8987e-11,-13.250481,53.42805,2497,-3.758999,8.42407,,244,196,0.14999999,5273.565662622452,-6.923077,,146.9515,,,2497,6.1739483,-6.988246,228.2713,-4.314554,-0.7922535,13.250481,2304077,-3.2954001,15416.349,-0.23076923
0.14999999,0.926943,-1.173561,922.7686148919136,9.8907764e-11,-13.250481,53.4133,2498,-3.7589002,8.42407,,244,196,0.14999999,5276.869038105011,-6.923077,,146.9515,0.15592441,,2498,6.173561,-6.799773,238.99948,-4.3149543,-0.20642518,13.250481,2305076,-3.2554076,15421.555,0.23076923
0.14999999,0.8147231,-1.1732097,922.7991196478591,9.8828626e-11,-13.250481,53.360767,2499,-3.758988,8.42407,0.14214458,244,196,0.14999999,5280.137850761414,-0.7692308,,146.9515,,,2499,6.1732097,-0.75393033,353.55707,-4.315355,-0.29554653,13.250481,2306075,-3.88388,15426.851,-0.23076923
0.14999999,1.0116445,-1.1727756,922.8296,9.874958e-11,-13.250481,53.32117,2500,-3.7595587,8.42407,9.968619e-08,244,196,0.14999999,5283.525026321411,0.7692308,,146.9515,1.170729e-16,,2500,6.1727757,1.1214876,476.15747,-4.3156977,-0.08826001,13.250481,2307074,-4.9672785,15431.939,0.23076923
0.14999999,0.72000104,-1.1725755,922.8600559776089,9.867062e-11,-13.250481,53.145615,2501,-3.7597609,8.42407,,244,196,0.14999999,5286.748766899109,5.3846154,,146.9515,,,2501,6.1725755,4.4701176,201.87076,-4.3160977,-0.6722778,13.250481,2308073,-4.2391734,15437.611,-1.0
0.14999999,0.9871039,-1.1726437,922.7649880095923,9.859177e-11,-13.250481,53.077072,2502,-3.7599077,8.42407,,244,196,0.14999999,5289.944059371948,8.461538,,146.9515,,,2502,6.1726437,8.623896,292.77704,-4.3164973,-1.3431586,13.250481,2308758,-3.829379,15443.955,-0.07692308
0.14999999,0.87939435,-1.1721028,922.6428286056732,9.8513e-11,-13.250481,52.978855,2503,-3.76012,8.42407,,244,196,0.14999999,5293.10774230957,-2.3076923,,146.9515,,,2503,6.172103,-1.8209889,263.3607,-4.3168974,0.18119532,13.250481,2309375,-4.2496047,15448.773,0.3846154
0.14999999,1.1643527,-1.1717182,922.673322683706,9.843433e-11,-13.250481,52.977642,2504,-3.7601228,8.42407,,244,196,0.14999999,5296.377552270889,-6.923077,,146.9515,,,2504,6.171718,-7.4716496,271.08704,-4.3172965,-0.20892817,13.250481,2310374,-3.6291046,15453.982,-0.53846157
0.14999999,1.3833591,-1.171503,922.7037924151697,9.835576e-11,-13.250481,52.869537,2505,-3.7599866,8.42407,,244,196,0.14999999,5299.709027767181,-6.923077,,146.9515,1.6013963e-09,,2505,6.171503,-6.4355555,268.72333,-4.317696,-0.6326958,13.250481,2311373,-3.5551472,15459.615,0.53846157
0.14999999,0.9831093,-1.1712974,922.7342378292099,9.8277275e-11,-13.250481,52.86958,2506,-3.7597492,8.42407,,244,196,0.14999999,5303.059349775314,2.3076923,,146.9515,,,2506,6.1712976,2.8254259,249.13902,-4.318095,-0.6565316,13.250481,2312372,-3.5025222,15465.271,0.3846154
0.14999999,1.649892,-1.1709073,922.7646589549262,9.819889e-11,-13.250481,52.869617,2507,-3.759662,8.42407,1.00434265e-08,244,196,0.14999999,5306.406241416931,0.7692308,,146.9515,1.1299654e-33,,2507,6.170907,0.07953358,434.5358,-4.318494,-0.19282863,13.250481,2313371,-3.4978158,15470.465,-0.3846154
0.14999999,1.112068,-1.1706785,922.7950558213716,9.81206e-11,-13.250481,52.803272,2508,-3.7598276,8.42407,0.021126486,244,196,0.14999999,5309.7845640182495,-0.7692308,,146.9515,1.8181232e-23,,2508,6.1706786,-0.40916783,452.10416,-4.318893,-0.597534,13.250481,2314370,-4.746591,15476.062,0.3846154
0.14999999,1.0598089,-1.1703179,922.8254284575528,9.80424e-11,-13.250481,52.70509,2509,-3.7598667,8.42407,,244,196,0.14999999,5313.120370864868,6.923077,,146.9515,,,2509,6.1703176,7.2979136,270.15045,-4.319283,-0.2659404,13.250481,2315369,-3.9282043,15481.328,0.53846157
0.14999999,1.2611108,-1.170061,922.8557768924303,9.7964296e-11,-13.250481,52.65773,2510,-3.759759,8.42407,0.00067331677,244,196,0.14999999,5316.405173540115,-0.7692308,,146.9515,,,2510,6.170061,-1.361584,449.32913,-4.3196816,-0.52543575,13.250481,2316368,-3.5171814,15486.854,-0.53846157
0.14999999,1.0970851,-1.1698408,922.8861011549184,9.7886275e-11,-13.250481,52.52995,2511,-3.759552,8.42407,,244,196,0.14999999,5319.865726947784,2.3076923,,146.9515,,,2511,6.169841,1.4941521,277.58316,-4.3200793,-0.61716443,13.250481,2317367,-3.4582024,15492.471,-0.23076923
0.14999999,0.9970373,-1.1695987,922.9164012738853,9.7808366e-11,-13.250481,52.42996,2512,-3.7594142,8.42407,5.73566e-10,244,196,0.14999999,5323.307908773422,0.7692308,,146.9515,3.3442316e-23,,2512,6.1695986,1.3253212,334.81564,-4.3204775,-0.5617778,13.250481,2318366,-3.4838784,15498.032,0.53846157
0.14999999,1.1341572,-1.1695415,922.9466772781536,9.773053e-11,-13.250481,52.402847,2513,-3.7593677,8.42407,,244,196,0.14999999,5326.616095066071,-2.3076923,,146.9515,,,2513,6.1695414,-2.5861063,252.17703,-4.3208756,-1.0255978,13.250481,2319365,-3.6062465,15504.058,-0.3846154
0.14999999,1.0288925,-1.1692262,922.9769291964996,9.76528e-11,-13.250481,52.204407,2514,-3.7592874,8.42407,,244,196,0.14999999,5329.929149389267,-2.3076923,,146.9515,1.2294475,,2514,6.169226,-2.614938,242.15274,-4.3212733,-0.3767758,13.250481,2320364,-3.657659,15509.435,0.07692308
0.14999999,0.8516996,-1.1688405,923.0071570576541,9.757516e-11,-13.250481,52.118298,2515,-3.7591925,8.42407,,244,196,0.14999999,5333.27250123024,2.3076923,,146.9515,,,2515,6.1688404,2.2775025,259.31894,-4.3216715,-0.19950554,13.250481,2321363,-3.523587,15514.634,0.07692308
0.14999999,0.9765041,-1.1683829,923.037360890302,9.749761e-11,-13.250481,52.06089,2516,-3.7591445,8.42407,,244,196,0.14999999,5336.587141275406,-2.3076923,,146.9515,,,2516,6.1683826,-3.0459702,275.37912,-4.3220687,-0.017257392,13.250481,2322362,-3.4735973,15519.651,-0.6923077
0.14999999,0.6800754,-1.1684735,923.0675407230831,9.7420155e-11,-13.250481,52.036877,2517,-3.7591429,8.42407,,244,196,0.14999999,5339.949041604996,3.8461537,,146.9515,,,2517,6.1684732,3.1417568,362.65594,-4.3224664,-1.3966128,13.250481,2323361,-3.7060392,15526.048,-1.0
0.14999999,1.2551395,-1.1686144,923.097696584591,9.7342794e-11,-13.250481,51.958714,2518,-3.7591777,8.42407,,244,196,0.14999999,5343.3525421619415,-3.8461537,,146.9515,,,2518,6.1686144,-3.7033405,350.8704,-4.3228636,-1.5233525,13.250481,2324360,-3.5009165,15532.571,0.07692308
0.14999999,1.1328319,-1.168161,923.1278285033743,9.726553e-11,-13.250481,51.95251,2519,-3.7590988,8.42407,,244,196,0.14999999,5346.749150514603,3.8461537,,146.9515,,,2519,6.168161,4.306888,383.83234,-4.3232603,-0.026645405,13.250481,2325359,-3.7736363,15537.598,0.07692308
0.14999999,0.9701825,-1.167744,923.1579365079365,9.718835e-11,-13.250481,51.83685,2520,-3.7590091,8.42407,,244,196,0.14999999,5350.135721206665,2.3076923,,146.9515,1.0285684e-37,,2520,6.167744,1.6950308,284.16544,-4.3236575,-0.11705206,13.250481,2326358,-3.6212127,15542.715,-0.6923077
0.14999999,1.210732,-1.1676325,923.1880206267355,9.7111263e-11,-13.250481,51.599205,2521,-3.7589476,8.42407,,244,196,0.14999999,5353.459232091904,6.923077,,146.9515,,,2521,6.1676326,5.8543363,417.0235,-4.3240542,-0.88649774,13.250481,2327357,-3.5463262,15548.602,-1.0
0.14999999,1.0565281,-1.1678232,923.0590800951626,9.703426e-11,-13.250481,51.498703,2522,-3.7587988,8.42407,,244,196,0.14999999,5356.562158823013,-3.8461537,,146.9515,,,2522,6.1678233,-5.213916,358.732,-4.3244505,-1.6486887,13.250481,2327955,-3.5411885,15555.25,-0.84615386
0.14999999,0.890027,-1.1682519,923.089179548157,9.695736e-11,-13.250481,51.488358,2523,-3.7589488,8.42407,,244,196,0.14999999,5359.800941705704,6.923077,,146.9515,,,2523,6.168252,7.026317,237.29533,-4.324847,-2.2495444,13.250481,2328954,-4.1586847,15562.5,-0.07692308
0.14999999,0.8963507,-1.1674392,922.9072900158478,9.6880545e-11,-13.250481,51.417316,2524,-3.7589886,8.42407,9.355753e-17,244,196,0.14999999,5362.770706176758,0.7692308,,146.9515,,,2524,6.1674395,1.7370672,596.9545,-4.3252435,0.88274646,13.250481,2329418,-3.7303677,15566.617,1.0
0.14999999,1.0422207,-1.1695067,922.9374257425743,9.680383e-11,-13.250481,51.38256,2525,-3.7595084,8.42407,8.21932e-11,244,196,0.14999999,5366.2273914813995,-0.7692308,,146.9515,,,2525,6.1695065,-1.7486138,455.92368,-4.3256397,-6.3876233,13.250481,2330417,-4.9205046,15578.004,-1.0
0.14999999,0.9825671,-1.1694255,922.9675376088678,9.6727196e-11,-13.250481,51.32004,2526,-3.759411,8.42407,4.9838565e-17,244,196,0.14999999,5369.509654998779,0.7692308,,146.9515,2.6730548e-32,,2526,6.1694255,0.011294603,571.80817,-4.3260355,-0.96413755,13.250481,2331416,-3.5016947,15583.969,-1.0
0.14999999,0.82186043,-1.1694869,922.997625643055,9.665065e-11,-13.250481,51.298336,2527,-3.7593522,8.42407,,244,196,0.14999999,5372.886893749237,-2.3076923,,146.9515,,,2527,6.169487,-1.8667728,253.78442,-4.3264313,-1.3247252,13.250481,2332415,-3.5398927,15590.293,0.6923077
0.14999999,0.6901781,-1.1696837,923.0276898734177,9.657421e-11,-13.250481,51.28093,2528,-3.7593384,8.42407,,244,196,0.14999999,5376.179806232452,-6.923077,,146.9515,,,2528,6.1696835,-6.6906667,209.19872,-4.326827,-1.6673249,13.250481,2333414,-3.523978,15596.961,-0.07692308
0.14999999,0.75093585,-1.1692227,923.057730328193,9.649785e-11,-13.250481,51.180553,2529,-3.759272,8.42407,8.117502e-08,244,196,0.14999999,5379.444452285767,-0.7692308,,146.9515,,,2529,6.169223,-0.41447622,308.08853,-4.3272223,-0.0037540193,13.250481,2334413,-3.2683926,15601.965,0.84615386
0.14999999,0.8700122,-1.1691619,923.0877470355731,9.642158e-11,-13.250481,51.13911,2530,-3.7592306,8.42407,,244,196,0.14999999,5382.801243543625,2.3076923,,146.9515,,,2530,6.169162,2.9080865,263.78635,-4.3276176,-1.0153146,13.250481,2335412,-3.382356,15607.9795,0.6923077
0.14999999,0.9440074,-1.1691495,923.117740023706,9.6345404e-11,-13.250481,51.06368,2531,-3.7592008,8.42407,,244,196,0.14999999,5386.191030740738,-3.8461537,,146.9515,,,2531,6.1691494,-4.035439,338.0628,-4.328013,-1.1377581,13.250481,2336411,-3.5353208,15614.117,-0.3846154
0.14999999,1.2197255,-1.1688752,923.1477093206951,9.626932e-11,-13.250481,50.977947,2532,-3.7595258,8.42407,,244,196,0.14999999,5389.545568943024,3.8461537,,146.9515,,,2532,6.168875,3.4933677,291.68735,-4.328408,-0.4746607,13.250481,2337410,-4.4944067,15619.592,-0.3846154
0.14999999,1.0905676,-1.1686325,923.1776549545992,9.6193324e-11,-13.250481,50.95314,2533,-3.7593045,8.42407,,244,196,0.14999999,5392.972586154938,5.3846154,,146.9515,5.239018e-18,,2533,6.1686325,5.5726175,300.9363,-4.328803,-0.5538277,13.250481,2338409,-3.3836799,15625.146,-0.23076923
0.14999999,1.0239662,-1.1681787,923.2075769534333,9.6117406e-11,-13.250481,50.868793,2534,-3.7592072,8.42407,,244,196,0.14999999,5396.352187871933,-5.3846154,,146.9515,,,2534,6.1681786,-5.459455,299.4271,-4.3291974,-0.018713802,13.250481,2339408,-3.5679889,15630.165,-0.23076923
0.14999999,1.1076211,-1.1677921,923.2374753451677,9.604159e-11,-13.250481,50.845375,2535,-3.7592032,8.42407,,244,196,0.14999999,5399.8304879665375,-3.8461537,,146.9515,9.7994575e-20,,2535,6.1677923,-3.6506777,297.45837,-4.329592,-0.18818729,13.250481,2340407,-3.7434504,15635.354,0.3846154
0.14999999,0.9860219,-1.1674495,923.2673501577287,9.596586e-11,-13.250481,50.769695,2536,-3.7590177,8.42407,,244,196,0.14999999,5403.084627628326,-5.3846154,,146.9515,5.7168727e-18,,2536,6.1674495,-5.0057225,249.54578,-4.3299866,-0.2989739,13.250481,2341406,-3.368178,15640.652,0.23076923
0.14999999,1.0267847,-1.1671083,923.2972014189988,9.589022e-11,-13.250481,50.74479,2537,-3.7590282,8.42407,,244,196,0.14999999,5406.528951406479,5.3846154,,146.9515,,,2537,6.1671085,5.6047616,283.6847,-4.330381,-0.3017411,13.250481,2342405,-3.7426088,15645.953,0.23076923
0.14999999,1.2435026,-1.1667184,923.3270291568164,9.581467e-11,-13.250481,50.67894,2538,-3.7589746,8.42407,,244,196,0.14999999,5409.903606414795,3.8461537,,146.9515,5.06892e-21,,2538,6.1667185,3.9176216,337.54413,-4.330775,-0.1778652,13.250481,2343404,-3.6186357,15651.131,0.3846154
0.14999999,1.0521606,-1.1662934,923.3568333989759,9.5739215e-11,-13.250481,50.676773,2539,-3.758978,8.42407,,244,196,0.14999999,5413.232944965363,-6.923077,,146.9515,,,2539,6.166293,-7.8396015,269.5138,-4.3311687,-0.08723816,13.250481,2344403,-3.9664726,15656.219,-0.84615386
0.14999999,1.4331295,-1.166393,923.3866141732284,9.5663845e-11,-13.250481,50.60338,2540,-3.7589285,8.42407,,244,196,0.14999999,5416.599682569504,8.461538,,146.9515,,,2540,6.1663933,8.205252,477.5217,-4.3315625,-1.4195716,13.250481,2345402,-3.6522107,15662.639,-0.6923077
0.14999999,0.8430494,-1.1658375,923.2270759543487,9.5588565e-11,-13.250481,50.58887,2541,-3.7589033,8.42407,,244,196,0.14999999,5419.621383428574,5.3846154,,146.9515,,,2541,6.1658373,6.140422,426.61542,-4.3319564,0.2452773,13.250481,2345920,-4.06512,15667.393,1.0
0.14999999,1.0232643,-1.1666528,923.256884343037,9.5513375e-11,-13.250481,50.54895,2542,-3.7590525,8.42407,,244,196,0.14999999,5422.956289291382,6.923077,,146.9515,,,2542,6.1666527,6.284605,254.63852,-4.33235,-3.2383115,13.250481,2346919,-3.939651,15675.631,-0.6923077
0.14999999,1.0726812,-1.1665571,923.2835233975619,9.543827e-11,-13.250481,50.544147,2543,-3.7589493,8.42407,,244,196,0.14999999,5426.450070381165,-5.3846154,,146.9515,,,2543,6.1665573,-4.4573007,576.67554,-4.332743,-0.9234392,13.250481,2347910,-3.4954295,15681.555,1.0
0.14999999,0.9626631,-1.1672753,923.313286163522,9.536325e-11,-13.250481,50.362606,2544,-3.7589717,8.42407,,244,196,0.14999999,5429.784783363342,2.3076923,,146.9515,,,2544,6.1672754,1.8704929,212.52534,-4.333136,-2.9935627,13.250481,2348909,-3.8316069,15689.549,-0.3846154
0.14999999,0.9798467,-1.1669412,923.343025540275,9.528833e-11,-13.250481,50.203545,2545,-3.7589192,8.42407,,244,196,0.14999999,5433.197205781937,-3.8461537,,146.9515,,,2545,6.166941,-3.102649,327.6256,-4.333529,-0.31706068,13.250481,2349908,-3.5719526,15694.865,0.84615386
0.14999999,0.95625865,-1.1671765,923.372741555381,9.521349e-11,-13.250481,50.167046,2546,-3.75897,8.42407,,244,196,0.14999999,5436.6551287174225,8.461538,,146.9515,,,2546,6.1671762,9.023016,283.89038,-4.333922,-1.7661059,13.250481,2350907,-3.834085,15701.631,0.3846154
0.14999999,0.6399618,-1.1670257,923.4024342363565,9.513873e-11,-13.250481,50.16622,2547,-3.7591743,8.42407,,244,196,0.14999999,5440.090922355652,8.461538,,146.9515,0.44429675,,2547,6.1670256,9.470461,555.30084,-4.334315,-0.7830142,13.250481,2351906,-4.211356,15707.414,1.0
0.14999999,1.06557,-1.1686056,923.4321036106751,9.506407e-11,-13.250481,50.15861,2548,-3.7593405,8.42407,,244,196,0.14999999,5443.526993513107,5.3846154,,146.9515,,,2548,6.168606,4.7381783,280.54712,-4.3347073,-5.1926317,13.250481,2352905,-3.7933073,15717.607,-0.53846157
0.14999999,0.8977988,-1.1683989,923.2848175755198,9.49895e-11,-13.250481,50.115234,2549,-3.7592506,8.42407,,244,196,0.14999999,5446.6746389865875,3.8461537,,146.9515,,,2549,6.168399,4.472289,332.5418,-4.3350997,-0.6417789,13.250481,2353453,-3.5644581,15723.249,0.84615386
0.14999999,0.8577486,-1.1691992,923.3145098039216,9.4915006e-11,-13.250481,50.101677,2550,-3.759594,8.42407,,244,196,0.14999999,5450.171835899353,-5.3846154,,146.9515,,,2550,6.169199,-5.8418036,235.5109,-4.3354917,-3.2092967,13.250481,2354452,-4.5026803,15731.458,-0.53846157
0.14999999,1.0952287,-1.1690663,923.34417875343,9.484061e-11,-13.250481,50.10076,2551,-3.7596915,8.42407,,244,196,0.14999999,5453.52438378334,-6.923077,,146.9515,,,2551,6.1690664,-6.386184,257.63092,-4.335884,-0.83001655,13.250481,2355451,-3.8437781,15737.288,0.6923077
0.14999999,1.1115342,-1.1690613,923.3738244514107,9.47663e-11,-13.250481,50.085934,2552,-3.759598,8.42407,,244,196,0.14999999,5456.958432674408,-8.461538,,146.9515,7.8732963e-22,,2552,6.169061,-7.7520776,807.6933,-4.336276,-1.1561805,13.250481,2356450,-3.5857475,15743.444,1.0
0.14999999,0.80130106,-1.1695397,923.403446925186,9.4692074e-11,-13.250481,50.04886,2553,-3.7597327,8.42407,,244,196,0.14999999,5460.402064800262,-2.3076923,,146.9515,,,2553,6.1695395,-1.9202299,232.20273,-4.3366675,-2.3906074,13.250481,2357449,-4.123598,15750.835,-0.07692308
0.14999999,0.7431596,-1.1692021,923.433046202036,9.461794e-11,-13.250481,50.020546,2554,-3.7597778,8.42407,,244,196,0.14999999,5463.767845392227,-8.461538,,146.9515,,,2554,6.169202,-8.839798,208.62173,-4.337059,-0.30699798,13.250481,2358448,-3.6610167,15756.143,-0.07692308
0.14999999,0.8468589,-1.168808,923.4626223091976,9.454389e-11,-13.250481,49.915627,2555,-3.7601647,8.42407,,244,196,0.14999999,5467.12166595459,2.3076923,,146.9515,,,2555,6.168808,1.5826783,405.4062,-4.3374505,-0.16244568,13.250481,2359447,-4.47658,15761.305,-1.0
0.14999999,0.8287834,-1.1687087,923.4921752738654,9.4469925e-11,-13.250481,49.90143,2556,-3.7601898,8.42407,,244,196,0.14999999,5470.611680030823,3.8461537,,146.9515,1.2326182e-23,,2556,6.168709,3.0507436,265.90497,-4.337842,-0.91505754,13.250481,2360446,-3.6355526,15767.22,-0.84615386
0.14999999,1.5956017,-1.1687801,923.4552209620649,9.439604e-11,-13.250481,49.831688,2557,-3.760182,8.42407,,244,196,0.14999999,5473.934020757675,-8.461538,,146.9515,,,2557,6.1687803,-9.926568,1556.4829,-4.338233,-1.3512542,13.250481,2361275,-3.5503697,15773.57,-1.0
0.14999999,0.9996236,-1.1694263,923.4847537138389,9.432225e-11,-13.250481,49.724472,2558,-3.7613676,8.42407,,244,196,0.14999999,5477.330986022949,-8.461538,,146.9515,3.0587593e-19,,2558,6.1694264,-8.162823,273.46707,-4.338624,-2.821622,13.250481,2362274,-7.174849,15781.393,0.23076923
0.14999999,1.1309512,-1.1690123,923.5142633841344,9.4248546e-11,-13.250481,49.693066,2559,-3.761145,8.42407,,244,196,0.14999999,5480.83988571167,6.923077,,146.9515,,,2559,6.169012,6.978591,231.80171,-4.339015,-0.10981902,13.250481,2363273,-3.1657805,15786.502,0.07692308
0.14999999,0.9669669,-1.1683326,923.346484375,9.417494e-11,-13.250481,49.572277,2560,-3.760933,8.42407,,244,196,0.14999999,5484.020158529282,-8.461538,,146.9515,,,2560,6.1683326,-9.017165,288.57587,-4.3394055,0.5709356,13.250481,2363767,-3.3222437,15790.932,-0.3846154
0.14999999,1.0504732,-1.1680901,923.3760249902382,9.41014e-11,-13.250481,49.56265,2561,-3.7609947,8.42407,,244,196,0.14999999,5487.440603256226,6.923077,,146.9515,,,2561,6.16809,7.56752,275.7669,-4.339796,-0.54733074,13.250481,2364766,-3.85439,15796.479,0.6923077
0.14999999,0.7358363,-1.1685764,923.4055425448868,9.402796e-11,-13.250481,49.476997,2562,-3.7608664,8.42407,,244,196,0.14999999,5490.822432518005,-6.923077,,146.9515,,,2562,6.1685762,-6.7512627,197.91676,-4.3401866,-2.413687,13.250481,2365765,-3.4566321,15803.893,0.07692308
0.14999999,0.8803122,-1.1681691,923.4350370659383,9.39546e-11,-13.250481,49.44971,2563,-3.7608829,8.42407,,244,196,0.14999999,5494.231904506683,8.461538,,146.9515,,,2563,6.168169,7.7074404,339.44162,-4.340577,-0.12530376,13.250481,2366764,-3.5249288,15809.018,-0.3846154
0.14999999,1.1830257,-1.167619,923.2617004680187,9.3881326e-11,-13.250481,49.425907,2564,-3.7606626,8.42407,,244,196,0.14999999,5497.341684818268,-5.3846154,,146.9515,,,2564,6.1676188,-4.4376736,298.68713,-4.340967,0.24250516,13.250481,2367243,-3.055621,15813.775,0.53846157
0.14999999,0.834841,-1.1677022,923.2912280701754,9.3808135e-11,-13.250481,49.37781,2565,-3.760491,8.42407,,244,196,0.14999999,5500.734082937241,6.923077,,146.9515,,,2565,6.167702,6.7388535,219.17816,-4.3413568,-1.3810053,13.250481,2368242,-3.4704108,15820.156,-0.3846154
0.14999999,0.9799715,-1.167484,923.2673421667965,9.3735034e-11,-13.250481,49.375565,2566,-3.7606707,8.42407,,244,196,0.14999999,5504.047673225403,5.3846154,,146.9515,,,2566,6.1674843,6.224417,234.82272,-4.341747,-0.6082131,13.250481,2369104,-4.036113,15825.764,0.53846157
0.14999999,1.0864228,-1.1674962,923.2968445656409,9.366202e-11,-13.250481,49.317436,2567,-3.76076,8.42407,2.9291026e-14,244,196,0.14999999,5507.498046398163,0.7692308,,146.9515,,,2567,6.167496,-0.27608103,426.7328,-4.3421364,-1.1987233,13.250481,2370103,-3.9479537,15831.963,-0.84615386
0.14999999,0.98985726,-1.1675379,923.3263239875389,9.358909e-11,-13.250481,49.270386,2568,-3.7614253,8.42407,,244,196,0.14999999,5510.881426334381,6.923077,,146.9515,,,2568,6.1675377,7.2375245,234.04713,-4.342526,-1.2743361,13.250481,2371102,-5.5186305,15838.237,0.3846154
0.14999999,1.0167297,-1.1674399,923.3557804593227,9.351624e-11,-13.250481,49.236298,2569,-3.7612603,8.42407,,244,196,0.14999999,5514.264994382858,-3.8461537,,146.9515,,,2569,6.16744,-4.882453,637.79407,-4.342915,-0.9159355,13.250481,2372101,-3.3085246,15844.153,-1.0
0.14999999,1.1204143,-1.1677538,923.3852140077821,9.344348e-11,-13.250481,49.120262,2570,-3.761283,8.42407,,244,196,0.14999999,5517.702437162399,8.461538,,146.9515,,,2570,6.1677537,7.3511024,287.58517,-4.343304,-1.9741867,13.250481,2373100,-3.7871704,15851.127,-1.0
0.14999999,0.8016133,-1.1650218,923.1256320497861,9.3370804e-11,-13.250481,49.117146,2571,-3.760986,8.42407,,244,196,0.14999999,5520.744774580002,-6.923077,,146.9515,,,2571,6.165022,-5.740417,357.67487,-4.3436933,5.8564095,13.250481,2373356,-3.0773823,15850.271,1.0
0.14999999,1.2509121,-1.1660562,923.155132192846,9.329821e-11,-13.250481,49.117424,2572,-3.7609468,8.42407,4.841961e-08,244,196,0.14999999,5524.134057760239,-0.7692308,,146.9515,,,2572,6.166056,-1.1480767,444.61554,-4.3440824,-3.825359,13.250481,2374355,-3.4338439,15859.097,-0.84615386
0.14999999,1.4095997,-1.1658951,923.1846094053634,9.3225705e-11,-13.250481,49.09307,2573,-3.7613583,8.42407,,244,196,0.14999999,5527.4390523433685,8.461538,,146.9515,,,2573,6.165895,8.115606,370.79538,-4.344471,-0.75179166,13.250481,2375354,-5.022872,15864.848,0.07692308
0.14999999,1.3582964,-1.165456,923.2140637140637,9.315329e-11,-13.250481,49.06454,2574,-3.7609255,8.42407,,244,196,0.14999999,5530.866262674332,-6.923077,,146.9515,,,2574,6.165456,-6.7380633,243.42355,-4.3448596,-0.035457727,13.250481,2376353,-2.9993126,15869.884,0.3846154
0.14999999,0.8548465,-1.1652672,923.2434951456311,9.308095e-11,-13.250481,49.012924,2575,-3.7609344,8.42407,,244,196,0.14999999,5534.328568458557,-2.3076923,,146.9515,,,2575,6.165267,-3.5355518,354.3025,-4.345248,-0.6791932,13.250481,2377352,-4.107358,15875.5625,-1.0
0.14999999,0.9321252,-1.1655707,923.272903726708,9.3008705e-11,-13.250481,49.012802,2576,-3.7609434,8.42407,,244,196,0.14999999,5537.694609165192,-6.923077,,146.9515,,,2576,6.1655707,-7.5437827,222.37668,-4.3456364,-1.9472983,13.250481,2378351,-3.6136403,15882.51,-0.3846154
0.14999999,0.8918382,-1.1653303,923.302289483896,9.2936527e-11,-13.250481,48.994785,2577,-3.7609365,8.42407,,244,196,0.14999999,5541.116580724716,5.3846154,,146.9515,,,2577,6.1653304,5.690086,265.8606,-4.3460245,-0.54602826,13.250481,2379350,-3.6535804,15888.057,-0.07692308
0.14999999,1.028455,-1.1649419,923.3316524437548,9.286444e-11,-13.250481,48.951168,2578,-3.7608922,8.42407,,244,196,0.14999999,5544.56263589859,-8.461538,,146.9515,,,2578,6.164942,-9.073241,511.1455,-4.346412,-0.16402417,13.250481,2380349,-3.5174434,15893.221,-0.6923077
0.14999999,0.97967017,-1.1649519,923.3609926328035,9.279245e-11,-13.250481,48.9463,2579,-3.7606406,8.42407,,244,196,0.14999999,5547.869166851044,-5.3846154,,146.9515,,,2579,6.164952,-5.381875,248.04434,-4.3468003,-1.1909912,13.250481,2381348,-3.0971644,15899.411,-0.07692308
0.14999999,0.9248151,-1.1645182,923.3903100775194,9.2720526e-11,-13.250481,48.913845,2580,-3.7605612,8.42407,,244,196,0.14999999,5551.245961904526,2.3076923,,146.9515,,,2580,6.1645184,2.5539358,245.73093,-4.347188,-0.045622587,13.250481,2382347,-3.5105553,15904.457,0.23076923
0.14999999,1.1295702,-1.1641936,923.4196048043394,9.2648694e-11,-13.250481,48.882896,2581,-3.7605374,8.42407,,244,196,0.14999999,5554.7144775390625,-8.461538,,146.9515,,,2581,6.1641936,-7.6387663,385.80344,-4.347575,-0.3267657,13.250481,2383346,-3.6007009,15909.783,0.53846157
0.14999999,1.0867538,-1.1642121,923.4488768396592,9.2576946e-11,-13.250481,48.867172,2582,-3.7602544,8.42407,,244,196,0.14999999,5558.1176607608795,-2.3076923,,146.9515,,,2582,6.164212,-2.2876394,234.00049,-4.347963,-1.2120374,13.250481,2384345,-3.1177416,15915.996,0.23076923
0.14999999,0.90004027,-1.1637672,923.4781262098335,9.250527e-11,-13.250481,48.865814,2583,-3.7600923,8.42407,1.5796293e-10,244,196,0.14999999,5561.6406037807465,-0.7692308,,146.9515,3.9832825e-31,,2583,6.1637673,0.2532112,593.1054,-4.34835,-0.014917673,13.250481,2385344,-3.4031858,15921.011,1.0
0.14999999,0.70799077,-1.1651899,923.5073529411765,9.243368e-11,-13.250481,48.810402,2584,-3.7602177,8.42407,,244,196,0.14999999,5565.0019094944,-6.923077,,146.9515,,,2584,6.1651897,-7.794172,265.85895,-4.3487372,-4.8399005,13.250481,2386343,-3.9252756,15930.851,-1.0
0.14999999,0.7261982,-1.1652795,923.5365570599613,9.236219e-11,-13.250481,48.775482,2585,-3.760253,8.42407,,244,196,0.14999999,5568.490597724915,-2.3076923,,146.9515,,,2585,6.1652794,-1.499475,317.89575,-4.349124,-1.3969351,13.250481,2387342,-3.5393355,15937.248,1.0
0.14999999,0.88340104,-1.1664993,923.5657385924208,9.229076e-11,-13.250481,48.740852,2586,-3.7603307,8.42407,,244,196,0.14999999,5571.81246304512,8.461538,,146.9515,,,2586,6.166499,9.228194,309.53854,-4.3495107,-4.319722,13.250481,2388341,-3.6647792,15946.567,0.6923077
0.14999999,1.143708,-1.1681408,923.5948975647468,9.221943e-11,-13.250481,48.579556,2587,-3.7601998,8.42407,,244,196,0.14999999,5575.28004860878,-2.3076923,,146.9515,,,2587,6.168141,-2.4670575,236.87987,-4.3498974,-5.413058,13.250481,2389340,-3.2792447,15956.98,-0.53846157
0.14999999,0.99983376,-1.1677167,923.6240340030912,9.214817e-11,-13.250481,48.547386,2588,-3.7600615,8.42407,,244,196,0.14999999,5578.72461271286,2.3076923,,146.9515,,,2588,6.167717,1.8291464,230.21288,-4.3502836,-0.070507005,13.250481,2390339,-3.5185454,15962.051,-0.07692308
0.14999999,0.87436426,-1.1673441,923.653147933565,9.2077e-11,-13.250481,48.465824,2589,-3.7599905,8.42407,,244,196,0.14999999,5582.189671039581,-5.3846154,,146.9515,,,2589,6.167344,-6.6584425,427.52896,-4.3506703,-0.20328641,13.250481,2391338,-3.553002,15967.254,-1.0
0.14999999,0.9658339,-1.1680323,923.6822393822393,9.200592e-11,-13.250481,48.448597,2590,-3.761012,8.42407,5.0388435e-14,244,196,0.14999999,5585.558300733566,0.7692308,,146.9515,,,2590,6.168032,1.5820312,324.4793,-4.351056,-2.9496465,13.250481,2392337,-6.2510223,15975.203,0.84615386
0.14999999,1.306233,-1.1683713,923.7113083751448,9.193491e-11,-13.250481,48.439224,2591,-3.7609143,8.42407,,244,196,0.14999999,5589.013435840607,-6.923077,,146.9515,,,2591,6.168371,-7.200289,248.3119,-4.3514423,-2.0464265,13.250481,2393336,-3.440031,15982.25,-0.6923077
0.14999999,0.7431718,-1.1681418,923.7403549382716,9.186398e-11,-13.250481,48.430016,2592,-3.7606156,8.42407,,244,196,0.14999999,5592.54456615448,-2.3076923,,146.9515,,,2592,6.168142,-1.680078,243.31575,-4.351828,-0.5737581,13.250481,2394335,-3.2588983,15987.824,0.53846157
0.14999999,1.1768414,-1.1679242,923.7693790975704,9.179314e-11,-13.250481,48.284462,2593,-3.7606611,8.42407,,244,196,0.14999999,5596.027321338654,5.3846154,,146.9515,,,2593,6.167924,4.6302934,258.72177,-4.352214,-0.6035716,13.250481,2395334,-3.6084957,15993.428,-0.6923077
0.14999999,0.9347587,-1.1678411,923.6511179645336,9.172238e-11,-13.250481,48.19813,2594,-3.7605472,8.42407,,244,196,0.14999999,5599.331991672516,2.3076923,,146.9515,,,2594,6.167841,2.763413,238.7966,-4.3525996,-0.952333,13.250481,2395951,-3.6063414,15999.38,0.53846157
0.14999999,0.81824255,-1.1678717,923.6801541425818,9.165171e-11,-13.250481,48.201008,2595,-3.7605312,8.42407,,244,196,0.14999999,5602.751179933548,2.3076923,,146.9515,2.9961352,,2595,6.1678715,3.4178095,385.59854,-4.352985,-1.2474483,13.250481,2396950,-3.6323726,16005.627,1.0
0.14999999,0.9111844,-1.1690102,923.7091679506934,9.1581104e-11,-13.250481,48.162663,2596,-3.7605612,8.42407,0.4437695,244,196,0.14999999,5606.163964033127,-0.7692308,,146.9515,,,2596,6.16901,-0.99822426,327.2414,-4.35337,-4.1231346,13.250481,2397949,-3.6244037,16014.75,-0.07692308
0.14999999,0.97656965,-1.1685787,923.7381594147092,9.151059e-11,-13.250481,48.147327,2597,-3.7604635,8.42407,2.8240606e-07,244,196,0.14999999,5609.5999147892,0.7692308,,146.9515,1.522637e-24,,2597,6.1685786,0.8398288,331.58084,-4.3535843,-0.048775505,13.250481,2398948,-3.3860729,16019.799,0.07692308
0.14999999,0.9745558,-1.1681303,923.767128560431,9.144016e-11,-13.250481,48.09329,2598,-3.76034,8.42407,,244,196,0.14999999,5613.033186674118,-5.3846154,,146.9515,,,2598,6.1681304,-6.4239216,277.83582,-4.3539696,-0.0034495522,13.250481,2399947,-3.3874278,16024.803,-0.6923077
0.14999999,1.1520342,-1.168255,923.7960754136207,9.136981e-11,-13.250481,47.916615,2599,-3.7602985,8.42407,0.17094839,244,196,0.14999999,5616.477085590363,-0.7692308,,146.9515,,,2599,6.168255,-0.6003137,329.81738,-4.3543544,-1.4921174,13.250481,2400946,-3.599388,16031.295,0.23076923
0.14999999,1.4230545,-1.1678274,923.825,9.129954e-11,-13.250481,47.894447,2600,-3.7602127,8.42407,8.961158e-08,244,196,0.14999999,5619.9283452034,0.7692308,,146.9515,1.3598907e-21,,2600,6.1678276,0.45803633,343.64713,-4.3546734,-0.05645867,13.250481,2401945,-3.64979,16036.352,-0.23076923
0.14999999,0.98005235,-1.1674392,923.8539023452519,9.122935e-11,-13.250481,47.876255,2601,-3.7600818,8.42407,,244,196,0.14999999,5623.272504806519,-2.3076923,,146.9515,,,2601,6.1674395,-2.4415827,243.2929,-4.3550577,-0.15834685,13.250481,2402944,-3.7901988,16041.51,-0.23076923
0.14999999,1.0560076,-1.1670293,923.8827824750192,9.115923e-11,-13.250481,47.813797,2602,-3.7600048,8.42407,,244,196,0.14999999,5626.647825479507,6.923077,,146.9515,,,2602,6.1670294,6.20868,242.39374,-4.355442,-0.100610115,13.250481,2403943,-3.5175052,16046.61,-0.84615386
0.14999999,1.1176667,-1.1663494,923.6876680752978,9.1089206e-11,-13.250481,47.706482,2603,-3.75982,8.42407,0.017200356,244,196,0.14999999,5629.718850374222,-0.7692308,,146.9515,,,2603,6.1663494,-1.0571632,309.22815,-4.3558264,0.6026377,13.250481,2404359,-3.309864,16051.008,-0.3846154
0.14999999,0.8159248,-1.1659132,923.7165898617511,9.101926e-11,-13.250481,47.70086,2604,-3.7596343,8.42407,,244,196,0.14999999,5633.161442518234,-3.8461537,,146.9515,,,2604,6.165913,-2.9383829,467.6869,-4.356204,-0.030561617,13.250481,2405358,-3.361148,16056.038,1.0
0.14999999,0.7456962,-1.1667693,923.7454894433781,9.094939e-11,-13.250481,47.68064,2605,-3.7596667,8.42407,,244,196,0.14999999,5636.582869768143,5.3846154,,146.9515,,,2605,6.166769,4.4312916,189.14044,-4.356588,-3.3957992,13.250481,2406357,-3.6262739,16064.434,-1.0
0.14999999,0.9865513,-1.167214,923.7233307751343,9.087961e-11,-13.250481,47.594456,2606,-3.759963,8.42407,1.3302156e-08,244,196,0.14999999,5639.951863050461,0.7692308,,146.9515,,,2606,6.167214,0.85446614,359.5048,-4.3569717,-2.3259425,13.250481,2407223,-4.2604175,16071.76,0.3846154
0.14999999,1.0784148,-1.1668146,923.7522056003069,9.08099e-11,-13.250481,47.594574,2607,-3.760114,8.42407,,244,196,0.14999999,5643.385853528976,2.3076923,,146.9515,9.427702e-30,,2607,6.166815,1.7317636,241.40027,-4.357355,-0.12564144,13.250481,2408222,-4.107666,16076.886,-0.53846157
0.14999999,0.8972705,-1.1666175,923.7810582822086,9.074028e-11,-13.250481,47.514587,2608,-3.7599962,8.42407,,244,196,0.14999999,5646.800793647766,-3.8461537,,146.9515,,,2608,6.1666174,-3.8347683,303.8671,-4.357739,-0.65279007,13.250481,2409221,-3.506476,16082.538,-0.23076923
0.14999999,1.0984598,-1.1661835,923.8098888463013,9.067075e-11,-13.250481,47.478703,2609,-3.7601721,8.42407,,244,196,0.14999999,5650.26974105835,3.8461537,,146.9515,,,2609,6.1661835,3.553647,337.1579,-4.3581223,-0.03452738,13.250481,2410220,-4.0892496,16087.572,-0.23076923
0.14999999,1.2647599,-1.1657501,923.8386973180077,9.0601276e-11,-13.250481,47.41885,2610,-3.7604024,8.42407,,244,196,0.14999999,5653.746270418167,-3.8461537,,146.9515,,,2610,6.16575,-3.5252337,273.09558,-4.3585052,-0.035297897,13.250481,2411219,-4.426141,16092.607,0.23076923
0.14999999,0.9744172,-1.1654058,923.8674837227117,9.0531894e-11,-13.250481,47.406746,2611,-3.7602563,8.42407,,244,196,0.14999999,5657.128249645233,6.923077,,146.9515,,,2611,6.1654058,7.935068,277.413,-4.3588886,-0.26648134,13.250481,2412218,-3.609302,16097.875,0.84615386
0.14999999,0.92646533,-1.1663375,923.8962480857581,9.046258e-11,-13.250481,47.369553,2612,-3.7602856,8.42407,,244,196,0.14999999,5660.571843862534,-5.3846154,,146.9515,,,2612,6.1663375,-5.1314344,217.38458,-4.3592715,-3.5992844,13.250481,2413217,-3.7885942,16106.474,0.07692308
0.14999999,0.90359914,-1.1658996,923.9249904324531,9.039335e-11,-13.250481,47.36397,2613,-3.7603233,8.42407,,244,196,0.14999999,5663.994025707245,5.3846154,,146.9515,,,2613,6.1658998,5.4363503,270.3757,-4.359654,-0.021888152,13.250481,2414216,-3.7633877,16111.496,0.07692308
0.14999999,1.1774806,-1.1654831,923.9537107880643,9.03242e-11,-13.250481,47.363384,2614,-3.7603343,8.42407,,244,196,0.14999999,5667.37930893898,3.8461537,,146.9515,4.7339407e-19,,2614,6.165483,4.3496137,329.98053,-4.360037,-0.07731054,13.250481,2415215,-3.6705403,16116.572,0.23076923
0.14999999,0.809718,-1.1651024,923.9824091778203,9.025513e-11,-13.250481,47.35602,2615,-3.7602463,8.42407,,244,196,0.14999999,5670.884492635727,8.461538,,146.9515,,,2615,6.1651025,8.509157,260.4474,-4.3604193,-0.16991019,13.250481,2416214,-3.6719368,16121.742,-0.23076923
0.14999999,1.0561432,-1.163899,923.7748470948012,9.018615e-11,-13.250481,47.327682,2616,-3.7611191,8.42407,,244,196,0.14999999,5674.030321121216,-5.3846154,,146.9515,,,2616,6.163899,-4.413464,280.80862,-4.3608017,1.9829242,13.250481,2416595,-5.833128,16124.76,0.6923077
0.14999999,1.4885346,-1.1640384,923.8035918991211,9.011723e-11,-13.250481,47.2553,2617,-3.761006,8.42407,4.2540393e-10,244,196,0.14999999,5677.55375957489,0.7692308,,146.9515,,,2617,6.1640387,0.10609841,400.01508,-4.3611836,-1.5286235,13.250481,2417594,-3.491285,16131.289,-0.53846157
0.14999999,1.0578127,-1.1640791,923.8323147440794,9.00484e-11,-13.250481,47.213398,2618,-3.7606986,8.42407,,244,196,0.14999999,5681.024738788605,3.8461537,,146.9515,,,2618,6.164079,3.1211374,330.45935,-4.3615656,-1.2705475,13.250481,2418593,-3.3874319,16137.559,-0.6923077
0.14999999,1.0009615,-1.1640542,923.7269950362734,8.9979656e-11,-13.250481,47.212944,2619,-3.7605956,8.42407,,244,196,0.14999999,5684.256637811661,5.3846154,,146.9515,3.7530296e-22,,2619,6.164054,5.168513,233.12433,-4.3619475,-1.0984765,13.250481,2419241,-3.5240092,16143.658,-0.3846154
0.14999999,1.0216335,-1.1634978,923.562213740458,8.9910974e-11,-13.250481,47.172928,2620,-3.760526,8.42407,,244,196,0.14999999,5687.435604333878,-3.8461537,,146.9515,,,2620,6.163498,-4.4847116,291.3886,-4.3623295,0.29336202,13.250481,2419733,-3.5517015,16148.364,-0.6923077
0.14999999,0.8792679,-1.1634471,923.5909958031285,8.984238e-11,-13.250481,47.142113,2621,-3.760539,8.42407,,244,196,0.14999999,5690.89950633049,-5.3846154,,146.9515,6.6324774e-24,,2621,6.1634474,-5.9955626,241.12302,-4.362711,-1.0309027,13.250481,2420732,-3.7828436,16154.395,-0.3846154
0.14999999,1.0105517,-1.1631854,923.6197559115179,8.977387e-11,-13.250481,47.13606,2622,-3.7605062,8.42407,,244,196,0.14999999,5694.309069633484,5.3846154,,146.9515,,,2622,6.163185,5.786475,287.6455,-4.3630924,-0.4769298,13.250481,2421731,-3.5337117,16159.872,0.6923077
0.14999999,1.0900208,-1.1635132,923.6484940907358,8.9705424e-11,-13.250481,47.072655,2623,-3.7604358,8.42407,0.0009878676,244,196,0.14999999,5697.679385900497,-0.7692308,,146.9515,,,2623,6.163513,-0.011766285,421.11874,-4.363474,-2.0229323,13.250481,2422730,-3.5554132,16166.895,0.53846157
0.14999999,1.2171807,-1.1633744,923.6772103658536,8.963707e-11,-13.250481,47.02386,2624,-3.7611144,8.42407,,244,196,0.14999999,5701.2005796432495,8.461538,,146.9515,,,2624,6.1633744,8.670576,382.7551,-4.3638544,-0.7995392,13.250481,2423729,-5.5865903,16172.694,0.23076923
0.14999999,0.8656996,-1.1632009,923.7059047619048,8.956878e-11,-13.250481,46.893612,2625,-3.760788,8.42407,,244,196,0.14999999,5704.638562440872,2.3076923,,146.9515,,,2625,6.163201,1.6923574,246.0481,-4.364236,-0.7076923,13.250481,2424728,-3.083367,16178.402,-0.84615386
0.14999999,0.8996755,-1.1629392,923.7345773038842,8.950058e-11,-13.250481,46.889225,2626,-3.7607749,8.42407,,244,196,0.14999999,5708.156621217728,-8.461538,,146.9515,,,2626,6.162939,-7.7876396,292.83347,-4.3646164,-0.47611237,13.250481,2425727,-3.5741782,16183.879,0.6923077
0.14999999,1.0271962,-1.1630248,923.7632280167492,8.943245e-11,-13.250481,46.879654,2627,-3.7606456,8.42407,,244,196,0.14999999,5711.665008068085,5.3846154,,146.9515,,,2627,6.163025,6.15265,255.39001,-4.3649974,-1.3879083,13.250481,2426726,-3.299573,16190.266,0.3846154
0.14999999,1.1076393,-1.1631123,923.7918569254185,8.93644e-11,-13.250481,46.844852,2628,-3.7605846,8.42407,,244,196,0.14999999,5715.200036764145,-5.3846154,,146.9515,,,2628,6.163112,-5.215295,238.23158,-4.365378,-1.3929169,13.250481,2427725,-3.6015842,16196.659,0.3846154
0.14999999,0.87144053,-1.1628702,923.8204640547737,8.929644e-11,-13.250481,46.840313,2629,-3.7605605,8.42407,,244,196,0.14999999,5718.681181669235,-8.461538,,146.9515,,,2629,6.1628704,-8.079288,344.38776,-4.3657584,-0.5265359,13.250481,2428724,-3.776237,16202.186,0.07692308
0.14999999,1.3599763,-1.1626234,923.8490494296578,8.922854e-11,-13.250481,46.75581,2630,-3.7605543,8.42407,9.99823e-06,244,196,0.14999999,5722.204263448715,-0.7692308,,146.9515,,,2630,6.1626234,-1.4519728,379.18152,-4.3661385,-0.5140729,13.250481,2429723,-3.59529,16207.699,-0.6923077
0.14999999,0.77813196,-1.1624594,923.8776130748764,8.916072e-11,-13.250481,46.693848,2631,-3.7602863,8.42407,,244,196,0.14999999,5725.645300388336,-8.461538,,146.9515,,,2631,6.1624594,-8.517826,380.89325,-4.366519,-0.7308821,13.250481,2430722,-3.3700936,16213.431,-0.23076923
0.14999999,0.84024704,-1.1620209,923.9061550151976,8.909298e-11,-13.250481,46.550602,2632,-3.760478,8.42407,,244,196,0.14999999,5729.112258195877,-6.923077,,146.9515,2.3890307e-30,,2632,6.1620207,-6.100481,258.09128,-4.366899,-0.008513652,13.250481,2431721,-4.025031,16218.439,0.84615386
0.14999999,0.90395176,-1.1626517,923.9346752753513,8.902533e-11,-13.250481,46.483135,2633,-3.76046,8.42407,,244,196,0.14999999,5732.6204226017,-2.3076923,,146.9515,,,2633,6.1626515,-3.109851,230.83316,-4.3672786,-2.8225331,13.250481,2432720,-3.5332162,16226.262,-0.84615386
0.14999999,1.0650007,-1.1626275,923.9631738800304,8.8957744e-11,-13.250481,46.3989,2634,-3.7603815,8.42407,,244,196,0.14999999,5736.036773443222,3.8461537,,146.9515,,,2634,6.162627,4.5492845,305.3259,-4.367658,-1.0991243,13.250481,2433719,-3.4399672,16232.361,0.53846157
0.14999999,1.0867426,-1.1626087,923.99165085389,8.8890235e-11,-13.250481,46.388386,2635,-3.760233,8.42407,,244,196,0.14999999,5739.455194950104,8.461538,,146.9515,,,2635,6.1626086,8.024817,314.65125,-4.368038,-1.1130751,13.250481,2434718,-3.4020374,16238.475,-0.53846157
0.14999999,1.1063654,-1.1619262,923.8091805766312,8.882281e-11,-13.250481,46.305267,2636,-3.7601,8.42407,,244,196,0.14999999,5742.62873005867,-3.8461537,,146.9515,,,2636,6.1619263,-3.2624617,313.19684,-4.3684173,0.6367053,13.250481,2435161,-3.4622235,16242.838,0.53846157
0.14999999,0.989225,-1.1617503,923.8376943496397,8.875544e-11,-13.250481,46.187115,2637,-3.7601938,8.42407,9.402163e-12,244,196,0.14999999,5746.039677143097,0.7692308,,146.9515,,,2637,6.1617503,1.2530115,293.5704,-4.368797,-0.6983207,13.250481,2436160,-4.0838976,16248.535,0.6923077
0.14999999,1.1447216,-1.1620082,923.866186504928,8.868817e-11,-13.250481,46.135914,2638,-3.7606697,8.42407,,244,196,0.14999999,5749.561205625534,-8.461538,,146.9515,,,2638,6.1620083,-7.681465,335.4395,-4.369176,-1.842183,13.250481,2437159,-4.975627,16255.378,0.3846154
0.14999999,1.1034721,-1.1620533,923.8946570670709,8.862097e-11,-13.250481,46.12476,2639,-3.7603803,8.42407,,244,196,0.14999999,5753.004523038864,-8.461538,,146.9515,1.4355356e-11,,2639,6.162053,-8.827751,479.87097,-4.369555,-1.2809321,13.250481,2438158,-3.1068704,16261.658,-0.53846157
0.14999999,0.89810956,-1.1619027,923.9231060606061,8.8553845e-11,-13.250481,45.78361,2640,-3.7601058,8.42407,,244,196,0.14999999,5756.508367538452,8.461538,,146.9515,,,2640,6.1619024,8.903872,289.84238,-4.3699336,-0.76447916,13.250481,2439157,-3.0978985,16267.423,0.53846157
0.14999999,1.1087608,-1.1620978,923.9515335100341,8.8486794e-11,-13.250481,45.643356,2641,-3.7599165,8.42407,,244,196,0.14999999,5759.985832929611,-3.8461537,,146.9515,,,2641,6.162098,-4.0156403,307.85724,-4.370312,-1.6772028,13.250481,2440156,-3.1340606,16274.101,-0.07692308
0.14999999,1.0839833,-1.1617006,923.9799394398183,8.841983e-11,-13.250481,45.63325,2642,-3.7598286,8.42407,,244,196,0.14999999,5763.478169441223,3.8461537,,146.9515,,,2642,6.1617007,3.295314,309.11124,-4.370691,-0.11260855,13.250481,2441155,-3.6034553,16279.213,-0.07692308
0.14999999,0.7012986,-1.1612885,924.005675368899,8.8352936e-11,-13.250481,45.606113,2643,-3.7598348,8.42407,,244,196,0.14999999,5767.01783156395,6.923077,,146.9515,,,2643,6.1612883,6.510505,196.48616,-4.3710694,-0.07271176,13.250481,2442147,-3.8306508,16284.285,-0.23076923
0.14999999,1.2124915,-1.16094,924.0340393343419,8.828611e-11,-13.250481,45.601387,2644,-3.759779,8.42407,,244,196,0.14999999,5770.515807151794,8.461538,,146.9515,4.290173e-27,,2644,6.16094,7.514397,448.2027,-4.3714476,-0.239683,13.250481,2443146,-3.299789,16289.525,-0.84615386
0.14999999,1.0371337,-1.1609027,923.8884688090737,8.821937e-11,-13.250481,45.59558,2645,-3.7594674,8.42407,,244,196,0.14999999,5773.760653972626,8.461538,,146.9515,0.00024182176,,2645,6.160903,8.458577,276.05518,-4.3718257,-1.0623326,13.250481,2443685,-3.1070547,16295.588,-0.07692308
0.14999999,0.8729142,-1.1599494,923.6965230536659,8.8152693e-11,-13.250481,45.4935,2646,-3.7597961,8.42407,,244,196,0.14999999,5776.925499916077,-2.3076923,,146.9515,,,2646,6.1599493,-1.215637,260.9721,-4.372204,1.3614848,13.250481,2444101,-4.641978,16299.227,0.84615386
0.14999999,0.9816345,-1.1611581,923.724971666037,8.8086094e-11,-13.250481,45.47784,2647,-3.7598748,8.42407,,244,196,0.14999999,5780.46338891983,-3.8461537,,146.9515,,,2647,6.161158,-4.7893,270.71783,-4.3725815,-4.359233,13.250481,2445100,-3.81556,16308.586,-0.53846157
0.14999999,1.0945141,-1.1613917,923.7533987915408,8.8019585e-11,-13.250481,45.448227,2648,-3.7598858,8.42407,,244,196,0.14999999,5783.911534070969,6.923077,,146.9515,,,2648,6.1613917,7.5210514,208.14896,-4.3729596,-1.7799437,13.250481,2446099,-3.7449586,16315.365,0.23076923
0.14999999,0.680318,-1.1613315,923.7818044545112,8.7953145e-11,-13.250481,45.40624,2649,-3.759827,8.42407,,244,196,0.14999999,5787.337992429733,3.8461537,,146.9515,,,2649,6.1613317,2.7725348,314.7024,-4.373337,-1.0019195,13.250481,2447098,-3.673867,16321.367,-1.0
0.14999999,1.1641637,-1.1616217,923.6124528301887,8.788678e-11,-13.250481,45.40572,2650,-3.7601666,8.42407,,244,196,0.14999999,5790.58824801445,3.8461537,,146.9515,0.08284794,,2650,6.1616216,2.9065804,301.17303,-4.3737144,-1.9303932,13.250481,2447573,-4.319595,16328.298,-0.53846157
0.14999999,1.2990867,-1.1616058,923.501320256507,8.782049e-11,-13.250481,45.365314,2651,-3.7603352,8.42407,6.1085074e-12,244,196,0.14999999,5793.918257474899,0.7692308,,146.9515,,,2651,6.161606,0.04174453,363.9861,-4.3740916,-1.1192777,13.250481,2448202,-4.3461676,16334.417,-0.6923077
0.14999999,1.0149959,-1.1615046,923.5297888386124,8.775426e-11,-13.250481,45.302124,2652,-3.760273,8.42407,,244,196,0.14999999,5797.303746461868,6.923077,,146.9515,,,2652,6.1615047,8.00359,355.6385,-4.374469,-0.8932559,13.250481,2449201,-3.8521001,16340.311,1.0
0.14999999,1.1297998,-1.1634184,923.5582359592913,8.768813e-11,-13.250481,45.30206,2653,-3.7603185,8.42407,0.47593766,244,196,0.14999999,5800.795912981033,-0.7692308,,146.9515,,,2653,6.1634183,-0.47715467,351.5894,-4.374846,-6.238763,13.250481,2450200,-3.8633528,16351.549,0.07692308
0.14999999,1.1268613,-1.1630667,923.5866616428033,8.7622055e-11,-13.250481,45.291077,2654,-3.7602174,8.42407,2.7487042e-07,244,196,0.14999999,5804.335500717163,0.7692308,,146.9515,8.659239e-22,,2654,6.163067,0.95560503,338.17456,-4.3750434,-0.23003301,13.250481,2451199,-3.5840654,16356.779,-0.07692308
0.14999999,0.8842151,-1.1626405,923.615065913371,8.755607e-11,-13.250481,45.27202,2655,-3.760034,8.42407,1.561516e-05,244,196,0.14999999,5807.951415777206,-0.7692308,,146.9515,3.7340843e-27,,2655,6.1626406,-0.11538923,344.2702,-4.37542,-0.03131559,13.250481,2452198,-3.3639987,16361.811,0.6923077
0.14999999,0.6761486,-1.1626741,923.6434487951807,8.749014e-11,-13.250481,45.228317,2656,-3.7600796,8.42407,,244,196,0.14999999,5811.375112056732,-6.923077,,146.9515,,,2656,6.162674,-7.2390547,192.02812,-4.375797,-1.2518519,13.250481,2453197,-3.7401083,16368.0625,-0.07692308
0.14999999,1.0114423,-1.1623559,923.6718103123824,8.7424304e-11,-13.250481,45.20102,2657,-3.7600718,8.42407,,244,196,0.14999999,5814.871068954468,6.923077,,146.9515,,,2657,6.162356,6.2797976,210.46432,-4.376173,-0.31743935,13.250481,2454196,-3.4060524,16373.38,-0.53846157
0.14999999,0.8787579,-1.1621033,923.5146726862303,8.735853e-11,-13.250481,45.17688,2658,-3.7599823,8.42407,0.1511147,244,196,0.14999999,5818.14133310318,-0.7692308,,146.9515,,,2658,6.162103,-0.9298692,337.62158,-4.3765492,-0.49104357,13.250481,2454702,-3.5116007,16378.871,-0.23076923
0.14999999,1.143054,-1.1616988,923.5430613012411,8.729283e-11,-13.250481,45.146267,2659,-3.759949,8.42407,,244,196,0.14999999,5821.590647935867,6.923077,,146.9515,,,2659,6.161699,6.11339,365.27972,-4.3768687,-0.086292915,13.250481,2455701,-3.5244815,16383.957,-1.0
0.14999999,1.0236582,-1.1617982,923.3748120300752,8.722722e-11,-13.250481,45.12097,2660,-3.7600975,8.42407,1.0601424e-07,244,196,0.14999999,5824.661404371262,0.7692308,,146.9515,,,2660,6.1617985,0.47374165,344.93915,-4.3772445,-1.4263742,13.250481,2456177,-4.2580256,16390.383,0.23076923
0.14999999,0.96657974,-1.1613659,923.4032318677189,8.716166e-11,-13.250481,45.09632,2661,-3.7605672,8.42407,,244,196,0.14999999,5828.179663181305,-6.923077,,146.9515,,,2661,6.161366,-6.7332554,225.83434,-4.3776207,-0.011211921,13.250481,2457176,-4.99996,16395.395,0.23076923
0.14999999,0.84252316,-1.1609732,923.431630353118,8.709619e-11,-13.250481,45.082127,2662,-3.760445,8.42407,8.6611204e-11,244,196,0.14999999,5831.634533882141,-0.7692308,,146.9515,,,2662,6.160973,-1.7455328,355.9001,-4.3779964,-0.116047144,13.250481,2458175,-3.3823552,16400.512,-1.0
0.14999999,0.82945657,-1.1612788,923.4600075103267,8.703079e-11,-13.250481,45.054955,2663,-3.7605622,8.42407,,244,196,0.14999999,5835.107235193253,8.461538,,146.9515,,,2663,6.1612787,9.450494,463.87054,-4.3783717,-1.9749423,13.250481,2459174,-3.8847024,16407.486,0.84615386
0.14999999,1.0204002,-1.1627051,923.4883633633634,8.696546e-11,-13.250481,45.032684,2664,-3.7606535,8.42407,,244,196,0.14999999,5838.6015956401825,-5.3846154,,146.9515,,,2664,6.162705,-4.008664,491.59805,-4.3787475,-4.960824,13.250481,2460173,-3.8060515,16417.445,1.0
0.14999999,0.93182826,-1.1656338,923.5166979362101,8.690021e-11,-13.250481,45.032646,2665,-3.7616456,8.42407,,244,196,0.14999999,5841.979254722595,2.3076923,,146.9515,,,2665,6.1656337,3.4683714,242.42667,-4.3791227,-8.96767,13.250481,2461172,-6.3799057,16431.414,0.84615386
0.14999999,0.97948676,-1.1667365,923.5450112528132,8.683504e-11,-13.250481,45.030518,2666,-3.7616339,8.42407,,244,196,0.14999999,5845.393109560013,-8.461538,,146.9515,,,2666,6.1667366,-7.4767504,621.7689,-4.3794975,-4.105351,13.250481,2462171,-3.6383224,16440.52,1.0
0.14999999,0.84728587,-1.1678783,923.5733033370828,8.6769925e-11,-13.250481,45.022335,2667,-3.7616584,8.42407,,244,196,0.14999999,5848.918769359589,-8.461538,,146.9515,5.84734e-31,,2667,6.167878,-9.5540695,264.89874,-4.379873,-4.2120194,13.250481,2463170,-3.7460349,16449.73,-0.84615386
0.14999999,0.82033145,-1.1679864,923.6015742128935,8.670489e-11,-13.250481,45.015842,2668,-3.7622838,8.42407,,244,196,0.14999999,5852.489145517349,5.3846154,,146.9515,,,2668,6.1679864,6.4410105,380.12994,-4.3802476,-1.4563385,13.250481,2464169,-5.2539725,16456.188,1.0
0.14999999,0.9078537,-1.1708057,923.6298239040839,8.663993e-11,-13.250481,44.890266,2669,-3.762692,8.42407,5.2634793e-17,244,196,0.14999999,5855.936903476715,0.7692308,,146.9515,,,2669,6.170806,-0.43044,443.0902,-4.3806224,-8.692501,13.250481,2465168,-4.6401367,16469.88,-1.0
0.14999999,0.945446,-1.1711636,923.658052434457,8.6575046e-11,-13.250481,44.86915,2670,-3.763089,8.42407,,244,196,0.14999999,5859.391337394714,3.8461537,,146.9515,,,2670,6.1711636,4.6071253,311.2069,-4.380997,-2.1264768,13.250481,2466167,-4.6952043,16477.008,0.6923077
0.14999999,0.9133661,-1.1719357,923.6862598277798,8.651023e-11,-13.250481,44.849934,2671,-3.7633054,8.42407,,244,196,0.14999999,5862.899090051651,-2.3076923,,146.9515,,,2671,6.1719356,-2.2916596,223.25151,-4.3813715,-3.2335804,13.250481,2467166,-4.2596755,16485.24,0.3846154
0.14999999,1.016279,-1.1715726,923.7144461077844,8.64455e-11,-13.250481,44.843674,2672,-3.763244,8.42407,,244,196,0.14999999,5866.358302354813,-5.3846154,,146.9515,,,2672,6.1715727,-5.952422,261.06223,-4.381746,-0.20163548,13.250481,2468165,-3.4936893,16490.441,-0.84615386
0.14999999,1.1164287,-1.171528,923.7426112981668,8.638082e-11,-13.250481,44.80317,2673,-3.7632525,8.42407,,244,196,0.14999999,5869.863163471222,5.3846154,,146.9515,,,2673,6.171528,4.5192385,258.4589,-4.38212,-1.0520797,13.250481,2469164,-3.7742143,16496.494,-0.84615386
0.14999999,1.4636039,-1.1716818,923.7314884068811,8.631623e-11,-13.250481,44.76461,2674,-3.7631,8.42407,1.0707232e-08,244,196,0.14999999,5873.363248348236,0.7692308,,146.9515,,,2674,6.171682,0.49234423,324.4798,-4.382494,-1.5831401,13.250481,2470058,-3.4437346,16503.078,-0.3846154
0.14999999,1.232616,-1.1713274,923.7596261682243,8.625171e-11,-13.250481,44.72509,2675,-3.7628102,8.42407,,244,196,0.14999999,5877.027017593384,-6.923077,,146.9515,,,2675,6.1713276,-7.3818974,233.12556,-4.382868,-0.22346075,13.250481,2471057,-3.40051,16508.3,-0.53846157
0.14999999,1.0090852,-1.1710156,923.7877428998505,8.618725e-11,-13.250481,44.690823,2676,-3.7626388,8.42407,,244,196,0.14999999,5880.494856834412,2.3076923,,146.9515,,,2676,6.1710157,2.6976645,209.60681,-4.3832417,-0.3369339,13.250481,2472056,-3.5087411,16513.637,0.3846154
0.14999999,1.1208403,-1.1708734,923.8158386253268,8.612287e-11,-13.250481,44.65293,2677,-3.762561,8.42407,,244,196,0.14999999,5883.949816942215,2.3076923,,146.9515,0.0038466668,,2677,6.1708736,1.8913399,232.25157,-4.3836155,-0.79042053,13.250481,2473055,-3.5423226,16519.428,-0.23076923
0.14999999,1.1705376,-1.1706084,923.8439133681852,8.605857e-11,-13.250481,44.614864,2678,-3.7624,8.42407,,244,196,0.14999999,5887.508110046387,-3.8461537,,146.9515,,,2678,6.1706085,-2.7774234,322.0136,-4.383989,-0.46138465,13.250481,2474054,-3.4285517,16524.889,0.6923077
0.14999999,1.2185422,-1.1714936,923.8719671519224,8.599433e-11,-13.250481,44.610764,2679,-3.7625644,8.42407,0.022555903,244,196,0.14999999,5890.9925718307495,-0.7692308,,146.9515,,,2679,6.1714935,-0.13800883,324.8078,-4.384362,-3.541997,13.250481,2475053,-4.3360324,16533.432,0.3846154
0.14999999,1.0435323,-1.1713618,923.9,8.5930166e-11,-13.250481,44.506657,2680,-3.7626479,8.42407,,244,196,0.14999999,5894.47700715065,-2.3076923,,146.9515,6.776581e-27,,2680,6.171362,-2.6166582,207.10516,-4.384727,-0.8180124,13.250481,2476052,-4.1687922,16539.25,0.07692308
0.14999999,1.2328606,-1.1710039,923.9280119358448,8.586607e-11,-13.250481,44.491547,2681,-3.7625237,8.42407,,244,196,0.14999999,5898.031152963638,-2.3076923,,146.9515,183.4472,,2681,6.171004,-2.6865244,215.62831,-4.3851,-0.21196704,13.250481,2477051,-3.4518387,16544.46,-0.3846154
0.14999999,0.69276935,-1.1706847,923.9560029828486,8.580205e-11,-13.250481,44.47171,2682,-3.76231,8.42407,,244,196,0.14999999,5901.549403429031,-6.923077,,146.9515,,,2682,6.170685,-8.115103,248.93265,-4.385473,-0.3149367,13.250481,2478050,-3.392021,16549.777,-1.0
0.14999999,1.2776263,-1.1711618,923.9839731643682,8.5738104e-11,-13.250481,44.46794,2683,-3.7626913,8.42407,0.00071937294,244,196,0.14999999,5905.019798755646,-0.7692308,,146.9515,,,2683,6.1711617,-1.4772874,348.57742,-4.3858457,-2.4506652,13.250481,2479049,-4.4609523,16557.227,-0.53846157
0.14999999,1.3484354,-1.1710267,924.0119225037258,8.567423e-11,-13.250481,44.459885,2684,-3.7624428,8.42407,,244,196,0.14999999,5908.415910959244,-6.923077,,146.9515,,,2684,6.1710267,-6.498899,236.30586,-4.386218,-0.8084627,13.250481,2480048,-3.3339536,16563.035,0.53846157
0.14999999,0.79845095,-1.1711476,924.0398510242086,8.561042e-11,-13.250481,44.45991,2685,-3.7624073,8.42407,,244,196,0.14999999,5911.95116186142,2.3076923,,146.9515,,,2685,6.1711473,2.2694693,221.10997,-4.3865905,-1.4956819,13.250481,2481047,-3.98086,16569.531,0.07692308
0.14999999,1.1388613,-1.170724,924.0677587490693,8.5546695e-11,-13.250481,44.368927,2686,-3.7624133,8.42407,,244,196,0.14999999,5915.355979919434,-3.8461537,,146.9515,,,2686,6.170724,-5.0297146,533.44147,-4.386963,-0.03355466,13.250481,2482046,-3.5616622,16574.564,-1.0
0.14999999,1.0593288,-1.1711895,924.0956457015259,8.548303e-11,-13.250481,44.358673,2687,-3.7626011,8.42407,,244,196,0.14999999,5918.816954374313,3.8461537,,146.9515,,,2687,6.1711893,3.981358,297.5974,-4.3873353,-2.4216177,13.250481,2483045,-4.358805,16581.986,0.07692308
0.14999999,1.2367147,-1.1707927,924.1235119047619,8.5419435e-11,-13.250481,44.35255,2688,-3.7625508,8.42407,,244,196,0.14999999,5922.408380746841,-3.8461537,,146.9515,,,2688,6.1707926,-3.7239408,275.43414,-4.387707,-0.10453474,13.250481,2484044,-3.6555326,16587.09,0.07692308
0.14999999,1.1006528,-1.1703715,924.1513573819263,8.535591e-11,-13.250481,44.26673,2689,-3.7623682,8.42407,,244,196,0.14999999,5925.9622983932495,6.923077,,146.9515,,,2689,6.1703715,7.649558,225.39713,-4.388079,-0.037896242,13.250481,2485043,-3.4748662,16592.129,0.53846157
0.14999999,0.8516531,-1.1704224,924.1791821561338,8.529247e-11,-13.250481,44.23446,2690,-3.7623882,8.42407,,244,196,0.14999999,5929.3961181640625,6.923077,,146.9515,0.04435918,,2690,6.1704226,6.568722,204.71594,-4.388451,-1.307456,13.250481,2486042,-3.8907666,16598.436,-0.07692308
0.14999999,1.0116162,-1.1698375,924.0189520624303,8.5229095e-11,-13.250481,44.163246,2691,-3.7622848,8.42407,6.1413763e-10,244,196,0.14999999,5932.528083562851,0.7692308,,146.9515,,,2691,6.1698375,1.2020352,258.57538,-4.3888226,0.4034434,13.250481,2486535,-3.322173,16603.033,0.53846157
0.14999999,1.4403229,-1.1696782,924.0468053491828,8.5165784e-11,-13.250481,44.07537,2692,-3.7622104,8.42407,,244,196,0.14999999,5936.047739744186,3.8461537,,146.9515,,,2692,6.169678,4.5731735,710.268,-4.3891945,-0.7407713,13.250481,2487534,-3.545769,16608.773,1.0
0.14999999,0.972038,-1.1700065,924.0746379502414,8.5102536e-11,-13.250481,44.067738,2693,-3.7620027,8.42407,,244,196,0.14999999,5939.5411994457245,-2.3076923,,146.9515,,,2693,6.1700068,-3.2220037,231.42412,-4.3895655,-2.05401,13.250481,2488533,-3.5500205,16615.828,-0.6923077
0.14999999,0.75255173,-1.1700507,924.1024498886414,8.503937e-11,-13.250481,44.04382,2694,-3.761886,8.42407,,244,196,0.14999999,5943.077663660049,2.3076923,,146.9515,,,2694,6.1700506,1.264255,355.80115,-4.389937,-1.2889394,13.250481,2489532,-3.3964067,16622.117,-1.0
0.14999999,0.7858894,-1.1703203,924.1302411873841,8.4976276e-11,-13.250481,43.912357,2695,-3.7619488,8.42407,,244,196,0.14999999,5946.616737604141,-6.923077,,146.9515,,,2695,6.1703205,-7.0472155,191.22658,-4.390308,-1.8967704,13.250481,2490531,-3.6596508,16629.014,-0.23076923
0.14999999,1.0717585,-1.1699071,924.1580118694362,8.491325e-11,-13.250481,43.84291,2696,-3.7618687,8.42407,,244,196,0.14999999,5950.248331785202,2.3076923,,146.9515,,,2696,6.169907,1.495871,236.10391,-4.390679,-0.056251474,13.250481,2491530,-3.319944,16634.07,-0.6923077
0.14999999,0.94876534,-1.1697732,924.1857619577308,8.485029e-11,-13.250481,43.75349,2697,-3.7617788,8.42407,,244,196,0.14999999,5953.810603141785,5.3846154,,146.9515,,,2697,6.169773,5.1938696,248.30183,-4.39105,-0.80872107,13.250481,2492529,-3.5661933,16639.879,-0.23076923
0.14999999,0.8857062,-1.1693194,924.0841363973313,8.4787406e-11,-13.250481,43.72567,2698,-3.7616992,8.42407,,244,196,0.14999999,5957.167702436447,-3.8461537,,146.9515,,,2698,6.169319,-4.2445974,267.34326,-4.3914204,0.05451297,13.250481,2493179,-3.4720297,16644.824,-0.3846154
0.14999999,1.0168471,-1.1690083,924.1118932938125,8.472459e-11,-13.250481,43.716686,2699,-3.7615952,8.42407,,244,196,0.14999999,5960.733639955521,8.461538,,146.9515,,,2699,6.1690083,7.455596,264.83557,-4.3917913,-0.3296396,13.250481,2494178,-3.3446977,16650.152,-1.0
0.14999999,1.1808375,-1.1681108,923.892962962963,8.466184e-11,-13.250481,43.697945,2700,-3.761458,8.42407,,244,196,0.14999999,5963.851458311081,8.461538,,146.9515,33.01397,,2700,6.168111,7.6398387,304.20126,-4.392162,1.2539852,13.250481,2494511,-3.3778174,16653.898,-0.6923077
0.14999999,0.929916,-1.1681345,923.8130322102925,8.4599154e-11,-13.250481,43.658367,2701,-3.761214,8.42407,,244,196,0.14999999,5967.286259174347,-5.3846154,,146.9515,,,2701,6.1681347,-5.5368385,247.25586,-4.392532,-1.2316849,13.250481,2495219,-3.2504637,16660.13,-0.23076923
0.14999999,1.084885,-1.1677347,923.8408586232421,8.453655e-11,-13.250481,43.65035,2702,-3.7611535,8.42407,,244,196,0.14999999,5970.841506481171,3.8461537,,146.9515,,,2702,6.1677346,3.3880715,229.22647,-4.392902,-0.08793796,13.250481,2496218,-3.5056796,16665.219,-0.3846154
0.14999999,0.90532905,-1.1675113,923.8686644469109,8.447402e-11,-13.250481,43.63564,2703,-3.7609782,8.42407,1.6522071e-10,244,196,0.14999999,5974.499571800232,-0.7692308,,146.9515,,,2703,6.1675115,0.3476407,503.78464,-4.393272,-0.56417865,13.250481,2497217,-3.3499565,16670.783,1.0
0.14999999,1.0124822,-1.1684557,923.896449704142,8.441155e-11,-13.250481,43.55784,2704,-3.7613618,8.42407,,244,196,0.14999999,5978.045752048492,-5.3846154,,146.9515,,,2704,6.1684556,-5.228336,211.69104,-4.393642,-3.721263,13.250481,2498216,-4.6540823,16679.504,0.23076923
0.14999999,0.8880263,-1.1681514,923.9242144177449,8.434915e-11,-13.250481,43.542248,2705,-3.7612898,8.42407,,244,196,0.14999999,5981.655189037323,-5.3846154,,146.9515,0.3602947,,2705,6.1681514,-4.7039866,274.90918,-4.394012,-0.3449232,13.250481,2499215,-3.5556388,16684.85,0.84615386
0.14999999,1.08045,-1.1684729,923.9519586104952,8.4286814e-11,-13.250481,43.538223,2706,-3.7612233,8.42407,,244,196,0.14999999,5985.192966222763,5.3846154,,146.9515,,,2706,6.168473,5.3098598,243.8477,-4.3943815,-2.0381937,13.250481,2500214,-3.4466066,16691.887,0.23076923
0.14999999,0.7500379,-1.1680688,923.9796823051348,8.422455e-11,-13.250481,43.470997,2707,-3.7612,8.42407,,244,196,0.14999999,5988.715016126633,-2.3076923,,146.9515,,,2707,6.168069,-1.8101555,212.89272,-4.394751,-0.0746234,13.250481,2501213,-3.7511733,16696.963,0.6923077
0.14999999,1.1631819,-1.1682801,924.0073855243722,8.4162365e-11,-13.250481,43.466278,2708,-3.7611923,8.42407,,244,196,0.14999999,5992.290060520172,-3.8461537,,146.9515,7.204787e-17,,2708,6.16828,-3.3856692,260.92743,-4.39512,-1.7405016,13.250481,2502212,-3.473519,16703.703,0.3846154
0.14999999,1.1352077,-1.1679975,924.0350682908822,8.4100234e-11,-13.250481,43.451206,2709,-3.761185,8.42407,,244,196,0.14999999,5995.989304065704,8.461538,,146.9515,,,2709,6.1679974,8.437071,333.73352,-4.395489,-0.4025698,13.250481,2503211,-3.87464,16709.105,0.23076923
0.14999999,1.1124804,-1.1675231,923.9210332103321,8.403817e-11,-13.250481,43.4035,2710,-3.7608612,8.42407,,244,196,0.14999999,5999.262003183365,3.8461537,,146.9515,,,2710,6.1675234,4.5191865,271.7274,-4.3958583,0.11741806,13.250481,2503826,-2.9880044,16713.988,0.3846154
0.14999999,0.8234757,-1.1676217,923.9487274068609,8.397619e-11,-13.250481,43.401344,2711,-3.760682,8.42407,,244,196,0.14999999,6002.766026258469,5.3846154,,146.9515,9.8912836e-20,,2711,6.1676216,6.2919874,236.58649,-4.3962274,-1.4346637,13.250481,2504825,-3.3578663,16720.422,0.84615386
0.14999999,1.0821449,-1.1684171,923.976401179941,8.391428e-11,-13.250481,43.305454,2712,-3.7606497,8.42407,,244,196,0.14999999,6006.465147733688,6.923077,,146.9515,,,2712,6.168417,6.37,218.39969,-4.3965964,-3.3249316,13.250481,2505824,-3.477961,16728.748,-0.6923077
0.14999999,0.82688624,-1.1680222,923.8249170659786,8.3852446e-11,-13.250481,43.27781,2713,-3.7604725,8.42407,,244,196,0.14999999,6009.737002849579,-2.3076923,,146.9515,,,2713,6.168022,-3.1254132,311.91125,-4.396965,-0.09655467,13.250481,2506337,-3.338408,16733.844,-1.0
0.14999999,0.95717806,-1.1681949,923.8526160648489,8.379066e-11,-13.250481,43.274563,2714,-3.7604759,8.42407,,244,196,0.14999999,6013.292746782303,8.461538,,146.9515,,,2714,6.168195,8.036524,268.76303,-4.3973336,-1.6371158,13.250481,2507336,-3.5764534,16740.48,-0.3846154
0.14999999,0.970885,-1.1678842,923.7926335174953,8.372895e-11,-13.250481,43.262684,2715,-3.7602901,8.42407,1.0058799e-16,244,196,0.14999999,6016.822104930878,0.7692308,,146.9515,,,2715,6.1678843,2.01723,557.5239,-4.3977017,-0.32454026,13.250481,2508097,-3.1915517,16745.805,1.0
0.14999999,0.8973417,-1.1711223,923.820324005891,8.36673e-11,-13.250481,43.22483,2716,-3.7608893,8.42407,,244,196,0.14999999,6020.256815433502,2.3076923,,146.9515,4.7721882e-23,,2716,6.1711226,3.2764647,225.83908,-4.39807,-9.96275,13.250481,2509096,-5.3109756,16760.768,0.6923077
0.14999999,0.836839,-1.1719245,923.847994111152,8.3605727e-11,-13.250481,43.17364,2717,-3.7608252,8.42407,,244,196,0.14999999,6023.787155389786,-8.461538,,146.9515,,,2717,6.1719246,-7.4527283,308.3784,-4.398438,-3.3503213,13.250481,2510095,-3.4668202,16769.12,0.84615386
0.14999999,1.1437875,-1.1732157,923.8756438557763,8.354422e-11,-13.250481,43.170925,2718,-3.7609541,8.42407,,244,196,0.14999999,6027.426303625107,2.3076923,,146.9515,,,2718,6.173216,2.215318,208.49744,-4.398806,-4.6818666,13.250481,2511094,-3.92601,16778.8,-0.3846154
0.14999999,0.9011622,-1.1728027,923.9032732622287,8.3482776e-11,-13.250481,43.1567,2719,-3.760759,8.42407,,244,196,0.14999999,6030.927801370621,-2.3076923,,146.9515,,,2719,6.172803,-2.3302789,200.49759,-4.399174,-0.049881592,13.250481,2512093,-3.3535237,16783.852,-0.07692308
0.14999999,0.8008976,-1.1723802,923.9308823529411,8.342141e-11,-13.250481,43.15177,2720,-3.7606807,8.42407,,244,196,0.14999999,6034.500390052795,-8.461538,,146.9515,,,2720,6.1723804,-8.542554,221.2303,-4.399542,-0.023816554,13.250481,2513092,-3.433263,16788.875,-0.07692308
0.14999999,1.0167875,-1.1719515,923.9584711503123,8.3360104e-11,-13.250481,43.093548,2721,-3.760816,8.42407,,244,196,0.14999999,6038.000528812408,5.3846154,,146.9515,,,2721,6.1719513,4.889411,233.82616,-4.3999095,-0.005796442,13.250481,2514091,-3.9121258,16793.88,-0.53846157
0.14999999,1.0385215,-1.171896,923.8574577516532,8.329887e-11,-13.250481,43.06662,2722,-3.7608418,8.42407,,244,196,0.14999999,6041.355917692184,6.923077,,146.9515,9.78369e-21,,2722,6.171896,7.1739125,200.85184,-4.4002767,-1.0206333,13.250481,2514740,-3.8267825,16799.9,0.07692308
0.14999999,1.1930841,-1.1713277,923.719059860448,8.323769e-11,-13.250481,43.00642,2723,-3.7608085,8.42407,,244,196,0.14999999,6044.531163454056,-6.923077,,146.9515,,,2723,6.1713276,-7.931834,223.42819,-4.400644,0.37533906,13.250481,2515287,-3.688045,16804.525,-0.6923077
0.14999999,0.8622233,-1.1712663,923.7466960352423,8.317659e-11,-13.250481,43.006172,2724,-3.7609017,8.42407,,244,196,0.14999999,6048.020014047623,-5.3846154,,146.9515,2.0737966e-31,,2724,6.1712666,-5.8363605,197.39491,-4.401011,-1.0039928,13.250481,2516286,-4.182419,16810.53,-0.53846157
0.14999999,1.5263715,-1.1710132,923.7743119266055,8.3115556e-11,-13.250481,42.940594,2725,-3.7608428,8.42407,,244,196,0.14999999,6051.564356327057,-8.461538,,146.9515,,,2725,6.1710134,-9.49061,946.429,-4.401378,-0.4816777,13.250481,2517285,-3.4455926,16816.012,-1.0
0.14999999,1.015225,-1.1711533,923.8019075568599,8.3054584e-11,-13.250481,42.908585,2726,-3.7608714,8.42407,,244,196,0.14999999,6055.056337356567,-8.461538,,146.9515,1.8398055e-10,,2726,6.171153,-8.342785,230.221,-4.4017453,-1.5528991,13.250481,2518284,-4.233919,16822.564,0.23076923
0.14999999,0.7946925,-1.170724,923.8294829482949,8.2993674e-11,-13.250481,42.8912,2727,-3.7606332,8.42407,,244,196,0.14999999,6058.69707942009,-6.923077,,146.9515,9.604199e-28,,2727,6.170724,-5.93499,313.59958,-4.402112,-0.00049476343,13.250481,2519283,-3.105478,16827.564,1.0
0.14999999,0.7899415,-1.1730014,923.8570381231672,8.293284e-11,-13.250481,42.79541,2728,-3.7613456,8.42407,,244,196,0.14999999,6062.130081892014,-6.923077,,146.9515,9.902391e-11,,2728,6.1730013,-6.5678487,177.23962,-4.4024787,-7.383515,13.250481,2520282,-5.475265,16839.947,0.07692308
0.14999999,0.90793616,-1.1725773,923.884573103701,8.287208e-11,-13.250481,42.78343,2729,-3.7612643,8.42407,,244,196,0.14999999,6065.717899084091,6.923077,,146.9515,,,2729,6.1725774,6.586242,189.96729,-4.402845,-0.015366788,13.250481,2521281,-3.3156028,16844.963,-0.3846154
0.14999999,0.87506723,-1.1717395,923.6981684981685,8.2811376e-11,-13.250481,42.77769,2730,-3.7611504,8.42407,,244,196,0.14999999,6068.972984790802,-8.461538,,146.9515,,,2730,6.1717396,-8.58244,239.94086,-4.4032116,1.1145251,13.250481,2521696,-3.3404448,16848.85,-0.3846154
0.14999999,0.9145402,-1.1714358,923.7257414866349,8.2750744e-11,-13.250481,42.771988,2731,-3.7609713,8.42407,,244,196,0.14999999,6072.445559024811,-3.8461537,,146.9515,,,2731,6.171436,-3.0551805,414.98746,-4.403578,-0.34224162,13.250481,2522695,-3.1284597,16854.191,1.0
0.14999999,0.77328074,-1.1714829,923.7532942898976,8.2690174e-11,-13.250481,42.753708,2732,-3.761234,8.42407,,244,196,0.14999999,6075.957321166992,8.461538,,146.9515,,,2732,6.171483,9.55088,386.50073,-4.403944,-1.3001028,13.250481,2523694,-4.3560095,16860.492,1.0
0.14999999,0.967007,-1.1735429,923.7808269301134,8.262967e-11,-13.250481,42.584248,2733,-3.7614062,8.42407,,244,196,0.14999999,6079.461735486984,3.8461537,,146.9515,,,2733,6.173543,3.0079267,230.9773,-4.4043097,-6.801224,13.250481,2524693,-3.9768958,16872.293,-0.84615386
0.14999999,1.0694065,-1.1737667,923.8083394294075,8.256924e-11,-13.250481,42.542965,2734,-3.7613077,8.42407,,244,196,0.14999999,6083.025351524353,-6.923077,,146.9515,,,2734,6.1737666,-6.271098,217.18929,-4.4046755,-1.7856473,13.250481,2525692,-3.4371285,16879.078,0.6923077
0.14999999,0.9562341,-1.1738806,923.835831809872,8.250886e-11,-13.250481,42.52348,2735,-3.7611532,8.42407,,244,196,0.14999999,6086.620040655136,-5.3846154,,146.9515,,,2735,6.1738806,-6.388021,432.7179,-4.405041,-1.4854642,13.250481,2526691,-3.3834195,16885.562,-1.0
0.14999999,0.9028531,-1.174104,923.8633040935673,8.244857e-11,-13.250481,42.509087,2736,-3.7610846,8.42407,,244,196,0.14999999,6090.200351715088,5.3846154,,146.9515,,,2736,6.1741037,5.131064,221.9885,-4.405407,-1.7851536,13.250481,2527690,-3.4951956,16892.348,-0.07692308
0.14999999,1.0524735,-1.1735494,923.7296309828279,8.238833e-11,-13.250481,42.47,2737,-3.761078,8.42407,,244,196,0.14999999,6093.595135688782,8.461538,,146.9515,,,2737,6.1735497,8.327948,260.90405,-4.405772,0.3439565,13.250481,2528248,-3.6282206,16897.004,-0.07692308
0.14999999,0.9554717,-1.1717412,923.5105916727539,8.232816e-11,-13.250481,42.457783,2738,-3.7607808,8.42407,,244,196,0.14999999,6096.866494894028,-5.3846154,,146.9515,,,2738,6.1717415,-5.223655,211.77261,-4.4061375,3.7771823,13.250481,2528572,-2.9736688,16898.227,-0.07692308
0.14999999,1.0105516,-1.1713163,923.5381526104418,8.2268053e-11,-13.250481,42.450104,2739,-3.760778,8.42407,,244,196,0.14999999,6100.394385814667,6.923077,,146.9515,,,2739,6.171316,7.6080527,206.26656,-4.4065027,-0.007921722,13.250481,2529571,-3.6875577,16903.234,0.3846154
0.14999999,1.0809134,-1.1712292,923.5656934306569,8.220802e-11,-13.250481,42.44983,2740,-3.7607892,8.42407,,244,196,0.14999999,6103.911201477051,-5.3846154,,146.9515,,,2740,6.1712294,-4.592441,248.1831,-4.406868,-0.9325124,13.250481,2530570,-3.7841513,16909.168,0.53846157
0.14999999,0.7641928,-1.1711371,923.5932141554177,8.2148045e-11,-13.250481,42.410946,2741,-3.7607133,8.42407,,244,196,0.14999999,6107.4011487960815,-2.3076923,,146.9515,,,2741,6.171137,-1.6162497,276.19354,-4.4072328,-0.91913706,13.250481,2531569,-3.6098492,16915.086,1.0
0.14999999,0.90540546,-1.1712319,923.6207148067105,8.208813e-11,-13.250481,42.385574,2742,-3.76072,8.42407,,244,196,0.14999999,6110.937314033508,5.3846154,,146.9515,,,2742,6.1712317,5.7914133,198.3349,-4.4075975,-1.4307753,13.250481,2532568,-3.5227354,16921.518,0.53846157
0.14999999,0.9299159,-1.1710501,923.6481954064892,8.20283e-11,-13.250481,42.364334,2743,-3.760647,8.42407,,244,196,0.14999999,6114.445320367813,2.3076923,,146.9515,,,2743,6.17105,2.5575025,209.99336,-4.407962,-0.6725187,13.250481,2533567,-3.4491584,16927.191,0.23076923
0.14999999,1.0417485,-1.1706253,923.6756559766764,7.1450436e-11,-13.250481,42.48936,2744,-3.7605436,8.42407,,244,196,0.14999999,6118.027312278748,-2.3076923,,146.9515,,,2744,6.170625,-2.2580826,203.12892,-4.4083266,-0.0054498645,13.250481,2534566,-3.387181,16932.195,0.23076923
0.14999999,0.6538501,-1.1702068,923.7030965391621,7.139838e-11,-13.250481,84.66963,2745,-3.7603664,8.42407,,244,225,0.14999999,6121.540736198425,-5.714286,,146.9515,,,2745,6.170207,-5.5851893,305.04868,-4.408691,-0.022094904,13.250481,2535565,-3.2989316,16937.219,
0.14999999,0.8671799,-1.169837,923.7305171158048,7.134639e-11,-13.250481,84.506294,2746,-3.7606604,8.42407,,244,225,0.14999999,6765.840453863144,5.714286,,146.9515,,,2746,6.169837,5.674629,361.2805,-4.409055,-0.15457328,13.250481,2536564,-4.205788,16942.373,
0.14999999,0.9015444,-1.1693975,923.6734619585002,7.129445e-11,-13.250481,84.285736,2747,-3.7608037,8.42407,,244,225,0.14999999,6769.522039651871,5.714286,,146.9515,13.346902,,2747,6.1693974,5.332654,363.68842,-4.409419,0.03731638,13.250481,2537331,-3.9933233,16947.336,-0.42857143
0.14999999,1.0624624,-1.1689758,923.5578602620087,7.1242574e-11,-13.250481,84.23623,2748,-3.7608402,8.42407,,244,225,0.14999999,6772.92572760582,-5.714286,,146.9515,,,2748,6.168976,-6.1088257,426.72955,-4.4097834,-0.010400149,13.250481,2537937,-3.7389443,16952.346,-0.42857143
0.14999999,1.6138463,-1.1687934,923.585303746817,7.1190755e-11,-13.250481,84.0421,2749,-3.7607398,8.42407,,244,225,0.14999999,6776.728133916855,-5.714286,,146.9515,1.5660987,,2749,6.1687937,-6.7428923,721.169,-4.410147,-0.667622,13.250481,2538936,-3.5059373,16958.014,-1.0
0.14999999,1.2310627,-1.1689993,923.6127272727273,7.1138984e-11,-13.250481,83.959404,2750,-3.7607315,8.42407,,244,225,0.14999999,6780.439702510834,-5.714286,,146.9515,2.1761989e-16,,2750,6.168999,-5.0017767,367.13995,-4.4105105,-1.7350227,13.250481,2539935,-4.238161,16964.748,0.42857143
0.14999999,0.81347924,-1.1691209,923.6401308615049,7.108728e-11,-13.250481,83.84206,2751,-3.7607071,8.42407,,244,225,0.14999999,6784.193472862244,5.714286,,146.9515,,,2751,6.169121,6.662703,341.8645,-4.4108744,-1.5035532,13.250481,2540934,-3.8840234,16971.252,0.42857143
0.14999999,0.8983594,-1.1703084,923.6675145348837,7.103563e-11,-13.250481,83.00149,2752,-3.761013,8.42407,,244,225,0.14999999,6787.9919011592865,-5.714286,,146.9515,,,2752,6.170308,-4.674809,495.2024,-4.4112377,-4.4367714,13.250481,2541933,-4.3959403,16980.688,1.0
0.14999999,1.117109,-1.1714672,923.6948783145659,7.098403e-11,-13.250481,82.57504,2753,-3.7611895,8.42407,,244,225,0.14999999,6791.727535009384,5.714286,,146.9515,,,2753,6.1714673,4.9326954,377.821,-4.411601,-4.3610663,13.250481,2542932,-4.09559,16990.049,-0.71428573
0.14999999,1.0699471,-1.1715602,923.7222222222222,7.093249e-11,-13.250481,82.33301,2754,-3.7613103,8.42407,,244,225,0.14999999,6795.374853610992,-5.714286,,146.9515,,,2754,6.1715603,-6.1791844,406.12595,-4.4119644,-1.427192,13.250481,2543931,-4.1700096,16996.477,-0.71428573
0.14999999,0.86607325,-1.1713547,923.7495462794918,7.088101e-11,-13.250481,81.947975,2755,-3.7613158,8.42407,,244,225,0.14999999,6799.0099947452545,-5.714286,,146.9515,8.0506863e-13,,2755,6.171355,-4.64673,298.5308,-4.4123273,-0.6052881,13.250481,2544930,-3.8162339,17002.082,0.71428573
0.14999999,1.0415413,-1.1721352,923.7768505079825,7.082958e-11,-13.250481,81.72153,2756,-3.7612963,8.42407,,244,225,0.14999999,6802.629013061523,5.714286,,146.9515,,,2756,6.1721354,6.353047,472.40558,-4.41269,-3.3227456,13.250481,2545929,-3.5502813,17010.404,0.71428573
0.14999999,0.8943053,-1.1722485,923.804134929271,7.07782e-11,-13.250481,78.05608,2757,-3.7614202,8.42407,,244,225,0.14999999,6806.3037786483765,5.714286,,146.9515,2.2201893e-22,,2757,6.1722484,4.6673784,327.60593,-4.413053,-1.4844147,13.250481,2546928,-4.1053886,17016.889,-1.0
0.14999999,1.3671553,-1.1724038,923.6667875271936,7.072688e-11,-13.250481,78.03971,2758,-3.761515,8.42407,,244,225,0.14999999,6809.69594502449,5.714286,,146.9515,1.8168354e-36,,2758,6.172404,6.7729235,797.1761,-4.4134154,-1.6006486,13.250481,2547473,-3.8899024,17023.49,1.0
0.14999999,0.80968535,-1.1744109,923.6940920623414,7.0675625e-11,-13.250481,76.744736,2759,-3.761666,8.42407,,244,225,0.14999999,6813.337610244751,-2.857143,,146.9515,,,2759,6.174411,-2.7510343,706.656,-4.4137783,-6.709847,13.250481,2548472,-4.4467015,17035.2,0.42857143
0.14999999,1.0201237,-1.1740738,923.7213768115942,7.0624416e-11,-13.250481,76.723114,2760,-3.7621908,8.42407,,244,225,0.14999999,6817.090070724487,2.857143,,146.9515,,,2760,6.1740737,3.1776967,556.00165,-4.4141407,-0.2439193,13.250481,2549471,-4.9826107,17040.443,0.42857143
0.14999999,0.8333077,-1.17393,923.7486417964506,7.057327e-11,-13.250481,76.51578,2761,-3.7621999,8.42407,,244,225,0.14999999,6820.767634630203,-2.857143,,146.9515,,,2761,6.17393,-3.3242736,469.09955,-4.4145026,-0.77694947,13.250481,2550470,-3.7566607,17046.22,-0.14285715
0.14999999,1.8213012,-1.1735282,923.775887038378,7.052218e-11,-13.250481,75.881256,2762,-3.7623928,8.42407,,244,225,0.14999999,6824.428481340408,2.857143,,146.9515,,,2762,6.173528,2.5724776,761.5454,-4.414865,-0.06434927,13.250481,2551469,-4.087634,17051.285,-0.5714286
0.14999999,1.0778596,-1.173329,923.7821208830981,7.0471136e-11,-13.250481,75.719154,2763,-3.7624843,8.42407,,244,225,0.14999999,6828.00079035759,-2.857143,,146.9515,,,2763,6.173329,-3.8371673,565.3151,-4.415227,-0.6231094,13.250481,2552410,-4.696245,17056.908,-0.71428573
0.14999999,0.8739976,-1.1734145,923.8093342981186,7.042015e-11,-13.250481,75.103485,2764,-3.7629123,8.42407,,244,225,0.14999999,6831.694268941879,-5.714286,,146.9515,,,2764,6.173414,-5.887434,329.6801,-4.415589,-1.4095337,13.250481,2553409,-4.974434,17063.318,-0.2857143
0.14999999,0.7469141,-1.1730328,923.8365280289331,7.0369224e-11,-13.250481,75.07661,2765,-3.7629726,8.42407,,244,225,0.14999999,6835.531907320023,2.857143,,146.9515,,,2765,6.1730328,3.652534,478.37384,-4.4159503,-0.1179067,13.250481,2554408,-3.778305,17068.436,0.71428573
0.14999999,0.92412984,-1.1732445,923.8637020968908,7.0318355e-11,-13.250481,75.05571,2766,-3.7634702,8.42407,,244,225,0.14999999,6839.26175069809,-5.714286,,146.9515,,,2766,6.1732445,-5.2819314,313.79837,-4.416312,-1.7585453,13.250481,2555407,-4.8622518,17075.193,0.14285715
0.14999999,1.1391906,-1.1729128,923.8908565233104,7.026754e-11,-13.250481,75.01441,2767,-3.7634094,8.42407,,244,225,0.14999999,6843.044584035873,5.714286,,146.9515,,,2767,6.1729126,5.4379854,319.6997,-4.4166737,-0.25565687,13.250481,2556406,-3.4889817,17080.45,-0.2857143
0.14999999,0.8881194,-1.1725262,923.7597543352601,7.021678e-11,-13.250481,74.977615,2768,-3.7634091,8.42407,,244,225,0.14999999,6846.467851161957,-2.857143,,146.9515,,,2768,6.1725264,-1.9124132,791.9321,-4.417035,-0.10289416,13.250481,2556967,-3.8657694,17085.553,0.71428573
0.14999999,0.74049014,-1.173042,923.7869266883351,7.016607e-11,-13.250481,74.78873,2769,-3.7634637,8.42407,,244,225,0.14999999,6850.00149679184,5.714286,,146.9515,,,2769,6.1730423,5.870907,266.0554,-4.417396,-2.6007078,13.250481,2557966,-3.753545,17093.152,0.2857143
0.14999999,1.6825598,-1.1727982,923.8140794223826,7.0115413e-11,-13.250481,73.52801,2770,-3.7634184,8.42407,,244,225,0.14999999,6853.702150344849,2.857143,,146.9515,,,2770,6.172798,3.871191,1476.2991,-4.417757,-0.49759772,13.250481,2558965,-3.362065,17098.65,1.0
0.14999999,0.7287569,-1.1747406,923.8412125586431,7.006482e-11,-13.250481,73.45217,2771,-3.7635744,8.42407,,244,225,0.14999999,6857.389231681824,2.857143,,146.9515,,,2771,6.174741,1.9184527,669.5556,-4.418118,-6.5551085,13.250481,2559964,-4.650298,17110.207,-1.0
0.14999999,1.0735627,-1.1749516,923.8683261183261,7.001427e-11,-13.250481,72.888405,2772,-3.763872,8.42407,,244,225,0.14999999,6861.176158428192,2.857143,,146.9515,0.00030407155,,2772,6.1749516,2.8452628,677.27856,-4.418479,-1.7598436,13.250481,2560963,-4.275879,17116.965,-0.14285715
0.14999999,1.1739463,-1.1745284,923.8954201226109,6.9963785e-11,-13.250481,72.35675,2773,-3.7639568,8.42407,,244,225,0.14999999,6864.987168073654,-2.857143,,146.9515,,,2773,6.174528,-4.0336037,724.39355,-4.4188395,-0.0013864833,13.250481,2561962,-4.016847,17121.967,-1.0
0.14999999,0.6579862,-1.1749011,923.922494592646,6.991335e-11,-13.250481,71.67626,2774,-3.7643952,8.42407,,244,225,0.14999999,6868.628925323486,-2.857143,,146.9515,,,2774,6.174901,-1.851811,445.41086,-4.4192,-2.2086558,13.250481,2562961,-5.0799937,17129.176,1.0
0.14999999,0.94854605,-1.1762433,923.9495495495496,6.9862977e-11,-13.250481,69.881714,2775,-3.7647579,8.42407,,244,225,0.14999999,6872.438562870026,-2.857143,,146.9515,2.3243498e-05,,2775,6.1762433,-3.0336354,629.9609,-4.4195604,-4.89947,13.250481,2563960,-4.4012213,17139.074,0.14285715
0.14999999,1.2659087,-1.1758204,923.9765850144092,6.9812656e-11,-13.250481,69.82656,2776,-3.7651486,8.42407,,244,225,0.14999999,6876.170684814453,2.857143,,146.9515,,,2776,6.1758204,2.7595224,576.10004,-4.419921,-0.0016481207,13.250481,2564959,-4.749206,17144.078,0.14285715
0.14999999,0.59991854,-1.1754014,924.0036010082823,6.976238e-11,-13.250481,69.38579,2777,-3.765004,8.42407,,244,225,0.14999999,6879.875277042389,8.571428,,146.9515,,,2777,6.1754017,9.320847,296.6176,-4.420281,-0.01284798,13.250481,2565958,-3.558139,17149.09,0.5714286
0.14999999,0.7803396,-1.1753147,924.0305975521958,6.971217e-11,-13.250481,69.38237,2778,-3.7660835,8.42407,,244,225,0.14999999,6883.566333293915,-8.571428,,146.9515,,,2778,6.175315,-8.073207,348.0111,-4.420641,-0.93427426,13.250481,2566957,-6.347583,17155.023,0.5714286
0.14999999,1.4354477,-1.175444,924.0575746671465,6.9662e-11,-13.250481,69.00185,2779,-3.7667818,8.42407,,244,225,0.14999999,6887.341292381287,2.857143,,146.9515,,,2779,6.175444,2.1668873,667.6577,-4.421001,-1.5345999,13.250481,2567956,-5.464774,17161.559,-0.71428573
0.14999999,1.1698042,-1.17548,924.0845323741007,6.961189e-11,-13.250481,68.93421,2780,-3.7669466,8.42407,,244,225,0.14999999,6891.096752166748,-5.714286,,146.9515,,,2780,6.17548,-5.278461,387.34705,-4.421361,-1.2757796,13.250481,2568955,-4.5816607,17167.834,0.2857143
0.14999999,0.8255693,-1.17517,924.111470693995,6.9561835e-11,-13.250481,68.93034,2781,-3.7668118,8.42407,,244,225,0.14999999,6894.827380180359,-2.857143,,146.9515,,,2781,6.17517,-3.257618,399.18146,-4.4217205,-0.31292138,13.250481,2569954,-3.5254896,17173.148,-0.42857143
0.14999999,1.0399641,-1.1748787,924.1383896477355,6.951184e-11,-13.250481,68.84436,2782,-3.7670126,8.42407,,244,225,0.14999999,6898.628074645996,5.714286,,146.9515,,,2782,6.1748786,6.077648,298.39615,-4.42208,-0.3653623,13.250481,2570953,-4.1167283,17178.512,-0.14285715
0.14999999,1.1573884,-1.1745093,924.1652892561983,6.94619e-11,-13.250481,68.68756,2783,-3.7670462,8.42407,,244,225,0.14999999,6902.244119882584,-8.571428,,146.9515,,,2783,6.174509,-9.34677,699.41003,-4.422439,-0.14645888,13.250481,2571952,-3.8716905,17183.66,-0.71428573
0.14999999,0.6791927,-1.1745374,924.1921695402299,6.941201e-11,-13.250481,68.6779,2784,-3.7670639,8.42407,,244,225,0.14999999,6905.934758901596,-5.714286,,146.9515,,,2784,6.1745377,-5.930387,277.21252,-4.4227986,-1.2529271,13.250481,2572951,-3.8932993,17189.912,-0.14285715
0.14999999,0.8614453,-1.1741288,924.2190305206464,6.936217e-11,-13.250481,68.461945,2785,-3.7672377,8.42407,,244,225,0.14999999,6909.664472579956,5.714286,,146.9515,,,2785,6.1741285,6.001832,355.25882,-4.4231577,-0.036291655,13.250481,2573950,-3.915658,17194.95,0.14285715
0.14999999,0.99761146,-1.1737632,924.245872218234,6.9312375e-11,-13.250481,68.38946,2786,-3.7673202,8.42407,,244,225,0.14999999,6913.246670722961,-5.714286,,146.9515,,,2786,6.1737633,-6.5485563,327.95682,-4.4235168,-0.1556054,13.250481,2574949,-3.8288667,17200.104,-0.5714286
0.14999999,0.83404,-1.1736995,924.2726946537496,6.926265e-11,-13.250481,68.24861,2787,-3.767412,8.42407,,244,225,0.14999999,6916.99525642395,5.714286,,146.9515,,,2787,6.1736994,4.540459,217.0842,-4.423876,-0.99620754,13.250481,2575948,-3.9946804,17206.1,-0.5714286
0.14999999,0.991962,-1.1734997,924.083931133429,6.9212976e-11,-13.250481,68.011894,2788,-3.7675886,8.42407,,244,225,0.14999999,6920.349587678909,-5.714286,,146.9515,,,2788,6.1734996,-5.118229,373.30927,-4.4242344,-0.6167091,13.250481,2576346,-4.08207,17211.717,0.5714286
0.14999999,1.3678786,-1.1734672,924.1107923987092,6.916334e-11,-13.250481,67.72243,2789,-3.767597,8.42407,,244,225,0.14999999,6924.0574271678925,-5.714286,,146.9515,1.0408066e-17,,2789,6.173467,-6.2527027,381.8815,-4.424593,-1.0828476,13.250481,2577345,-3.7532527,17217.8,-0.85714287
0.14999999,1.071046,-1.1733702,924.1376344086021,6.9113784e-11,-13.250481,67.45825,2790,-3.767397,8.42407,,244,225,0.14999999,6927.7257878780365,5.714286,,146.9515,,,2790,6.1733704,6.1015744,396.02026,-4.4249516,-0.9031817,13.250481,2578344,-3.5274212,17223.703,0.5714286
0.14999999,1.2250824,-1.1731517,924.1644571838051,6.906426e-11,-13.250481,67.3209,2791,-3.7674038,8.42407,,244,225,0.14999999,6931.489874601364,2.857143,,146.9515,,,2791,6.173152,2.5699646,516.7551,-4.4253097,-0.563412,13.250481,2579343,-3.8185937,17229.266,-0.42857143
0.14999999,0.862425,-1.1728662,924.1912607449857,6.90148e-11,-13.250481,67.026505,2792,-3.7676454,8.42407,,244,225,0.14999999,6935.12509059906,-5.714286,,146.9515,,,2792,6.1728663,-4.7339087,357.95074,-4.4256682,-0.3763396,13.250481,2580342,-4.6186085,17234.643,0.85714287
0.14999999,0.7403819,-1.1732541,924.218045112782,6.896538e-11,-13.250481,66.726364,2793,-3.7675745,8.42407,,244,225,0.14999999,6938.852323055267,8.571428,,146.9515,,,2793,6.173254,7.6323037,357.37976,-4.4260263,-2.2559087,13.250481,2581341,-3.4068742,17241.898,-1.0
0.14999999,1.3229088,-1.1731403,924.0816034359342,6.891603e-11,-13.250481,66.62128,2794,-3.767467,8.42407,,244,225,0.14999999,6942.2728135585785,5.714286,,146.9515,,,2794,6.1731405,4.738724,379.51886,-4.426384,-0.8551204,13.250481,2581884,-3.183655,17247.754,-0.85714287
0.14999999,0.9812315,-1.173036,923.9191413237925,6.886672e-11,-13.250481,65.75725,2795,-3.7673416,8.42407,,244,225,0.14999999,6945.546581029892,5.714286,,146.9515,1.3222213e-28,,2795,6.173036,6.641855,416.9859,-4.426742,-0.8815916,13.250481,2582354,-3.6916714,17253.635,0.85714287
0.14999999,1.0607722,-1.1743512,923.9459942775394,6.8817466e-11,-13.250481,65.53089,2796,-3.7674122,8.42407,,244,225,0.14999999,6949.154489994049,8.571428,,146.9515,,,2796,6.174351,7.8323483,982.08325,-4.4270997,-4.850745,13.250481,2583353,-3.9115136,17263.486,-0.2857143
0.14999999,0.96996653,-1.17364,923.7758312477655,6.8768276e-11,-13.250481,65.39045,2797,-3.7671857,8.42407,,244,225,0.14999999,6952.385307073593,4.285714,,146.9515,,,2797,6.1736403,3.4832141,357.9096,-4.4274573,0.8149193,13.250481,2583801,-3.121768,17267.672,-0.85714287
0.14999999,1.0565774,-1.1737726,923.7630450321658,6.871912e-11,-13.250481,65.21951,2798,-3.7672577,8.42407,,244,225,0.14999999,6955.863019704819,8.571428,,146.9515,,,2798,6.173773,8.81071,463.62863,-4.4278145,-1.5444502,13.250481,2584689,-3.9113162,17274.215,0.14285715
0.14999999,0.9584575,-1.1733245,923.6820292961772,6.867003e-11,-13.250481,65.16521,2799,-3.7680395,8.42407,,244,225,0.14999999,6959.373102903366,8.571428,,146.9515,0.37174833,,2799,6.1733246,7.906121,399.9985,-4.428172,0.080473125,13.250481,2585386,-5.9711256,17279.135,-0.5714286
0.14999999,0.7045481,-1.1730844,923.5710714285714,6.8620984e-11,-13.250481,64.89194,2800,-3.7678885,8.42407,,244,225,0.14999999,6962.781671762466,8.571428,,146.9515,5.793988e-22,,2800,6.1730843,9.784982,701.7987,-4.4285293,-0.50090027,13.250481,2585999,-3.269945,17284.637,1.0
0.14999999,0.9999973,-1.1756243,923.5980007140307,6.8572e-11,-13.250481,64.85955,2801,-3.7685516,8.42407,,244,225,0.14999999,6966.4713888168335,4.285714,,146.9515,,,2801,6.1756244,4.9798865,389.87958,-4.4288864,-8.287512,13.250481,2586998,-5.2877836,17297.924,0.5714286
0.14999999,0.7990049,-1.1758718,923.6249107780156,6.8523055e-11,-13.250481,64.83363,2802,-3.768625,8.42407,,244,225,0.14999999,6970.176419258118,-2.857143,,146.9515,,,2802,6.175872,-2.4067307,346.63052,-4.429243,-1.869223,13.250481,2587997,-3.9465435,17304.793,0.5714286
0.14999999,0.9957907,-1.1759547,923.6518016410988,6.847418e-11,-13.250481,64.77545,2803,-3.7690537,8.42407,,244,225,0.14999999,6973.8151388168335,-8.571428,,146.9515,,,2803,6.175955,-7.853334,992.3997,-4.4296002,-1.4080749,13.250481,2588996,-4.744551,17311.201,1.0
0.14999999,0.917565,-1.1772505,923.6786733238231,6.842535e-11,-13.250481,64.67229,2804,-3.7705116,8.42407,,244,225,0.14999999,6977.404267072678,2.857143,,146.9515,,,2804,6.1772504,3.5653415,511.856,-4.429957,-4.809246,13.250481,2589995,-7.7761807,17321.01,0.5714286
0.14999999,0.55712473,-1.1773107,923.7055258467024,6.837657e-11,-13.250481,64.48502,2805,-3.7708306,8.42407,,244,225,0.14999999,6981.064705133438,-8.571428,,146.9515,,,2805,6.177311,-8.7278185,430.45477,-4.4303136,-1.3463078,13.250481,2590994,-4.5442476,17327.355,-0.2857143
0.14999999,0.72132695,-1.1769544,923.7323592302209,6.8327836e-11,-13.250481,64.34081,2806,-3.7708328,8.42407,,244,225,0.14999999,6984.79912519455,-8.571428,,146.9515,3.4168472,,2806,6.1769543,-8.31658,332.60303,-4.43067,-0.17736946,13.250481,2591993,-3.3174496,17332.533,0.14285715
0.14999999,0.86334616,-1.1766897,923.7591734948344,6.827917e-11,-13.250481,64.25495,2807,-3.7713654,8.42407,,244,225,0.14999999,6988.552083730698,-4.285714,,146.9515,,,2807,6.1766896,-3.945034,398.54852,-4.431026,-0.43442464,13.250481,2592992,-4.9675837,17337.969,0.85714287
0.14999999,0.79871064,-1.1766392,923.7859686609687,6.8230546e-11,-13.250481,64.24385,2808,-3.77145,8.42407,,244,225,0.14999999,6992.405634641647,-2.857143,,146.9515,8.189794e-25,,2808,6.176639,-2.5393791,466.0544,-4.431382,-1.03447,13.250481,2593991,-3.840179,17344.004,0.2857143
0.14999999,1.0654867,-1.1764067,923.812744749021,6.8181974e-11,-13.250481,64.15445,2809,-3.771752,8.42407,,244,225,0.14999999,6996.1131999492645,2.857143,,146.9515,,,2809,6.176407,3.3521478,553.65576,-4.4317384,-0.5238115,13.250481,2594990,-4.3931646,17349.527,0.2857143
0.14999999,0.7025118,-1.1761353,923.8395017793595,6.813345e-11,-13.250481,64.0653,2810,-3.7720432,8.42407,,244,225,0.14999999,6999.835676908493,-2.857143,,146.9515,,,2810,6.176135,-3.1969821,340.86865,-4.432094,-0.41369665,13.250481,2595989,-4.6084476,17354.94,-0.2857143
0.14999999,2.8023903,-1.1757578,923.8662397723231,6.808498e-11,-13.250481,63.86259,2811,-3.7724564,8.42407,,244,225,0.14999999,7003.552861452103,-8.571428,,146.9515,,,2811,6.175758,-9.396956,3835.5479,-4.4324503,-0.1151193,13.250481,2596988,-4.616446,17360.055,-1.0
0.14999999,0.9877808,-1.1760019,923.8929587482219,6.803657e-11,-13.250481,63.487457,2812,-3.7719135,8.42407,,244,225,0.14999999,7007.274149417877,8.571428,,146.9515,,,2812,6.176002,9.101224,990.1375,-4.432806,-1.8621086,13.250481,2597987,-3.3896222,17366.918,0.42857143
0.14999999,1.1168584,-1.1759448,923.9196587273374,6.79882e-11,-13.250481,63.128605,2813,-3.7719488,8.42407,,244,225,0.14999999,7011.008782148361,-8.571428,,146.9515,,,2813,6.175945,-8.528577,692.553,-4.4331613,-1.0152321,13.250481,2598986,-3.7950776,17372.934,0.42857143
0.14999999,0.6328913,-1.1755478,923.9463397299219,6.793989e-11,-13.250481,63.070873,2814,-3.772233,8.42407,1.663723e-19,244,225,0.14999999,7014.645572423935,-1.4285715,,146.9515,,,2814,6.1755476,-2.0988646,299.63275,-4.433517,-0.058581956,13.250481,2599985,-4.630862,17377.992,-0.85714287
0.14999999,0.7346513,-1.1754965,923.9730017761989,6.789162e-11,-13.250481,63.06479,2815,-3.7724175,8.42407,,244,225,0.14999999,7018.31466126442,8.571428,,146.9515,,,2815,6.1754966,8.814313,351.79196,-4.433872,-1.030921,13.250481,2600984,-3.9083345,17384.023,0.71428573
0.14999999,0.9597911,-1.1753635,923.9996448863636,6.784342e-11,-13.250481,62.94385,2816,-3.7722895,8.42407,,244,225,0.14999999,7022.018635034561,-8.571428,,146.9515,,,2816,6.1753635,-9.0257225,781.2505,-4.4342275,-0.801336,13.250481,2601983,-3.1272092,17389.824,-0.5714286
0.14999999,0.81185925,-1.1751742,924.0262690805822,6.7795256e-11,-13.250481,62.78151,2817,-3.7721992,8.42407,4.7300487e-31,244,225,0.14999999,7025.822904348373,1.4285715,,146.9515,,,2817,6.175174,0.40938395,325.5965,-4.434582,-0.6423059,13.250481,2602982,-3.4231467,17395.465,-0.85714287
0.14999999,0.91977304,-1.175398,924.0528743789922,6.774715e-11,-13.250481,62.743614,2818,-3.7723784,8.42407,,244,225,0.14999999,7029.456619501114,-8.571428,,146.9515,,,2818,6.175398,-7.939615,781.3801,-4.4349375,-1.8057718,13.250481,2603981,-4.062468,17402.271,0.71428573
0.14999999,0.9947751,-1.1758565,924.0794608017027,6.769909e-11,-13.250481,62.32405,2819,-3.7729654,8.42407,6.455981e-27,244,225,0.14999999,7033.113575220108,1.4285715,,146.9515,,,2819,6.1758566,2.0258164,353.7736,-4.4352922,-2.467619,13.250481,2604980,-5.29973,17409.738,0.5714286
0.14999999,1.0729631,-1.1759517,924.1060283687943,6.765109e-11,-13.250481,62.227104,2820,-3.773024,8.42407,2.2740183e-15,244,225,0.14999999,7036.783208608627,-1.4285715,,146.9515,,,2820,6.175952,-0.6402298,379.10846,-4.4356465,-1.4445533,13.250481,2605979,-3.9066527,17416.184,0.5714286
0.14999999,1.1070744,-1.176041,924.132577100319,6.760313e-11,-13.250481,62.095493,2821,-3.77309,8.42407,,244,225,0.14999999,7040.517892837524,2.857143,,146.9515,,,2821,6.176041,2.151948,506.47824,-4.4360013,-1.4277955,13.250481,2606978,-3.9954295,17422.611,-0.85714287
0.14999999,1.0376613,-1.1761246,924.0549255846917,6.755523e-11,-13.250481,62.08619,2822,-3.773342,8.42407,,244,225,0.14999999,7044.124511241913,-2.857143,,146.9515,,,2822,6.1761246,-3.4917583,587.3951,-4.4363556,-1.411828,13.250481,2607683,-4.546485,17429.023,-0.5714286
0.14999999,1.1248864,-1.1760464,924.0814736096352,6.7507396e-11,-13.250481,61.935234,2823,-3.7733846,8.42407,,244,225,0.14999999,7047.891582727432,2.857143,,146.9515,,,2823,6.1760464,3.08235,532.02856,-4.43671,-0.9557092,13.250481,2608682,-3.8802195,17434.979,
0.14999999,1.045701,-1.175653,924.1080028328612,6.7459587e-11,-13.250481,61.868004,2824,-3.7735448,8.42407,,244,225,0.14999999,7051.568674087524,-2.857143,,146.9515,,,2824,6.175653,-2.5930846,450.37335,-4.437064,-0.064655945,13.250481,2609681,-4.305874,17440.043,
0.14999999,1.2990655,-1.1752664,924.1345132743363,6.741184e-11,-13.250481,61.829155,2825,-3.773498,8.42407,,244,225,0.14999999,7055.196090221405,4.285714,,146.9515,,,2825,6.1752663,4.969089,404.33432,-4.437418,-0.08373604,13.250481,2610680,-3.6345952,17445.127,0.85714287
0.14999999,1.2872403,-1.175696,924.1610049539986,6.736414e-11,-13.250481,61.61263,2826,-3.773449,8.42407,,244,225,0.14999999,7058.878284215927,-2.857143,,146.9515,,,2826,6.175696,-3.7386422,534.27234,-4.4377723,-2.3896475,13.250481,2611679,-3.882376,17452.518,-0.85714287
0.14999999,1.0086012,-1.1757457,924.187477891758,6.7316486e-11,-13.250481,61.530685,2827,-3.7735682,8.42407,,244,225,0.14999999,7062.619894742966,4.285714,,146.9515,,,2827,6.175746,4.5101275,356.96912,-4.438126,-1.3156768,13.250481,2612678,-4.337738,17458.832,0.2857143
0.14999999,0.82351846,-1.1753807,924.2139321074965,6.72689e-11,-13.250481,61.50422,2828,-3.7735846,8.42407,2.8705682e-19,244,225,0.14999999,7066.381509780884,-1.4285715,,146.9515,,,2828,6.1753807,-1.0617799,372.66187,-4.4384794,-0.14366876,13.250481,2613677,-3.7998097,17463.977,0.85714287
0.14999999,1.0350014,-1.1752462,924.2403676210675,6.7221353e-11,-13.250481,61.463367,2829,-3.7735617,8.42407,,244,225,0.14999999,7070.002078056335,2.857143,,146.9515,,,2829,6.1752462,3.792069,558.9499,-4.438833,-0.794864,13.250481,2614676,-3.5096297,17469.771,0.85714287
0.14999999,0.6438722,-1.1765811,924.2667844522969,6.717385e-11,-13.250481,61.450287,2830,-3.773688,8.42407,8.158276e-31,244,225,0.14999999,7073.797718048096,1.4285715,,146.9515,1.1171393e-15,,2830,6.1765814,2.3892994,301.7047,-4.4391866,-4.9532795,13.250481,2615675,-4.121432,17479.725,0.85714287
0.14999999,1.0547976,-1.1769189,924.293182620982,6.7126395e-11,-13.250481,61.28512,2831,-3.7737024,8.42407,,244,225,0.14999999,7077.51581454277,4.285714,,146.9515,,,2831,6.176919,3.903049,342.92575,-4.43954,-2.1326442,13.250481,2616674,-3.4417007,17486.857,-0.5714286
0.14999999,1.1537822,-1.1767058,924.3195621468926,6.7079e-11,-13.250481,61.27707,2832,-3.7736955,8.42407,,244,225,0.14999999,7081.101561546326,-4.285714,,146.9515,,,2832,6.176706,-4.968698,359.40436,-4.4398932,-0.5735509,13.250481,2617673,-3.7796605,17492.432,-0.5714286
0.14999999,1.3955488,-1.1768433,924.3459230497706,6.703166e-11,-13.250481,61.22817,2833,-3.773605,8.42407,,244,225,0.14999999,7084.908490896225,-5.714286,,146.9515,3.0737235e-24,,2833,6.176843,-6.4976435,554.07965,-4.440246,-1.5662295,13.250481,2618672,-3.6311197,17498.996,-1.0
0.14999999,0.777791,-1.176911,924.3722653493296,6.6984356e-11,-13.250481,61.082394,2834,-3.7734678,8.42407,,244,225,0.14999999,7088.679137468338,-4.285714,,146.9515,1.1885732e-35,,2834,6.176911,-3.5472093,298.1188,-4.440599,-1.3684616,13.250481,2619671,-3.7057803,17505.365,0.5714286
0.14999999,1.2605472,-1.1769502,924.3985890652557,6.693711e-11,-13.250481,61.059242,2835,-3.7735353,8.42407,,244,225,0.14999999,7092.371554136276,-7.142857,,146.9515,,,2835,6.1769505,-6.7441607,361.52106,-4.440952,-1.288232,13.250481,2620670,-3.7253263,17511.654,0.5714286
0.14999999,1.1785703,-1.1768831,924.4248942172073,6.688992e-11,-13.250481,61.006916,2836,-3.7736194,8.42407,,244,225,0.14999999,7096.12326335907,7.142857,,146.9515,,,2836,6.176883,7.427393,401.91882,-4.4413047,-0.9865473,13.250481,2621669,-4.231526,17517.64,0.5714286
0.14999999,0.9152401,-1.176949,924.451180824815,6.684277e-11,-13.250481,60.80167,2837,-3.7734306,8.42407,,244,225,0.14999999,7099.875347614288,-2.857143,,146.9515,,,2837,6.176949,-2.035759,500.41458,-4.441657,-1.3640529,13.250481,2622668,-3.3762326,17524.004,0.85714287
0.14999999,1.28807,-1.1771226,924.4774489076815,6.679567e-11,-13.250481,60.706966,2838,-3.7734342,8.42407,,244,225,0.14999999,7103.643662214279,8.571428,,146.9515,,,2838,6.1771226,9.04816,985.7009,-4.4420094,-1.6694938,13.250481,2623667,-3.656694,17530.674,
0.14999999,1.1498808,-1.1754205,924.2655864741106,6.674862e-11,-13.250481,60.576893,2839,-3.7744021,8.42407,,244,225,0.14999999,7106.933382034302,-4.285714,,146.9515,,,2839,6.1754208,-5.271657,286.59775,-4.442362,3.655123,13.250481,2623990,-6.7335386,17532.02,-0.85714287
0.14999999,0.98012096,-1.175604,924.2919014084507,6.670162e-11,-13.250481,60.33988,2840,-3.774394,8.42407,,244,225,0.14999999,7110.726439476013,8.571428,,146.9515,,,2840,6.175604,7.5128274,678.84796,-4.4427137,-1.6966038,13.250481,2624989,-3.8701417,17538.715,-0.85714287
0.14999999,1.0174062,-1.1748402,924.0837733192537,6.6654675e-11,-13.250481,60.261616,2841,-3.7745035,8.42407,,244,225,0.14999999,7114.186483621597,2.857143,,146.9515,,,2841,6.17484,2.573271,426.20203,-4.443066,0.9945101,13.250481,2625322,-4.0252333,17542.72,-0.2857143
0.14999999,0.79166263,-1.1744295,924.1101337086559,6.6607775e-11,-13.250481,60.080933,2842,-3.7744071,8.42407,,244,225,0.14999999,7117.917818069458,-8.571428,,146.9515,,,2842,6.1744294,-8.69543,360.86127,-4.443418,-0.007853382,13.250481,2626321,-3.4841619,17547.729,
0.14999999,0.91383433,-1.174062,924.1364755539922,6.656093e-11,-13.250481,59.630863,2843,-3.774361,8.42407,,244,225,0.14999999,7121.583530902863,-5.714286,,146.9515,,,2843,6.174062,-4.790424,398.25555,-4.4437695,-0.12936845,13.250481,2627320,-3.4086292,17552.857,1.0
0.14999999,0.9694659,-1.1751213,924.1627988748241,6.651413e-11,-13.250481,59.517,2844,-3.774502,8.42407,,244,225,0.14999999,7125.3471121788025,-7.142857,,146.9515,3.131229e-16,,2844,6.1751213,-6.200693,343.2436,-4.4441214,-4.187022,13.250481,2628319,-4.050733,17562.045,0.85714287
0.14999999,1.0653604,-1.1759425,924.1891036906854,6.646738e-11,-13.250481,59.45466,2845,-3.7745569,8.42407,,244,225,0.14999999,7129.01308965683,5.714286,,146.9515,,,2845,6.1759424,4.810565,307.22638,-4.444473,-3.5116704,13.250481,2629318,-3.8718395,17570.557,-1.0
0.14999999,1.0258616,-1.176089,924.1995783555868,6.642068e-11,-13.250481,59.119614,2846,-3.7745445,8.42407,1.3755879e-24,244,225,0.14999999,7132.717597484589,1.4285715,,146.9515,,,2846,6.1760893,1.7259636,324.3681,-4.444824,-1.5927298,13.250481,2630272,-3.7716215,17577.148,0.2857143
0.14999999,1.0474163,-1.1757042,924.225851773797,6.637403e-11,-13.250481,59.07506,2847,-3.7744205,8.42407,4.8452746e-13,244,225,0.14999999,7136.36240696907,-1.4285715,,146.9515,,,2847,6.175704,-1.583286,293.32428,-4.4451756,-0.080492996,13.250481,2631271,-3.4262514,17582.23,0.2857143
0.14999999,0.69615597,-1.1752915,924.252106741573,6.632742e-11,-13.250481,58.968548,2848,-3.7742872,8.42407,,244,225,0.14999999,7140.032165765762,-5.714286,,146.9515,,,2848,6.1752915,-5.204606,241.58577,-4.4455266,-0.00053685554,13.250481,2632270,-3.4147148,17587.23,
0.14999999,0.7483384,-1.1751096,924.2783432783433,6.628087e-11,-13.250481,58.96244,2849,-3.774367,8.42407,4.5506227e-27,244,225,0.14999999,7143.793729066849,1.4285715,,146.9515,,,2849,6.17511,1.2981985,243.64268,-4.445878,-0.6569523,13.250481,2633269,-3.6851864,17592.887,-0.5714286
0.14999999,0.88226795,-1.1748505,924.3045614035087,6.6234365e-11,-13.250481,58.948017,2850,-3.7743373,8.42407,,244,225,0.14999999,7147.454914331436,5.714286,,146.9515,,,2850,6.1748505,5.7733984,311.69196,-4.446229,-0.43634367,13.250481,2634268,-3.4243925,17598.324,
0.14999999,0.8708091,-1.174461,924.2637670992634,6.618791e-11,-13.250481,58.865974,2851,-3.7743511,8.42407,1.6034423e-15,244,225,0.14999999,7151.0907871723175,-1.4285715,,146.9515,,,2851,6.174461,-2.0607715,247.13634,-4.4465795,-0.064439245,13.250481,2635076,-3.6708977,17603.389,-0.5714286
0.14999999,0.88399607,-1.1743418,924.2899719495091,6.6141495e-11,-13.250481,58.77334,2852,-3.774384,8.42407,,244,225,0.14999999,7154.729771852493,5.714286,,146.9515,,,2852,6.1743417,5.572821,271.74252,-4.4469304,-0.83456385,13.250481,2636075,-3.7185287,17609.223,-0.42857143
0.14999999,0.760355,-1.1737767,924.1405538030144,6.609514e-11,-13.250481,58.67706,2853,-3.774439,8.42407,,244,225,0.14999999,7158.239855289459,7.142857,,146.9515,1.412599e-17,,2853,6.1737766,6.7879095,315.6876,-4.447281,0.4380071,13.250481,2636573,-3.7960758,17613.785,-0.85714287
0.14999999,1.0674775,-1.1733515,923.999649614576,6.6048826e-11,-13.250481,58.6439,2854,-3.7746208,8.42407,,244,225,0.14999999,7161.732330799103,-7.142857,,146.9515,,,2854,6.1733513,-6.7313805,320.77426,-4.4476314,0.03975987,13.250481,2637095,-4.0380774,17618.746,0.2857143
0.14999999,1.2003969,-1.1730455,924.0259194395796,6.600257e-11,-13.250481,58.634216,2855,-3.7745347,8.42407,,244,225,0.14999999,7165.406680583954,7.142857,,146.9515,,,2855,6.1730456,7.7849813,422.48544,-4.447982,-0.29989713,13.250481,2638094,-3.5664413,17624.045,0.85714287
0.14999999,1.3045685,-1.1732879,924.0521708683474,6.595635e-11,-13.250481,58.55724,2856,-3.7744832,8.42407,,244,225,0.14999999,7169.20170545578,-4.285714,,146.9515,,,2856,6.173288,-4.2494445,286.58313,-4.448332,-1.8652344,13.250481,2639093,-3.7798088,17630.91,
0.14999999,1.046551,-1.1729201,924.078403920196,6.5910194e-11,-13.250481,58.537037,2857,-3.7743945,8.42407,,244,225,0.14999999,7172.677133560181,-5.714286,,146.9515,2.0064905e-17,,2857,6.17292,-6.2915196,314.84213,-4.448682,-0.1223311,13.250481,2640092,-3.788958,17636.033,-0.42857143
0.14999999,1.1712295,-1.1726848,924.1046186144157,6.586408e-11,-13.250481,58.34749,2858,-3.7744203,8.42407,,244,225,0.14999999,7176.371553659439,4.285714,,146.9515,,,2858,6.1726847,4.1230116,327.04468,-4.449032,-0.5004297,13.250481,2641091,-3.8646283,17641.533,
0.14999999,0.78391814,-1.1722671,924.053864987758,6.581801e-11,-13.250481,58.331326,2859,-3.774353,8.42407,,244,225,0.14999999,7180.059947252274,-7.142857,,146.9515,,,2859,6.172267,-7.927457,261.23843,-4.449382,0.021317003,13.250481,2641870,-3.71766,17646.512,-0.85714287
0.14999999,0.87792295,-1.1722499,924.08006993007,6.5772e-11,-13.250481,58.287544,2860,-3.7745082,8.42407,,244,225,0.14999999,7183.900911808014,7.142857,,146.9515,,,2860,6.17225,7.3357453,296.31567,-4.4497313,-1.1230843,13.250481,2642869,-3.987549,17652.635,0.2857143
0.14999999,1.2589313,-1.1717998,923.977979727368,6.572602e-11,-13.250481,58.219482,2861,-3.7746198,8.42407,,244,225,0.14999999,7187.425810337067,-5.714286,,146.9515,,,2861,6.1717997,-5.3744187,261.565,-4.450081,0.115626246,13.250481,2643501,-3.9517128,17657.52,0.42857143
0.14999999,1.166803,-1.171514,924.0041928721174,6.568009e-11,-13.250481,58.21757,2862,-3.7745287,8.42407,,244,225,0.14999999,7191.168034315109,8.571428,,146.9515,,,2862,6.171514,8.677228,771.3953,-4.4504304,-0.3542584,13.250481,2644500,-3.741979,17662.873,0.2857143
0.14999999,0.8953241,-1.1697983,923.794271742927,6.563423e-11,-13.250481,58.18075,2863,-3.7744188,8.42407,,244,225,0.14999999,7194.54740524292,5.714286,,146.9515,,,2863,6.1697984,6.3387547,314.60052,-4.45078,3.7407315,13.250481,2644823,-3.5707994,17664.133,0.42857143
0.14999999,1.0689076,-1.1695873,923.820530726257,6.55884e-11,-13.250481,58.178642,2864,-3.7744298,8.42407,,244,225,0.14999999,7198.283882379532,-4.285714,,146.9515,,,2864,6.169587,-3.889391,233.29982,-4.451129,-0.5651905,13.250481,2645822,-3.679222,17669.697,0.2857143
0.14999999,0.72695184,-1.1692607,923.8467713787086,6.554262e-11,-13.250481,58.050426,2865,-3.7743783,8.42407,,244,225,0.14999999,7201.898890256882,-4.285714,,146.9515,0.1680125,,2865,6.169261,-4.5198584,262.25226,-4.451478,-0.23440391,13.250481,2646821,-3.670378,17674.932,-0.2857143
0.14999999,1.0916839,-1.1688734,923.8729937194696,6.549689e-11,-13.250481,57.92824,2866,-3.7744648,8.42407,,244,225,0.14999999,7205.706825971603,4.285714,,146.9515,,,2866,6.1688733,3.6918702,259.48196,-4.451827,-0.058806166,13.250481,2647820,-3.732409,17679.992,-0.2857143
0.14999999,1.3410733,-1.1686116,923.8496686431811,6.5451214e-11,-13.250481,57.697853,2867,-3.7743733,8.42407,,244,225,0.14999999,7209.311583995819,-7.142857,,146.9515,,,2867,6.1686115,-7.706773,345.38306,-4.452176,-0.41849425,13.250481,2648677,-3.5774841,17685.41,-0.5714286
0.14999999,1.0539559,-1.1683761,923.8758716875872,6.540558e-11,-13.250481,57.464832,2868,-3.7743616,8.42407,,244,225,0.14999999,7213.040552377701,8.571428,,146.9515,,,2868,6.168376,8.300914,615.1015,-4.4525247,-0.4928847,13.250481,2649676,-4.041345,17690.902,-0.14285715
0.14999999,1.0740324,-1.1672924,923.6876960613454,6.535999e-11,-13.250481,57.368496,2869,-3.7741795,8.42407,,244,225,0.14999999,7216.304465293884,5.714286,,146.9515,,,2869,6.1672926,5.1554265,274.52222,-4.452873,1.9405673,13.250481,2650060,-3.2563586,17693.96,-0.71428573
0.14999999,1.1423383,-1.1672258,923.6191637630662,6.5314455e-11,-13.250481,57.36446,2870,-3.7741766,8.42407,,244,225,0.14999999,7220.003539085388,-5.714286,,146.9515,,,2870,6.167226,-6.8770857,298.43158,-4.453222,-0.97599244,13.250481,2650787,-3.8138986,17699.938,-0.71428573
0.14999999,1.1378486,-1.1673242,923.6454197143852,6.526896e-11,-13.250481,57.167263,2871,-3.7741551,8.42407,,244,225,0.14999999,7223.777151823044,-8.571428,,146.9515,,,2871,6.167324,-9.6338415,650.3083,-4.4535704,-1.4497522,13.250481,2651786,-3.8298354,17706.387,-0.85714287
0.14999999,0.85915524,-1.1674776,923.6716573816155,6.5223514e-11,-13.250481,57.00346,2872,-3.7745454,8.42407,,244,225,0.14999999,7227.49476313591,-5.714286,,146.9515,,,2872,6.1674776,-5.2529583,241.16705,-4.4539185,-1.6079311,13.250481,2652785,-4.974154,17712.996,0.71428573
0.14999999,0.8800214,-1.1673466,923.6978767838497,6.517812e-11,-13.250481,56.95621,2873,-3.7745993,8.42407,,244,225,0.14999999,7231.320602416992,2.857143,,146.9515,,,2873,6.1673465,2.0013857,534.713,-4.4542665,-0.7911667,13.250481,2653784,-3.7682543,17718.787,-1.0
0.14999999,0.7833591,-1.1675457,923.6464857341684,6.513277e-11,-13.250481,56.923306,2874,-3.774801,8.42407,,244,225,0.14999999,7235.048250675201,8.571428,,146.9515,,,2874,6.167546,7.7282424,237.90634,-4.4546146,-1.739608,13.250481,2654560,-4.1967297,17725.527,-0.42857143
0.14999999,0.622054,-1.1670455,923.4779130434782,6.508746e-11,-13.250481,56.71353,2875,-3.7746444,8.42407,,244,225,0.14999999,7238.473113536835,-8.571428,,146.9515,,,2875,6.1670456,-8.535618,299.43878,-4.4549627,0.27037248,13.250481,2654999,-3.0925872,17730.256,-0.14285715
0.14999999,0.9382735,-1.1666408,923.5041724617524,6.504221e-11,-13.250481,56.644505,2876,-3.7747238,8.42407,,244,225,0.14999999,7242.3157160282135,5.714286,,146.9515,,,2876,6.1666408,6.4597707,340.35913,-4.4553103,-0.003043288,13.250481,2655998,-3.6100671,17735.258,0.71428573
0.14999999,1.0030135,-1.1670018,923.5304136253042,6.4997e-11,-13.250481,56.5106,2877,-3.7747796,8.42407,,244,225,0.14999999,7246.028355836868,8.571428,,146.9515,,,2877,6.1670017,8.239931,510.25372,-4.455658,-2.2055984,13.250481,2656997,-3.8496423,17742.465,-0.71428573
0.14999999,0.9511198,-1.1657231,923.3252258512856,6.495184e-11,-13.250481,56.355072,2878,-3.7756054,8.42407,,244,225,0.14999999,7249.4748067855835,-8.571428,,146.9515,,,2878,6.165723,-8.246994,493.5407,-4.4560056,2.5135198,13.250481,2657330,-6.1227736,17744.951,0.2857143
0.14999999,0.9469575,-1.1653248,923.351510941299,6.4906726e-11,-13.250481,56.34567,2879,-3.7753987,8.42407,2.747172e-12,244,225,0.14999999,7253.193311452866,-1.4285715,,146.9515,,,2879,6.1653247,-1.382596,286.10153,-4.4563527,-0.018996118,13.250481,2658329,-3.0981493,17749.97,
0.14999999,1.2428763,-1.164923,923.3777777777777,6.4861665e-11,-13.250481,56.341408,2880,-3.775462,8.42407,7.80475e-24,244,225,0.14999999,7256.981780529022,1.4285715,,146.9515,,,2880,6.1649227,1.2061896,318.63983,-4.4567003,-0.008198294,13.250481,2659328,-3.8834753,17754.979,
0.14999999,1.27049,-1.1645249,923.4040263797293,6.4816645e-11,-13.250481,56.255512,2881,-3.7754395,8.42407,,244,225,0.14999999,7260.683520078659,-2.857143,,146.9515,,,2881,6.164525,-3.6881,757.0605,-4.4570475,-0.018150708,13.250481,2660327,-3.9169912,17759.996,-1.0
0.14999999,0.7339057,-1.1645937,923.4302567661347,6.477167e-11,-13.250481,56.117733,2882,-3.7754395,8.42407,,244,225,0.14999999,7264.423761606216,-8.571428,,146.9515,,,2882,6.1645937,-8.934929,374.85614,-4.457394,-1.3625095,13.250481,2661326,-3.9720094,17766.36,-0.42857143
0.14999999,0.7389972,-1.1642588,923.4564689559487,6.4726745e-11,-13.250481,56.020554,2883,-3.7756717,8.42407,,244,225,0.14999999,7268.07021689415,8.571428,,146.9515,,,2883,6.164259,9.511429,570.50305,-4.4577413,-0.19915374,13.250481,2662325,-4.1578426,17771.559,0.85714287
0.14999999,0.86579657,-1.1658609,923.4826629680998,6.4681864e-11,-13.250481,56.013935,2884,-3.7757678,8.42407,,244,225,0.14999999,7271.744763851166,-2.857143,,146.9515,,,2884,6.165861,-2.9739933,430.68634,-4.458088,-5.7845078,13.250481,2663324,-3.76509,17782.344,-0.14285715
0.14999999,0.81304026,-1.1654649,923.5088388214905,6.463703e-11,-13.250481,56.0084,2885,-3.7758808,8.42407,,244,225,0.14999999,7275.428870201111,7.142857,,146.9515,,,2885,6.165465,7.00385,268.95587,-4.4584346,-0.023569379,13.250481,2664323,-3.9366553,17787.367,
0.14999999,0.98912793,-1.1644403,923.3264033264034,6.459225e-11,-13.250481,55.99102,2886,-3.7758093,8.42407,1.1649462e-24,244,225,0.14999999,7278.7562437057495,1.4285715,,146.9515,,,2886,6.16444,1.0862648,270.2873,-4.4587812,1.7913501,13.250481,2664720,-3.359498,17790.574,-0.2857143
0.14999999,0.93748987,-1.1641032,923.3526151714583,6.4547506e-11,-13.250481,55.987045,2887,-3.7758276,8.42407,4.1033014e-13,244,225,0.14999999,7282.4856679439545,-1.4285715,,146.9515,,,2887,6.164103,-1.7246569,312.9323,-4.459128,-0.19078559,13.250481,2665719,-3.7976165,17795.766,-0.2857143
0.14999999,1.00695,-1.1637399,923.3788088642659,6.450282e-11,-13.250481,55.795982,2888,-3.7757542,8.42407,,244,225,0.14999999,7286.333980083466,4.285714,,146.9515,,,2888,6.16374,3.5494978,322.4197,-4.459474,-0.11532012,13.250481,2666718,-3.480729,17800.88,-0.85714287
0.14999999,0.7106572,-1.1638014,923.3579093111804,6.445817e-11,-13.250481,55.764957,2889,-3.7757692,8.42407,,244,225,0.14999999,7290.016505479813,7.142857,,146.9515,,,2889,6.163801,6.894742,199.32596,-4.4598203,-1.3414221,13.250481,2667581,-3.7977908,17807.223,-0.2857143
0.14999999,0.99766654,-1.1634738,923.2574394463668,6.441357e-11,-13.250481,55.72949,2890,-3.7759702,8.42407,,244,225,0.14999999,7293.537406682968,-7.142857,,146.9515,,,2890,6.163474,-7.4289503,347.46954,-4.4601665,-0.21692882,13.250481,2668214,-4.0577326,17812.44,-0.2857143
0.14999999,0.9687338,-1.1630965,923.2836388792805,6.436902e-11,-13.250481,55.70595,2891,-3.7760844,8.42407,,244,225,0.14999999,7297.146353960037,-2.857143,,146.9515,,,2891,6.1630964,-2.0564902,489.7506,-4.460512,-0.07294421,13.250481,2669213,-4.0753164,17817.512,0.42857143
0.14999999,1.1221893,-1.1631074,923.3098201936376,6.4324504e-11,-13.250481,55.59755,2892,-3.7760518,8.42407,,244,225,0.14999999,7300.962385892868,2.857143,,146.9515,,,2892,6.1631074,3.2149537,438.21777,-4.4608583,-1.1943759,13.250481,2670212,-3.6127696,17823.707,0.42857143
0.14999999,1.0715278,-1.1627706,923.3359834082268,6.428004e-11,-13.250481,55.48004,2893,-3.7762618,8.42407,,244,225,0.14999999,7304.613039493561,5.714286,,146.9515,,,2893,6.1627707,5.2872353,249.20306,-4.461204,-0.18904027,13.250481,2671211,-4.466935,17828.895,-0.2857143
0.14999999,0.69333535,-1.162375,923.2125086385626,6.423563e-11,-13.250481,55.426636,2894,-3.776156,8.42407,,244,225,0.14999999,7308.1064257621765,-5.714286,,146.9515,,,2894,6.162375,-5.3549237,243.96913,-4.4615493,-0.017778613,13.250481,2671777,-3.5138483,17833.914,-0.14285715
0.14999999,0.7510762,-1.1620398,923.2386873920552,6.419126e-11,-13.250481,55.298717,2895,-3.776177,8.42407,,244,225,0.14999999,7311.9007999897,-2.857143,,146.9515,,,2895,6.1620398,-1.975779,531.9575,-4.461895,-0.19189468,13.250481,2672776,-3.515447,17839.105,1.0
0.14999999,0.85635227,-1.1626346,923.2648480662983,6.414694e-11,-13.250481,55.292274,2896,-3.7762802,8.42407,,244,225,0.14999999,7315.49938583374,5.714286,,146.9515,,,2896,6.162635,5.5187654,295.74765,-4.46224,-2.8844206,13.250481,2673775,-3.7934558,17846.99,0.14285715
0.14999999,0.96711755,-1.1622614,923.2909906800138,6.410267e-11,-13.250481,55.265694,2897,-3.776249,8.42407,,244,225,0.14999999,7319.190955400467,-7.142857,,146.9515,,,2897,6.1622615,-7.5438957,330.7625,-4.4625854,-0.08136876,13.250481,2674774,-3.5169516,17852.07,
0.14999999,1.4751372,-1.1619358,923.3171152518979,6.4058425e-11,-13.250481,55.21052,2898,-3.776341,8.42407,,244,225,0.14999999,7322.906561613083,2.857143,,146.9515,,,2898,6.161936,2.1459017,460.5821,-4.4629307,-0.21921162,13.250481,2675773,-3.9794414,17857.29,-0.5714286
0.14999999,1.0107937,-1.1617055,923.3432218006209,6.401424e-11,-13.250481,55.206516,2899,-3.7761054,8.42407,,244,225,0.14999999,7326.79666686058,7.142857,,146.9515,,,2899,6.1617055,6.5532055,328.3737,-4.463276,-0.49384987,13.250481,2676772,-3.506913,17862.785,-0.5714286
0.14999999,0.9418292,-1.1614147,923.2282758620689,6.39701e-11,-13.250481,55.194046,2900,-3.7760103,8.42407,,244,225,0.14999999,7330.361424207687,-5.714286,,146.9515,,,2900,6.1614146,-5.390568,242.88058,-4.4636207,-0.31875083,13.250481,2677362,-3.4821293,17868.104,0.14285715
0.14999999,1.0516701,-1.1610801,923.2543950361944,6.3926e-11,-13.250481,55.09052,2901,-3.7759593,8.42407,,244,225,0.14999999,7334.0656361579895,4.285714,,146.9515,,,2901,6.1610804,4.808623,340.83176,-4.4639654,-0.19057144,13.250481,2678361,-3.548212,17873.293,0.5714286
0.14999999,1.22376,-1.1609508,923.2804962095107,6.3881955e-11,-13.250481,55.073433,2902,-3.775956,8.42407,,244,225,0.14999999,7337.797869205475,-8.571428,,146.9515,,,2902,6.1609507,-7.777068,794.1405,-4.46431,-0.78576255,13.250481,2679360,-3.7917697,17879.078,0.85714287
0.14999999,0.8005706,-1.161002,923.3065794006201,6.3837956e-11,-13.250481,54.908627,2903,-3.7757149,8.42407,,244,225,0.14999999,7341.640328168869,-4.285714,,146.9515,,,2903,6.161002,-3.4585695,355.30286,-4.4646544,-1.3097696,13.250481,2680359,-3.2161486,17885.389,0.85714287
0.14999999,1.3784565,-1.1616746,923.3326446280992,6.3794e-11,-13.250481,54.84583,2904,-3.7758157,8.42407,,244,225,0.14999999,7345.491238594055,5.714286,,146.9515,,,2904,6.1616745,6.8217964,615.47205,-4.4649987,-3.1141498,13.250481,2681358,-3.8462107,17893.504,1.0
0.14999999,1.2261082,-1.1639197,923.3586919104991,6.375008e-11,-13.250481,54.629005,2905,-3.7759163,8.42407,,244,225,0.14999999,7349.317786455154,-2.857143,,146.9515,,,2905,6.1639194,-3.8629346,379.25708,-4.465343,-7.6834073,13.250481,2682357,-4.37052,17906.188,-0.71428573
0.14999999,0.9448846,-1.1640543,923.3847212663455,6.3706214e-11,-13.250481,54.556145,2906,-3.7760704,8.42407,,244,225,0.14999999,7353.194529056549,2.857143,,146.9515,,,2906,6.1640544,3.0113888,406.09418,-4.4656873,-1.555081,13.250481,2683356,-4.405004,17912.742,-0.14285715
0.14999999,1.4169155,-1.1636549,923.4107327141382,6.36624e-11,-13.250481,54.549633,2907,-3.7763727,8.42407,,244,225,0.14999999,7356.962570667267,2.857143,,146.9515,1.9743599e-08,,2907,6.163655,3.516934,897.3296,-4.4660316,-0.003293776,13.250481,2684355,-4.569195,17917.744,1.0
0.14999999,0.67815715,-1.1640028,923.4367262723521,6.361862e-11,-13.250481,54.521297,2908,-3.77628,8.42407,1.7193007e-19,244,225,0.14999999,7360.740884542465,-1.4285715,,146.9515,,,2908,6.164003,-2.2097077,277.5763,-4.4663754,-2.175117,13.250481,2685354,-3.8095117,17924.92,-0.85714287
0.14999999,0.76734513,-1.1641542,923.4627019594362,6.357488e-11,-13.250481,54.430008,2909,-3.7764676,8.42407,,244,225,0.14999999,7364.589867591858,8.571428,,146.9515,,,2909,6.164154,7.6223636,381.48108,-4.466719,-1.6047515,13.250481,2686353,-3.986273,17931.525,-1.0
0.14999999,0.84884936,-1.1638628,923.2786941580756,6.35312e-11,-13.250481,54.16486,2910,-3.7770565,8.42407,4.886195e-31,244,225,0.14999999,7368.142095088959,1.4285715,,146.9515,,,2910,6.1638627,0.7232262,300.71484,-4.467063,-0.3161848,13.250481,2686741,-5.2395287,17936.84,-0.85714287
0.14999999,0.9490352,-1.163879,923.3047062864995,6.3487555e-11,-13.250481,54.018223,2911,-3.7770572,8.42407,,244,225,0.14999999,7371.94734621048,2.857143,,146.9515,1.5958758e-37,,2911,6.163879,3.579922,440.8773,-4.4674063,-1.2106253,13.250481,2687740,-3.6012118,17943.05,0.71428573
0.14999999,0.98401016,-1.1639805,923.3307005494505,6.344396e-11,-13.250481,54.005135,2912,-3.7772868,8.42407,,244,225,0.14999999,7375.681167125702,-2.857143,,146.9515,,,2912,6.1639805,-1.8642015,438.33417,-4.46775,-1.4594308,13.250481,2688739,-4.3598523,17949.512,0.71428573
0.14999999,1.0258013,-1.1647214,923.3566769653279,6.340041e-11,-13.250481,53.72751,2913,-3.7772644,8.42407,6.671266e-27,244,225,0.14999999,7379.444833517075,1.4285715,,146.9515,,,2913,6.1647215,2.2489672,311.84344,-4.4680934,-3.3224273,13.250481,2689738,-3.6644373,17957.834,0.5714286
0.14999999,1.0819438,-1.1651366,923.3826355525051,6.33569e-11,-13.250481,53.693783,2914,-3.7772174,8.42407,2.349822e-15,244,225,0.14999999,7383.224022865295,-1.4285715,,146.9515,,,2914,6.1651363,-0.7300317,331.7107,-4.4684367,-2.3744278,13.250481,2690737,-3.6407888,17965.207,0.5714286
0.14999999,1.0574687,-1.1656044,923.408576329331,6.331344e-11,-13.250481,53.536476,2915,-3.7771418,8.42407,,244,225,0.14999999,7387.115749835968,4.285714,,146.9515,,,2915,6.1656046,4.413793,315.02835,-4.4687796,-2.5288556,13.250481,2691736,-3.6111846,17972.736,0.2857143
0.14999999,1.0357783,-1.1653789,923.434499314129,6.327002e-11,-13.250481,53.264305,2916,-3.777012,8.42407,,244,225,0.14999999,7390.911845207214,-4.285714,,146.9515,,,2916,6.165379,-4.7050595,316.3304,-4.469123,-0.5080248,13.250481,2692735,-3.4274685,17978.244,-0.5714286
0.14999999,0.9069257,-1.1653007,923.4604045251971,6.322665e-11,-13.250481,53.261322,2917,-3.7769222,8.42407,,244,225,0.14999999,7394.67987537384,-2.857143,,146.9515,3.7150625e-18,,2917,6.165301,-2.8900397,402.9743,-4.4694657,-0.93731916,13.250481,2693734,-3.5173666,17984.182,0.14285715
0.14999999,1.077778,-1.164902,923.4862919808088,6.318332e-11,-13.250481,53.249058,2918,-3.7769938,8.42407,,244,225,0.14999999,7398.434319019318,4.285714,,146.9515,,,2918,6.1649017,3.9491324,303.25525,-4.469808,-0.0020401904,13.250481,2694733,-3.8641245,17989.184,-0.5714286
0.14999999,1.3484564,-1.1647508,923.4696813977389,6.3140035e-11,-13.250481,53.195812,2919,-3.7769852,8.42407,,244,225,0.14999999,7402.122478485107,2.857143,,146.9515,2.9789869e-30,,2919,6.164751,3.2425802,443.68982,-4.470151,-0.7235509,13.250481,2695608,-3.800767,17994.908,0.14285715
0.14999999,1.037173,-1.1644655,923.4955479452054,6.309679e-11,-13.250481,53.087723,2920,-3.7770247,8.42407,,244,225,0.14999999,7405.849563837051,7.142857,,146.9515,,,2920,6.1644654,6.174694,488.65237,-4.4704933,-0.3317185,13.250481,2696607,-4.192456,18000.238,-1.0
0.14999999,1.2773242,-1.1646496,923.4440260184869,6.3053604e-11,-13.250481,53.00993,2921,-3.7770314,8.42407,,244,225,0.14999999,7409.582359075546,-5.714286,,146.9515,,,2921,6.1646495,-6.639509,475.53848,-4.4708357,-1.7018886,13.250481,2697380,-3.7814105,18006.941,-1.0
0.14999999,0.8020525,-1.1648321,923.4698836413415,6.301046e-11,-13.250481,52.985943,2922,-3.7769368,8.42407,,244,225,0.14999999,7413.383553504944,-4.285714,,146.9515,,,2922,6.164832,-3.82613,264.84088,-4.471178,-1.6981456,13.250481,2698379,-3.7190864,18013.639,0.5714286
0.14999999,1.3452187,-1.1646206,923.4957235716729,6.2967354e-11,-13.250481,52.965748,2923,-3.7769825,8.42407,,244,225,0.14999999,7417.140287399292,8.571428,,146.9515,,,2923,6.1646204,8.664639,713.0156,-4.4715204,-0.54684126,13.250481,2699378,-3.694949,18019.186,0.14285715
0.14999999,0.6817081,-1.1632661,923.3006155950752,6.2924284e-11,-13.250481,52.96139,2924,-3.777168,8.42407,8.429265e-31,244,225,0.14999999,7420.589140176773,1.4285715,,146.9515,,,2924,6.163266,1.9926014,278.0122,-4.4718623,2.7960362,13.250481,2699731,-4.599291,18021.39,0.85714287
0.14999999,0.8333235,-1.1642276,923.3264957264958,6.288127e-11,-13.250481,52.947235,2925,-3.777255,8.42407,2.9690312e-19,244,225,0.14999999,7424.449924230576,-1.4285715,,146.9515,,,2925,6.1642275,-0.442491,330.0208,-4.472204,-3.97556,13.250481,2700730,-3.7020411,18030.365,0.85714287
0.14999999,1.2557868,-1.1653279,923.3523581681476,6.283829e-11,-13.250481,52.89229,2926,-3.7773879,8.42407,,244,225,0.14999999,7428.188055753708,-7.142857,,146.9515,,,2926,6.165328,-6.1673937,312.90814,-4.472546,-4.383624,13.250481,2701729,-3.977409,18039.75,0.5714286
0.14999999,0.8546379,-1.1655711,923.378202938162,6.2795366e-11,-13.250481,52.819405,2927,-3.7771826,8.42407,,244,225,0.14999999,7431.941153287888,-5.714286,,146.9515,2.620408e-21,,2927,6.165571,-5.700041,250.54695,-4.472888,-1.8770523,13.250481,2702728,-3.394885,18046.627,-0.2857143
0.14999999,0.789254,-1.1652262,923.4040300546449,6.275248e-11,-13.250481,52.738914,2928,-3.7770886,8.42407,,244,225,0.14999999,7435.668585777283,-2.857143,,146.9515,,,2928,6.165226,-2.594962,380.18396,-4.4732294,-0.15559687,13.250481,2703727,-3.3397763,18051.781,-0.2857143
0.14999999,0.954619,-1.1648303,923.4298395356777,6.2709636e-11,-13.250481,52.735508,2929,-3.777049,8.42407,,244,225,0.14999999,7439.441016435623,5.714286,,146.9515,,,2929,6.16483,5.550689,241.8338,-4.473571,-0.005895018,13.250481,2704726,-3.426408,18056.79,-0.14285715
0.14999999,1.1497419,-1.1644297,923.4167235494881,6.266684e-11,-13.250481,52.731564,2930,-3.7769325,8.42407,,244,225,0.14999999,7443.157351016998,7.142857,,146.9515,1.5547539e-25,,2930,6.1644297,7.6829934,348.5633,-4.4739122,0.008941608,13.250481,2705611,-3.3739731,18061.78,0.5714286
0.14999999,1.2404826,-1.1642278,923.4425110883658,6.262408e-11,-13.250481,52.661644,2931,-3.777015,8.42407,,244,225,0.14999999,7446.849387407303,4.285714,,146.9515,,,2931,6.164228,5.0447364,357.42935,-4.4742537,-0.57280606,13.250481,2706610,-4.130717,18067.352,0.85714287
0.14999999,0.7967116,-1.1644217,923.4682810368349,6.258138e-11,-13.250481,52.65484,2932,-3.776942,8.42407,,244,225,0.14999999,7450.594705581665,5.714286,,146.9515,2.1780915e-17,,2932,6.1644216,5.896564,235.58626,-4.4745946,-1.7326639,13.250481,2707609,-3.7594118,18074.084,0.2857143
0.14999999,1.164388,-1.1641309,923.4940334128878,6.25387e-11,-13.250481,52.618725,2933,-3.7768855,8.42407,,244,225,0.14999999,7454.345485210419,-4.285714,,146.9515,,,2933,6.164131,-5.07446,287.65497,-4.4749355,-0.31142658,13.250481,2708608,-3.3969364,18079.396,-0.85714287
0.14999999,1.3530024,-1.1641027,923.5197682344922,6.24961e-11,-13.250481,52.59864,2934,-3.776827,8.42407,,244,225,0.14999999,7458.140760421753,-5.714286,,146.9515,6.8902094e-26,,2934,6.1641026,-4.932248,297.79517,-4.4752765,-1.0814059,13.250481,2709607,-3.7365048,18085.477,0.2857143
0.14999999,0.9150364,-1.1640412,923.5454855195911,6.245351e-11,-13.250481,52.583286,2935,-3.7765818,8.42407,,244,225,0.14999999,7461.915572881699,8.571428,,146.9515,,,2935,6.164041,8.91631,607.1256,-4.4756174,-0.9834222,13.250481,2710606,-3.3768704,18091.46,0.42857143
0.14999999,0.9860989,-1.1638368,923.5711852861035,6.241098e-11,-13.250481,52.460766,2936,-3.7766192,8.42407,,244,225,0.14999999,7465.6489288806915,4.285714,,146.9515,,,2936,6.163837,3.2498174,532.4075,-4.475958,-0.56406844,13.250481,2711605,-3.7639687,18097.025,-1.0
0.14999999,0.81069535,-1.1640939,923.4409261150835,6.2368485e-11,-13.250481,52.33369,2937,-3.7767932,8.42407,,244,225,0.14999999,7469.152216672897,5.714286,,146.9515,5.3972217e-19,,2937,6.164094,4.544355,187.53186,-4.4762983,-1.9188547,13.250481,2712146,-4.236415,18103.943,-0.5714286
0.14999999,0.99017304,-1.16418,923.4666439754935,6.232604e-11,-13.250481,52.276035,2938,-3.7767744,8.42407,,244,225,0.14999999,7472.861900806427,-8.571428,,146.9515,,,2938,6.16418,-7.919501,510.51364,-4.476639,-1.4172356,13.250481,2713145,-3.525008,18110.361,0.5714286
0.14999999,0.9811372,-1.164406,923.4923443348077,6.228363e-11,-13.250481,52.25391,2939,-3.7768848,8.42407,,244,225,0.14999999,7476.58819103241,-8.571428,,146.9515,1.1719348e-17,,2939,6.164406,-9.679567,445.39005,-4.4769793,-1.8281807,13.250481,2714144,-4.0588393,18117.19,-0.71428573
0.14999999,1.0233753,-1.1646899,923.5180272108844,6.224127e-11,-13.250481,52.22639,2940,-3.7771783,8.42407,,244,225,0.14999999,7480.516982316971,-5.714286,,146.9515,,,2940,6.16469,-6.1557746,252.29166,-4.4773192,-1.9994094,13.250481,2715143,-4.5838914,18124.188,-0.5714286
0.14999999,1.0752066,-1.1644815,923.5436926215573,6.219895e-11,-13.250481,52.1997,2941,-3.77709,8.42407,,244,225,0.14999999,7484.438331604004,8.571428,,146.9515,,,2941,6.1644816,7.854742,704.2905,-4.4776597,-0.5517765,13.250481,2716142,-3.5162258,18129.74,-0.5714286
0.14999999,1.3737199,-1.1632084,923.342284160435,6.2156676e-11,-13.250481,52.07849,2942,-3.776901,8.42407,,244,225,0.14999999,7487.8672478199005,2.857143,,146.9515,,,2942,6.1632085,2.1509268,434.09967,-4.4779997,2.5813272,13.250481,2716473,-3.2512405,18132.158,-0.71428573
0.14999999,1.0540904,-1.1631526,923.367991845056,6.2114446e-11,-13.250481,52.00093,2943,-3.7767744,8.42407,,244,225,0.14999999,7491.70604801178,5.714286,,146.9515,,,2943,6.1631527,4.9955535,281.23648,-4.478339,-0.99903053,13.250481,2717472,-3.724771,18138.158,-1.0
0.14999999,0.9781831,-1.163183,923.2387907608696,6.207225e-11,-13.250481,51.976093,2944,-3.7767844,8.42407,1.4229564e-24,244,225,0.14999999,7495.26279425621,1.4285715,,146.9515,,,2944,6.163183,1.7055671,288.39896,-4.478679,-1.2526492,13.250481,2718015,-3.833161,18144.41,0.2857143
0.14999999,0.96567655,-1.1631202,923.2645161290322,6.20301e-11,-13.250481,51.94502,2945,-3.7768056,8.42407,5.0120644e-13,244,225,0.14999999,7499.1260895729065,-1.4285715,,146.9515,,,2945,6.1631203,-1.1114075,262.4155,-4.4790187,-0.9780684,13.250481,2719014,-3.8008478,18150.389,0.2857143
0.14999999,1.1242496,-1.162811,923.2902240325866,6.1988e-11,-13.250481,51.883266,2946,-3.7767997,8.42407,,244,225,0.14999999,7502.84264087677,2.857143,,146.9515,,,2946,6.1628113,2.3802297,423.41193,-4.479358,-0.25265738,13.250481,2720013,-3.6994026,18155.64,-0.42857143
0.14999999,1.1298786,-1.1625432,923.3159144893111,6.194594e-11,-13.250481,51.814384,2947,-3.7766979,8.42407,,244,225,0.14999999,7506.711686134338,-5.714286,,146.9515,,,2947,6.1625433,-5.090912,289.89877,-4.4796977,-0.37336648,13.250481,2721012,-3.5687618,18161.016,0.5714286
0.14999999,0.63387877,-1.1623715,923.3415875169607,6.190391e-11,-13.250481,51.801834,2948,-3.776523,8.42407,,244,225,0.14999999,7510.49923324585,8.571428,,146.9515,,,2948,6.1623716,9.136822,242.48332,-4.4800367,-0.6566358,13.250481,2722011,-3.3614497,18166.672,0.71428573
0.14999999,0.74313176,-1.1624826,923.3672431332656,6.1861946e-11,-13.250481,51.785088,2949,-3.7766047,8.42407,4.7103593e-27,244,225,0.14999999,7514.240933179855,1.4285715,,146.9515,,,2949,6.1624827,0.9015204,222.8989,-4.480376,-1.4899021,13.250481,2723010,-3.639604,18173.16,-0.5714286
0.14999999,0.87628424,-1.1624207,923.3928813559322,6.182001e-11,-13.250481,51.707024,2950,-3.776581,8.42407,,244,225,0.14999999,7517.9608454704285,8.571428,,146.9515,,,2950,6.1624207,8.016939,506.46036,-4.480715,-0.9801776,13.250481,2724009,-3.4363315,18179.14,-0.2857143
0.14999999,0.8977874,-1.1621312,923.3137919349373,6.177812e-11,-13.250481,51.657776,2951,-3.7764096,8.42407,1.6596822e-15,244,225,0.14999999,7521.490020990372,-1.4285715,,146.9515,,,2951,6.1621313,-2.027307,275.58615,-4.481054,-0.307915,13.250481,2724699,-3.1165175,18184.45,-0.5714286
0.14999999,1.260329,-1.1621904,923.339430894309,6.173627e-11,-13.250481,51.65819,2952,-3.7764902,8.42407,,244,225,0.14999999,7525.255815505981,-4.285714,,146.9515,,,2952,6.1621904,-4.456702,256.7303,-4.481393,-1.3368169,13.250481,2725698,-3.8923416,18190.785,
0.14999999,1.0275546,-1.1618088,923.3650524889943,6.169446e-11,-13.250481,51.63259,2953,-3.776385,8.42407,,244,225,0.14999999,7528.9912712574005,-7.142857,,146.9515,,,2953,6.161809,-6.5913844,288.83246,-4.4817314,-0.035445407,13.250481,2726697,-3.6948524,18195.822,0.2857143
0.14999999,0.66224754,-1.1616054,923.3906567366283,6.1652704e-11,-13.250481,51.549168,2954,-3.7762852,8.42407,4.5934343e-22,244,225,0.14999999,7532.7746024131775,-1.4285715,,146.9515,,,2954,6.1616054,-2.6960912,259.76868,-4.48207,-0.5607184,13.250481,2727696,-3.4847686,18201.383,-1.0
0.14999999,1.1280951,-1.1619275,923.4162436548223,6.161098e-11,-13.250481,51.52751,2955,-3.7764256,8.42407,,244,225,0.14999999,7536.555802106857,4.285714,,146.9515,,,2955,6.161927,4.1544013,293.45032,-4.4824085,-2.1133997,13.250481,2728695,-3.8356931,18208.496,
0.14999999,0.68487483,-1.1615564,923.4418132611637,6.1569305e-11,-13.250481,51.50047,2956,-3.7763605,8.42407,,244,225,0.14999999,7540.310842752457,-4.285714,,146.9515,,,2956,6.1615562,-3.3166022,292.93625,-4.482747,-0.06494977,13.250481,2729694,-3.6848938,18213.56,1.0
0.14999999,0.9280288,-1.1622924,923.4673655732161,6.152767e-11,-13.250481,51.45444,2957,-3.7764716,8.42407,,244,225,0.14999999,7544.102627277374,7.142857,,146.9515,,,2957,6.1622925,7.749347,262.4255,-4.483085,-3.337896,13.250481,2730693,-3.7693808,18221.898,0.2857143
0.14999999,1.0101099,-1.1621468,923.4929006085192,6.1486066e-11,-13.250481,51.45451,2958,-3.776615,8.42407,,244,225,0.14999999,7547.843659877777,5.714286,,146.9515,3.240957e-23,,2958,6.1621466,6.1369863,305.3412,-4.483423,-0.7316683,13.250481,2731692,-4.1086755,18227.63,0.5714286
0.14999999,0.7769317,-1.162132,923.5184183845894,6.144452e-11,-13.250481,51.411247,2959,-3.7764935,8.42407,1.3067589e-33,244,225,0.14999999,7551.640964508057,1.4285715,,146.9515,,,2959,6.1621323,0.35669196,399.3113,-4.4837613,-1.1182014,13.250481,2732691,-3.3983364,18233.748,-1.0
0.14999999,0.9957748,-1.1625552,923.543918918919,6.140301e-11,-13.250481,51.345985,2960,-3.776734,8.42407,,244,225,0.14999999,7555.383976459503,-2.857143,,146.9515,,,2960,6.162555,-3.481233,431.53555,-4.484099,-2.4148507,13.250481,2733690,-4.2421513,18241.164,-0.5714286
0.14999999,1.935228,-1.1624099,923.5694022289767,6.136154e-11,-13.250481,51.338352,2961,-3.7768035,8.42407,,244,225,0.14999999,7559.0353791713715,-8.571428,,146.9515,,,2961,6.16241,-9.871616,1471.1025,-4.484437,-0.732554,13.250481,2734689,-3.945906,18246.896,-1.0
0.14999999,0.81264746,-1.1627539,923.594868332208,6.132011e-11,-13.250481,51.33617,2962,-3.7772593,8.42407,,244,225,0.14999999,7562.946543931961,-7.142857,,146.9515,1.3612076e-23,,2962,6.162754,-8.190063,262.98572,-4.4847746,-2.1815643,13.250481,2735688,-5.8599463,18254.078,-0.85714287
0.14999999,1.1117055,-1.1627889,923.6203172460345,6.127873e-11,-13.250481,51.31829,2963,-3.7774544,8.42407,,244,225,0.14999999,7566.731742143631,-4.285714,,146.9515,,,2963,6.162789,-3.98271,210.6813,-4.485112,-1.2659208,13.250481,2736687,-4.1498933,18260.344,0.2857143
0.14999999,0.7650671,-1.1625502,923.6457489878543,6.123739e-11,-13.250481,51.29728,2964,-3.7773857,8.42407,,244,225,0.14999999,7570.582140922546,-4.285714,,146.9515,0.015004563,,2964,6.16255,-4.9195647,236.85818,-4.4854493,-0.45552754,13.250481,2737686,-3.6579847,18265.799,-0.2857143
0.14999999,1.0083251,-1.1622887,923.6711635750422,6.119609e-11,-13.250481,51.29736,2965,-3.777469,8.42407,,244,225,0.14999999,7574.426175832748,-7.142857,,146.9515,,,2965,6.1622887,-6.5321083,314.32883,-4.485787,-0.38722104,13.250481,2738685,-3.777078,18271.186,0.85714287
0.14999999,1.0937067,-1.1624361,923.6965610249495,6.115483e-11,-13.250481,51.18821,2966,-3.7775126,8.42407,,244,225,0.14999999,7578.1884615421295,4.285714,,146.9515,,,2966,6.162436,3.8685737,238.37692,-4.486124,-1.5996356,13.250481,2739684,-3.8832853,18277.785,-0.2857143
0.14999999,0.94353324,-1.1621734,923.721941354904,6.1113614e-11,-13.250481,51.07791,2967,-3.7774444,8.42407,,244,225,0.14999999,7581.943195343018,-5.714286,,146.9515,,,2967,6.1621733,-5.0941124,374.68384,-4.486461,-0.3829765,13.250481,2740683,-3.6475303,18283.168,1.0
0.14999999,1.3198371,-1.1624826,923.7473045822103,6.107244e-11,-13.250481,50.8277,2968,-3.7775023,8.42407,,244,225,0.14999999,7585.659612417221,-7.142857,,146.9515,2.4721634e-31,,2968,6.1624827,-7.730715,304.00754,-4.4867983,-2.080102,13.250481,2741682,-3.8509657,18290.248,-0.5714286
0.14999999,0.7164555,-1.1623924,923.7726507241496,6.103131e-11,-13.250481,50.73789,2969,-3.7773318,8.42407,,244,225,0.14999999,7589.32720041275,-8.571428,,146.9515,6.3620226e-21,,2969,6.1623926,-8.806428,413.57462,-4.487135,-0.894471,13.250481,2742681,-3.559529,18296.143,-0.2857143
0.14999999,0.89792967,-1.1620357,923.7979797979798,6.099022e-11,-13.250481,50.703495,2970,-3.7775102,8.42407,,244,225,0.14999999,7593.2059915065765,-8.571428,,146.9515,37.490143,,2970,6.162036,-7.9123816,466.0815,-4.4874716,-0.10282845,13.250481,2743680,-3.9991033,18301.246,0.14285715
0.14999999,0.8193437,-1.1618459,923.8232918209358,6.094916e-11,-13.250481,50.697563,2971,-3.7773411,8.42407,,244,225,0.14999999,7597.028644800186,-2.857143,,146.9515,,,2971,6.161846,-2.8406107,349.0077,-4.487808,-0.5982032,13.250481,2744679,-3.1504016,18306.844,0.2857143
0.14999999,1.1352531,-1.1615013,923.8485868102288,6.0908154e-11,-13.250481,50.63767,2972,-3.777648,8.42407,,244,225,0.14999999,7600.7691769599915,7.142857,,146.9515,,,2972,6.1615014,7.92056,377.72662,-4.488145,-0.1377955,13.250481,2745678,-4.4831705,18311.982,0.85714287
0.14999999,1.3246443,-1.1617112,923.8738647830475,6.086719e-11,-13.250481,50.551525,2973,-3.7776942,8.42407,,244,225,0.14999999,7604.466765642166,2.857143,,146.9515,,,2973,6.161711,3.00238,406.62762,-4.4884815,-1.7854927,13.250481,2746677,-4.016303,18318.768,0.2857143
0.14999999,1.2588121,-1.1613375,923.8991257565568,6.082627e-11,-13.250481,50.329353,2974,-3.7776344,8.42407,,244,225,0.14999999,7608.269639015198,8.571428,,146.9515,,,2974,6.1613374,8.492148,536.3225,-4.4888177,-0.050325584,13.250481,2747676,-3.8710284,18323.818,
0.14999999,0.8848001,-1.1599913,923.706218487395,6.0785384e-11,-13.250481,50.231,2975,-3.7775476,8.42407,,244,225,0.14999999,7611.720272779465,2.857143,,146.9515,,,2975,6.1599913,1.9478556,465.3953,-4.489154,2.8438175,13.250481,2748026,-3.734506,18325.975,-1.0
0.14999999,0.91263574,-1.1603072,923.7315188172043,6.0744534e-11,-13.250481,50.17803,2976,-3.7779322,8.42407,,244,225,0.14999999,7615.553727149963,-2.857143,,146.9515,,,2976,6.160307,-2.2530522,317.3584,-4.48949,-2.100234,13.250481,2749025,-4.766658,18333.074,0.5714286
0.14999999,1.3015072,-1.1605315,923.7568021498153,6.0703734e-11,-13.250481,50.14202,2977,-3.7781117,8.42407,,244,225,0.14999999,7619.284504652023,-8.571428,,146.9515,,,2977,6.1605315,-7.558846,1288.686,-4.4898257,-1.8281176,13.250481,2750024,-4.206708,18339.902,1.0
0.14999999,1.0017793,-1.1614883,923.7820685023506,6.0662975e-11,-13.250481,50.13364,2978,-3.7780354,8.42407,2.841641e-12,244,225,0.14999999,7622.988653182983,-1.4285715,,146.9515,,,2978,6.1614885,-1.7290823,261.07455,-4.490162,-4.0098753,13.250481,2751023,-3.7347703,18348.912,
0.14999999,1.2121465,-1.1611434,923.8073178919101,6.062225e-11,-13.250481,50.132412,2979,-3.777953,8.42407,8.073045e-24,244,225,0.14999999,7627.081169843674,1.4285715,,146.9515,,,2979,6.1611433,1.3415884,287.01282,-4.4904976,-0.1340177,13.250481,2752022,-3.515377,18354.047,
0.14999999,0.7876499,-1.1607599,923.8325503355704,6.0581574e-11,-13.250481,50.088177,2980,-3.7778392,8.42407,,244,225,0.14999999,7630.97935461998,7.142857,,146.9515,,,2980,6.16076,7.0144978,245.63312,-4.4908333,-0.018410837,13.250481,2753021,-3.6156049,18359.064,
0.14999999,1.1077834,-1.1600766,923.6786313317679,6.054093e-11,-13.250481,49.924465,2981,-3.777826,8.42407,,244,225,0.14999999,7634.607924461365,2.857143,,146.9515,,,2981,6.1600766,3.517424,409.1549,-4.4911685,0.8763489,13.250481,2753486,-3.513196,18363.188,0.5714286
0.14999999,0.9291709,-1.1603543,923.703890006707,6.0500334e-11,-13.250481,49.886192,2982,-3.7777696,8.42407,,244,225,0.14999999,7638.365613937378,-8.571428,,146.9515,,,2982,6.160354,-8.218762,434.40405,-4.491504,-1.9880118,13.250481,2754485,-3.6750014,18370.176,0.42857143
0.14999999,0.8054506,-1.1600206,923.7291317465639,6.0459776e-11,-13.250481,49.842648,2983,-3.7776182,8.42407,,244,225,0.14999999,7642.2650310993195,-8.571428,,146.9515,6.423945e-05,,2983,6.160021,-9.0810175,478.33505,-4.4918394,-0.16487141,13.250481,2755484,-3.2324615,18375.342,-0.5714286
0.14999999,0.9893298,-1.1599243,923.7543565683646,6.041926e-11,-13.250481,49.836132,2984,-3.777516,8.42407,4.2411674e-13,244,225,0.14999999,7646.111635684967,-1.4285715,,146.9515,,,2984,6.1599245,-1.4551322,281.89343,-4.4921746,-0.8725747,13.250481,2756483,-3.2470732,18381.215,-0.2857143
0.14999999,1.0452654,-1.1595744,923.7795644891122,6.0378785e-11,-13.250481,49.835052,2985,-3.777546,8.42407,1.2049049e-24,244,225,0.14999999,7650.018248319626,1.4285715,,146.9515,,,2985,6.1595745,1.0842297,288.78635,-4.4925094,-0.115607955,13.250481,2757482,-3.8425024,18386.33,-0.2857143
0.14999999,0.8774339,-1.1593035,923.804755525787,6.033836e-11,-13.250481,49.819496,2986,-3.7774534,8.42407,,244,225,0.14999999,7653.883613348007,8.571428,,146.9515,,,2986,6.1593037,9.930291,804.0573,-4.4928446,-0.35105774,13.250481,2758481,-3.5197341,18391.68,1.0
0.14999999,0.77051544,-1.1623211,923.8299296953466,6.029796e-11,-13.250481,49.815544,2987,-3.7784436,8.42407,,244,225,0.14999999,7657.754563331604,7.142857,,146.9515,,,2987,6.162321,6.873704,182.74832,-4.4931793,-10.172703,13.250481,2759480,-6.562295,18406.854,-0.2857143
0.14999999,1.2461752,-1.1612884,923.6502677376171,6.0257604e-11,-13.250481,49.642017,2988,-3.7784004,8.42407,,244,225,0.14999999,7661.246168613434,-2.857143,,146.9515,,,2988,6.1612883,-3.701778,615.38544,-4.493514,1.9233775,13.250481,2759867,-3.4040296,18409.93,-1.0
0.14999999,1.0678904,-1.1614442,923.6754767480763,6.021729e-11,-13.250481,49.629547,2989,-3.7782931,8.42407,,244,225,0.14999999,7665.107672691345,-7.142857,,146.9515,,,2989,6.161444,-7.3296523,309.90997,-4.493849,-1.6268992,13.250481,2760866,-3.6499505,18416.557,-0.2857143
0.14999999,1.2055284,-1.1611078,923.7006688963211,6.017702e-11,-13.250481,49.534714,2990,-3.778189,8.42407,,244,225,0.14999999,7669.0122809410095,2.857143,,146.9515,,,2990,6.161108,2.9234264,366.46448,-4.494183,-0.15565227,13.250481,2761865,-3.5021036,18421.713,
0.14999999,0.76679647,-1.1607224,923.7258441992644,6.0136784e-11,-13.250481,49.52026,2991,-3.7781172,8.42407,,244,225,0.14999999,7672.681816339493,7.142857,,146.9515,,,2991,6.1607223,6.3196945,276.84344,-4.494518,-0.008363681,13.250481,2762864,-3.7337227,18426.72,-0.85714287
0.14999999,1.0679464,-1.1599469,923.5297459893048,6.0096594e-11,-13.250481,49.51924,2992,-3.7783105,8.42407,,244,225,0.14999999,7676.149705171585,-2.857143,,146.9515,,,2992,6.159947,-2.7771957,336.71817,-4.494852,1.1596682,13.250481,2763201,-4.105096,18430.56,
0.14999999,0.8409919,-1.1595746,923.554961577013,6.0056446e-11,-13.250481,49.486443,2993,-3.7782025,8.42407,8.743615e-22,244,225,0.14999999,7679.972209215164,-1.4285715,,146.9515,5.1867205e-25,,2993,6.1595745,-0.3243388,384.64178,-4.495186,-0.04615202,13.250481,2764200,-3.4861658,18435.607,1.0
0.14999999,0.89865446,-1.1619848,923.5801603206413,6.001633e-11,-13.250481,49.37291,2994,-3.7786713,8.42407,,244,225,0.14999999,7683.882060050964,-7.142857,,146.9515,,,2994,6.161985,-7.323871,296.3671,-4.49552,-8.3755,13.250481,2765199,-4.9975467,18448.982,
0.14999999,1.2643847,-1.1616176,923.6053422370618,5.997626e-11,-13.250481,49.30327,2995,-3.7786894,8.42407,,244,225,0.14999999,7687.774743080139,-5.714286,,146.9515,3.3174835e-24,,2995,6.1616178,-7.0437894,281.753,-4.495854,-0.06216519,13.250481,2766198,-3.7072995,18454.045,-0.85714287
0.14999999,0.9843595,-1.16188,923.6305073431241,5.993623e-11,-13.250481,49.29859,2996,-3.7787023,8.42407,,244,225,0.14999999,7691.632329463959,7.142857,,146.9515,,,2996,6.16188,6.4529924,294.41965,-4.4961877,-1.9480112,13.250481,2767197,-4.0483675,18460.992,-0.5714286
0.14999999,0.9823468,-1.1618035,923.6556556556557,5.989624e-11,-13.250481,49.204956,2997,-3.778636,8.42407,,244,225,0.14999999,7695.438450336456,5.714286,,146.9515,,,2997,6.1618032,6.3284745,328.02628,-4.4965215,-0.9323391,13.250481,2768196,-3.5389616,18466.926,0.85714287
0.14999999,1.0707321,-1.1622925,923.6807871914609,5.985629e-11,-13.250481,49.04363,2998,-3.7785425,8.42407,,244,225,0.14999999,7699.15655207634,8.571428,,146.9515,,,2998,6.1622925,8.109736,413.7762,-4.4968553,-2.6279485,13.250481,2769195,-3.4559128,18474.553,-0.71428573
0.14999999,1.3143929,-1.1613078,923.4968322774258,5.9816374e-11,-13.250481,49.008987,2999,-3.7784834,8.42407,,244,225,0.14999999,7702.732907533646,5.714286,,146.9515,,,2999,6.161308,5.0116,287.34445,-4.4971886,1.790844,13.250481,2769567,-3.6378756,18477.762,-0.85714287
0.14999999,1.0039194,-1.1613666,923.522,5.977651e-11,-13.250481,48.85484,3000,-3.7783828,8.42407,,244,225,0.14999999,7706.545155763626,-8.571428,,146.9515,,,3000,6.1613665,-8.174781,468.81647,-4.4975224,-1.3375756,13.250481,2770566,-3.7565842,18484.1,0.71428573
0.14999999,0.934878,-1.1610922,923.5471509496834,5.9736674e-11,-13.250481,48.78095,3001,-3.7782633,8.42407,,244,225,0.14999999,7710.365309000015,8.571428,,146.9515,,,3001,6.1610923,7.9129,697.7821,-4.497855,-0.33753583,13.250481,2771565,-3.3842707,18489.438,-1.0
0.14999999,1.0922774,-1.1607504,923.3780812791472,5.9696886e-11,-13.250481,48.748695,3002,-3.7786713,8.42407,,244,225,0.14999999,7713.950918197632,4.285714,,146.9515,,,3002,6.1607504,4.5734925,305.1188,-4.4981885,-0.13530605,13.250481,2771981,-4.9003263,18494.572,0.5714286
0.14999999,1.001647,-1.1605506,923.4032634032634,5.9657126e-11,-13.250481,48.76773,3003,-3.7786088,8.42407,,244,225,0.14999999,7717.933855772018,4.285714,,146.9515,0.07820575,,3003,6.1605506,5.4907923,534.43567,-4.498522,-0.5606974,13.250481,2772980,-3.652776,18500.133,1.0
0.14999999,0.9022971,-1.1628278,923.4284287616512,5.961742e-11,-13.250481,48.6027,3004,-3.7790034,8.42407,,244,225,0.14999999,7721.814268827438,2.857143,,146.9515,,,3004,6.162828,2.5134063,314.11606,-4.4988546,-8.001478,13.250481,2773979,-4.9248924,18513.135,-0.2857143
0.14999999,0.8526459,-1.1624812,923.4535773710483,5.957775e-11,-13.250481,48.583214,3005,-3.778942,8.42407,,244,225,0.14999999,7725.696776390076,-8.571428,,146.9515,,,3005,6.1624813,-7.927001,258.82504,-4.4991875,-0.12115755,13.250481,2774978,-3.4756036,18518.256,
0.14999999,0.79111624,-1.1621488,923.4787092481703,5.953812e-11,-13.250481,48.577103,3006,-3.7788303,8.42407,,244,225,0.14999999,7729.616422653198,-2.857143,,146.9515,,,3006,6.162149,-1.3762696,456.5857,-4.4995203,-0.16340771,13.250481,2775977,-3.2743888,18523.42,1.0
0.14999999,0.85006225,-1.1637809,923.5038244097107,5.9498524e-11,-13.250481,48.50226,3007,-3.7790694,8.42407,,244,225,0.14999999,7733.28187084198,-5.714286,,146.9515,,,3007,6.163781,-4.582526,262.23026,-4.4998527,-6.069801,13.250481,2776976,-4.2603555,18534.488,0.85714287
0.14999999,0.8355666,-1.1647874,923.5289228723404,5.945897e-11,-13.250481,48.484005,3008,-3.7790678,8.42407,,244,225,0.14999999,7737.07382774353,-2.857143,,146.9515,,,3008,6.1647873,-3.0944564,311.0872,-4.500185,-4.191619,13.250481,2777975,-3.6042967,18543.68,-0.42857143
0.14999999,0.77097493,-1.1645166,923.5540046527085,5.941945e-11,-13.250481,48.394157,3009,-3.7790303,8.42407,2.4964785e-33,244,225,0.14999999,7740.96261382103,1.4285715,,146.9515,,,3009,6.1645164,3.1578193,508.50128,-4.500518,-0.3492836,13.250481,2778974,-3.4828587,18549.031,1.0
0.14999999,1.0658302,-1.1674408,923.5790697674419,5.937999e-11,-13.250481,48.17677,3010,-3.7800322,8.42407,,244,225,0.14999999,7744.72166967392,8.571428,,146.9515,,,3010,6.167441,8.34742,389.17267,-4.5008497,-9.966725,13.250481,2779973,-6.520146,18563.996,-0.14285715
0.14999999,0.85470724,-1.166423,923.4015277316506,5.934054e-11,-13.250481,48.16762,3011,-3.779781,8.42407,,244,225,0.14999999,7748.334978342056,8.571428,,146.9515,0.007190129,,3011,6.166423,9.143962,519.1221,-4.501182,1.8973386,13.250481,2780362,-3.0600436,18567.1,0.5714286
0.14999999,1.0445756,-1.1665305,923.4266268260292,5.930115e-11,-13.250481,48.080807,3012,-3.7798507,8.42407,,244,225,0.14999999,7752.2090010643005,4.285714,,146.9515,,,3012,6.1665306,3.860069,256.39886,-4.501514,-1.4905545,13.250481,2781361,-3.8146563,18573.59,-0.71428573
0.14999999,1.0263648,-1.1665235,923.4517092598738,5.926179e-11,-13.250481,48.042698,3013,-3.7799153,8.42407,,244,225,0.14999999,7756.10963845253,4.285714,,146.9515,2.3253295e-09,,3013,6.1665235,4.753922,284.5862,-4.5018463,-1.1455828,13.250481,2782360,-3.997145,18579.734,0.2857143
0.14999999,0.81269926,-1.1661723,923.4767750497678,5.922247e-11,-13.250481,48.012207,3014,-3.7799466,8.42407,,244,225,0.14999999,7759.986637353897,5.714286,,146.9515,2.8126373e-11,,3014,6.166172,5.612692,253.91757,-4.5021777,-0.10777088,13.250481,2783359,-3.872752,18584.844,
0.14999999,0.63534814,-1.1658382,923.501824212272,5.918319e-11,-13.250481,47.995464,3015,-3.7799046,8.42407,,244,225,0.14999999,7763.891530990601,-5.714286,,146.9515,,,3015,6.1658382,-5.7243013,206.80467,-4.5025096,-0.15913543,13.250481,2784358,-3.452989,18590.002,
0.14999999,1.0187303,-1.1654526,923.5268567639257,5.9143954e-11,-13.250481,47.967712,3016,-3.7799425,8.42407,2.4320738e-15,244,225,0.14999999,7767.915839910507,-1.4285715,,146.9515,,,3016,6.1654525,-1.3075314,297.40125,-4.5028415,-0.0022752988,13.250481,2785357,-3.5197444,18595.004,0.5714286
0.14999999,0.99666643,-1.1652523,923.5518727212462,5.9104756e-11,-13.250481,47.95077,3017,-3.7798448,8.42407,6.909446e-27,244,225,0.14999999,7771.826633214951,1.4285715,,146.9515,,,3017,6.165252,2.4186976,279.6037,-4.503173,-0.5613086,13.250481,2786356,-3.4792793,18600.566,0.5714286
0.14999999,1.2094518,-1.1654494,923.5768721007289,5.906559e-11,-13.250481,47.899586,3018,-3.7797852,8.42407,,244,225,0.14999999,7775.627572059631,2.857143,,146.9515,3.2821152e-11,,3018,6.165449,3.9885776,702.66895,-4.5035043,-1.7599888,13.250481,2787355,-3.5746672,18607.326,1.0
0.14999999,1.0405152,-1.1664279,923.6018549188473,5.902647e-11,-13.250481,47.883846,3019,-3.7800393,8.42407,,244,225,0.14999999,7779.53656744957,8.571428,,146.9515,,,3019,6.1664276,9.097051,427.698,-4.5038357,-4.1197553,13.250481,2788354,-4.6807556,18616.445,0.2857143
0.14999999,0.8800895,-1.1664549,923.626821192053,5.8987384e-11,-13.250481,47.859642,3020,-3.779917,8.42407,,244,225,0.14999999,7783.5445728302,5.714286,,146.9515,,,3020,6.166455,5.1954255,224.74976,-4.5041666,-1.2479466,13.250481,2789353,-3.4263341,18622.693,-0.42857143
0.14999999,1.2578094,-1.165828,923.4571333995366,5.894834e-11,-13.250481,47.760635,3021,-3.779927,8.42407,,244,225,0.14999999,7787.196941137314,-4.285714,,146.9515,,,3021,6.1658278,-5.001733,282.68518,-4.5044975,0.727443,13.250481,2789764,-3.6707122,18626.967,-0.71428573
0.14999999,0.8427127,-1.165722,923.482131039047,5.890933e-11,-13.250481,47.567833,3022,-3.779819,8.42407,,244,225,0.14999999,7791.107965707779,-4.285714,,146.9515,3.2438449e-12,,3022,6.165722,-3.5780168,248.2681,-4.504829,-0.84574014,13.250481,2790763,-3.6781273,18632.812,0.5714286
0.14999999,1.0345441,-1.1657757,923.5071121402581,5.887036e-11,-13.250481,47.56511,3023,-3.779835,8.42407,,244,225,0.14999999,7795.012201786041,-5.714286,,146.9515,3.522564e-31,,3023,6.165776,-6.295246,258.1885,-4.5051594,-1.3277255,13.250481,2791762,-3.6545916,18639.14,-0.42857143
0.14999999,0.89382684,-1.1654826,923.5320767195767,5.883144e-11,-13.250481,47.454067,3024,-3.779816,8.42407,,244,225,0.14999999,7798.784159421921,8.571428,,146.9515,,,3024,6.1654825,8.10413,275.1119,-4.5054903,-0.27972054,13.250481,2792761,-3.7302513,18644.42,-0.42857143
0.14999999,0.7997716,-1.1652526,923.4297520661157,5.879255e-11,-13.250481,47.418728,3025,-3.7798998,8.42407,,244,225,0.14999999,7802.475430965424,5.714286,,146.9515,,,3025,6.1652527,5.8036213,214.99689,-4.5058208,-0.4695618,13.250481,2793375,-3.9109404,18649.889,0.2857143
0.14999999,1.2764312,-1.1645982,923.2815598149372,5.875369e-11,-13.250481,47.35498,3026,-3.7799249,8.42407,,244,225,0.14999999,7806.001977443695,-5.714286,,146.9515,,,3026,6.1645985,-5.4369445,270.47693,-4.5061517,0.81467974,13.250481,2793850,-3.6395967,18654.074,0.2857143
0.14999999,0.8873843,-1.1643422,923.3065741658407,5.871488e-11,-13.250481,47.26272,3027,-3.7798066,8.42407,,244,225,0.14999999,7809.872352600098,-4.285714,,146.9515,7.685775e-38,,3027,6.164342,-5.081506,369.13516,-4.5064816,-0.38932204,13.250481,2794849,-3.6705751,18659.465,-1.0
0.14999999,1.2687135,-1.1645525,923.331571994716,5.867611e-11,-13.250481,47.244022,3028,-3.7798252,8.42407,,244,225,0.14999999,7813.759549617767,-7.142857,,146.9515,,,3028,6.1645527,-6.4121947,278.8186,-4.506812,-1.800736,13.250481,2795848,-3.698768,18666.266,0.5714286
0.14999999,0.80004925,-1.1652371,923.3565533179267,5.8637366e-11,-13.250481,47.07809,3029,-3.7798984,8.42407,7.8070525e-29,244,225,0.14999999,7817.628895282745,1.4285715,,146.9515,,,3029,6.165237,1.1919906,253.00618,-4.5071425,-3.2386062,13.250481,2796847,-4.236491,18674.504,-0.71428573
0.14999999,0.8606482,-1.1650867,923.3815181518152,5.859867e-11,-13.250481,47.073326,3030,-3.779886,8.42407,2.7498387e-17,244,225,0.14999999,7821.465393781662,-1.4285715,,146.9515,,,3030,6.1650867,-2.3010325,293.16415,-4.5074725,-0.709833,13.250481,2797846,-3.525686,18680.213,-0.71428573
0.14999999,1.1967909,-1.1650995,923.4064665127021,5.856001e-11,-13.250481,47.045258,3031,-3.7798343,8.42407,,244,225,0.14999999,7825.269115686417,7.142857,,146.9515,,,3031,6.1650996,7.9499197,310.6896,-4.5078025,-1.2034129,13.250481,2798845,-3.4617858,18686.416,0.5714286
0.14999999,1.1661824,-1.16521,923.4313984168865,5.852139e-11,-13.250481,46.94556,3032,-3.779896,8.42407,,244,225,0.14999999,7829.08611702919,2.857143,,146.9515,,,3032,6.16521,2.3840375,379.03253,-4.5081325,-1.5004344,13.250481,2799844,-4.131515,18692.916,-0.85714287
0.14999999,0.9187473,-1.1652068,923.3897131552918,5.84828e-11,-13.250481,46.931824,3033,-3.780059,8.42407,1.4659713e-24,244,225,0.14999999,7832.979886770248,1.4285715,,146.9515,6.333863e-35,,3033,6.165207,1.8078728,260.5916,-4.508462,-1.1553105,13.250481,2800641,-4.4014635,18699.072,0.2857143
0.14999999,1.0349343,-1.1649195,923.4146341463414,5.8444256e-11,-13.250481,46.895874,3034,-3.779974,8.42407,,244,225,0.14999999,7836.953402042389,4.285714,,146.9515,,,3034,6.1649194,3.1172924,464.00238,-4.508792,-0.29369944,13.250481,2801640,-3.4275851,18704.365,-1.0
0.14999999,0.98839355,-1.1651883,923.294233937397,5.840575e-11,-13.250481,46.88832,3035,-3.7800443,8.42407,5.16523e-13,244,225,0.14999999,7840.52531337738,-1.4285715,,146.9515,,,3035,6.1651883,-0.81304884,279.8921,-4.5091214,-1.980963,13.250481,2802198,-3.993277,18711.348,0.2857143
0.14999999,1.2136577,-1.1649064,923.3191699604743,5.836728e-11,-13.250481,46.75111,3036,-3.780036,8.42407,,244,225,0.14999999,7844.498227119446,-4.285714,,146.9515,,,3036,6.1649065,-4.0094733,232.98087,-4.509451,-0.30886695,13.250481,2803197,-3.7185318,18716.656,
0.14999999,0.75762874,-1.164558,923.3440895620678,5.832885e-11,-13.250481,46.744473,3037,-3.779921,8.42407,,244,225,0.14999999,7848.297164201736,-8.571428,,146.9515,,,3037,6.164558,-9.1271515,330.75574,-4.50978,-0.10720615,13.250481,2804196,-3.618813,18721.762,-0.14285715
0.14999999,1.1295617,-1.1642462,923.3689927583937,5.8290456e-11,-13.250481,46.69135,3038,-3.7807512,8.42407,,244,225,0.14999999,7852.269527435303,5.714286,,146.9515,,,3038,6.164246,4.6668053,229.1467,-4.5101094,-0.21705979,13.250481,2805195,-6.0401278,18726.98,-0.71428573
0.14999999,1.0302149,-1.1642568,923.2678512668641,5.8252105e-11,-13.250481,46.689407,3039,-3.7805867,8.42407,,244,225,0.14999999,7855.952290773392,-5.714286,,146.9515,,,3039,6.164257,-6.0073586,244.04266,-4.5104384,-1.196298,13.250481,2805811,-3.387112,18733.176,-0.71428573
0.14999999,1.1944013,-1.1640636,923.2927631578947,5.821379e-11,-13.250481,46.684204,3040,-3.78044,8.42407,,244,225,0.14999999,7859.946403741837,-2.857143,,146.9515,,,3040,6.1640635,-3.3982632,317.05496,-4.5107675,-0.57735294,13.250481,2806810,-3.348304,18738.754,-0.71428573
0.14999999,0.973561,-1.1639806,923.3176586649129,5.8175506e-11,-13.250481,46.65853,3041,-3.7803006,8.42407,,244,225,0.14999999,7863.834976911545,-7.142857,,146.9515,,,3041,6.1639805,-6.8343534,263.25946,-4.5110965,-0.91130495,13.250481,2807809,-3.5146434,18744.664,0.2857143
0.14999999,1.092311,-1.1636368,923.3425378040763,5.8137266e-11,-13.250481,46.65779,3042,-3.7801957,8.42407,,244,225,0.14999999,7867.763090848923,4.285714,,146.9515,,,3042,6.1636367,4.5599713,266.83484,-4.511425,-0.11832741,13.250481,2808808,-3.4138331,18749.783,
0.14999999,1.1288048,-1.1633033,923.3674005915216,5.8099057e-11,-13.250481,46.564766,3043,-3.780113,8.42407,,244,225,0.14999999,7871.707969903946,-5.714286,,146.9515,,,3043,6.1633034,-5.139428,263.87982,-4.5117536,-0.14840676,13.250481,2809807,-3.5970974,18754.932,0.5714286
0.14999999,0.73783916,-1.1633857,923.392247043364,5.8060893e-11,-13.250481,46.561775,3044,-3.7800424,8.42407,,244,225,0.14999999,7875.482188463211,-4.285714,,146.9515,8.692606e-28,,3044,6.163386,-4.6015944,222.78403,-4.512082,-1.4145128,13.250481,2810806,-3.6676588,18761.346,-0.2857143
0.14999999,0.90495986,-1.1630882,923.4170771756978,5.8022774e-11,-13.250481,46.556725,3045,-3.780066,8.42407,,244,225,0.14999999,7879.413376331329,7.142857,,146.9515,,,3045,6.1630883,7.3576283,236.18082,-4.5124106,-0.257517,13.250481,2811805,-3.574154,18766.604,0.2857143
0.14999999,0.88256854,-1.1627996,923.4418910045962,5.7984686e-11,-13.250481,46.475925,3046,-3.780029,8.42407,,244,225,0.14999999,7883.262419462204,-8.571428,,146.9515,,,3046,6.1628,-8.127874,339.2709,-4.512739,-0.28405008,13.250481,2812804,-3.558021,18771.887,0.2857143
0.14999999,1.0840153,-1.1626796,923.466688546111,5.7946634e-11,-13.250481,46.456215,3047,-3.7800982,8.42407,,244,225,0.14999999,7887.251778841019,4.285714,,146.9515,,,3047,6.1626797,3.873638,221.438,-4.5130672,-0.7969558,13.250481,2813803,-3.8541229,18777.684,-0.2857143
0.14999999,0.6750441,-1.1624199,923.4671916010499,5.7908612e-11,-13.250481,46.447895,3048,-3.7800171,8.42407,4.739589e-22,244,225,0.14999999,7891.106204748154,-1.4285715,,146.9515,,,3048,6.16242,-2.6194553,245.4143,-4.5133953,-0.37129593,13.250481,2814728,-3.5940473,18783.057,-1.0
0.14999999,1.1550282,-1.1626903,923.4919645785503,5.7870635e-11,-13.250481,46.421032,3049,-3.7801,8.42407,,244,225,0.14999999,7894.982511520386,-4.285714,,146.9515,,,3049,6.16269,-3.9756489,202.9415,-4.5137234,-1.9866704,13.250481,2815727,-3.693893,18790.043,0.2857143
0.14999999,1.227045,-1.1623571,923.5167213114754,5.783269e-11,-13.250481,46.39003,3050,-3.7799866,8.42407,,244,225,0.14999999,7898.861710548401,-7.142857,,146.9515,,,3050,6.1623573,-5.9409666,580.2005,-4.5140514,-0.14625818,13.250481,2816726,-3.5641348,18795.19,1.0
0.14999999,0.8112242,-1.1641337,923.5414618157981,5.7794786e-11,-13.250481,46.377777,3051,-3.7802644,8.42407,,244,225,0.14999999,7902.878257751465,-7.142857,,146.9515,1.139773e-37,,3051,6.1641335,-8.006689,234.93259,-4.514379,-6.58295,13.250481,2817725,-4.794553,18806.771,-0.85714287
0.14999999,0.8956924,-1.1641344,923.5661861074705,5.7756924e-11,-13.250481,46.375866,3052,-3.780387,8.42407,,244,225,0.14999999,7906.839644432068,-2.857143,,146.9515,,,3052,6.1641345,-3.0198982,315.91138,-4.514707,-1.1660559,13.250481,2818724,-3.9507246,18812.938,-0.14285715
0.14999999,0.8181243,-1.163755,923.5908942024239,5.771909e-11,-13.250481,46.313583,3053,-3.7806358,8.42407,,244,225,0.14999999,7910.689697265625,-8.571428,,146.9515,,,3053,6.163755,-9.032903,299.8969,-4.5150347,-0.00658285,13.250481,2819723,-4.4115458,18817.945,-0.42857143
0.14999999,1.1632748,-1.1636114,923.6155861165685,5.7681297e-11,-13.250481,46.23395,3054,-3.7805247,8.42407,,244,225,0.14999999,7914.5779910087585,7.142857,,146.9515,,,3054,6.1636114,8.373958,613.89777,-4.5153623,-0.72482383,13.250481,2820722,-3.2392673,18823.67,1.0
0.14999999,1.003281,-1.1648864,923.6402618657938,5.764354e-11,-13.250481,46.215157,3055,-3.780619,8.42407,,244,225,0.14999999,7918.506893634796,5.714286,,146.9515,4.4037366e-28,,3055,6.1648865,6.1988177,277.2441,-4.5156894,-5.0584474,13.250481,2821721,-4.182394,18833.729,0.5714286
0.14999999,1.1920359,-1.1648678,923.6649214659686,5.7605823e-11,-13.250481,46.199635,3056,-3.780522,8.42407,,244,225,0.14999999,7922.486694812775,-8.571428,,146.9515,,,3056,6.164868,-9.546395,475.8996,-4.5160165,-1.1081845,13.250481,2822720,-3.4653058,18839.836,-0.85714287
0.14999999,0.8937131,-1.1650914,923.6895649329408,5.756814e-11,-13.250481,46.196434,3057,-3.7804623,8.42407,,244,225,0.14999999,7926.43258023262,-4.285714,,146.9515,,,3057,6.1650915,-3.734037,301.32602,-4.516344,-1.8486713,13.250481,2823719,-3.741277,18846.684,0.85714287
0.14999999,0.8362503,-1.1650592,923.7141922825376,5.7530498e-11,-13.250481,46.151646,3058,-3.7804523,8.42407,1.3504738e-33,244,225,0.14999999,7930.21598815918,1.4285715,,146.9515,,,3058,6.165059,0.28219604,380.62854,-4.516671,-1.0666496,13.250481,2824718,-3.617866,18852.752,-1.0
0.14999999,1.0072843,-1.1653309,923.7388035305655,5.749289e-11,-13.250481,46.110733,3059,-3.7806,8.42407,,244,225,0.14999999,7934.1096312999725,5.714286,,146.9515,,,3059,6.165331,5.341463,210.05095,-4.516998,-1.9959013,13.250481,2825717,-4.0426784,18859.746,-0.2857143
0.14999999,1.0189706,-1.1648996,923.6254901960784,5.7455322e-11,-13.250481,46.09354,3060,-3.7804546,8.42407,,244,225,0.14999999,7937.931887626648,-2.857143,,146.9515,,,3060,6.1649,-1.9457028,385.46674,-4.517325,0.15423873,13.250481,2826294,-3.3231761,18864.594,0.71428573
0.14999999,1.0910598,-1.1652882,923.6501143417184,5.7417786e-11,-13.250481,46.072845,3061,-3.7803855,8.42407,,244,225,0.14999999,7941.8885152339935,7.142857,,146.9515,,,3061,6.165288,6.2043643,429.8993,-4.5176516,-2.354183,13.250481,2827293,-3.5573206,18871.947,-1.0
0.14999999,1.0693794,-1.1653006,923.5333115610712,5.7380285e-11,-13.250481,46.066933,3062,-3.7802868,8.42407,,244,225,0.14999999,7945.584300518036,4.285714,,146.9515,,,3062,6.1653004,3.7503057,261.57736,-4.517978,-1.203191,13.250481,2827859,-3.5260787,18878.15,-0.5714286
0.14999999,0.67995167,-1.1650039,923.4172380019588,5.7342825e-11,-13.250481,46.034164,3063,-3.780202,8.42407,,244,225,0.14999999,7949.215252161026,-5.714286,,146.9515,,,3063,6.165004,-6.1296253,211.08243,-4.518305,-0.25668287,13.250481,2828427,-3.567116,18883.406,-0.14285715
0.14999999,1.0282357,-1.1647544,923.4419060052219,5.73054e-11,-13.250481,46.001892,3064,-3.7802377,8.42407,,244,225,0.14999999,7952.985997438431,2.857143,,146.9515,,,3064,6.1647544,3.6695576,355.64545,-4.518631,-0.40044904,13.250481,2829426,-3.5552847,18888.807,0.71428573
0.14999999,0.8263906,-1.164802,923.4665579119087,5.7268013e-11,-13.250481,46.00106,3065,-3.7804585,8.42407,,244,225,0.14999999,7956.948137998581,-2.857143,,146.9515,,,3065,6.164802,-2.4614887,310.4032,-4.5189576,-1.3106743,13.250481,2830425,-4.458368,18895.117,0.2857143
0.14999999,1.3114434,-1.1645372,923.4911937377691,5.7230668e-11,-13.250481,45.893497,3066,-3.7804453,8.42407,,244,225,0.14999999,7960.869687795639,-7.142857,,146.9515,,,3066,6.1645374,-7.471438,273.14258,-4.519284,-0.35295305,13.250481,2831424,-3.548151,18900.47,-0.5714286
0.14999999,1.0493628,-1.1642201,923.5158134985328,5.7193344e-11,-13.250481,45.893753,3067,-3.7803476,8.42407,,244,225,0.14999999,7964.853604078293,-4.285714,,146.9515,,,3067,6.16422,-4.585067,270.4964,-4.51961,-0.19220525,13.250481,2832423,-3.757952,18905.664,-0.5714286
0.14999999,1.2473898,-1.164025,923.5404172099087,5.715607e-11,-13.250481,45.881622,3068,-3.7802517,8.42407,,244,225,0.14999999,7968.696594715118,2.857143,,146.9515,,,3068,6.164025,3.2835674,353.9214,-4.5199356,-0.5652449,13.250481,2833422,-3.51223,18911.229,0.2857143
0.14999999,0.853053,-1.1636767,923.5650048875856,5.711883e-11,-13.250481,45.80591,3069,-3.780376,8.42407,,244,225,0.14999999,7972.599905252457,7.142857,,146.9515,,,3069,6.1636767,7.1059904,226.70926,-4.520262,-0.09552455,13.250481,2834421,-4.367057,18916.324,
0.14999999,0.6187696,-1.1632034,923.4504885993485,5.7081624e-11,-13.250481,45.66409,3070,-3.7803688,8.42407,8.850118e-31,244,225,0.14999999,7976.3928027153015,1.4285715,,146.9515,,,3070,6.1632032,1.9754517,248.61165,-4.5205874,0.28956187,13.250481,2834993,-3.5945027,18921.035,0.85714287
0.14999999,1.0588386,-1.1632744,923.4750895473787,5.7044452e-11,-13.250481,45.6403,3071,-3.7804813,8.42407,,244,225,0.14999999,7980.337697505951,8.571428,,146.9515,,,3071,6.1632743,7.425268,452.22876,-4.520913,-1.3813115,13.250481,2835992,-3.7352655,18927.416,-0.85714287
0.14999999,1.1745821,-1.1636467,923.412109375,5.7007322e-11,-13.250481,45.63054,3072,-3.7806675,8.42407,,244,225,0.14999999,7984.08179974556,-5.714286,,146.9515,,,3072,6.1636467,-6.8676786,412.70093,-4.521239,-2.3070636,13.250481,2836722,-4.380405,18934.723,-1.0
0.14999999,0.97190624,-1.1641098,923.4367068011715,5.6970227e-11,-13.250481,45.62404,3073,-3.7809837,8.42407,2.9322918e-12,244,225,0.14999999,7987.970534324646,-1.4285715,,146.9515,,,3073,6.1641097,-1.6240572,241.03369,-4.521564,-2.5866182,13.250481,2837721,-4.8824916,18942.309,
0.14999999,1.1969045,-1.1637342,923.4612882238126,5.6933167e-11,-13.250481,45.62321,3074,-3.7808619,8.42407,8.330486e-24,244,225,0.14999999,7991.854994297028,1.4285715,,146.9515,,,3074,6.1637344,1.3199474,262.29004,-4.5218897,-0.00946748,13.250481,2838720,-3.3636804,18947.318,
0.14999999,1.2814251,-1.1634158,923.4858536585366,5.689614e-11,-13.250481,45.59916,3075,-3.7807622,8.42407,,244,225,0.14999999,7995.624774932861,2.857143,,146.9515,2.0019843e-35,,3075,6.163416,2.5498412,344.1504,-4.522215,-0.18462105,13.250481,2839719,-3.63938,18952.504,-0.5714286
0.14999999,0.9573804,-1.1632766,923.5104031209363,5.6859156e-11,-13.250481,45.53471,3076,-3.7808688,8.42407,,244,225,0.14999999,7999.565278291702,2.857143,,146.9515,2.2813244,,3076,6.1632767,2.7009826,298.7918,-4.52254,-0.7350422,13.250481,2840718,-4.3527937,18958.238,-0.14285715
0.14999999,0.7856973,-1.1629126,923.5349366265843,5.6822207e-11,-13.250481,45.53194,3077,-3.780807,8.42407,,244,225,0.14999999,8003.4591410160065,7.142857,,146.9515,,,3077,6.1629124,6.8558235,170.13899,-4.522865,-0.04350953,13.250481,2841717,-3.5286124,18963.281,-0.2857143
0.14999999,0.9879769,-1.1624701,923.4330734243015,5.678529e-11,-13.250481,45.466084,3078,-3.7807298,8.42407,4.37477e-13,244,225,0.14999999,8007.223692655563,-1.4285715,,146.9515,,,3078,6.16247,-1.3724422,259.7719,-4.52319,0.19926739,13.250481,2842327,-3.316671,18968.082,-0.2857143
0.14999999,1.0419073,-1.1621705,923.4576161091263,5.6748408e-11,-13.250481,45.447186,3079,-3.7806854,8.42407,1.2428492e-24,244,225,0.14999999,8011.298417329788,1.4285715,,146.9515,,,3079,6.1621704,1.1165982,267.06293,-4.5235147,-0.2402663,13.250481,2843326,-3.6138704,18973.324,-0.2857143
0.14999999,0.6757722,-1.161823,923.4821428571429,5.6711563e-11,-13.250481,45.25178,3080,-3.7806675,8.42407,,244,225,0.14999999,8015.208051681519,8.571428,,146.9515,,,3080,6.1618233,9.2394905,410.82507,-4.5238395,-0.091755494,13.250481,2844325,-3.7476344,18978.414,0.85714287
0.14999999,1.1738547,-1.162459,923.5066536838689,5.6674755e-11,-13.250481,45.21887,3081,-3.7806268,8.42407,,244,225,0.14999999,8019.106023550034,8.571428,,146.9515,0.016788471,,3081,6.162459,8.796712,449.23895,-4.524164,-3.121167,13.250481,2845324,-3.3114169,18986.535,0.14285715
0.14999999,1.0041509,-1.1612504,923.3195976638547,5.6637986e-11,-13.250481,45.187355,3082,-3.780409,8.42407,,244,225,0.14999999,8022.730897188187,5.714286,,146.9515,,,3082,6.16125,4.9954185,252.66148,-4.5244884,2.562383,13.250481,2845671,-3.2472944,18988.973,-1.0
0.14999999,1.1831148,-1.1613492,923.2432695426533,5.660125e-11,-13.250481,45.18074,3083,-3.7803998,8.42407,,244,225,0.14999999,8026.439996004105,-7.142857,,146.9515,,,3083,6.1613493,-7.160251,287.07358,-4.524813,-1.4661292,13.250481,2846359,-3.7384102,18995.44,-0.2857143
0.14999999,0.73251617,-1.1610059,923.2678339818418,5.656455e-11,-13.250481,45.158253,3084,-3.7802215,8.42407,4.925993e-27,244,225,0.14999999,8030.291569948196,1.4285715,,146.9515,,,3084,6.161006,0.9842067,198.05942,-4.5251374,-0.10251798,13.250481,2847358,-3.3766801,19000.543,-0.5714286
0.14999999,0.84510684,-1.1607211,923.2923824959481,5.6527883e-11,-13.250481,45.082123,3085,-3.7802882,8.42407,3.131439e-19,244,225,0.14999999,8034.126302719116,-1.4285715,,146.9515,,,3085,6.160721,-0.25860727,290.19116,-4.5254617,-0.28226945,13.250481,2848357,-3.7085512,19005.824,0.85714287
0.14999999,0.97913927,-1.1619251,923.3169151004537,5.6491256e-11,-13.250481,45.055756,3086,-3.7804573,8.42407,,244,225,0.14999999,8038.124585390091,4.285714,,146.9515,,,3086,6.1619253,4.843446,250.36363,-4.5257854,-4.876222,13.250481,2849356,-4.1328416,19015.701,0.42857143
0.14999999,0.8315887,-1.161758,923.3414318108196,5.6454664e-11,-13.250481,45.054718,3087,-3.7804286,8.42407,1.7361766e-15,244,225,0.14999999,8041.998817443848,-1.4285715,,146.9515,,,3087,6.161758,-2.1215377,240.65999,-4.5261097,-0.64616895,13.250481,2850355,-3.648017,19021.348,-0.5714286
0.14999999,0.92483157,-1.1616467,923.365932642487,5.6418103e-11,-13.250481,45.04645,3088,-3.7803702,8.42407,,244,225,0.14999999,8045.811094284058,-7.142857,,146.9515,,,3088,6.161647,-6.973011,269.7859,-4.5264335,-0.8180702,13.250481,2851354,-3.4180222,19027.164,
0.14999999,1.0043446,-1.1612726,923.3904176108773,5.6381576e-11,-13.250481,45.018204,3089,-3.780261,8.42407,,244,225,0.14999999,8049.734888792038,-8.571428,,146.9515,2.293123e-29,,3089,6.1612725,-7.7203712,455.89105,-4.5267572,-0.0060490454,13.250481,2852353,-3.346967,19032.172,0.85714287
0.14999999,0.9879522,-1.1618222,923.4148867313916,5.6345092e-11,-13.250481,45.0051,3090,-3.780229,8.42407,,244,225,0.14999999,8053.591908693314,7.142857,,146.9515,,,3090,6.1618223,6.6240454,271.20068,-4.527081,-2.8595762,13.250481,2853352,-3.645707,19040.031,-0.5714286
0.14999999,1.1639154,-1.1612312,923.2471692009059,5.6308642e-11,-13.250481,44.99101,3091,-3.780292,8.42407,,244,225,0.14999999,8057.183167219162,-2.857143,,146.9515,,,3091,6.161231,-3.7823737,523.64185,-4.5274043,0.66517496,13.250481,2853757,-3.9410768,19044.365,-1.0
0.14999999,1.1386812,-1.1614182,923.2716688227684,5.6272226e-11,-13.250481,44.78392,3092,-3.780224,8.42407,,244,225,0.14999999,8061.0745396614075,4.285714,,146.9515,,,3092,6.161418,5.1514482,309.33286,-4.527728,-1.7397434,13.250481,2854756,-3.688642,19051.105,0.85714287
0.14999999,0.61422503,-1.1622076,923.2961526026511,5.6235846e-11,-13.250481,44.646088,3093,-3.7801733,8.42407,,244,225,0.14999999,8065.0055911540985,-7.142857,,146.9515,,,3093,6.1622076,-7.9632616,501.21362,-4.5280514,-3.6027777,13.250481,2855755,-3.7297528,19059.707,-1.0
0.14999999,0.9388301,-1.1623063,923.3206205559147,5.6199496e-11,-13.250481,44.64575,3094,-3.7802176,8.42407,,244,225,0.14999999,8068.872812271118,5.714286,,146.9515,,,3094,6.1623063,5.515529,210.50998,-4.5283747,-1.4677922,13.250481,2856754,-3.5137205,19066.176,-0.14285715
0.14999999,0.9175848,-1.1618501,923.2035541195477,5.616319e-11,-13.250481,44.614502,3095,-3.780124,8.42407,,244,225,0.14999999,8072.590790748596,-5.714286,,146.9515,,,3095,6.16185,-5.065641,225.70773,-4.528698,0.24980208,13.250481,2857315,-3.4106424,19070.926,0.71428573
0.14999999,1.1082562,-1.1621734,923.2280361757106,5.6126912e-11,-13.250481,44.524944,3096,-3.7801347,8.42407,,244,225,0.14999999,8076.4277629852295,8.571428,,146.9515,,,3096,6.1621733,8.272722,452.93533,-4.529021,-2.1627846,13.250481,2858314,-3.7152665,19078.09,-0.5714286
0.14999999,0.8091764,-1.1612043,923.0490797546013,5.6090674e-11,-13.250481,44.522915,3097,-3.780466,8.42407,,244,225,0.14999999,8080.012323141098,5.714286,,146.9515,,,3097,6.1612043,5.96392,235.01024,-4.5293436,1.8390713,13.250481,2858683,-4.8841696,19081.25,0.14285715
0.14999999,0.9073225,-1.1609268,923.0735958683022,5.6054467e-11,-13.250481,44.49232,3098,-3.7804174,8.42407,,244,225,0.14999999,8083.866641283035,-5.714286,,146.9515,,,3098,6.160927,-5.486844,197.27258,-4.5296664,-0.30168408,13.250481,2859682,-3.4210575,19086.55,0.14285715
0.14999999,0.6836259,-1.1605572,923.0980961600517,5.60183e-11,-13.250481,44.457188,3099,-3.7803028,8.42407,,244,225,0.14999999,8087.626286029816,-4.285714,,146.9515,2.0852531e-22,,3099,6.1605573,-3.7354438,272.3008,-4.5299892,-0.015294673,13.250481,2860681,-3.320086,19091.566,1.0
0.14999999,0.7202525,-1.1610603,923.1225806451613,5.5982163e-11,-13.250481,44.439133,3100,-3.7804694,8.42407,,244,225,0.14999999,8091.58495259285,-2.857143,,146.9515,4.8219067e-38,,3100,6.1610603,-3.212039,293.08392,-4.530312,-2.720193,13.250481,2861680,-3.9651465,19099.287,-0.2857143
0.14999999,0.8812494,-1.1607558,923.1470493389229,5.594606e-11,-13.250481,44.437546,3101,-3.780568,8.42407,,244,225,0.14999999,8095.556979417801,-5.714286,,146.9515,,,3101,6.1607556,-6.134989,216.61505,-4.5306344,-0.21662356,13.250481,2862679,-3.7863042,19104.504,-0.2857143
0.14999999,0.983159,-1.1605282,923.1715022566086,5.5909995e-11,-13.250481,44.41407,3102,-3.7805083,8.42407,,244,225,0.14999999,8099.398252487183,8.571428,,146.9515,,,3102,6.160528,8.765109,331.9162,-4.5309567,-0.4549683,13.250481,2863678,-3.4627993,19109.959,-0.14285715
0.14999999,0.87386286,-1.1600664,923.0609087979375,5.5873965e-11,-13.250481,44.3785,3103,-3.7807782,8.42407,,244,225,0.14999999,8103.086194992065,-2.857143,,146.9515,,,3103,6.1600666,-2.362638,329.2517,-4.531279,0.27243286,13.250481,2864258,-4.5814705,19114.686,0.42857143
0.14999999,1.326758,-1.1601062,923.0853737113403,5.583797e-11,-13.250481,44.23524,3104,-3.780925,8.42407,,244,225,0.14999999,8107.002469062805,5.714286,,146.9515,,,3104,6.160106,6.7295103,521.20557,-4.5316014,-1.2839156,13.250481,2865257,-4.083835,19120.969,1.0
0.14999999,1.0805238,-1.162623,923.1098228663446,5.5802005e-11,-13.250481,44.2083,3105,-3.7810924,8.42407,,244,225,0.14999999,8110.894552707672,2.857143,,146.9515,,,3105,6.162623,3.5546322,294.1101,-4.531924,-8.974728,13.250481,2866256,-4.565092,19134.945,0.42857143
0.14999999,0.9921246,-1.1624246,923.1342562781713,5.5766083e-11,-13.250481,44.175243,3106,-3.7811856,8.42407,,244,225,0.14999999,8114.888258457184,8.571428,,146.9515,,,3106,6.1624246,8.985287,391.92642,-4.5322456,-0.546247,13.250481,2867255,-4.1277394,19140.49,0.42857143
0.14999999,0.95321393,-1.1626185,923.1586739620212,5.5730195e-11,-13.250481,44.145092,3107,-3.7810104,8.42407,,244,225,0.14999999,8118.800003767014,5.714286,,146.9515,,,3107,6.1626186,6.3155437,265.10977,-4.5325675,-1.7647005,13.250481,2868254,-3.199364,19147.256,0.71428573
0.14999999,0.8224458,-1.1628196,923.1830759330759,5.5694335e-11,-13.250481,44.14291,3108,-3.7809162,8.42407,,244,225,0.14999999,8122.878999710083,5.714286,,146.9515,2.728221e-13,,3108,6.16282,5.0952826,240.23703,-4.5328894,-1.7879161,13.250481,2869253,-3.423365,19154.043,-0.5714286
0.14999999,0.964181,-1.1626848,923.1112898037954,5.5658513e-11,-13.250481,44.14067,3109,-3.7808683,8.42407,,244,225,0.14999999,8126.495317220688,-2.857143,,146.9515,,,3109,6.162685,-2.1843007,304.6164,-4.5332108,-0.74358636,13.250481,2869953,-3.442183,19159.787,0.85714287
0.14999999,0.99197066,-1.1630435,923.135691318328,5.5622725e-11,-13.250481,44.105515,3110,-3.780951,8.42407,,244,225,0.14999999,8130.333815336227,4.285714,,146.9515,,,3110,6.1630435,3.3712263,254.98201,-4.5335326,-2.277969,13.250481,2870952,-3.9801345,19167.064,-0.85714287
0.14999999,1.0228907,-1.163237,923.0360012857602,5.558697e-11,-13.250481,44.099743,3111,-3.7809544,8.42407,5.7358564e-14,244,225,0.14999999,8134.0302810668945,-1.4285715,,146.9515,,,3111,6.163237,-0.9834136,270.05615,-4.533854,-1.7652229,13.250481,2871565,-3.7599518,19173.83,0.42857143
0.14999999,0.9996881,-1.1629966,923.0604113110539,5.5551255e-11,-13.250481,44.044422,3112,-3.7809238,8.42407,1.6295172e-25,244,225,0.14999999,8137.943327188492,1.4285715,,146.9515,,,3112,6.162997,1.8083353,229.77704,-4.5341754,-0.41524172,13.250481,2872564,-3.6843836,19179.246,0.42857143
0.14999999,1.8013258,-1.1627629,923.0848056537102,5.5515568e-11,-13.250481,44.021538,3113,-3.7808301,8.42407,,244,225,0.14999999,8141.689056634903,-8.571428,,146.9515,,,3113,6.1627626,-9.088023,952.9104,-4.534497,-0.4350564,13.250481,2873563,-3.4743135,19184.68,-1.0
0.14999999,0.9928456,-1.1627702,923.1091843288375,5.547992e-11,-13.250481,44.006886,3114,-3.7804184,8.42407,,244,225,0.14999999,8145.632835626602,2.857143,,146.9515,,,3114,6.1627703,3.5996332,354.01422,-4.5348177,-1.1858097,13.250481,2874562,-3.163607,19190.867,0.85714287
0.14999999,1.0508219,-1.1632048,923.1335473515248,5.5444305e-11,-13.250481,44.00244,3115,-3.780402,8.42407,,244,225,0.14999999,8149.505328416824,-7.142857,,146.9515,,,3115,6.1632047,-6.5157013,290.5916,-4.535139,-2.5164769,13.250481,2875561,-3.6920533,19198.383,0.71428573
0.14999999,0.9388586,-1.1637533,923.1578947368421,5.5408726e-11,-13.250481,43.970604,3116,-3.7805192,8.42407,,244,225,0.14999999,8153.499599456787,-4.285714,,146.9515,,,3116,6.1637535,-3.165312,255.02579,-4.53546,-2.872312,13.250481,2876560,-4.1790476,19206.256,0.71428573
0.14999999,1.1122726,-1.1648321,923.1822264998395,5.5373175e-11,-13.250481,43.950638,3117,-3.7805634,8.42407,,244,225,0.14999999,8157.416634082794,-4.285714,,146.9515,3.462649e-32,,3117,6.164832,-5.218217,245.78215,-4.535781,-4.5268373,13.250481,2877559,-3.8342512,19215.781,-0.85714287
0.14999999,0.8082858,-1.1651101,923.2065426555484,5.533766e-11,-13.250481,43.92192,3118,-3.7805786,8.42407,,244,225,0.14999999,8161.36457657814,-8.571428,,146.9515,,,3118,6.16511,-8.825844,386.6917,-4.536102,-2.0314996,13.250481,2878558,-3.919036,19222.812,-0.5714286
0.14999999,1.0581533,-1.1648462,923.2308432189805,5.5302183e-11,-13.250481,43.920467,3119,-3.7804542,8.42407,,244,225,0.14999999,8165.2287747859955,-5.714286,,146.9515,,,3119,6.1648464,-6.2467113,211.78069,-4.5364223,-0.3416572,13.250481,2879557,-3.1788647,19228.156,-0.5714286
0.14999999,0.9733426,-1.1647265,923.2551282051282,5.526674e-11,-13.250481,43.916824,3120,-3.7803147,8.42407,,244,225,0.14999999,8169.06800365448,-8.571428,,146.9515,,,3120,6.1647263,-8.020903,350.8152,-4.5367427,-0.7913091,13.250481,2880556,-3.3853364,19233.947,0.42857143
0.14999999,1.0601375,-1.1646616,923.2793976289651,5.523133e-11,-13.250481,43.890305,3121,-3.780246,8.42407,,244,225,0.14999999,8172.911700963974,2.857143,,146.9515,,,3121,6.1646614,2.0412157,327.8827,-4.537063,-0.9625839,13.250481,2881555,-3.5162349,19239.91,-0.42857143
0.14999999,0.8997983,-1.1647211,923.3036515054453,5.5195955e-11,-13.250481,43.889984,3122,-3.7802114,8.42407,,244,225,0.14999999,8176.941295623779,5.714286,,146.9515,,,3122,6.164721,6.168453,230.34882,-4.5373836,-1.3500487,13.250481,2882554,-3.7069643,19246.26,0.42857143
0.14999999,1.3176477,-1.1645082,923.3278898495037,5.5160612e-11,-13.250481,43.88785,3123,-3.7801719,8.42407,,244,225,0.14999999,8180.886308670044,-5.714286,,146.9515,,,3123,6.1645083,-4.926688,230.28961,-4.537704,-0.499911,13.250481,2883553,-3.5416672,19251.76,0.42857143
0.14999999,1.1245862,-1.1645051,923.3521126760563,5.51253e-11,-13.250481,43.836052,3124,-3.779941,8.42407,,244,225,0.14999999,8184.782441616058,-7.142857,,146.9515,1.7922101e-24,,3124,6.164505,-6.731029,281.41962,-4.538024,-1.1550703,13.250481,2884552,-3.351533,19257.914,0.42857143
0.14999999,0.9526765,-1.1643963,923.37632,5.5090026e-11,-13.250481,43.824486,3125,-3.7799132,8.42407,,244,225,0.14999999,8188.719651699066,2.857143,,146.9515,,,3125,6.1643963,1.7449743,457.67407,-4.538344,-0.8241589,13.250481,2885551,-3.7900102,19263.738,-1.0
0.14999999,1.2151654,-1.1645458,923.3579654510556,5.5054787e-11,-13.250481,43.78805,3126,-3.77988,8.42407,,244,225,0.14999999,8192.574234008789,2.857143,,146.9515,3.1589714e-06,,3126,6.164546,2.8604977,295.5111,-4.538664,-1.6317816,13.250481,2886417,-3.5955887,19270.371,
0.14999999,1.0052763,-1.1641747,923.3821554205308,5.5019583e-11,-13.250481,43.781834,3127,-3.7797723,8.42407,,244,225,0.14999999,8196.635613918304,-2.857143,,146.9515,,,3127,6.1641746,-2.5407574,286.61633,-4.538984,-0.004316874,13.250481,2887416,-3.6236002,19275.375,
0.14999999,0.90718436,-1.1638042,923.4063299232737,5.4984406e-11,-13.250481,43.754917,3128,-3.7796712,8.42407,,244,225,0.14999999,8200.535783052444,-5.714286,,146.9515,,,3128,6.163804,-4.771742,336.44485,-4.539304,-0.005403817,13.250481,2888415,-3.442173,19280.379,1.0
0.14999999,1.0797414,-1.1642604,923.4304889741131,5.494927e-11,-13.250481,43.732742,3129,-3.7795894,8.42407,,244,225,0.14999999,8204.588175535202,7.142857,,146.9515,,,3129,6.1642604,7.829779,298.24152,-4.5396233,-2.5911689,13.250481,2889414,-3.4004784,19287.97,0.71428573
0.14999999,0.88081694,-1.1642462,923.4546325878595,5.4914163e-11,-13.250481,43.65473,3130,-3.7796483,8.42407,,244,225,0.14999999,8208.469151496887,7.142857,,146.9515,3.581339e-17,,3130,6.164246,6.514585,244.03406,-4.5399427,-1.1197419,13.250481,2890413,-4.017935,19294.09,-0.85714287
0.14999999,0.77499616,-1.1644312,923.3886937080805,5.487909e-11,-13.250481,43.536102,3131,-3.7797697,8.42407,1.8511382e-19,244,225,0.14999999,8212.342993974686,-1.4285715,,146.9515,,,3131,6.164431,-1.7305481,229.19817,-4.540262,-1.7437718,13.250481,2891130,-4.0259104,19300.834,-0.85714287
0.14999999,1.0083388,-1.1642243,923.4128352490421,5.4844053e-11,-13.250481,43.445213,3132,-3.779858,8.42407,,244,225,0.14999999,8216.169799566269,-2.857143,,146.9515,4.850576e-23,,3132,6.164224,-3.201834,335.68945,-4.5405817,-0.5160321,13.250481,2892129,-3.817493,19306.35,-0.5714286
0.14999999,1.2758456,-1.1639658,923.4369613788701,5.4809046e-11,-13.250481,43.418526,3133,-3.7797725,8.42407,,244,225,0.14999999,8220.193075418472,2.857143,,146.9515,,,3133,6.1639657,2.1994855,322.38403,-4.5409007,-0.35454488,13.250481,2893128,-3.4932973,19311.705,-0.71428573
0.14999999,0.8293346,-1.1639807,923.4610721123165,5.477407e-11,-13.250481,43.362335,3134,-3.7797506,8.42407,1.2673547e-28,244,225,0.14999999,8224.096803665161,1.4285715,,146.9515,,,3134,6.1639805,2.2231615,273.05768,-4.54122,-1.210449,13.250481,2894127,-3.9520493,19317.916,0.71428573
0.14999999,0.8446277,-1.1641759,923.4851674641149,5.4739137e-11,-13.250481,43.33012,3135,-3.7796893,8.42407,5.2640043e-31,244,225,0.14999999,8227.968710660934,1.4285715,,146.9515,7.065608e-21,,3135,6.164176,0.5258059,240.1407,-4.541539,-1.7758954,13.250481,2895126,-3.3961132,19324.691,-0.85714287
0.14999999,1.3114668,-1.1643195,923.5092474489796,5.4704227e-11,-13.250481,43.31486,3136,-3.779674,8.42407,,244,225,0.14999999,8232.042177438736,-2.857143,,146.9515,,,3136,6.1643195,-3.9019036,337.64508,-4.5418577,-1.614849,13.250481,2896125,-3.5621898,19331.307,-0.85714287
0.14999999,1.1288792,-1.1645794,923.5333120816066,5.4669356e-11,-13.250481,43.28419,3137,-3.7796311,8.42407,,244,225,0.14999999,8235.996530056,7.142857,,146.9515,,,3137,6.1645794,7.975123,276.40198,-4.5421767,-1.9793124,13.250481,2897124,-3.9139452,19338.285,0.42857143
0.14999999,0.7923437,-1.1646603,923.557361376673,5.463452e-11,-13.250481,43.214523,3138,-3.7796996,8.42407,,244,225,0.14999999,8240.022171020508,-8.571428,,146.9515,,,3138,6.1646605,-8.645622,233.87099,-4.5424957,-1.418721,13.250481,2898123,-4.0958176,19344.703,
0.14999999,0.72379166,-1.1642907,923.5813953488372,5.4599717e-11,-13.250481,43.193832,3139,-3.779768,8.42407,,244,225,0.14999999,8243.987807035446,8.571428,,146.9515,,,3139,6.1642904,8.764271,174.50525,-4.5428143,-0.004261963,13.250481,2899122,-3.7698205,19349.709,0.71428573
0.14999999,0.8254599,-1.1641554,923.6054140127388,5.456495e-11,-13.250481,43.161926,3140,-3.7796514,8.42407,4.471012e-17,244,225,0.14999999,8247.941078186035,-1.4285715,,146.9515,,,3140,6.1641555,-1.0148561,221.08646,-4.543133,-0.7395381,13.250481,2900121,-3.1253245,19355.447,0.71428573
0.14999999,1.19303,-1.1642547,923.629417382999,5.453021e-11,-13.250481,43.156834,3141,-3.7795997,8.42407,,244,225,0.14999999,8251.889718294144,-7.142857,,146.9515,,,3141,6.1642547,-7.99412,285.2265,-4.543451,-1.475749,13.250481,2901120,-3.4306154,19361.924,-0.71428573
0.14999999,1.1153939,-1.1643164,923.6534054742202,5.44955e-11,-13.250481,43.157215,3142,-3.7794955,8.42407,,244,225,0.14999999,8255.934921741486,-8.571428,,146.9515,,,3142,6.164316,-7.3539863,804.80914,-4.5437694,-1.3584284,13.250481,2902119,-3.6138027,19368.281,1.0
0.14999999,1.0068762,-1.1651334,923.6773783009863,5.4460828e-11,-13.250481,43.116386,3143,-3.7793472,8.42407,,244,225,0.14999999,8259.84828042984,8.571428,,146.9515,,,3143,6.1651335,7.330322,556.01434,-4.5440874,-3.7320075,13.250481,2903118,-3.3678327,19377.014,-1.0
0.14999999,0.86265135,-1.1642374,923.4863231552163,5.4426193e-11,-13.250481,43.097904,3144,-3.7792141,8.42407,,244,225,0.14999999,8263.355427980423,8.571428,,146.9515,0.00043809653,,3144,6.1642375,7.762909,327.45068,-4.544406,1.6518356,13.250481,2903441,-3.3324566,19380.363,-0.2857143
0.14999999,1.0450226,-1.1631217,923.2995230524642,5.4391585e-11,-13.250481,43.054882,3145,-3.7790415,8.42407,,244,225,0.14999999,8267.058500289917,4.285714,,146.9515,,,3145,6.1631217,4.148398,250.34633,-4.5447235,2.3447776,13.250481,2903777,-3.080127,19383.018,
0.14999999,1.1761103,-1.1627722,923.3235855054037,5.4357015e-11,-13.250481,43.043797,3146,-3.7789555,8.42407,,244,225,0.14999999,8270.97301530838,-4.285714,,146.9515,,,3146,6.162772,-4.4907002,216.09871,-4.5450416,-0.06375063,13.250481,2904776,-3.5308669,19388.082,
0.14999999,0.8557628,-1.1624073,923.3476326660311,5.432247e-11,-13.250481,43.037224,3147,-3.7789302,8.42407,,244,225,0.14999999,8275.024006843567,-8.571428,,146.9515,,,3147,6.1624074,-9.268516,454.89783,-4.5453596,-0.014265026,13.250481,2905775,-3.853387,19393.096,-0.2857143
0.14999999,1.2019372,-1.1621865,923.37166454892,5.4287966e-11,-13.250481,42.88772,3148,-3.7794538,8.42407,,244,225,0.14999999,8278.96186208725,4.285714,,146.9515,,,3148,6.1621866,5.113169,279.7272,-4.545677,-0.4676862,13.250481,2906774,-5.2584944,19398.562,0.71428573
0.14999999,0.77272886,-1.1626883,923.395681168625,5.4253494e-11,-13.250481,42.864197,3149,-3.7793555,8.42407,,244,225,0.14999999,8282.91919350624,-4.285714,,146.9515,,,3149,6.1626883,-4.3049717,246.94327,-4.5459948,-2.741761,13.250481,2907773,-3.6394181,19406.305,-0.2857143
0.14999999,0.96772397,-1.1623505,923.4196825396825,5.421905e-11,-13.250481,42.84836,3150,-3.7793465,8.42407,,244,225,0.14999999,8286.7577688694,-8.571428,,146.9515,,,3150,6.1623507,-7.89267,379.4427,-4.5463123,-0.0990401,13.250481,2908772,-3.5072672,19411.404,0.71428573
0.14999999,1.1610978,-1.1623378,923.4436686766106,5.418464e-11,-13.250481,42.810383,3151,-3.7791986,8.42407,,244,225,0.14999999,8290.714732170105,-4.285714,,146.9515,,,3151,6.162338,-4.130899,196.63246,-4.54663,-1.1224083,13.250481,2909771,-3.2584465,19417.527,0.2857143
0.14999999,1.151807,-1.1620423,923.4676395939086,5.4150268e-11,-13.250481,42.763165,3152,-3.779094,8.42407,,244,225,0.14999999,8294.822321653366,4.285714,,146.9515,,,3152,6.162042,4.110938,207.98447,-4.546947,-0.23076497,13.250481,2910770,-3.5845158,19422.758,-0.2857143
0.14999999,1.0269854,-1.1616901,923.383761496987,5.411592e-11,-13.250481,42.666496,3153,-3.7789662,8.42407,,244,225,0.14999999,8298.658545255661,4.285714,,146.9515,0.38355893,,3153,6.16169,4.4690557,250.72336,-4.547264,-0.05204612,13.250481,2911429,-3.5066385,19427.809,0.2857143
0.14999999,0.72801965,-1.1614212,923.4077362079898,5.408161e-11,-13.250481,42.52707,3154,-3.7788832,8.42407,,244,225,0.14999999,8302.555444955826,-2.857143,,146.9515,,,3154,6.1614213,-1.9028025,380.91705,-4.547581,-0.31302014,13.250481,2912428,-3.524153,19433.123,1.0
0.14999999,1.1651921,-1.1622282,923.4316957210776,5.4047333e-11,-13.250481,42.51133,3155,-3.7789347,8.42407,,244,225,0.14999999,8306.58704161644,8.571428,,146.9515,,,3155,6.162228,8.428015,360.31088,-4.5478983,-3.7078986,13.250481,2913427,-3.6455183,19441.83,
0.14999999,0.8963797,-1.1618046,923.3304816223067,5.40131e-11,-13.250481,42.510696,3156,-3.778738,8.42407,,244,225,0.14999999,8310.240369558334,7.142857,,146.9515,6.541987e-18,,3156,6.1618047,7.5435185,230.10005,-4.5482154,0.17485966,13.250481,2914031,-3.2943025,19446.656,
0.14999999,0.850525,-1.1615715,923.3544504276211,5.3978887e-11,-13.250481,42.50039,3157,-3.7787526,8.42407,,244,225,0.14999999,8314.240374565125,-8.571428,,146.9515,,,3157,6.1615715,-9.42727,314.08252,-4.548532,-0.42589983,13.250481,2915030,-3.7031343,19452.082,-0.71428573
0.14999999,1.0845006,-1.16168,923.3784040531982,5.3944706e-11,-13.250481,42.398537,3158,-3.7787044,8.42407,,244,225,0.14999999,8318.222435235977,8.571428,,146.9515,,,3158,6.16168,7.4084053,288.8731,-4.5488486,-1.5043707,13.250481,2916029,-3.458117,19458.586,-0.71428573
0.14999999,1.0627578,-1.1617339,923.3019943019943,5.3910557e-11,-13.250481,42.39574,3159,-3.7784936,8.42407,,244,225,0.14999999,8322.01607632637,4.285714,,146.9515,,,3159,6.1617336,4.25638,241.6481,-4.5491652,-1.3317649,13.250481,2916711,-3.1761105,19464.918,-0.5714286
0.14999999,0.6675713,-1.1614504,923.2357594936709,5.3876445e-11,-13.250481,42.33949,3160,-3.7785625,8.42407,2.621762e-33,244,225,0.14999999,8325.87327504158,1.4285715,,146.9515,,,3160,6.1614504,2.537653,436.24216,-4.549482,-0.26602295,13.250481,2917425,-4.036223,19470.184,1.0
0.14999999,1.0449265,-1.1629946,923.259727934198,5.3842365e-11,-13.250481,42.307037,3161,-3.7787035,8.42407,,244,225,0.14999999,8329.825914382935,-7.142857,,146.9515,,,3161,6.1629944,-6.1452665,265.62134,-4.5497985,-6.0428953,13.250481,2918424,-3.8663936,19481.227,0.85714287
0.14999999,1.0266814,-1.1634016,923.2836812144212,5.3808312e-11,-13.250481,42.275295,3162,-3.778587,8.42407,,244,225,0.14999999,8333.76507806778,-2.857143,,146.9515,,,3162,6.1634016,-2.5377142,317.09836,-4.5501146,-2.4495118,13.250481,2919423,-3.4290917,19488.676,0.5714286
0.14999999,0.9954829,-1.1631948,923.3076193487195,5.377429e-11,-13.250481,42.246014,3163,-3.7786052,8.42407,,244,225,0.14999999,8337.794405460358,-4.285714,,146.9515,6.8807313e-25,,3163,6.1631947,-4.854439,249.50853,-4.550431,-0.5094865,13.250481,2920422,-3.8392413,19494.186,-0.5714286
0.14999999,0.9612921,-1.163054,923.3315423514539,5.3740304e-11,-13.250481,42.238132,3164,-3.778527,8.42407,3.019124e-12,244,225,0.14999999,8341.676305532455,-1.4285715,,146.9515,,,3164,6.163054,-1.6336187,226.2561,-4.550747,-0.71770334,13.250481,2921421,-3.5071442,19499.902,
0.14999999,1.1606477,-1.1627127,923.3554502369668,5.3706352e-11,-13.250481,42.233303,3165,-3.7784402,8.42407,8.577107e-24,244,225,0.14999999,8345.534514427185,1.4285715,,146.9515,,,3165,6.1627126,1.737516,245.94427,-4.551063,-0.082591146,13.250481,2922420,-3.449228,19504.986,
0.14999999,1.0664448,-1.1624069,923.3793430195831,5.367243e-11,-13.250481,42.21102,3166,-3.778287,8.42407,,244,225,0.14999999,8349.500509262085,2.857143,,146.9515,1.5104705e-17,,3166,6.162407,3.5882137,317.48297,-4.5513787,-0.19464068,13.250481,2923419,-3.4268718,19510.18,0.5714286
0.14999999,0.8914623,-1.1626052,923.4032207136091,5.363854e-11,-13.250481,42.17549,3167,-3.778259,8.42407,,244,225,0.14999999,8353.434523582458,-2.857143,,146.9515,,,3167,6.1626053,-2.8429692,275.7398,-4.5516944,-1.7902777,13.250481,2924418,-3.7293203,19516.97,0.14285715
0.14999999,0.7424566,-1.1622921,923.4270833333334,5.3604683e-11,-13.250481,42.156895,3168,-3.7784774,8.42407,,244,225,0.14999999,8357.414819478989,7.142857,,146.9515,,,3168,6.162292,6.861531,159.79773,-4.5520105,-0.1713179,13.250481,2925417,-4.342686,19522.14,-0.2857143
0.14999999,1.2774314,-1.1620363,923.3196591984853,5.3570856e-11,-13.250481,42.137894,3169,-3.77863,8.42407,,244,225,0.14999999,8361.116154432297,2.857143,,146.9515,,,3169,6.1620364,3.0081825,301.8181,-4.5523257,-0.3515036,13.250481,2926000,-3.9938843,19527.492,0.14285715
0.14999999,1.0406603,-1.1617206,923.3435331230284,5.3537064e-11,-13.250481,42.054787,3170,-3.7784417,8.42407,,244,225,0.14999999,8365.04671406746,7.142857,,146.9515,,,3170,6.1617208,7.916063,308.26886,-4.5526414,-0.16115291,13.250481,2926999,-3.4265487,19532.654,0.85714287
0.14999999,1.0112219,-1.1623536,923.3673919899086,5.3503302e-11,-13.250481,41.9952,3171,-3.7783666,8.42407,4.506956e-13,244,225,0.14999999,8368.939368009567,-1.4285715,,146.9515,,,3171,6.1623535,-1.4884245,240.09789,-4.552957,-3.1686435,13.250481,2927998,-3.5540679,19540.824,-0.2857143
0.14999999,0.90312004,-1.1619987,923.391235813367,5.3469573e-11,-13.250481,41.98786,3172,-3.7782931,8.42407,,244,225,0.14999999,8372.987011432648,-4.285714,,146.9515,,,3172,6.1619987,-3.5558634,254.72269,-4.5532722,-0.03662079,13.250481,2928997,-3.5404353,19545.86,0.5714286
0.14999999,1.0910689,-1.1627501,923.4150646076268,5.343588e-11,-13.250481,41.97651,3173,-3.778344,8.42407,1.2807957e-24,244,225,0.14999999,8376.982691526413,1.4285715,,146.9515,,,3173,6.1627502,1.2737935,246.79506,-4.5535874,-3.546318,13.250481,2929996,-3.824588,19554.406,-0.2857143
0.14999999,1.1289799,-1.162462,923.4388783868935,5.340221e-11,-13.250481,41.96666,3174,-3.7781837,8.42407,,244,225,0.14999999,8380.978080272675,-5.714286,,146.9515,,,3174,6.162462,-6.1844807,242.96353,-4.5539026,-0.24805167,13.250481,2930995,-3.3397353,19559.654,-0.85714287
0.14999999,0.83225656,-1.1623025,923.4626771653543,5.3368573e-11,-13.250481,41.930943,3175,-3.7780273,8.42407,,244,225,0.14999999,8384.932039260864,-8.571428,,146.9515,,,3175,6.1623025,-8.573259,324.62912,-4.5542173,-0.6561112,13.250481,2931994,-3.3849316,19565.31,0.14285715
0.14999999,0.85656506,-1.1619449,923.4864609571788,5.3334972e-11,-13.250481,41.89263,3176,-3.7780828,8.42407,,244,225,0.14999999,8388.824165821075,2.857143,,146.9515,,,3176,6.161945,2.8455818,254.87578,-4.5545325,-0.026741307,13.250481,2932993,-3.7707145,19570.336,-0.2857143
0.14999999,0.96810585,-1.1615903,923.5102297765187,5.330141e-11,-13.250481,41.858322,3177,-3.7780113,8.42407,5.406903e-13,244,225,0.14999999,8392.811314582825,-1.4285715,,146.9515,,,3177,6.1615906,-1.2442621,247.73665,-4.5548472,-0.035806023,13.250481,2933992,-3.3927617,19575.373,0.2857143
0.14999999,0.9167952,-1.161341,923.5339836375078,5.3267866e-11,-13.250481,41.85713,3178,-3.7778907,8.42407,,244,225,0.14999999,8396.92274260521,-7.142857,,146.9515,,,3178,6.1613407,-7.130186,254.78743,-4.555162,-0.36883068,13.250481,2934991,-3.3427172,19580.742,
0.14999999,1.0297592,-1.1610243,923.5577225542623,5.323436e-11,-13.250481,41.854805,3179,-3.778014,8.42407,1.5365416e-24,244,225,0.14999999,8400.916541814804,1.4285715,,146.9515,,,3179,6.161024,1.6012503,230.60686,-4.5554767,-0.1550188,13.250481,2935990,-4.068178,19585.896,0.2857143
0.14999999,0.9252678,-1.1606747,923.5814465408805,5.3200885e-11,-13.250481,41.845398,3180,-3.777883,8.42407,,244,225,0.14999999,8404.969851732254,-4.285714,,146.9515,,,3180,6.1606746,-5.435909,327.60828,-4.555791,-0.048975598,13.250481,2936989,-3.3727565,19590.945,-1.0
0.14999999,0.97031707,-1.1608952,923.6051556114429,5.316744e-11,-13.250481,41.82208,3181,-3.77793,8.42407,,244,225,0.14999999,8408.961731910706,8.571428,,146.9515,,,3181,6.1608953,8.732264,310.25494,-4.5561056,-1.8618749,13.250481,2937988,-3.8318446,19597.809,0.2857143
0.14999999,1.1105522,-1.1596129,923.4211187932118,5.313403e-11,-13.250481,41.779438,3182,-3.7777355,8.42407,,244,225,0.14999999,8412.590181589127,-7.142857,,146.9515,,,3182,6.1596127,-7.2943764,262.62418,-4.55642,2.9190447,13.250481,2938326,-3.1103873,19599.889,-0.2857143
0.14999999,1.3062186,-1.1593384,923.444863336475,5.3100645e-11,-13.250481,41.750595,3183,-3.7775905,8.42407,,244,225,0.14999999,8416.534086465836,5.714286,,146.9515,,,3183,6.1593385,4.996747,246.2144,-4.556734,-0.28582346,13.250481,2939325,-3.4017158,19605.174,-0.85714287
0.14999999,0.9373535,-1.1594521,923.4685929648241,5.3067294e-11,-13.250481,41.74283,3184,-3.777483,8.42407,9.301603e-22,244,225,0.14999999,8420.482377052307,-1.4285715,,146.9515,,,3184,6.159452,-0.233796,345.59143,-4.5570483,-1.5214821,13.250481,2940324,-3.7123306,19611.695,1.0
0.14999999,0.87611485,-1.1607082,923.4923076923077,5.3033977e-11,-13.250481,41.73578,3185,-3.7776368,8.42407,,244,225,0.14999999,8424.426217794418,-2.857143,,146.9515,,,3185,6.1607084,-3.1353343,257.23392,-4.557362,-5.1597867,13.250481,2941323,-4.1772413,19621.855,-0.42857143
0.14999999,0.721326,-1.1604013,923.5160075329567,5.300069e-11,-13.250481,41.71358,3186,-3.777612,8.42407,5.0888986e-27,244,225,0.14999999,8428.51552772522,1.4285715,,146.9515,,,3186,6.1604013,0.834466,186.22922,-4.557676,-0.18296146,13.250481,2942322,-3.5526574,19627.04,-0.5714286
0.14999999,0.9843108,-1.1602144,923.5396925007844,5.2967436e-11,-13.250481,41.69315,3187,-3.7776632,8.42407,,244,225,0.14999999,8432.53904747963,-7.142857,,146.9515,,,3187,6.1602144,-7.1398134,235.51663,-4.55799,-0.5649589,13.250481,2943321,-3.653129,19632.604,0.2857143
0.14999999,1.0034806,-1.1598674,923.5633626097867,5.2934213e-11,-13.250481,41.687004,3188,-3.7776902,8.42407,,244,225,0.14999999,8436.525643348694,7.142857,,146.9515,,,3188,6.1598673,6.840113,250.44423,-4.558304,-0.053852137,13.250481,2944320,-3.8296113,19637.656,-0.5714286
0.14999999,0.82816815,-1.1591095,923.4054562558796,5.2901017e-11,-13.250481,41.638393,3189,-3.7775643,8.42407,,244,225,0.14999999,8440.17774772644,5.714286,,146.9515,4.186179e-17,,3189,6.1591096,5.55577,218.47937,-4.558617,1.2570996,13.250481,2944740,-3.361121,19641.4,
0.14999999,0.97599745,-1.1587383,923.3548589341693,5.2867856e-11,-13.250481,41.61928,3190,-3.7774818,8.42407,,244,225,0.14999999,8443.983807563782,7.142857,,146.9515,1.4610327e-21,,3190,6.158738,7.2186184,248.86879,-4.558931,0.025053749,13.250481,2945502,-3.3274379,19646.375,0.2857143
0.14999999,0.875056,-1.1585351,923.3785647132561,5.2834726e-11,-13.250481,41.571934,3191,-3.777365,8.42407,1.7946676e-15,244,225,0.14999999,8447.904929161072,-1.4285715,,146.9515,,,3191,6.158535,-2.13938,224.50682,-4.559244,-0.51065993,13.250481,2946501,-3.3647804,19651.887,-0.5714286
0.14999999,0.93806434,-1.1585008,923.4022556390977,5.280163e-11,-13.250481,41.56651,3192,-3.7773175,8.42407,,244,225,0.14999999,8451.913788795471,8.571428,,146.9515,,,3192,6.1585007,8.512895,314.49643,-4.5595574,-1.048948,13.250481,2947500,-3.4812276,19657.934,-0.42857143
0.14999999,0.66743684,-1.1581687,923.3197619793298,5.2768557e-11,-13.250481,41.55204,3193,-3.7777915,8.42407,,244,225,0.14999999,8455.731365203857,-5.714286,,146.9515,,,3193,6.158169,-5.804567,219.81107,-4.5598707,-0.09777334,13.250481,2948160,-5.212024,19663.033,
0.14999999,1.020596,-1.1578995,923.3434564809016,5.273552e-11,-13.250481,41.490562,3194,-3.7777798,8.42407,,244,225,0.14999999,8459.672729969025,4.285714,,146.9515,,,3194,6.1578994,4.737933,252.97336,-4.560184,-0.29825577,13.250481,2949159,-3.395954,19668.33,0.5714286
0.14999999,1.090044,-1.1580579,923.3671361502347,5.2702516e-11,-13.250481,41.47198,3195,-3.7777126,8.42407,,244,225,0.14999999,8463.636229515076,4.285714,,146.9515,3.5346892e-25,,3195,6.158058,3.2607646,410.3814,-4.560497,-1.6645093,13.250481,2950158,-3.5677853,19674.996,-1.0
0.14999999,0.88538486,-1.1582413,923.2916145181476,5.266954e-11,-13.250481,41.449425,3196,-3.77765,8.42407,,244,225,0.14999999,8467.455221176147,5.714286,,146.9515,1.2157329e-22,,3196,6.1582413,5.490998,195.12663,-4.56081,-1.7441891,13.250481,2950840,-3.631959,19681.738,-0.42857143
0.14999999,0.6823769,-1.157923,923.2474194557398,5.2636596e-11,-13.250481,41.42309,3197,-3.777593,8.42407,4.971293e-22,244,225,0.14999999,8471.225497722626,-1.4285715,,146.9515,,,3197,6.1579227,-2.5992422,232.16089,-4.561123,-0.14016643,13.250481,2951622,-3.4696038,19686.879,-1.0
0.14999999,1.1124885,-1.1582924,923.2711069418386,5.2603682e-11,-13.250481,41.412952,3198,-3.7778041,8.42407,,244,225,0.14999999,8475.156040668488,2.857143,,146.9515,,,3198,6.1582923,3.635663,578.34375,-4.561435,-2.3394387,13.250481,2952621,-4.121852,19694.219,1.0
0.14999999,1.0232663,-1.1591259,923.2947796186309,5.25708e-11,-13.250481,41.267826,3199,-3.7777321,8.42407,,244,225,0.14999999,8478.967731714249,7.142857,,146.9515,,,3199,6.159126,6.046333,387.04794,-4.561748,-3.8247228,13.250481,2953620,-3.6065223,19703.043,-1.0
0.14999999,0.65546,-1.1591278,923.1728125,5.253795e-11,-13.250481,41.21219,3200,-3.777627,8.42407,,244,225,0.14999999,8482.652925014496,-7.142857,,146.9515,,,3200,6.1591277,-8.095748,445.95065,-4.562061,-1.1654207,13.250481,2954153,-3.4277651,19709.209,-1.0
0.14999999,0.94588405,-1.1592729,923.1965010934083,5.2505125e-11,-13.250481,41.177734,3201,-3.7776918,8.42407,,244,225,0.14999999,8486.54306101799,8.571428,,146.9515,,,3201,6.159273,9.2991295,663.0431,-4.562373,-1.6234515,13.250481,2955152,-3.6263976,19715.832,1.0
0.14999999,0.9245642,-1.1605898,923.2201748906933,5.247234e-11,-13.250481,41.172634,3202,-3.777575,8.42407,2.5820647e-15,244,225,0.14999999,8490.515661001205,-1.4285715,,146.9515,,,3202,6.1605897,-1.0539731,245.9905,-4.5626855,-5.3758316,13.250481,2956151,-3.2993896,19726.209,0.5714286
0.14999999,0.91079324,-1.1604747,923.2438339057134,5.243958e-11,-13.250481,41.16879,3203,-3.7774687,8.42407,,244,225,0.14999999,8494.483969449997,5.714286,,146.9515,,,3203,6.160475,6.5447283,276.83514,-4.562998,-0.79168135,13.250481,2957150,-3.3436153,19732.0,0.85714287
0.14999999,0.893746,-1.1605886,923.2674781523096,5.2406846e-11,-13.250481,41.16842,3204,-3.7775006,8.42407,,244,225,0.14999999,8498.62353181839,-5.714286,,146.9515,,,3204,6.1605887,-6.665636,204.825,-4.5633097,-1.5258119,13.250481,2958149,-3.7745078,19738.525,-0.2857143
0.14999999,1.0265589,-1.1605546,923.2911076443057,5.2374154e-11,-13.250481,41.142822,3205,-3.7775497,8.42407,,244,225,0.14999999,8502.635876655579,-8.571428,,146.9515,,,3205,6.160555,-7.6304235,305.7022,-4.563622,-1.051526,13.250481,2959148,-3.8115969,19744.578,0.5714286
0.14999999,0.89521384,-1.1608162,923.3147223955084,5.2341485e-11,-13.250481,41.137486,3206,-3.7773676,8.42407,,244,225,0.14999999,8506.61394238472,8.571428,,146.9515,,,3206,6.160816,9.281321,357.23102,-4.563934,-1.9991105,13.250481,2960147,-3.1967525,19751.576,0.5714286
0.14999999,0.85035634,-1.1610501,923.3383224197069,5.2308845e-11,-13.250481,41.06347,3207,-3.777345,8.42407,,244,225,0.14999999,8510.609083414078,5.714286,,146.9515,,,3207,6.16105,5.7797623,197.46391,-4.5642457,-1.9112792,13.250481,2961146,-3.5787227,19758.488,0.2857143
0.14999999,0.8915356,-1.1607989,923.3619077306734,5.2276235e-11,-13.250481,41.04329,3208,-3.777283,8.42407,1.4167212e-33,244,225,0.14999999,8514.480096578598,1.4285715,,146.9515,,,3208,6.160799,0.32268703,342.74103,-4.5645576,-0.35484138,13.250481,2962145,-3.4136176,19763.844,-1.0
0.14999999,1.1994928,-1.1609424,923.3854783421626,5.2243664e-11,-13.250481,41.03895,3209,-3.7773473,8.42407,,244,225,0.14999999,8518.525696992874,-7.142857,,146.9515,,,3209,6.1609426,-7.5887403,238.1355,-4.5648694,-1.6214874,13.250481,2963144,-3.850725,19770.465,-0.5714286
0.14999999,1.1908827,-1.1607703,923.4090342679127,5.2211117e-11,-13.250481,41.020233,3210,-3.777173,8.42407,,244,225,0.14999999,8522.687403917313,-5.714286,,146.9515,2.026926e-22,,3210,6.1607704,-5.2068276,231.94003,-4.565181,-0.60823005,13.250481,2964143,-3.393241,19776.072,0.2857143
0.14999999,1.0161773,-1.1604812,923.4325755216444,5.21786e-11,-13.250481,41.009106,3211,-3.77699,8.42407,7.353721e-27,244,225,0.14999999,8526.77019071579,1.4285715,,146.9515,,,3211,6.1604815,2.0875077,242.69003,-4.565492,-0.2324513,13.250481,2965142,-3.3559136,19781.305,0.5714286
0.14999999,0.9038531,-1.160762,923.456102117061,5.214612e-11,-13.250481,40.90353,3212,-3.7769523,8.42407,,244,225,0.14999999,8530.810375452042,-5.714286,,146.9515,,,3212,6.160762,-4.7595367,229.31055,-4.5658035,-2.0623784,13.250481,2966141,-3.6516767,19788.367,0.85714287
0.14999999,1.1048008,-1.1611578,923.4796140678494,5.2113664e-11,-13.250481,40.85181,3213,-3.7768629,8.42407,,244,225,0.14999999,8534.941998958588,4.285714,,146.9515,,,3213,6.1611576,5.1189346,490.60983,-4.566115,-2.4326847,13.250481,2967140,-3.3790677,19795.8,1.0
0.14999999,1.5683218,-1.1615916,923.5031113876789,5.208124e-11,-13.250481,40.732548,3214,-3.7767878,8.42407,,244,225,0.14999999,8538.974088668823,-8.571428,,146.9515,,,3214,6.1615915,-9.821623,748.53235,-4.5664263,-2.5556445,13.250481,2968139,-3.594712,19803.355,-1.0
0.14999999,0.8418391,-1.1619114,923.5265940902021,5.2048844e-11,-13.250481,40.71036,3215,-3.7770114,8.42407,,244,225,0.14999999,8542.949186086655,-8.571428,,146.9515,9.936467e-07,,3215,6.1619115,-8.833503,276.98605,-4.566737,-2.1892207,13.250481,2969138,-4.97484,19810.545,-0.14285715
0.14999999,1.1246365,-1.1615751,923.5500621890548,5.201648e-11,-13.250481,40.620304,3216,-3.77708,8.42407,,244,225,0.14999999,8546.899810552597,-5.714286,,146.9515,,,3216,6.1615753,-6.2472568,197.80959,-4.567048,-0.08070046,13.250481,2970137,-3.8198247,19815.625,-0.5714286
0.14999999,1.1625024,-1.1615243,923.5735156978551,5.1984146e-11,-13.250481,40.59756,3217,-3.7769115,8.42407,,244,225,0.14999999,8550.891674280167,-7.142857,,146.9515,4.526791e-38,,3217,6.1615243,-6.8327494,233.62532,-4.567359,-0.9982856,13.250481,2971136,-3.339562,19821.623,0.5714286
0.14999999,1.1484253,-1.1612737,923.5969546302051,5.1951846e-11,-13.250481,40.59199,3218,-3.7767994,8.42407,,244,225,0.14999999,8554.942883014679,-5.714286,,146.9515,2.3183315e-36,,3218,6.161274,-6.647244,369.18216,-4.56767,-0.3551601,13.250481,2972135,-3.5530002,19826.979,-1.0
0.14999999,0.8990904,-1.1614711,923.6203789996894,5.191957e-11,-13.250481,40.584446,3219,-3.7766786,8.42407,,244,225,0.14999999,8559.036345243454,2.857143,,146.9515,,,3219,6.1614714,1.7825465,407.22623,-4.567981,-1.796621,13.250481,2973134,-3.497204,19833.775,-1.0
0.14999999,0.9856524,-1.1617597,923.6437888198758,5.1887324e-11,-13.250481,40.538425,3220,-3.776754,8.42407,,244,225,0.14999999,8563.06538939476,5.714286,,146.9515,,,3220,6.16176,4.6895676,237.08226,-4.568291,-2.090446,13.250481,2974133,-3.8949916,19840.867,-1.0
0.14999999,0.848227,-1.1614085,923.4818379385284,5.1855114e-11,-13.250481,40.470848,3221,-3.7766297,8.42407,,244,225,0.14999999,8566.907929897308,-8.571428,,146.9515,,,3221,6.1614084,-8.32362,265.6535,-4.5686016,-0.030795736,13.250481,2974535,-3.338713,19845.896,0.2857143
0.14999999,0.89707947,-1.1610718,923.5052762259467,5.182293e-11,-13.250481,40.468555,3222,-3.7764957,8.42407,,244,225,0.14999999,8570.941824674606,-2.857143,,146.9515,,,3222,6.161072,-2.9302168,255.37479,-4.568912,-0.07653361,13.250481,2975534,-3.1807094,19850.973,-0.14285715
0.14999999,0.76076066,-1.16077,923.528699968973,5.179078e-11,-13.250481,40.430893,3223,-3.7764373,8.42407,,244,225,0.14999999,8574.919492959976,-4.285714,,146.9515,,,3223,6.16077,-3.2182856,264.03113,-4.5692225,-0.18846616,13.250481,2976533,-3.4661596,19856.162,1.0
0.14999999,1.0698488,-1.1613792,923.5521091811414,5.1758653e-11,-13.250481,40.375015,3224,-3.7764575,8.42407,,244,225,0.14999999,8578.932140350342,-2.857143,,146.9515,2.5787284e-37,,3224,6.1613793,-3.4311507,254.8748,-4.569533,-3.1249518,13.250481,2977532,-3.5859642,19864.287,-0.71428573
0.14999999,1.0144784,-1.161241,923.575503875969,5.172656e-11,-13.250481,40.353985,3225,-3.776364,8.42407,,244,225,0.14999999,8582.841168642044,5.714286,,146.9515,,,3225,6.161241,5.621047,203.08011,-4.569843,-0.71574986,13.250481,2978531,-3.5216713,19870.002,-0.14285715
0.14999999,0.9768032,-1.1608301,923.4835709857408,5.16945e-11,-13.250481,40.323597,3226,-3.7762165,8.42407,156.44012,244,225,0.14999999,8586.777192115784,,,146.9515,,,3226,6.16083,0.0575365,284.24988,-4.5701528,0.16470005,13.250481,2979158,-3.296476,19874.838,-0.14285715
0.14999999,0.8771599,-1.16048,923.5069724202045,5.1662463e-11,-13.250481,40.31927,3227,-3.776209,8.42407,,244,225,0.14999999,8590.755113840103,-8.571428,,146.9515,,,3227,6.16048,-9.062366,372.29706,-4.5231085,-0.031407,13.250481,2980157,-3.701653,19879.87,-0.42857143
0.14999999,1.1074997,-1.1602004,923.5303593556382,5.163046e-11,-13.250481,40.304684,3228,-3.7764602,8.42407,,244,225,0.14999999,8594.713745594025,5.714286,,146.9515,,,3228,6.1602,4.9010086,196.56085,-4.5234184,-0.25741372,13.250481,2981156,-4.441623,19885.127,-0.71428573
0.14999999,1.1911966,-1.1597633,923.3697739238154,5.1598482e-11,-13.250481,40.2857,3229,-3.7763028,8.42407,,244,225,0.14999999,8598.390655517578,7.142857,,146.9515,1.1994723e-36,,3229,6.1597633,7.5240784,257.47986,-4.523728,0.25069258,13.250481,2981561,-3.3565247,19889.875,0.5714286
0.14999999,1.0575132,-1.1597412,923.3931888544892,5.156654e-11,-13.250481,40.248898,3230,-3.776126,8.42407,,244,225,0.14999999,8602.394739627838,7.142857,,146.9515,0.733634,,3230,6.1597414,8.1019125,531.8429,-4.5240374,-1.0879523,13.250481,2982560,-3.3714669,19895.965,1.0
0.14999999,0.9418519,-1.1612029,923.416589291241,5.1534624e-11,-13.250481,40.21499,3231,-3.7761495,8.42407,,244,225,0.14999999,8606.395981550217,8.571428,,146.9515,,,3231,6.161203,7.5756383,482.09497,-4.5243473,-5.882892,13.250481,2983559,-3.8714278,19906.848,-1.0
0.14999999,1.2748137,-1.1607069,923.2326732673267,5.1502743e-11,-13.250481,40.204544,3232,-3.7770476,8.42407,,244,225,0.14999999,8610.015653371811,2.857143,,146.9515,,,3232,6.160707,1.697621,296.63007,-4.524657,0.44220796,13.250481,2983888,-6.5950694,19911.404,-0.71428573
0.14999999,0.95277196,-1.1609831,923.1855861429013,5.1470883e-11,-13.250481,40.19023,3233,-3.7769384,8.42407,,244,225,0.14999999,8614.02707362175,4.285714,,146.9515,2.8760647e-23,,3233,6.160983,3.8961568,208.02573,-4.524966,-2.0537314,13.250481,2984659,-3.6645355,19918.459,-0.71428573
0.14999999,1.112935,-1.1608716,923.209029066172,5.1439058e-11,-13.250481,40.180267,3234,-3.7769396,8.42407,,244,225,0.14999999,8617.96824169159,8.571428,,146.9515,,,3234,6.1608715,8.59756,336.27997,-4.525275,-0.80041873,13.250481,2985658,-3.7201064,19924.258,0.14285715
0.14999999,0.97050524,-1.1607015,923.232457496136,5.1407264e-11,-13.250481,40.157875,3235,-3.776724,8.42407,,244,225,0.14999999,8622.076960086823,-4.285714,,146.9515,,,3235,6.1607018,-4.544038,231.52322,-4.525584,-0.6105778,13.250481,2986657,-3.1641512,19929.87,-0.14285715
0.14999999,1.1249907,-1.1603711,923.2558714462299,5.1375494e-11,-13.250481,40.14331,3236,-3.776649,8.42407,,244,225,0.14999999,8626.188893795013,-5.714286,,146.9515,2.1325803e-21,,3236,6.160371,-5.1565475,227.42224,-4.525893,-0.09139147,13.250481,2987656,-3.488741,19934.96,0.5714286
0.14999999,0.895841,-1.1602951,923.2792709298733,5.1343756e-11,-13.250481,40.127636,3237,-3.776491,8.42407,,244,225,0.14999999,8630.199122190475,-2.857143,,146.9515,,,3237,6.160295,-2.51625,259.0683,-4.526202,-0.9146574,13.250481,2988655,-3.3682745,19940.875,0.2857143
0.14999999,1.030337,-1.1601456,923.3026559604695,5.131205e-11,-13.250481,40.11526,3238,-3.7765872,8.42407,,244,225,0.14999999,8634.418766498566,4.285714,,146.9515,,,3238,6.1601458,4.8101597,233.05687,-4.526511,-0.67630976,13.250481,2989654,-3.9662266,19946.55,
0.14999999,1.1574459,-1.1598952,923.3260265514048,5.1280365e-11,-13.250481,40.087975,3239,-3.77656,8.42407,,244,225,0.14999999,8638.553738594055,2.857143,,146.9515,1.1863111e-23,,3239,6.159895,3.0109313,286.79062,-4.52682,-0.34900665,13.250481,2990653,-3.7002957,19951.9,0.2857143
0.14999999,1.1625013,-1.1595376,923.3493827160494,5.124872e-11,-13.250481,40.085686,3240,-3.7766619,8.42407,,244,225,0.14999999,8642.590636491776,-2.857143,,146.9515,,,3240,6.1595373,-3.7526128,444.11758,-4.5271287,-0.0012143053,13.250481,2991652,-4.236106,19956.902,-1.0
0.14999999,1.2527738,-1.1596739,923.3727244677568,5.1217097e-11,-13.250481,39.980785,3241,-3.7765546,8.42407,,244,225,0.14999999,8646.612348556519,-4.285714,,146.9515,1.1475395e-28,,3241,6.1596737,-4.308646,234.70752,-4.527437,-1.601438,13.250481,2992651,-3.5516806,19963.504,0.14285715
0.14999999,1.0062052,-1.1593233,923.3960518198643,5.1185504e-11,-13.250481,39.926357,3242,-3.7764015,8.42407,,244,225,0.14999999,8650.712979793549,2.857143,,146.9515,,,3242,6.159323,2.44049,242.76434,-4.5277457,-0.023166476,13.250481,2993650,-3.505144,19968.527,-0.14285715
0.14999999,1.1647248,-1.1590148,923.4193647856922,5.1153942e-11,-13.250481,39.906822,3243,-3.776295,8.42407,,244,225,0.14999999,8654.752029418945,-4.285714,,146.9515,,,3243,6.1590147,-5.460803,232.4336,-4.528054,-0.15858003,13.250481,2994649,-3.4190154,19973.686,-0.71428573
0.14999999,1.0600479,-1.1591443,923.442663378545,5.1122412e-11,-13.250481,39.87128,3244,-3.7763126,8.42407,,244,225,0.14999999,8658.712172269821,5.714286,,146.9515,,,3244,6.1591444,5.98645,237.45369,-4.5283628,-1.5788054,13.250481,2995648,-3.9722464,19980.264,0.5714286
0.14999999,1.1406074,-1.1588508,923.4659476117104,5.109091e-11,-13.250481,39.855686,3245,-3.7761996,8.42407,,244,225,0.14999999,8662.769301891327,4.285714,,146.9515,8.835519e-22,,3245,6.1588507,4.0501275,204.10713,-4.528671,-0.20683905,13.250481,2996647,-3.4469428,19985.47,-0.2857143
0.14999999,1.2086573,-1.1585313,923.4044978434997,5.105943e-11,-13.250481,39.850018,3246,-3.7760549,8.42407,,244,225,0.14999999,8666.577081680298,-7.142857,,146.9515,,,3246,6.158531,-6.3281183,505.61295,-4.528979,-0.12178225,13.250481,2997371,-3.4267972,19990.592,1.0
0.14999999,0.849985,-1.1592758,923.4277794887588,5.1027987e-11,-13.250481,39.84215,3247,-3.776065,8.42407,,244,225,0.14999999,8670.664282798767,7.142857,,146.9515,,,3247,6.159276,6.508787,204.63503,-4.529287,-3.576038,13.250481,2998370,-3.9658446,19999.168,-0.71428573
0.14999999,0.8645008,-1.1592597,923.3568349753695,5.0996575e-11,-13.250481,39.83351,3248,-3.7761106,8.42407,,244,225,0.14999999,8674.62489080429,10.0,,146.9515,,,3248,6.15926,10.267074,281.45395,-4.529595,-1.1068019,13.250481,2999063,-3.7602513,20005.275,0.42857143
0.14999999,0.9884398,-1.1588714,923.2431517389966,5.0965183e-11,-13.250481,39.831852,3249,-3.7760835,8.42407,,244,225,0.14999999,8678.516964435577,-8.571428,,146.9515,,,3249,6.1588717,-7.752966,648.4031,-4.529903,0.102252744,13.250481,2999617,-3.529313,20010.174,1.0
0.14999999,0.8600425,-1.1597021,923.2664615384615,5.0933823e-11,-13.250481,39.781956,3250,-3.776306,8.42407,,244,225,0.14999999,8682.585204601288,7.142857,,146.9515,,,3250,6.1597023,7.5840163,214.33095,-4.5302105,-3.858582,13.250481,3000616,-4.4434814,20019.031,
0.14999999,1.0450925,-1.1595337,923.2897569978468,5.0902497e-11,-13.250481,39.737717,3251,-3.776341,8.42407,,244,225,0.14999999,8686.771295309067,4.285714,,146.9515,,,3251,6.1595335,4.6272955,233.7284,-4.530518,-0.612548,13.250481,3001615,-3.7373924,20024.645,0.2857143
0.14999999,1.0778843,-1.1593602,923.3130381303813,5.0871196e-11,-13.250481,39.693577,3252,-3.7762473,8.42407,,244,225,0.14999999,8690.8984375,8.571428,,146.9515,,,3252,6.15936,7.905219,349.49814,-4.5308256,-0.59490424,13.250481,3002614,-3.4947174,20030.238,-0.5714286
0.14999999,0.76054955,-1.15829,923.1297264063941,5.0839926e-11,-13.250481,39.68118,3253,-3.7763038,8.42407,,244,225,0.14999999,8694.573929548264,-4.285714,,146.9515,,,3253,6.15829,-4.7717576,216.55093,-4.531133,2.3217847,13.250481,3002941,-4.0135155,20032.918,-0.42857143
0.14999999,1.1650634,-1.1581941,923.1530424093423,5.080868e-11,-13.250481,39.665756,3254,-3.776303,8.42407,,244,225,0.14999999,8698.621242046356,-10.0,,146.9515,,,3254,6.158194,-10.112006,284.14987,-4.5314403,-0.8463892,13.250481,3003940,-3.523463,20038.764,-0.2857143
0.14999999,0.88262063,-1.1578848,923.1763440860215,5.0777466e-11,-13.250481,39.65379,3255,-3.7762966,8.42407,,244,225,0.14999999,8702.519604682922,-10.0,,146.9515,0.8018601,,3255,6.1578846,-9.546336,281.44376,-4.531748,-0.15121585,13.250481,3004939,-3.8824313,20043.914,0.2857143
0.14999999,1.1379213,-1.1576008,923.1996314496314,5.0746282e-11,-13.250481,39.639557,3256,-3.776486,8.42407,164.78764,244,225,0.14999999,8706.427788257599,,,146.9515,,,3256,6.157601,0.361974,269.69675,-4.532055,-0.2330803,13.250481,3005938,-4.2503285,20049.148,0.14285715
0.14999999,0.95059127,-1.1573405,923.2229045133558,5.0715123e-11,-13.250481,39.627216,3257,-3.7764347,8.42407,,244,225,0.14999999,8710.488691329956,2.857143,,146.9515,,,3257,6.1573405,2.4429924,276.7752,-4.4829907,-0.30997217,13.250481,3006937,-3.716807,20054.457,-0.42857143
0.14999999,0.87102145,-1.1570785,923.2461632903622,5.0684e-11,-13.250481,39.627544,3258,-3.7763314,8.42407,2.5118317e-05,244,225,0.14999999,8714.584291696548,,,146.9515,,,3258,6.1570787,0.6015271,328.66238,-4.4832973,-0.3034573,13.250481,3007936,-3.3713613,20059.762,0.85714287
0.14999999,0.7590679,-1.1574887,923.2694077938017,5.06529e-11,-13.250481,39.620453,3259,-3.7766137,8.42407,7.6254464e-29,244,225,0.14999999,8718.5946996212,1.4285715,,146.9515,,,3259,6.157489,0.6874313,211.90424,-4.4836044,-2.4941924,13.250481,3008935,-4.5397983,20067.256,-0.71428573
0.14999999,1.3579614,-1.1573844,923.2926380368098,5.0621826e-11,-13.250481,39.608448,3260,-3.7766643,8.42407,,244,225,0.14999999,8722.67882680893,-10.0,,146.9515,,,3260,6.1573844,-10.86335,522.1635,-4.483911,-0.8174166,13.250481,3009934,-3.6863792,20073.074,-1.0
0.14999999,0.91809,-1.1574364,923.3158540325054,5.0590785e-11,-13.250481,39.589268,3261,-3.7765574,8.42407,,244,225,0.14999999,8726.826601266861,10.0,,146.9515,,,3261,6.1574364,11.360811,336.44934,-4.484218,-1.32665,13.250481,3010933,-3.7130961,20079.4,0.85714287
0.14999999,0.90075046,-1.1597955,923.3390557939914,5.0559775e-11,-13.250481,39.54195,3262,-3.7772617,8.42407,2.6874506e-17,244,225,0.14999999,8730.898816108704,-1.4285715,,146.9515,,,3262,6.1597958,-2.2996023,239.30351,-4.4845247,-8.85335,13.250481,3011932,-5.960066,20093.254,-0.71428573
0.14999999,0.82266635,-1.1600101,923.3622433343548,5.0528786e-11,-13.250481,39.52045,3263,-3.777309,8.42407,,244,225,0.14999999,8735.00221157074,-8.571428,,146.9515,,,3263,6.1600103,-9.402675,286.73923,-4.484831,-1.8595312,13.250481,3012931,-3.8145318,20100.113,-0.71428573
0.14999999,0.75758725,-1.1598383,923.3854166666666,5.0497828e-11,-13.250481,39.513462,3264,-3.7780535,8.42407,,244,225,0.14999999,8739.162447690964,7.142857,,146.9515,,,3264,6.159838,7.150121,183.0416,-4.4851375,-0.599613,13.250481,3013930,-6.0143843,20105.713,-0.2857143
0.14999999,0.9088761,-1.1593314,923.2606431852986,5.0466905e-11,-13.250481,39.505478,3265,-3.7779887,8.42407,,244,225,0.14999999,8743.057724952698,-4.285714,,146.9515,,,3265,6.1593313,-3.8053625,224.44206,-4.4854436,0.49525663,13.250481,3014446,-3.3145866,20110.217,0.42857143
0.14999999,0.9913294,-1.1592199,923.283833435395,5.0436013e-11,-13.250481,39.458252,3266,-3.7779229,8.42407,2.8291323e-12,244,225,0.14999999,8747.158283233643,-1.4285715,,146.9515,,,3266,6.1592197,-1.2645978,213.07379,-4.48575,-0.7949554,13.250481,3015445,-3.4581857,20116.012,
0.14999999,1.1393355,-1.1588659,923.3070094888277,5.040514e-11,-13.250481,39.45353,3267,-3.7778978,8.42407,8.037278e-24,244,225,0.14999999,8751.285069227219,1.4285715,,146.9515,,,3267,6.158866,1.2483602,229.9135,-4.4860563,-0.0030200998,13.250481,3016444,-3.670135,20121.016,
0.14999999,0.99404335,-1.1585356,923.3301713586292,5.03743e-11,-13.250481,39.449203,3268,-3.777758,8.42407,,244,225,0.14999999,8755.397099018097,8.571428,,146.9515,,,3268,6.1585355,8.5026045,263.2285,-4.4863625,-0.07930553,13.250481,3017443,-3.4388444,20126.094,-0.14285715
0.14999999,1.1106718,-1.158089,923.2202508412358,5.0343483e-11,-13.250481,39.44663,3269,-3.7776558,8.42407,,244,225,0.14999999,8759.233357429504,-2.857143,,146.9515,,,3269,6.158089,-2.2846332,308.8144,-4.486668,0.30125213,13.250481,3018007,-3.4161701,20130.793,0.71428573
0.14999999,1.1029813,-1.1583433,923.2434250764526,5.0312695e-11,-13.250481,39.420155,3270,-3.7777529,8.42407,,244,225,0.14999999,8763.257005929947,10.0,,146.9515,,,3270,6.1583433,10.099548,232.11705,-4.4869742,-1.9897993,13.250481,3019006,-4.1787496,20137.783,0.14285715
0.14999999,1.220913,-1.1570992,923.0675634362581,5.028194e-11,-13.250481,39.37476,3271,-3.7776673,8.42407,4.580678,244,225,0.14999999,8766.892475366592,,,146.9515,,,3271,6.1570992,0.5733611,281.1256,-4.48728,2.9110868,13.250481,3019354,-3.5700188,20139.871,0.42857143
0.14999999,1.0829847,-1.1573216,923.0907701711492,5.0251206e-11,-13.250481,39.372917,3272,-3.7777042,8.42407,,244,225,0.14999999,8770.98829627037,2.857143,,146.9515,,,3272,6.1573215,3.9590561,288.26477,-4.486186,-1.8841763,13.250481,3020353,-4.0857506,20146.756,0.71428573
0.14999999,0.9054763,-1.157807,923.1139627253284,5.02205e-11,-13.250481,39.358295,3273,-3.7778366,8.42407,,244,225,0.14999999,8774.95563840866,-4.285714,,146.9515,,,3273,6.157807,-3.5893178,232.4377,-4.4864917,-2.746292,13.250481,3021352,-4.266096,20154.502,0.71428573
0.14999999,1.0402842,-1.157956,923.1371411117899,5.018983e-11,-13.250481,39.354492,3274,-3.7777793,8.42407,,244,225,0.14999999,8778.98908662796,5.714286,,146.9515,,,3274,6.157956,5.581703,211.46564,-4.4867973,-1.6458069,13.250481,3022351,-3.4801326,20161.148,-0.2857143
0.14999999,0.63132477,-1.1575844,923.0656488549619,5.0159186e-11,-13.250481,39.331596,3275,-3.77763,8.42407,,244,225,0.14999999,8782.917675495148,-5.714286,,146.9515,,,3275,6.157584,-5.795709,185.7831,-4.4871025,0.059183747,13.250481,3023040,-3.3111014,20166.09,-0.14285715
0.14999999,1.0445971,-1.157245,923.0888278388278,5.012857e-11,-13.250481,39.283344,3276,-3.7775972,8.42407,,244,225,0.14999999,8786.815670728683,-5.714286,,146.9515,0.10293836,,3276,6.157245,-6.5872593,204.75566,-4.4874077,-0.04599165,13.250481,3024039,-3.2933555,20171.135,-0.71428573
0.14999999,0.86520106,-1.1572864,923.1119926762283,5.0097978e-11,-13.250481,39.28367,3277,-3.7775111,8.42407,,244,225,0.14999999,8790.888458490372,10.0,,146.9515,,,3277,6.1572866,8.966595,246.53912,-4.487713,-1.2928722,13.250481,3025038,-3.5241208,20177.428,-0.85714287
0.14999999,0.6748546,-1.1551617,922.9072605247102,5.0067415e-11,-13.250481,39.26662,3278,-3.7775447,8.42407,8.56658e-31,244,225,0.14999999,8794.583717346191,1.4285715,,146.9515,,,3278,6.155162,2.3376164,221.86638,-4.488018,5.807724,13.250481,3025290,-3.7328541,20176.621,0.85714287
0.14999999,0.9887536,-1.1560743,922.9304666056724,5.0036884e-11,-13.250481,39.247555,3279,-3.7775927,8.42407,4.2248664e-13,244,225,0.14999999,8798.670892715454,-1.4285715,,146.9515,,,3279,6.1560745,-1.7057263,224.96698,-4.488323,-4.1475105,13.250481,3026289,-3.5987873,20185.768,-0.2857143
0.14999999,0.87813646,-1.1557786,922.9536585365854,5.0006378e-11,-13.250481,39.231133,3280,-3.7774813,8.42407,,244,225,0.14999999,8802.711290836334,5.714286,,146.9515,,,3280,6.155779,6.169922,206.36572,-4.488628,-0.18649961,13.250481,3027288,-3.3853688,20190.953,0.14285715
0.14999999,1.0028356,-1.1555552,922.9768363303871,4.99759e-11,-13.250481,39.22122,3281,-3.7774494,8.42407,,244,225,0.14999999,8806.794921398163,8.571428,,146.9515,,,3281,6.1555552,8.038411,326.13068,-4.488933,-0.42285502,13.250481,3028287,-3.5355923,20196.377,-0.85714287
0.14999999,0.85189474,-1.1544908,922.7967702620354,4.9945447e-11,-13.250481,39.20963,3282,-3.777539,8.42407,,244,225,0.14999999,8810.458706378937,-5.714286,,146.9515,,,3282,6.154491,-5.5758314,174.81583,-4.489238,2.338159,13.250481,3028619,-4.055252,20199.04,0.14285715
0.14999999,1.1321367,-1.1541426,922.8199817240329,4.9915027e-11,-13.250481,39.20242,3283,-3.7774436,8.42407,1.2013387e-24,244,225,0.14999999,8814.526080608368,1.4285715,,146.9515,,,3283,6.1541424,1.2854954,231.20251,-4.4895425,-0.011391815,13.250481,3029618,-3.3039732,20204.05,-0.2857143
0.14999999,1.2060269,-1.153855,922.8431790499391,4.9884635e-11,-13.250481,39.166008,3284,-3.7772696,8.42407,1.472661e-05,244,225,0.14999999,8818.585926294327,,,146.9515,1.4535528e-25,,3284,6.153855,-1.1366724,299.46964,-4.4898467,-0.2095091,13.250481,3030617,-3.318198,20209.26,-0.85714287
0.14999999,0.91173255,-1.1541492,922.8663622526636,4.985427e-11,-13.250481,39.15018,3285,-3.7773461,8.42407,,244,225,0.14999999,8822.884266614914,-7.142857,,146.9515,,,3285,6.154149,-7.220363,237.75189,-4.4901514,-2.120538,13.250481,3031616,-4.1893177,20216.38,
0.14999999,0.8171525,-1.1538075,922.8895313451004,4.982393e-11,-13.250481,39.150116,3286,-3.7772565,8.42407,,244,225,0.14999999,8826.917063474655,10.0,,146.9515,,,3286,6.1538076,9.809392,233.76027,-4.4904556,-0.031222083,13.250481,3032615,-3.3806431,20221.412,-0.14285715
0.14999999,0.75428265,-1.1533175,922.7547916032856,4.9793617e-11,-13.250481,39.147182,3287,-3.7774527,8.42407,,244,225,0.14999999,8830.663691043854,-2.857143,,146.9515,,,3287,6.1533175,-1.7719316,348.8829,-4.49076,0.4570313,13.250481,3033095,-4.2201056,20225.955,1.0
0.14999999,0.85675824,-1.1541064,922.7779805352798,4.9763332e-11,-13.250481,39.125053,3288,-3.7774634,8.42407,,244,225,0.14999999,8834.889957427979,-2.857143,,146.9515,8.51752e-13,,3288,6.154106,-3.0852847,266.23154,-4.491064,-3.7472372,13.250481,3034094,-3.5491211,20234.701,-0.2857143
0.14999999,1.0014236,-1.1537596,922.8011553663728,4.9733075e-11,-13.250481,39.11436,3289,-3.7776096,8.42407,1.4411254e-24,244,225,0.14999999,8838.953975200653,1.4285715,,146.9515,,,3289,6.1537595,1.7280674,216.10489,-4.4913683,-0.013803424,13.250481,3035093,-4.096901,20239.715,0.2857143
0.14999999,0.9711197,-1.1534963,922.8243161094225,4.9702846e-11,-13.250481,39.096924,3290,-3.7774992,8.42407,5.075887e-13,244,225,0.14999999,8842.903781414032,-1.4285715,,146.9515,,,3290,6.1534963,-1.1955228,232.49545,-4.491672,-0.28724262,13.250481,3036092,-3.4025252,20245.002,0.2857143
0.14999999,0.85047406,-1.1532936,922.8474627772713,4.9672648e-11,-13.250481,39.05939,3291,-3.7773793,8.42407,,244,225,0.14999999,8847.07586812973,-5.714286,,146.9515,,,3291,6.1532936,-4.7374644,315.24985,-4.4919763,-0.48657402,13.250481,3037091,-3.3372529,20250.488,1.0
0.14999999,1.0996761,-1.1545725,922.870595382746,4.9642474e-11,-13.250481,39.051422,3292,-3.7775438,8.42407,,244,225,0.14999999,8851.149294376373,-7.142857,,146.9515,4.892158e-33,,3292,6.1545725,-7.59473,244.85194,-4.49228,-5.363265,13.250481,3038090,-4.1450324,20260.852,-0.2857143
0.14999999,0.91291183,-1.154435,922.8937139386578,4.9612328e-11,-13.250481,38.972313,3293,-3.7774024,8.42407,,244,225,0.14999999,8855.15114736557,8.571428,,146.9515,,,3293,6.154435,8.933008,301.27258,-4.4925838,-0.70209515,13.250481,3039089,-3.3899965,20266.555,0.42857143
0.14999999,1.027474,-1.1537799,922.7419550698239,4.958221e-11,-13.250481,38.959732,3294,-3.7773705,8.42407,,244,225,0.14999999,8859.011464834213,-7.142857,,146.9515,,,3294,6.15378,-6.842829,228.08742,-4.4928875,1.0037398,13.250481,3039512,-3.568986,20270.55,0.2857143
0.14999999,1.2149339,-1.1535802,922.7650986342944,4.955212e-11,-13.250481,38.95093,3295,-3.7773416,8.42407,,244,225,0.14999999,8863.031466722488,-7.142857,,146.9515,3.3597772e-10,,3295,6.15358,-7.6445026,256.56778,-4.493191,-0.4961291,13.250481,3040511,-3.6905413,20276.047,-0.71428573
0.14999999,0.79700834,-1.1535242,922.7882281553398,4.9522053e-11,-13.250481,38.93395,3296,-3.7771618,8.42407,4.254503e-17,244,225,0.14999999,8867.09412074089,-1.4285715,,146.9515,,,3296,6.1535244,-0.7608979,204.24762,-4.493494,-0.9688088,13.250481,3041510,-3.37397,20282.016,0.71428573
0.14999999,0.68099767,-1.1538025,922.8113436457386,4.949202e-11,-13.250481,38.918034,3297,-3.7771127,8.42407,,244,225,0.14999999,8871.179924726486,8.571428,,146.9515,,,3297,6.1538024,9.293332,331.48093,-4.493798,-2.0712867,13.250481,3042509,-3.398029,20289.086,0.85714287
0.14999999,1.0231936,-1.1551518,922.8344451182535,4.946201e-11,-13.250481,38.89771,3298,-3.7770855,8.42407,,244,225,0.14999999,8875.323823690414,7.142857,,146.9515,1.3662742e-16,,3298,6.155152,7.3942723,232.2343,-4.494101,-5.6040998,13.250481,3043508,-3.3549204,20299.691,0.2857143
0.14999999,0.93897104,-1.1548424,922.857532585632,4.943203e-11,-13.250481,38.89279,3299,-3.7769933,8.42407,,244,225,0.14999999,8879.364221811295,-4.285714,,146.9515,,,3299,6.1548424,-5.1145253,305.3428,-4.494404,-0.1339856,13.250481,3044507,-3.4784915,20304.824,-1.0
0.14999999,1.0924355,-1.154988,922.880606060606,4.9402076e-11,-13.250481,38.884598,3300,-3.7769463,8.42407,,244,225,0.14999999,8883.447823047638,-5.714286,,146.9515,1.3131374e-22,,3300,6.1549883,-6.245748,211.8536,-4.494707,-1.635569,13.250481,3045506,-3.5408714,20311.46,-0.42857143
0.14999999,0.8324725,-1.1547801,922.9036655558922,4.9372145e-11,-13.250481,38.877403,3301,-3.7768295,8.42407,,244,225,0.14999999,8887.418189048767,5.714286,,146.9515,,,3301,6.1547804,4.9508605,211.86887,-4.49501,-0.46853763,13.250481,3046505,-3.4623551,20316.93,-0.5714286
0.14999999,0.9989317,-1.1545112,922.7707450030284,4.934225e-11,-13.250481,38.87269,3302,-3.7767375,8.42407,,244,225,0.14999999,8891.134464740753,-2.857143,,146.9515,,,3302,6.1545115,-2.461414,277.71622,-4.495313,-0.26670647,13.250481,3046989,-3.2956386,20322.195,0.42857143
0.14999999,0.97351235,-1.1543075,922.7938237965486,4.9312374e-11,-13.250481,38.869247,3303,-3.776647,8.42407,,244,225,0.14999999,8895.203048944473,2.857143,,146.9515,,,3303,6.1543074,3.2047803,245.20082,-4.495616,-0.48167366,13.250481,3047988,-3.455994,20327.678,0.42857143
0.14999999,1.066681,-1.154207,922.8168886198547,4.928253e-11,-13.250481,38.84688,3304,-3.7765641,8.42407,,244,225,0.14999999,8899.308885335922,-10.0,,146.9515,,,3304,6.154207,-9.219965,327.1526,-4.4959183,-0.8227104,13.250481,3048987,-3.457351,20333.5,0.85714287
0.14999999,0.88497806,-1.1546316,922.8399394856278,4.9252713e-11,-13.250481,38.777657,3305,-3.7765489,8.42407,,244,225,0.14999999,8903.392120599747,10.0,,146.9515,,,3305,6.1546316,11.007589,285.21533,-4.496221,-2.5571759,13.250481,3049986,-3.7555602,20341.057,0.5714286
0.14999999,1.236124,-1.1549321,922.8629764065336,4.922292e-11,-13.250481,38.75134,3306,-3.7778857,8.42407,,244,225,0.14999999,8907.452220916748,2.857143,,146.9515,,,3306,6.154932,2.9104805,246.20125,-4.496524,-2.1484308,13.250481,3050985,-8.057777,20348.205,
0.14999999,0.953687,-1.1545849,922.8859993952223,4.9193153e-11,-13.250481,38.746693,3307,-3.7777433,8.42407,,244,225,0.14999999,8911.601429224014,-2.857143,,146.9515,,,3307,6.154585,-2.5397732,244.15533,-4.496826,-0.006604915,13.250481,3051984,-3.5135238,20353.213,
0.14999999,1.1275027,-1.1542435,922.9090084643288,4.9163416e-11,-13.250481,38.74614,3308,-3.7776685,8.42407,,244,225,0.14999999,8915.59169626236,4.285714,,146.9515,,,3308,6.1542435,3.969141,225.71957,-4.4971285,-0.024851136,13.250481,3052983,-3.4635258,20358.238,-0.42857143
0.14999999,0.7294277,-1.153935,922.9320036264733,4.9133708e-11,-13.250481,38.709137,3309,-3.7775378,8.42407,,244,225,0.14999999,8919.760179519653,-10.0,,146.9515,,,3309,6.153935,-10.819793,264.53873,-4.497431,-0.13338009,13.250481,3053982,-3.4526796,20363.371,-0.5714286
0.14999999,0.92594796,-1.1539052,922.9549848942598,4.9104023e-11,-13.250481,38.661896,3310,-3.7776668,8.42407,,244,225,0.14999999,8923.952732801437,-8.571428,,146.9515,1.41051975e-33,,3310,6.153905,-7.982643,283.1378,-4.4977326,-1.0553467,13.250481,3054981,-3.916004,20369.426,0.42857143
0.14999999,1.2449661,-1.1537092,922.9779522802779,4.907437e-11,-13.250481,38.658936,3311,-3.777504,8.42407,,244,225,0.14999999,8927.926117420197,-5.714286,,146.9515,,,3311,6.1537094,-5.3385725,206.13303,-4.498035,-0.50510365,13.250481,3055980,-3.1476274,20374.932,0.42857143
0.14999999,0.9735841,-1.1535064,923.0009057971015,4.9044737e-11,-13.250481,38.64088,3312,-3.777314,8.42407,,244,225,0.14999999,8932.128620147705,5.714286,,146.9515,,,3312,6.1535063,5.92724,208.26006,-4.498337,-0.48211,13.250481,3056979,-3.3727221,20380.414,0.42857143
0.14999999,0.9796827,-1.153225,923.0238454572894,4.9015132e-11,-13.250481,38.59869,3313,-3.7771819,8.42407,,244,225,0.14999999,8936.21287727356,7.142857,,146.9515,2.5943316e-34,,3313,6.153225,5.483839,357.25266,-4.4986386,-0.22099386,13.250481,3057978,-3.2991972,20385.635,-1.0
0.14999999,0.92204416,-1.1535493,922.8829209414605,4.898556e-11,-13.250481,38.583073,3314,-3.7780676,8.42407,,244,225,0.14999999,8940.031902551651,-8.571428,,146.9515,,,3314,6.153549,-7.918602,311.48572,-4.4989405,-2.2281387,13.250481,3058434,-6.661482,20392.863,0.71428573
0.14999999,1.0771773,-1.1536399,922.9058823529411,4.8956002e-11,-13.250481,38.579388,3315,-3.7779818,8.42407,,244,225,0.14999999,8944.236003160477,4.285714,,146.9515,,,3315,6.15364,3.3104274,376.29224,-4.4992423,-1.4541148,13.250481,3059433,-3.3960764,20399.316,-1.0
0.14999999,1.0686604,-1.1538904,922.8745476477684,4.8926484e-11,-13.250481,38.57645,3316,-3.7779486,8.42407,,244,225,0.14999999,8948.250995874405,4.285714,,146.9515,1.089564e-22,,3316,6.1538906,4.934629,240.04019,-4.4995437,-1.9841495,13.250481,3060252,-3.7140257,20406.3,0.5714286
0.14999999,0.95173097,-1.1538544,922.8974977389207,4.889699e-11,-13.250481,38.55567,3317,-3.7778726,8.42407,,244,225,0.14999999,8952.194312810898,-5.714286,,146.9515,,,3317,6.1538544,-5.169662,199.23112,-4.4998455,-1.0343615,13.250481,3061251,-3.5782063,20412.336,0.71428573
0.14999999,1.2506793,-1.154019,922.9204339963834,4.8867518e-11,-13.250481,38.54523,3318,-3.777847,8.42407,,244,225,0.14999999,8956.32441163063,10.0,,146.9515,,,3318,6.154019,9.519747,244.46207,-4.500147,-1.6998008,13.250481,3062250,-3.6286254,20419.035,-0.42857143
0.14999999,0.6754411,-1.1534017,922.7637842723711,4.883808e-11,-13.250481,38.46806,3319,-3.7777398,8.42407,,244,225,0.14999999,8960.160524606705,-7.142857,,146.9515,,,3319,6.153402,-8.051752,405.7245,-4.500448,0.8943977,13.250481,3062653,-3.638446,20423.14,-1.0
0.14999999,0.9001063,-1.1537408,922.7867469879518,4.8808662e-11,-13.250481,38.468384,3320,-3.777949,8.42407,,244,225,0.14999999,8964.200864553452,8.571428,,146.9515,,,3320,6.153741,8.357727,319.9939,-4.5007496,-2.2788806,13.250481,3063652,-4.1329074,20430.42,-0.2857143
0.14999999,0.94674766,-1.1534323,922.7109304426377,4.877927e-11,-13.250481,38.454086,3321,-3.7779894,8.42407,,244,225,0.14999999,8968.236603975296,10.0,,146.9515,1.2393347e-19,,3321,6.1534324,9.075587,381.45233,-4.5010505,-0.12909111,13.250481,3064323,-3.797078,20435.549,-1.0
0.14999999,0.919047,-1.1515127,922.5114388922336,4.8749907e-11,-13.250481,38.432384,3322,-3.777951,8.42407,,244,225,0.14999999,8971.974694013596,5.714286,,146.9515,,,3322,6.1515126,6.41309,231.52544,-4.501352,5.2231474,13.250481,3064583,-3.5584943,20435.324,0.71428573
0.14999999,0.9123912,-1.1517386,922.53445681613,4.8720573e-11,-13.250481,38.354813,3323,-3.7778976,8.42407,,244,225,0.14999999,8975.95927810669,-8.571428,,146.9515,,,3323,6.1517386,-9.054318,259.291,-4.5016527,-1.9023702,13.250481,3065582,-3.5017953,20442.227,
0.14999999,0.8162905,-1.1514369,922.5574608904934,4.869126e-11,-13.250481,38.34903,3324,-3.778316,8.42407,4.685676e-22,244,225,0.14999999,8980.059527158737,-1.4285715,,146.9515,,,3324,6.151437,-2.4282289,310.28436,-4.5019536,-0.14908567,13.250481,3066581,-5.0628443,20447.377,-1.0
0.14999999,0.9666872,-1.1516839,922.5804511278195,4.8661977e-11,-13.250481,38.344475,3325,-3.7783544,8.42407,,244,225,0.14999999,8984.093284368515,-2.857143,,146.9515,1.2905877e-20,,3325,6.151684,-3.4293761,277.76218,-4.5022545,-1.9725676,13.250481,3067580,-3.7062774,20454.35,-0.5714286
0.14999999,0.85871404,-1.1516061,922.6034275405893,4.863272e-11,-13.250481,38.33043,3326,-3.778256,8.42407,1.33154655e-33,244,225,0.14999999,8988.145536899567,1.4285715,,146.9515,,,3326,6.151606,0.41662502,319.76053,-4.502555,-0.8923188,13.250481,3068579,-3.396312,20460.242,-1.0
0.14999999,0.90272415,-1.1519349,922.6263901412684,4.860349e-11,-13.250481,38.328915,3327,-3.7783623,8.42407,,244,225,0.14999999,8992.3392598629,7.142857,,146.9515,,,3327,6.1519346,6.78156,227.36195,-4.502856,-2.245602,13.250481,3069578,-3.9664505,20467.488,-0.42857143
0.14999999,1.0203551,-1.1513394,922.4858774038462,4.8574287e-11,-13.250481,38.29334,3328,-3.7782493,8.42407,,244,225,0.14999999,8996.128457784653,-7.142857,,146.9515,,,3328,6.1513395,-6.7833776,246.25597,-4.503156,0.82980186,13.250481,3070033,-3.2908838,20471.658,0.71428573
0.14999999,0.6192599,-1.1513665,922.508861519976,4.8545105e-11,-13.250481,38.276855,3329,-3.7783434,8.42407,3.5529413,244,225,0.14999999,9000.238420724869,,,146.9515,,,3329,6.151366,-0.75432825,269.27243,-4.5034566,-1.2415258,13.250481,3071032,-4.0965295,20477.898,-0.42857143
0.14999999,1.1345404,-1.1512575,922.5318318318318,4.8515955e-11,-13.250481,38.27227,3330,-3.7785697,8.42407,,244,225,0.14999999,9004.502890348434,2.857143,,146.9515,,,3330,6.1512575,1.9029067,279.29242,-4.5026903,-0.7884586,13.250481,3072031,-4.13506,20483.688,-0.85714287
0.14999999,1.0908892,-1.151407,922.5547883518462,4.848683e-11,-13.250481,38.247368,3331,-3.7784483,8.42407,,244,225,0.14999999,9008.739076375961,8.571428,,146.9515,,,3331,6.1514072,7.9115663,263.60492,-4.5029907,-1.6493604,13.250481,3073030,-3.484243,20490.336,-0.71428573
0.14999999,1.130942,-1.1514481,922.53031212485,4.8457727e-11,-13.250481,38.236057,3332,-3.7785196,8.42407,,244,225,0.14999999,9012.697682619095,-4.285714,,146.9515,,,3332,6.1514482,-4.422443,188.98935,-4.5032907,-1.2884287,13.250481,3073871,-4.08505,20496.625,
0.14999999,1.0086266,-1.1511031,922.5532553255325,4.8428653e-11,-13.250481,38.229305,3333,-3.778411,8.42407,6.9123205e-27,244,225,0.14999999,9016.901408910751,1.4285715,,146.9515,,,3333,6.151103,1.8796576,228.28317,-4.5035906,-0.0016263726,13.250481,3074870,-3.5267687,20501.627,0.5714286
0.14999999,0.974954,-1.15098,922.5761847630474,4.8399607e-11,-13.250481,38.205048,3334,-3.7783084,8.42407,,244,225,0.14999999,9020.962186574936,4.285714,,146.9515,,,3334,6.15098,4.661503,215.75502,-4.5038905,-0.740417,13.250481,3075869,-3.4263105,20507.367,0.14285715
0.14999999,1.1053954,-1.150693,922.5991004497752,4.837059e-11,-13.250481,38.19244,3335,-3.778261,8.42407,,244,225,0.14999999,9025.019369840622,8.571428,,146.9515,,,3335,6.150693,8.266201,291.9388,-4.5041904,-0.19452849,13.250481,3076868,-3.5749614,20512.562,
0.14999999,1.0691382,-1.1499636,922.4481414868105,4.8341595e-11,-13.250481,38.19108,3336,-3.77802,8.42407,,244,225,0.14999999,9028.890253543854,-8.571428,,146.9515,,,3336,6.1499634,-8.94363,353.726,-4.5044904,1.2830036,13.250481,3077287,-3.0608578,20516.28,-0.2857143
0.14999999,1.04799,-1.1497242,922.471081810009,4.8312625e-11,-13.250481,38.181488,3337,-3.777867,8.42407,,244,225,0.14999999,9032.944089651108,2.857143,,146.9515,,,3337,6.149724,4.230792,509.70706,-4.5047903,-0.35097066,13.250481,3078286,-3.3102279,20521.629,1.0
0.14999999,0.8810854,-1.1508782,922.4940083882565,4.828368e-11,-13.250481,38.163387,3338,-3.7779737,8.42407,4.253422e-14,244,225,0.14999999,9036.93421959877,-1.4285715,,146.9515,,,3338,6.150878,-1.8857448,219.12518,-4.5050898,-5.001572,13.250481,3079285,-4.1395736,20531.63,-0.42857143
0.14999999,0.9741182,-1.1506927,922.5169212339024,4.8254765e-11,-13.250481,38.156116,3339,-3.7779057,8.42407,1.2083472e-25,244,225,0.14999999,9040.999428033829,1.4285715,,146.9515,,,3339,6.150693,1.3438226,225.4857,-4.505389,-0.53186303,13.250481,3080284,-3.4198408,20537.164,-0.42857143
0.14999999,0.9806467,-1.1503932,922.5398203592814,4.8225875e-11,-13.250481,38.116016,3340,-3.7777808,8.42407,,244,225,0.14999999,9045.067949056625,-10.0,,146.9515,,,3340,6.1503935,-9.618157,277.34818,-4.5056887,-0.15042798,13.250481,3081283,-3.318463,20542.312,0.42857143
0.14999999,0.9655083,-1.1500877,922.5627057767135,4.8197012e-11,-13.250481,38.11495,3341,-3.7779307,8.42407,8.838586e-22,244,225,0.14999999,9049.190500974655,-1.4285715,,146.9515,,,3341,6.150088,-0.5338539,326.72528,-4.505988,-0.12936999,13.250481,3082282,-4.231279,20547.443,1.0
0.14999999,1.1973915,-1.150349,922.5855774985039,4.816817e-11,-13.250481,38.11248,3342,-3.7779498,8.42407,,244,225,0.14999999,9053.320097923279,5.714286,,146.9515,,,3342,6.150349,6.790988,461.83057,-4.5062876,-2.0231452,13.250481,3083281,-3.7845721,20554.467,1.0
0.14999999,1.1738774,-1.1522634,922.6084355369429,4.8139357e-11,-13.250481,38.09871,3343,-3.7779946,8.42407,,244,225,0.14999999,9057.51454281807,4.285714,,146.9515,3.8757477e-18,,3343,6.1522636,5.0834193,267.5154,-4.5065866,-7.550565,13.250481,3084280,-4.0752845,20567.016,0.85714287
0.14999999,0.77041507,-1.1530585,922.6312799043062,4.811057e-11,-13.250481,38.087986,3344,-3.777897,8.42407,,244,225,0.14999999,9061.54839849472,-4.285714,,146.9515,,,3344,6.1530585,-4.639907,216.41808,-4.5068855,-3.810998,13.250481,3085279,-3.594938,20575.828,-0.2857143
0.14999999,1.1147298,-1.1527885,922.654110612855,4.8081806e-11,-13.250481,38.07039,3345,-3.7778547,8.42407,,244,225,0.14999999,9065.788170337677,4.285714,,146.9515,,,3345,6.1527886,4.336332,215.15257,-4.5071845,-0.24989031,13.250481,3086278,-3.394125,20581.078,-0.14285715
0.14999999,0.9796084,-1.152463,922.6769276748356,4.8053075e-11,-13.250481,38.015385,3346,-3.7777214,8.42407,,244,225,0.14999999,9069.97258067131,5.714286,,146.9515,2.5843666e-33,,3346,6.152463,4.9762793,228.49466,-4.5074835,-0.0636113,13.250481,3087277,-3.4267375,20586.14,-1.0
0.14999999,1.1220336,-1.1524265,922.6570062742754,4.802436e-11,-13.250481,38.005272,3347,-3.7776017,8.42407,,244,225,0.14999999,9073.873435020447,-4.285714,,146.9515,,,3347,6.1524267,-3.6179552,177.19847,-4.5077825,-1.0300504,13.250481,3088133,-3.3402135,20592.172,0.2857143
0.14999999,0.759879,-1.1524228,922.6798088410992,4.7995677e-11,-13.250481,37.981117,3348,-3.7774897,8.42407,,244,225,0.14999999,9077.931354284286,7.142857,,146.9515,,,3348,6.152423,7.3286767,192.95609,-4.508081,-1.1403346,13.250481,3089132,-3.505807,20598.312,-0.14285715
0.14999999,1.0661479,-1.1515507,922.5234398327859,4.7967023e-11,-13.250481,37.97313,3349,-3.7775874,8.42407,,244,225,0.14999999,9081.785876750946,7.142857,,146.9515,0.0017337119,,3349,6.151551,7.6974664,253.50056,-4.50838,1.7682625,13.250481,3089531,-3.8546946,20601.543,0.71428573
0.14999999,1.0451639,-1.1516937,922.5462686567164,4.7938386e-11,-13.250481,37.971848,3350,-3.7774653,8.42407,,244,225,0.14999999,9085.95318722725,-8.571428,,146.9515,,,3350,6.151694,-9.456873,328.35553,-4.5086784,-1.6305002,13.250481,3090530,-3.415935,20608.174,-0.85714287
0.14999999,1.2631677,-1.1518707,922.5690838555655,4.790978e-11,-13.250481,37.96168,3351,-3.7773361,8.42407,,244,225,0.14999999,9090.088191509247,-2.857143,,146.9515,,,3351,6.1518707,-3.9868312,286.33752,-4.508977,-1.7450162,13.250481,3091529,-3.3637543,20614.918,-0.85714287
0.14999999,1.1605239,-1.1522558,922.5918854415274,4.78812e-11,-13.250481,37.953987,3352,-3.7774673,8.42407,,244,225,0.14999999,9094.13073015213,-7.142857,,146.9515,,,3352,6.152256,-7.7770824,229.6409,-4.509275,-2.4426522,13.250481,3092528,-4.447127,20622.361,-0.42857143
0.14999999,1.1476319,-1.1521027,922.614673426782,4.7852642e-11,-13.250481,37.940857,3353,-3.7774,8.42407,0.20486112,244,225,0.14999999,9098.263368844986,,,146.9515,,,3353,6.1521025,0.48210895,285.6224,-4.5095735,-0.63900846,13.250481,3093527,-3.688605,20628.0,0.5714286
0.14999999,0.90273654,-1.1521114,922.6374478234943,4.7824113e-11,-13.250481,37.906593,3354,-3.7773805,8.42407,147.27934,244,225,0.14999999,9102.401621580124,,,146.9515,0.0024997639,,3354,6.1521115,0.050671652,264.0062,-4.5098104,-1.1812376,13.250481,3094526,-3.824989,20634.182,-0.14285715
0.14999999,1.086155,-1.1517808,922.6602086438152,4.7795608e-11,-13.250481,37.8815,3355,-3.7775614,8.42407,,244,225,0.14999999,9106.624203681946,10.0,,146.9515,,,3355,6.151781,8.9101925,234.32988,-4.467134,-0.04290545,13.250481,3095525,-4.263497,20639.225,-0.71428573
0.14999999,1.0981599,-1.1508021,922.4812276519666,4.7767127e-11,-13.250481,37.853844,3356,-3.7776504,8.42407,,244,225,0.14999999,9110.348690509796,2.857143,,146.9515,,,3356,6.150802,2.0596843,260.36392,-4.467432,2.1328616,13.250481,3095847,-4.1385956,20642.092,-0.5714286
0.14999999,1.0494004,-1.1508298,922.5040214477211,4.7738674e-11,-13.250481,37.836216,3357,-3.777522,8.42407,5.3688465e-14,244,225,0.14999999,9114.488745212555,-1.4285715,,146.9515,,,3357,6.15083,-0.9915954,226.75044,-4.4677296,-1.2437431,13.250481,3096846,-3.4233255,20648.336,0.42857143
0.14999999,1.1527001,-1.150676,922.5268016676594,4.7710245e-11,-13.250481,37.834274,3358,-3.777392,8.42407,,244,225,0.14999999,9118.678301334381,-5.714286,,146.9515,,,3358,6.150676,-6.583374,344.5484,-4.4680276,-0.63443696,13.250481,3097845,-3.3722646,20653.97,-1.0
0.14999999,0.9043519,-1.1508231,922.5495683239059,4.7681845e-11,-13.250481,37.834423,3359,-3.7772393,8.42407,,244,225,0.14999999,9122.798375844955,-10.0,,146.9515,,,3359,6.150823,-9.887205,267.86566,-4.4683256,-1.6448386,13.250481,3098844,-3.3828573,20660.615,
0.14999999,0.71787167,-1.1505269,922.5723214285714,4.7653465e-11,-13.250481,37.833153,3360,-3.777292,8.42407,,244,225,0.14999999,9126.97613811493,8.571428,,146.9515,,,3360,6.150527,9.762221,244.0657,-4.468623,-0.1558606,13.250481,3099843,-3.8362353,20665.77,0.71428573
0.14999999,0.99268085,-1.1520977,922.5950609937519,4.7625112e-11,-13.250481,37.786987,3361,-3.7777028,8.42407,,244,225,0.14999999,9130.966066122055,7.142857,,146.9515,8.012793e-30,,3361,6.1520977,7.4158754,219.3579,-4.4689207,-6.4295177,13.250481,3100842,-4.8639865,20677.2,0.14285715
0.14999999,0.98893523,-1.1520034,922.6177870315289,4.7596788e-11,-13.250481,37.70501,3362,-3.7775848,8.42407,,244,225,0.14999999,9135.044981479645,4.285714,,146.9515,,,3362,6.1520033,3.8262925,216.05214,-4.4692183,-0.8354677,13.250481,3101841,-3.3531878,20683.035,-0.5714286
0.14999999,0.9159214,-1.1517926,922.5129348795718,4.756848e-11,-13.250481,37.697613,3363,-3.7774966,8.42407,,244,225,0.14999999,9138.917323350906,-8.571428,,146.9515,,,3363,6.1517925,-9.306238,329.94153,-4.4695153,-0.44312245,13.250481,3102411,-3.4550657,20688.479,-0.5714286
0.14999999,0.94770133,-1.1518135,922.5356718192628,4.7540204e-11,-13.250481,37.695477,3364,-3.7773793,8.42407,,244,225,0.14999999,9143.063051462173,8.571428,,146.9515,,,3364,6.1518135,9.029139,249.28401,-4.469813,-1.2221243,13.250481,3103410,-3.279255,20694.701,0.2857143
0.14999999,1.187923,-1.1516865,922.5583952451709,4.751195e-11,-13.250481,37.685123,3365,-3.7772706,8.42407,,244,225,0.14999999,9147.105471134186,-7.142857,,146.9515,,,3365,6.1516867,-6.5624547,236.77576,-4.47011,-0.724673,13.250481,3104409,-3.3468163,20700.426,0.42857143
0.14999999,0.8305966,-1.151516,922.5811051693405,4.748373e-11,-13.250481,37.654194,3366,-3.7771,8.42407,,244,225,0.14999999,9151.29732465744,7.142857,,146.9515,,,3366,6.151516,6.3364654,211.29672,-4.470407,-0.5772611,13.250481,3105408,-3.3662739,20706.002,-0.85714287
0.14999999,0.7393845,-1.1515265,922.4674784674785,4.7455526e-11,-13.250481,37.635303,3367,-3.7770977,8.42407,,244,225,0.14999999,9155.158515691757,-4.285714,,146.9515,,,3367,6.1515265,-3.5994296,252.39911,-4.470704,-1.1867499,13.250481,3105948,-3.5856285,20712.19,1.0
0.14999999,0.881262,-1.1520786,922.4902019002375,4.7427354e-11,-13.250481,37.61257,3368,-3.7771692,8.42407,,244,225,0.14999999,9159.278717756271,-2.857143,,146.9515,2.630153e-28,,3368,6.1520786,-2.7131324,235.30278,-4.471001,-3.011294,13.250481,3106947,-3.742708,20720.201,0.14285715
0.14999999,1.0696852,-1.1517868,922.5129118432769,4.73992e-11,-13.250481,37.59753,3369,-3.7771995,8.42407,,244,225,0.14999999,9163.42949128151,10.0,,146.9515,,,3369,6.151787,10.163221,220.80327,-4.471298,-0.16916567,13.250481,3107946,-3.7438874,20725.37,0.14285715
0.14999999,1.0794703,-1.151408,922.4124629080119,4.7371072e-11,-13.250481,37.595993,3370,-3.7771015,8.42407,5.2653886e-24,244,225,0.14999999,9167.350860834122,1.4285715,,146.9515,,,3370,6.151408,1.6550297,212.5967,-4.471595,0.12536839,13.250481,3108530,-3.489901,20730.244,0.14285715
0.14999999,1.2597742,-1.1511039,922.4351824384455,4.734297e-11,-13.250481,37.59435,3371,-3.776948,8.42407,,244,225,0.14999999,9171.514264583588,2.857143,,146.9515,1.9424515e-17,,3371,6.151104,2.855908,257.04413,-4.4718914,-0.1267238,13.250481,3109529,-3.3186781,20735.371,0.14285715
0.14999999,1.0922073,-1.1507651,922.4578884934757,4.7314895e-11,-13.250481,37.57921,3372,-3.7767453,8.42407,1.695288e-12,244,225,0.14999999,9175.862375974655,-1.4285715,,146.9515,,,3372,6.150765,-1.528163,215.80873,-4.472188,-0.008367484,13.250481,3110528,-3.3309498,20740.379,-0.14285715
0.14999999,1.0197368,-1.150429,922.4805810850875,4.7286845e-11,-13.250481,37.53812,3373,-3.7765892,8.42407,,244,225,0.14999999,9180.001171588898,-10.0,,146.9515,,,3373,6.150429,-10.204511,264.97934,-4.4724846,-0.017315397,13.250481,3111527,-3.3211675,20745.396,-0.42857143
0.14999999,0.99986047,-1.1501349,922.5032602252519,4.725882e-11,-13.250481,37.538074,3374,-3.7765398,8.42407,,244,225,0.14999999,9184.306001663208,4.285714,,146.9515,,,3374,6.150135,3.4035752,218.3772,-4.472781,-0.15848982,13.250481,3112526,-3.598926,20750.555,-0.85714287
0.14999999,1.0114601,-1.1500688,922.5259259259259,4.1533717e-11,-13.250481,37.619865,3375,-3.77647,8.42407,,244,225,0.14999999,9188.535759449005,-4.285714,,146.9515,,,3375,6.1500688,-4.9327226,226.53322,-4.4730773,-0.9266133,13.250481,3113525,-3.522997,20756.482,-0.5714286
0.14999999,0.9686314,-1.1499205,922.5485781990521,4.1509112e-11,-13.250481,71.08817,3376,-3.7763848,8.42407,,244,256,0.14999999,9192.657793045044,-4.6666665,,146.9515,8.913923e-15,,3376,6.1499205,-3.775914,560.10754,-4.473374,-0.64934444,13.250481,3114524,-3.4827394,20762.13,0.73333335
0.14999999,1.0369695,-1.1504252,922.571217056559,4.148454e-11,-13.250481,69.998505,3377,-3.7765021,8.42407,,244,256,0.14999999,10074.481171369553,-4.6666665,,146.9515,3.814708e-06,,3377,6.150425,-4.585591,521.0952,-4.47367,-2.8545935,13.250481,3115523,-4.104117,20769.986,-0.06666667
0.14999999,0.91004854,-1.1500976,922.5938425103611,4.1459985e-11,-13.250481,69.96041,3378,-3.7766514,8.42407,,244,256,0.14999999,10078.767900943756,4.6666665,,146.9515,,,3378,6.150098,4.7041793,506.4483,-4.473966,-0.043908972,13.250481,3116522,-4.2791724,20775.03,0.06666667
0.14999999,0.7841171,-1.1497436,922.5421722403078,4.1435445e-11,-13.250481,69.88472,3379,-3.776821,8.42407,,244,256,0.14999999,10083.108990907669,4.6666665,,146.9515,1.7241584e-07,,3379,6.1497436,3.484594,569.2745,-4.4742618,0.04660737,13.250481,3117270,-4.236666,20779.984,-1.0
0.14999999,1.017143,-1.149803,922.5647928994083,4.1410934e-11,-13.250481,69.68345,3380,-3.7767892,8.42407,,244,256,0.14999999,10087.3292491436,4.6666665,,146.9515,0.73016596,,3380,6.149803,3.942605,458.1446,-4.474558,-1.3509992,13.250481,3118269,-3.4222348,20786.334,-0.46666667
0.14999999,0.92827314,-1.1496305,922.4605146406388,4.1386443e-11,-13.250481,69.59445,3381,-3.776792,8.42407,,244,256,0.14999999,10091.482843399048,-4.6666665,,146.9515,,,3381,6.1496305,-5.184868,499.51917,-4.4748535,-0.56678367,13.250481,3118839,-3.7742734,20791.9,-0.46666667
0.14999999,0.9016312,-1.1494756,922.4831460674158,4.136197e-11,-13.250481,69.5188,3382,-3.7769198,8.42407,,244,256,0.14999999,10095.921675920486,-4.6666665,,146.9515,3.1895578,,3382,6.1494756,-5.608712,697.87695,-4.475149,-0.62539893,13.250481,3119838,-4.0995865,20797.527,-1.0
0.14999999,1.1184173,-1.1496708,922.5057641146911,4.1337517e-11,-13.250481,69.17976,3383,-3.7770863,8.42407,,244,256,0.14999999,10100.325777292252,4.6666665,,146.9515,,,3383,6.1496706,5.266846,511.8633,-4.475445,-1.8099602,13.250481,3120837,-4.195437,20804.336,0.46666667
0.14999999,1.198804,-1.1495657,922.5283687943263,4.1313092e-11,-13.250481,68.87717,3384,-3.7772126,8.42407,,244,256,0.14999999,10104.587379217148,-4.6666665,,146.9515,,,3384,6.1495657,-4.258399,521.1949,-4.4757404,-0.79413295,13.250481,3121836,-4.288784,20810.13,0.33333334
0.14999999,0.8197789,-1.1493775,922.5509601181684,4.1288684e-11,-13.250481,67.09206,3385,-3.7772658,8.42407,,244,256,0.14999999,10108.927431106567,4.6666665,,146.9515,,,3385,6.1493773,5.9657736,669.3385,-4.476036,-0.51201546,13.250481,3122835,-4.1077814,20815.643,1.0
0.14999999,0.88855606,-1.1518499,922.5735380980508,4.12643e-11,-13.250481,66.670555,3386,-3.7778084,8.42407,,244,256,0.14999999,10113.26049900055,-4.6666665,,146.9515,,,3386,6.1518497,-5.75694,389.1144,-4.476331,-9.52092,13.250481,3123834,-5.390162,20830.164,-0.73333335
0.14999999,0.9392741,-1.1519943,922.5961027457928,4.123994e-11,-13.250481,66.65734,3387,-3.7779486,8.42407,,244,256,0.14999999,10117.654002428055,4.6666665,,146.9515,,,3387,6.151994,3.9022384,473.66602,-4.476627,-1.6411971,13.250481,3124833,-4.1152716,20836.805,-0.73333335
0.14999999,1.1280763,-1.1518992,922.4876033057851,4.1215597e-11,-13.250481,66.60739,3388,-3.778035,8.42407,,244,256,0.14999999,10121.784010410309,-7.3333335,,146.9515,,,3388,6.1518993,-6.6841035,679.1183,-4.476922,-0.8296621,13.250481,3125388,-3.9832604,20842.635,1.0
0.14999999,0.9987076,-1.1521275,922.5101799940985,4.1191276e-11,-13.250481,66.55214,3389,-3.7781086,8.42407,,244,256,0.14999999,10126.170610904694,-7.3333335,,146.9515,1.2938201e-22,,3389,6.1521273,-8.3010845,354.96793,-4.477217,-1.9255869,13.250481,3126387,-4.111814,20849.56,-0.8666667
0.14999999,1.0004451,-1.1522332,922.5327433628319,4.116698e-11,-13.250481,65.99895,3390,-3.7781975,8.42407,,244,256,0.14999999,10130.460329294205,-7.3333335,,146.9515,60.654633,,3390,6.152233,-7.8084316,256.9015,-4.477512,-1.5107541,13.250481,3127386,-4.050388,20856.07,-0.6
0.14999999,1.3646731,-1.1520599,922.5552934237688,4.11427e-11,-13.250481,65.67881,3391,-3.778221,8.42407,,244,256,0.14999999,10134.688647031784,7.3333335,,146.9515,,,3391,6.15206,7.739759,404.08606,-4.477807,-0.564575,13.250481,3128385,-3.8416257,20861.635,0.6
0.14999999,1.2805146,-1.152113,922.5778301886793,4.111845e-11,-13.250481,65.5214,3392,-3.7780404,8.42407,,244,256,0.14999999,10139.03707575798,-7.3333335,,146.9515,,,3392,6.152113,-6.8044105,400.8302,-4.4781017,-1.3320678,13.250481,3129384,-3.490645,20867.967,0.6
0.14999999,1.1397532,-1.15233,922.6003536693191,4.1094215e-11,-13.250481,65.44606,3393,-3.7780464,8.42407,,244,256,0.14999999,10143.613269090652,-4.6666665,,146.9515,,,3393,6.15233,-3.713551,854.4013,-4.4783964,-1.8885303,13.250481,3130383,-4.0395703,20874.855,1.0
0.14999999,0.961047,-1.1538477,922.6228638774307,4.107e-11,-13.250481,65.420746,3394,-3.7783928,8.42407,,244,256,0.14999999,10148.02787232399,4.6666665,,146.9515,,,3394,6.1538477,5.2365255,363.51276,-4.478691,-6.3032107,13.250481,3131382,-5.0206285,20886.16,0.73333335
0.14999999,0.8454073,-1.154006,922.6453608247423,4.104581e-11,-13.250481,65.276924,3395,-3.7784219,8.42407,,244,256,0.14999999,10152.26326918602,-7.3333335,,146.9515,,,3395,6.154006,-6.914244,376.28217,-4.478986,-1.6913649,13.250481,3132381,-3.8106935,20892.852,0.2
0.14999999,1.0635496,-1.1536725,922.6678445229682,4.1021644e-11,-13.250481,65.266266,3396,-3.778343,8.42407,,244,256,0.14999999,10156.68813586235,-7.3333335,,146.9515,2.7282338,,3396,6.153672,-7.3692517,354.17834,-4.4792805,-0.021306371,13.250481,3133380,-3.33849,20897.871,-0.2
0.14999999,0.9116474,-1.1533381,922.6903149838092,4.0997494e-11,-13.250481,65.079834,3397,-3.7783186,8.42407,,244,256,0.14999999,10161.113159656525,7.3333335,,146.9515,,,3397,6.153338,6.3667526,315.96167,-4.4795747,-0.017628778,13.250481,3134379,-3.7352421,20902.889,-0.6
0.14999999,1.3283759,-1.153354,922.6280164802826,4.0973367e-11,-13.250481,64.408966,3398,-3.7782464,8.42407,,244,256,0.14999999,10165.18627166748,7.3333335,,146.9515,2.7107193e-25,,3398,6.153354,7.9346867,407.63577,-4.479869,-1.2074667,13.250481,3135090,-3.4283075,20909.098,0.8666667
0.14999999,1.285982,-1.154938,922.6504854368932,4.094926e-11,-13.250481,63.639732,3399,-3.7781718,8.42407,,244,256,0.14999999,10169.506923913956,4.6666665,,146.9515,,,3399,6.1549377,4.1306987,433.33344,-4.4801636,-6.5372086,13.250481,3136089,-3.8055096,20920.635,-0.2
0.14999999,0.9637382,-1.1546816,922.5482352941176,4.092518e-11,-13.250481,63.455948,3400,-3.7781355,8.42407,,244,256,0.14999999,10173.79453086853,-4.6666665,,146.9515,,,3400,6.1546817,-4.2707443,469.27228,-4.4804573,-0.283603,13.250481,3136664,-3.8980575,20925.918,0.6
0.14999999,0.8458239,-1.1545279,922.5707144957365,4.0901112e-11,-13.250481,63.192932,3401,-3.7782712,8.42407,,244,256,0.14999999,10178.354709386826,7.3333335,,146.9515,,,3401,6.1545277,6.180588,316.3268,-4.4807515,-0.6315924,13.250481,3137663,-4.1696897,20931.549,-0.8666667
0.14999999,1.2448152,-1.154544,922.4588477366256,4.087707e-11,-13.250481,63.143078,3402,-3.7781956,8.42407,,244,256,0.14999999,10182.507671833038,-4.6666665,,146.9515,,,3402,6.154544,-4.7253027,468.3633,-4.4810457,-1.2094643,13.250481,3138205,-3.3467498,20937.758,0.2
0.14999999,1.1465372,-1.1542052,922.4813399941228,4.085305e-11,-13.250481,63.100117,3403,-3.7782617,8.42407,,244,256,0.14999999,10186.908522129059,7.3333335,,146.9515,,,3403,6.1542053,7.718194,321.20956,-4.4813395,-0.0013689884,13.250481,3139204,-4.206662,20942.76,0.33333334
0.14999999,0.84396344,-1.1541289,922.5038190364278,4.0829052e-11,-13.250481,62.45163,3404,-3.7782187,8.42407,,244,256,0.14999999,10191.1474442482,-4.6666665,,146.9515,,,3404,6.154129,-4.8310657,393.69083,-4.481633,-0.89466256,13.250481,3140203,-3.7452393,20948.654,-0.2
0.14999999,0.8821793,-1.1538113,922.5262848751836,4.0805075e-11,-13.250481,62.358635,3405,-3.7783377,8.42407,,244,256,0.14999999,10195.425092697144,4.6666665,,146.9515,,,3405,6.1538115,4.7668624,409.5584,-4.481927,-0.07282038,13.250481,3141202,-4.010267,20953.727,0.2
0.14999999,0.87191397,-1.1534959,922.54873752202,4.0781115e-11,-13.250481,62.30894,3406,-3.7784007,8.42407,,244,256,0.14999999,10199.773346424103,7.3333335,,146.9515,,,3406,6.153496,7.0496325,298.03284,-4.4822206,-0.079271264,13.250481,3142201,-3.8520164,20958.807,-0.06666667
0.14999999,1.0305339,-1.1526451,922.3953624889932,4.075718e-11,-13.250481,61.674168,3407,-3.7782943,8.42407,,244,256,0.14999999,10203.852661371231,7.3333335,,146.9515,1.5302918,,3407,6.152645,6.94698,290.46652,-4.4825144,1.7450521,13.250481,3142601,-3.2695088,20962.062,-0.33333334
0.14999999,1.1982012,-1.1519511,922.2467723004695,4.0733264e-11,-13.250481,61.574997,3408,-3.7782247,8.42407,3.0713447e-05,244,256,0.14999999,10207.795120954514,-0.6666667,,146.9515,,,3408,6.151951,-1.1298947,912.38403,-4.4828076,1.2128823,13.250481,3143017,-3.54587,20965.85,-0.73333335
0.14999999,0.9187828,-1.1518366,922.2692871809915,4.070937e-11,-13.250481,61.257328,3409,-3.7785678,8.42407,4.878465e-05,244,256,0.14999999,10212.121868133545,-0.6666667,,146.9515,1.0223996e-14,,3409,6.1518364,-0.074900806,478.49908,-4.483101,-0.7621056,13.250481,3144016,-5.082493,20971.611,0.73333335
0.14999999,1.4518784,-1.151771,922.291788856305,4.0685497e-11,-13.250481,61.239185,3410,-3.778856,8.42407,1.2564176e-10,244,256,0.14999999,10216.422204732895,0.6666667,,146.9515,3.0410728e-28,,3410,6.151771,-0.1644991,1113.4619,-4.483394,-0.927752,13.250481,3145015,-4.6497846,20977.54,-0.73333335
0.14999999,1.2079349,-1.1516881,922.314277338024,4.0661644e-11,-13.250481,60.834827,3411,-3.7793605,8.42407,,244,256,0.14999999,10220.599915027618,-7.3333335,,146.9515,,,3411,6.151688,-6.3861446,394.2187,-4.4836874,-0.8690378,13.250481,3146014,-5.8463492,20983.408,0.8666667
0.14999999,0.9302608,-1.1519598,922.3367526377491,4.0637816e-11,-13.250481,60.798416,3412,-3.7792118,8.42407,1.996252e-10,244,256,0.14999999,10224.871356725693,0.6666667,,146.9515,,,3412,6.15196,1.3939095,886.19226,-4.4839807,-2.0786953,13.250481,3147013,-3.4437337,20990.486,0.73333335
0.14999999,0.7969747,-1.1523302,922.3592147670671,4.0614005e-11,-13.250481,60.428703,3413,-3.779434,8.42407,9.784734e-10,244,256,0.14999999,10228.99281167984,-0.6666667,,146.9515,,,3413,6.1523304,-1.9399474,627.64465,-4.484274,-2.4162874,13.250481,3148012,-4.4227533,20997.902,-1.0
0.14999999,1.0152923,-1.1527157,922.3816637375512,4.0590215e-11,-13.250481,60.19151,3414,-3.7797825,8.42407,,244,256,0.14999999,10233.284160137177,-7.3333335,,146.9515,,,3414,6.1527157,-7.634762,242.74675,-4.4845667,-2.468356,13.250481,3149011,-4.727904,21005.371,-0.33333334
0.14999999,0.8012045,-1.1524693,922.4040995607613,4.0566446e-11,-13.250481,60.08349,3415,-3.7797458,8.42407,,244,256,0.14999999,10237.581751346588,-7.3333335,,146.9515,0.0068672383,,3415,6.152469,-6.7953362,276.6818,-4.4848595,-0.31131652,13.250481,3150010,-3.6510544,21010.684,0.33333334
0.14999999,0.9827113,-1.1524693,922.4265222482436,4.0542698e-11,-13.250481,59.98858,3416,-3.779851,8.42407,4.0038815e-15,244,256,0.14999999,10241.862869501114,0.6666667,,146.9515,,,3416,6.152469,-0.29499328,856.9641,-4.4851522,-1.1523393,13.250481,3151009,-3.9269056,21016.836,-1.0
0.14999999,0.9935287,-1.1525939,922.4489318115305,4.0518974e-11,-13.250481,59.8976,3417,-3.7800868,8.42407,,244,256,0.14999999,10246.235615491867,-7.3333335,,146.9515,,,3417,6.1525936,-8.287879,528.09625,-4.485445,-1.5781909,13.250481,3152008,-4.509534,21023.414,-1.0
0.14999999,1.0237056,-1.152789,922.4713282621416,4.0495263e-11,-13.250481,59.84949,3418,-3.78013,8.42407,2.2745135e-05,244,256,0.14999999,10250.500021219254,0.6666667,,146.9515,,,3418,6.152789,0.6771675,628.8867,-4.485738,-1.8195535,13.250481,3153007,-3.8823643,21030.232,0.06666667
0.14999999,1.0617346,-1.1524615,922.4937116115823,4.047158e-11,-13.250481,59.84893,3419,-3.7804115,8.42407,5.335902,244,256,0.14999999,10254.83521938324,-0.6666667,,146.9515,7.3140886e-13,,3419,6.1524615,-0.825863,593.7931,-4.48603,-0.03325066,13.250481,3154006,-4.7238326,21035.266,-0.06666667
0.14999999,1.5151166,-1.1521947,922.516081871345,4.0447916e-11,-13.250481,59.433464,3420,-3.7808886,8.42407,1.8717802e-06,244,256,0.14999999,10259.256648540497,0.6666667,,146.9515,5.6980927e-11,,3420,6.152195,0.26395285,660.4603,-4.484763,-0.24025935,13.250481,3155005,-5.426716,21040.506,-0.33333334
0.14999999,1.2380801,-1.1519979,922.5384390529085,4.0424275e-11,-13.250481,59.305107,3421,-3.7807636,8.42407,2.6311915,244,256,0.14999999,10263.506832361221,-0.6666667,,146.9515,6.102168e-21,,3421,6.151998,-0.31350568,809.38116,-4.4850554,-0.4787935,13.250481,3156004,-3.8021805,21045.984,0.2
0.14999999,0.9211007,-1.1517199,922.5607831677381,4.0400648e-11,-13.250481,59.20727,3422,-3.7809808,8.42407,2.3091964e-06,244,256,0.14999999,10267.914349794388,0.6666667,,146.9515,1.1907474e-12,,3422,6.15172,0.7663177,512.2054,-4.484579,-0.2008064,13.250481,3157003,-4.7048073,21051.186,0.33333334
0.14999999,1.2664957,-1.1514376,922.583114227286,4.037705e-11,-13.250481,59.196842,3423,-3.7813876,8.42407,0.45787966,244,256,0.14999999,10272.068380594254,-0.6666667,,146.9515,1.42743e-14,,3423,6.1514378,-0.9242163,946.9025,-4.484871,-0.18514746,13.250481,3158002,-5.059481,21056.371,-0.33333334
0.14999999,0.83263654,-1.1511791,922.6054322429907,4.0353467e-11,-13.250481,59.193462,3424,-3.7815392,8.42407,,244,256,0.14999999,10276.456492900848,4.6666665,,146.9515,,,3424,6.1511793,3.81888,355.82288,-4.4850297,-0.26631948,13.250481,3159001,-4.4915977,21061.637,-0.8666667
0.14999999,1.0083534,-1.1510962,922.4969343065693,4.0329906e-11,-13.250481,58.946075,3425,-3.7815876,8.42407,,244,256,0.14999999,10280.561106681824,-7.3333335,,146.9515,,,3425,6.1510963,-6.9393015,300.84607,-4.4853215,-0.8674977,13.250481,3159552,-3.760921,21067.504,0.06666667
0.14999999,0.90481824,-1.1508406,922.5192644483362,4.0306366e-11,-13.250481,58.91893,3426,-3.7815197,8.42407,,244,256,0.14999999,10284.978517055511,-4.6666665,,146.9515,,,3426,6.1508408,-5.4920845,349.36017,-4.4856133,-0.2753656,13.250481,3160551,-3.5327394,21072.78,-0.8666667
0.14999999,0.80898833,-1.150778,922.5415815582141,4.0282847e-11,-13.250481,58.594563,3427,-3.7816374,8.42407,1.8412563e-09,244,256,0.14999999,10289.338128328323,-0.6666667,,146.9515,,,3427,6.150778,0.5119945,695.768,-4.485905,-0.93655914,13.250481,3161550,-4.065847,21078.717,1.0
0.14999999,1.0671389,-1.1529644,922.5638856476079,4.0259348e-11,-13.250481,58.486763,3428,-3.7821991,8.42407,,244,256,0.14999999,10293.523685216904,4.6666665,,146.9515,,,3428,6.1529646,4.124605,387.316,-4.486197,-8.6452055,13.250481,3162549,-5.470706,21092.361,-0.46666667
0.14999999,0.9539465,-1.1527672,922.5686789151356,4.023587e-11,-13.250481,58.400482,3429,-3.7821803,8.42407,,244,256,0.14999999,10297.831247806549,-4.6666665,,146.9515,,,3429,6.152767,-4.944527,415.6162,-4.486489,-0.47732085,13.250481,3163488,-3.7568228,21097.84,-0.46666667
0.14999999,0.8214592,-1.1525524,922.5909620991254,4.0212413e-11,-13.250481,58.222115,3430,-3.7821662,8.42407,,244,256,0.14999999,10302.158452510834,7.3333335,,146.9515,,,3430,6.1525526,7.4086523,314.2813,-4.48678,-0.41560417,13.250481,3164487,-3.6547358,21103.254,0.06666667
0.14999999,1.3322946,-1.1522857,922.613232293792,4.0188974e-11,-13.250481,58.19496,3431,-3.7821193,8.42407,,244,256,0.14999999,10306.372831106186,7.3333335,,146.9515,0.00013789131,,3431,6.1522856,8.386768,639.8993,-4.487072,-0.23747312,13.250481,3165486,-3.4265106,21108.492,1.0
0.14999999,1.1334028,-1.1554949,922.6354895104895,4.016556e-11,-13.250481,57.965565,3432,-3.7829192,8.42407,,244,256,0.14999999,10310.5908036232,4.6666665,,146.9515,,,3432,6.1554947,5.02498,423.65933,-4.4873633,-12.166237,13.250481,3166485,-6.795971,21125.658,0.46666667
0.14999999,1.776085,-1.1554368,922.6577337605593,4.0142164e-11,-13.250481,57.829548,3433,-3.7828526,8.42407,0.05521587,244,256,0.14999999,10314.96598124504,-0.6666667,,146.9515,,,3433,6.1554365,0.1323173,1031.4901,-4.4876547,-0.9559936,13.250481,3167484,-3.6572976,21131.615,0.46666667
0.14999999,0.8436927,-1.1556543,922.679965055329,4.0118787e-11,-13.250481,57.711445,3434,-3.7829037,8.42407,,244,256,0.14999999,10319.241587638855,7.3333335,,146.9515,,,3434,6.1556544,6.5110474,422.36438,-4.48793,-1.9023114,13.250481,3168483,-4.6040773,21138.518,-1.0
0.14999999,1.1853421,-1.1554066,922.5251819505095,4.009543e-11,-13.250481,57.542664,3435,-3.7830875,8.42407,,244,256,0.14999999,10323.37208867073,-4.6666665,,146.9515,,,3435,6.1554065,-4.757298,397.19125,-4.4882207,-0.30506667,13.250481,3168874,-4.2301636,21143.822,0.06666667
0.14999999,1.1298568,-1.1550744,922.5474388824214,4.0072095e-11,-13.250481,57.361248,3436,-3.783103,8.42407,,244,256,0.14999999,10327.564388036728,4.6666665,,146.9515,,,3436,6.155074,4.641123,394.48328,-4.488512,-0.013788347,13.250481,3169873,-3.9900906,21148.836,-0.06666667
0.14999999,0.97755396,-1.1547476,922.5696828629619,4.0048784e-11,-13.250481,57.051956,3437,-3.78316,8.42407,,244,256,0.14999999,10331.846838474274,-4.6666665,,146.9515,,,3437,6.1547475,-3.5735784,381.974,-4.488803,-0.031850856,13.250481,3170872,-4.06589,21153.867,0.8666667
0.14999999,1.3341982,-1.1555477,922.5919139034322,4.0025486e-11,-13.250481,56.928932,3438,-3.7831962,8.42407,,244,256,0.14999999,10336.056811094284,7.3333335,,146.9515,,,3438,6.1555476,7.9033747,312.8719,-4.489094,-3.9055505,13.250481,3171871,-3.8574462,21162.773,0.46666667
0.14999999,0.86234903,-1.1554617,922.6141320151207,4.0002213e-11,-13.250481,56.85106,3439,-3.7831373,8.42407,,244,256,0.14999999,10340.364513635635,4.6666665,,146.9515,,,3439,6.155462,5.234379,356.11227,-4.4893847,-0.85961133,13.250481,3172870,-3.8765666,21168.633,0.8666667
0.14999999,1.0420051,-1.155921,922.6363372093023,3.9978958e-11,-13.250481,56.822872,3440,-3.7831426,8.42407,7.5561785e-15,244,256,0.14999999,10344.714730501175,0.6666667,,146.9515,,,3440,6.155921,1.4216366,812.2306,-4.4896755,-2.7354593,13.250481,3173869,-3.6385825,21176.367,1.0
0.14999999,1.0894437,-1.1567577,922.6585294972392,3.9955726e-11,-13.250481,56.773552,3441,-3.783692,8.42407,,244,256,0.14999999,10349.09728217125,-4.6666665,,146.9515,,,3441,6.156758,-4.5503826,417.75232,-4.489966,-4.0353127,13.250481,3174868,-5.654407,21185.402,0.46666667
0.14999999,1.0269619,-1.1565084,922.6807088901801,3.9932512e-11,-13.250481,56.42895,3442,-3.7837036,8.42407,,244,256,0.14999999,10353.455467224121,-7.3333335,,146.9515,,,3442,6.1565084,-7.817032,242.17514,-4.490257,-0.2988415,13.250481,3175867,-3.8779228,21190.703,-0.6
0.14999999,0.7570777,-1.156326,922.702875399361,3.990932e-11,-13.250481,56.31393,3443,-3.783695,8.42407,,244,256,0.14999999,10357.663095712662,7.3333335,,146.9515,,,3443,6.1563263,6.4290195,249.71814,-4.490547,-0.52816474,13.250481,3176866,-3.7619655,21196.23,-0.73333335
0.14999999,1.1791104,-1.1563697,922.5885598141696,3.9886146e-11,-13.250481,56.07825,3444,-3.7837856,8.42407,2.1920288e-05,244,256,0.14999999,10361.6956782341,0.6666667,,146.9515,,,3444,6.1563697,0.5202295,747.0248,-4.4908376,-1.3066393,13.250481,3177395,-3.8419802,21202.537,-0.06666667
0.14999999,1.0972191,-1.1560415,922.610740203193,3.986299e-11,-13.250481,55.80372,3445,-3.7838738,8.42407,,244,256,0.14999999,10365.963351249695,-7.3333335,,146.9515,,,3445,6.1560416,-6.83284,321.8862,-4.491128,-0.025828954,13.250481,3178394,-4.214526,21207.562,0.46666667
0.14999999,1.0856922,-1.156272,922.6329077190946,3.983986e-11,-13.250481,55.62176,3446,-3.783918,8.42407,,244,256,0.14999999,10370.224436044693,-7.3333335,,146.9515,9.571102e-05,,3446,6.156272,-7.2795014,264.68155,-4.491418,-1.9505275,13.250481,3179393,-4.012407,21214.514,-0.06666667
0.14999999,1.3341092,-1.1559702,922.6550623730781,3.981675e-11,-13.250481,55.44504,3447,-3.7837672,8.42407,0.04130712,244,256,0.14999999,10374.605924606323,-0.6666667,,146.9515,,,3447,6.15597,-1.123061,544.28955,-4.4917083,-0.11577165,13.250481,3180392,-3.327683,21219.629,-0.46666667
0.14999999,0.8752971,-1.1557558,922.6772041763342,3.9793658e-11,-13.250481,55.44106,3448,-3.7836866,8.42407,2.2672303e-07,244,256,0.14999999,10378.948475599289,0.6666667,,146.9515,6.29579e-24,,3448,6.155756,1.2990468,393.7851,-4.4919863,-0.41672948,13.250481,3181391,-3.779697,21225.047,0.46666667
0.14999999,1.5774075,-1.1558312,922.6993331400406,3.9770583e-11,-13.250481,55.312157,3449,-3.7837863,8.42407,1.689748e-07,244,256,0.14999999,10383.27656507492,0.6666667,,146.9515,1.0601555e-09,,3449,6.1558313,0.19057554,677.5308,-4.492276,-1.4156424,13.250481,3182390,-3.983324,21231.46,-0.46666667
0.14999999,0.7150613,-1.1556469,922.7214492753624,3.974753e-11,-13.250481,55.24707,3450,-3.7836854,8.42407,,244,256,0.14999999,10387.619264364243,4.6666665,,146.9515,,,3450,6.155647,3.7610402,434.40363,-4.492566,-0.52033144,13.250481,3183389,-3.9409094,21236.982,-1.0
0.14999999,1.0189329,-1.1556863,922.7435525934512,3.97245e-11,-13.250481,54.98974,3451,-3.7837567,8.42407,,244,256,0.14999999,10391.978917837143,7.3333335,,146.9515,,,3451,6.1556864,6.9632363,281.0795,-4.492856,-1.2916394,13.250481,3184388,-3.725627,21243.273,-0.46666667
0.14999999,0.79001844,-1.1552781,922.6150057937427,3.970149e-11,-13.250481,54.93158,3452,-3.783755,8.42407,,244,256,0.14999999,10396.09714269638,-4.6666665,,146.9515,,,3452,6.155278,-4.837622,246.2677,-4.493146,0.25375384,13.250481,3184867,-3.7761252,21248.02,-0.33333334
0.14999999,1.3114552,-1.1549621,922.6371271358239,3.9678493e-11,-13.250481,54.747063,3453,-3.7838666,8.42407,,244,256,0.14999999,10400.537600755692,-7.3333335,,146.9515,,,3453,6.154962,-6.4558215,330.37555,-4.4934354,-0.064343326,13.250481,3185866,-3.9424913,21253.084,0.73333335
0.14999999,0.9926538,-1.1549505,922.6592356687898,3.9655522e-11,-13.250481,54.72541,3454,-3.7836626,8.42407,,244,256,0.14999999,10404.944198131561,4.6666665,,146.9515,,,3454,6.1549506,5.0334635,387.408,-4.493725,-1.1149069,13.250481,3186865,-3.3586006,21259.2,0.33333334
0.14999999,1.1339155,-1.1547959,922.6813314037627,3.963257e-11,-13.250481,54.722443,3455,-3.7836797,8.42407,,244,256,0.14999999,10409.344542264938,4.6666665,,146.9515,0.0015459872,,3455,6.1547956,4.2086434,340.75067,-4.4940143,-0.62080723,13.250481,3187864,-3.8101683,21264.82,-0.33333334
0.14999999,0.9344045,-1.1544962,922.5555555555555,3.960964e-11,-13.250481,54.713295,3456,-3.7837362,8.42407,,244,256,0.14999999,10413.298339605331,-4.6666665,,146.9515,,,3456,6.154496,-5.589534,580.1684,-4.4943037,-0.118997574,13.250481,3188352,-4.084918,21269.94,-1.0
0.14999999,0.9002847,-1.154387,922.5776684986982,3.9586726e-11,-13.250481,54.58614,3457,-3.783737,8.42407,,244,256,0.14999999,10417.61804986,7.3333335,,146.9515,,,3457,6.154387,6.957333,283.91827,-4.494593,-0.7771061,13.250481,3189351,-3.68588,21275.715,-0.2
0.14999999,0.9494955,-1.1541115,922.5133024869867,3.9563835e-11,-13.250481,54.35682,3458,-3.7837093,8.42407,2.6027834e-07,244,256,0.14999999,10421.622551441193,-0.6666667,,146.9515,,,3458,6.1541114,-1.525688,656.9713,-4.494882,-0.2015062,13.250481,3190051,-3.5675051,21280.918,-0.8666667
0.14999999,1.1890278,-1.1542768,922.5354148597861,3.954096e-11,-13.250481,54.335705,3459,-3.783913,8.42407,,244,256,0.14999999,10425.953197479248,7.3333335,,146.9515,,,3459,6.154277,7.989568,335.033,-4.4951715,-1.7261786,13.250481,3191050,-4.4015145,21287.645,0.73333335
0.14999999,0.9065793,-1.154505,922.5575144508671,3.9518108e-11,-13.250481,54.268932,3460,-3.7838805,8.42407,,244,256,0.14999999,10430.25547671318,7.3333335,,146.9515,7.4323616,,3460,6.154505,7.806074,265.19055,-4.4954605,-1.9435718,13.250481,3192049,-3.8351648,21294.588,0.2
0.14999999,0.92008066,-1.1537691,922.4102860444958,3.949528e-11,-13.250481,53.986275,3461,-3.7839398,8.42407,,244,256,0.14999999,10434.224634170532,8.666667,,146.9515,4.8289763e-15,,3461,6.153769,9.694615,831.18604,-4.4957495,1.3921661,13.250481,3192462,-3.879319,21298.195,1.0
0.14999999,1.2639302,-1.155358,922.4324090121318,3.9472463e-11,-13.250481,53.915165,3462,-3.7841258,8.42407,1.0653471e-12,244,256,0.14999999,10438.545908212662,0.6666667,,146.9515,,,3462,6.155358,-0.41194016,687.17566,-4.4960384,-6.6540213,13.250481,3193461,-4.287284,21309.85,-0.8666667
0.14999999,0.9629643,-1.1555297,922.4545192030032,3.944967e-11,-13.250481,53.89175,3463,-3.784383,8.42407,,244,256,0.14999999,10442.742215394974,-4.6666665,,146.9515,,,3463,6.15553,-5.3367596,358.2682,-4.4963274,-1.7505751,13.250481,3194460,-4.873765,21316.6,-0.6
0.14999999,1.1706566,-1.1554047,922.4766166281755,3.9426896e-11,-13.250481,53.82277,3464,-3.7844656,8.42407,,244,256,0.14999999,10447.100122451782,4.6666665,,146.9515,,,3464,6.1554046,4.0591817,341.2741,-4.496616,-0.7222509,13.250481,3195459,-4.0062656,21322.322,-0.6
0.14999999,1.0592586,-1.1553892,922.4987012987013,3.940414e-11,-13.250481,53.438816,3465,-3.7844996,8.42407,5.6258426,244,256,0.14999999,10451.36980509758,-0.6666667,,146.9515,,,3465,6.1553893,-0.73645467,665.6487,-4.4969044,-1.1015768,13.250481,3196458,-4.043985,21328.424,0.06666667
0.14999999,0.765263,-1.1550578,922.5207732256204,3.9381408e-11,-13.250481,53.35372,3466,-3.7845082,8.42407,4.4986132e-07,244,256,0.14999999,10455.614006519318,-0.6666667,,146.9515,2.5274614e-06,,3466,6.155058,-0.179236,566.4949,-4.4955707,-0.006767896,13.250481,3197457,-3.8291523,21333.43,0.8666667
0.14999999,1.0565405,-1.1550754,922.5428324199596,3.935869e-11,-13.250481,53.332325,3467,-3.7845428,8.42407,,244,256,0.14999999,10459.957476377487,-7.3333335,,146.9515,,,3467,6.1550756,-8.444866,321.24847,-4.495859,-1.216311,13.250481,3198456,-3.6430094,21339.646,-0.73333335
0.14999999,1.0995135,-1.1551311,922.5648788927335,3.9335996e-11,-13.250481,53.10018,3468,-3.7845948,8.42407,,244,256,0.14999999,10464.322430610657,4.6666665,,146.9515,,,3468,6.1551313,5.1216607,372.91,-4.4961476,-1.348165,13.250481,3199455,-3.998322,21345.994,0.6
0.14999999,1.0724056,-1.155032,922.5869126549438,3.9313323e-11,-13.250481,53.061184,3469,-3.7845821,8.42407,,244,256,0.14999999,10468.592364311218,-7.3333335,,146.9515,,,3469,6.155032,-7.8645735,297.1172,-4.496436,-0.81121963,13.250481,3200454,-3.814142,21351.807,-0.46666667
0.14999999,1.118079,-1.1548388,922.6089337175792,3.9290664e-11,-13.250481,52.867516,3470,-3.7845728,8.42407,1.0883552e-05,244,256,0.14999999,10472.890393972397,0.6666667,,146.9515,,,3470,6.1548386,0.80538964,637.2025,-4.496724,-0.48457175,13.250481,3201453,-3.8008764,21357.291,0.2
0.14999999,1.1437589,-1.1545354,922.6309420916162,3.926803e-11,-13.250481,52.85722,3471,-3.784642,8.42407,2.3473291,244,256,0.14999999,10477.14527964592,-0.6666667,,146.9515,1.5676554e-15,,3471,6.1545353,-0.94360065,699.52277,-4.497012,-0.10207102,13.250481,3202452,-4.095952,21362.393,-0.2
0.14999999,1.2762707,-1.1542174,922.6529377880184,3.9245412e-11,-13.250481,52.846527,3472,-3.7845364,8.42407,9.593029e-06,244,256,0.14999999,10481.574915885925,0.6666667,,146.9515,2.713583e-19,,3472,6.1542172,-0.015933871,421.0282,-4.4966245,-0.050334763,13.250481,3203451,-3.509489,21367.443,-0.2
0.14999999,1.1842524,-1.1540667,922.6749208177368,3.9222816e-11,-13.250481,52.74885,3473,-3.7848368,8.42407,,244,256,0.14999999,10485.976910114288,-4.6666665,,146.9515,,,3473,6.1540666,-4.882861,370.3441,-4.4969125,-0.6308449,13.250481,3204450,-5.0630507,21373.074,-0.06666667
0.14999999,0.92269546,-1.1537368,922.6968911917098,3.9200237e-11,-13.250481,52.74228,3474,-3.7848387,8.42407,,244,256,0.14999999,10490.266194820404,4.6666665,,146.9515,,,3474,6.153737,4.578011,360.3454,-4.4972005,-0.0075861653,13.250481,3205449,-3.940984,21378.082,0.06666667
0.14999999,1.2259338,-1.153408,922.7188489208634,3.9177682e-11,-13.250481,52.66369,3475,-3.7848675,8.42407,,244,256,0.14999999,10494.487158536911,-8.666667,,146.9515,,,3475,6.153408,-8.068068,1811.8485,-4.497488,-0.011501941,13.250481,3206448,-3.787211,21383.094,1.0
0.14999999,1.3518091,-1.1539841,922.7407940161105,3.915514e-11,-13.250481,52.58828,3476,-3.7857773,8.42407,0.5723234,244,256,0.14999999,10498.956110239029,-0.6666667,,146.9515,,,3476,6.153984,-0.20771492,583.38165,-4.497776,-3.1558993,13.250481,3207447,-7.042297,21391.248,0.33333334
0.14999999,0.598448,-1.1537293,922.762726488352,3.9132624e-11,-13.250481,52.50564,3477,-3.7860537,8.42407,,244,256,0.14999999,10503.29135274887,-8.666667,,146.9515,,,3477,6.1537294,-8.492021,331.83835,-4.4978986,-0.26809645,13.250481,3208446,-5.0437455,21396.518,0.2
0.14999999,0.9786248,-1.1533984,922.7846463484761,3.911012e-11,-13.250481,52.42617,3478,-3.7859952,8.42407,,244,256,0.14999999,10507.578707695007,-7.3333335,,146.9515,4.9511582e-21,,3478,6.1533985,-6.5395837,553.2048,-4.4981866,-0.0026841739,13.250481,3209445,-3.1705122,21401.52,1.0
0.14999999,1.2600696,-1.1541127,922.8065536073584,3.9087643e-11,-13.250481,52.30211,3479,-3.7860692,8.42407,0.0016909095,244,256,0.14999999,10512.020604848862,-0.6666667,,146.9515,,,3479,6.154113,-1.4705571,731.5812,-4.4984736,-3.6386716,13.250481,3210444,-3.9899006,21410.158,-0.6
0.14999999,0.8702686,-1.1541067,922.8284482758621,3.906518e-11,-13.250481,52.15337,3480,-3.7859733,8.42407,,244,256,0.14999999,10516.397260189056,-4.6666665,,146.9515,,,3480,6.1541066,-4.2413526,390.6789,-4.4987607,-1.1330994,13.250481,3211443,-3.6572325,21416.291,0.73333335
0.14999999,0.99376243,-1.1541425,922.8503303648376,3.904274e-11,-13.250481,52.135662,3481,-3.7860618,8.42407,,244,256,0.14999999,10520.676142930984,-7.3333335,,146.9515,,,3481,6.1541424,-8.095857,461.38245,-4.499048,-1.2787212,13.250481,3212442,-3.9423149,21422.57,-1.0
0.14999999,1.1807582,-1.1543101,922.8721998851235,3.9020318e-11,-13.250481,52.0317,3482,-3.7859833,8.42407,,244,256,0.14999999,10525.045145273209,-4.6666665,,146.9515,,,3482,6.15431,-4.3543115,373.74652,-4.4993353,-1.7376037,13.250481,3213441,-3.4711578,21429.309,0.33333334
0.14999999,1.6611532,-1.1541015,922.8940568475452,3.8997916e-11,-13.250481,51.995346,3483,-3.7859867,8.42407,6.9210113e-09,244,256,0.14999999,10529.351935386658,0.6666667,,146.9515,,,3483,6.1541014,0.12212813,759.4436,-4.4996223,-0.42754275,13.250481,3214440,-3.9456778,21434.734,-0.6
0.14999999,0.97709256,-1.1540158,922.9159012629162,3.897553e-11,-13.250481,51.990414,3484,-3.7857764,8.42407,1.0106687e-08,244,256,0.14999999,10533.737399101257,0.6666667,,146.9515,1.3035341e-12,,3484,6.1540155,1.0543512,537.0808,-4.4999094,-0.8558288,13.250481,3215439,-3.6360984,21440.592,0.6
0.14999999,0.81864876,-1.1540533,922.9377331420374,3.8953164e-11,-13.250481,51.70118,3485,-3.7862563,8.42407,,244,256,0.14999999,10538.035091161728,4.6666665,,146.9515,,,3485,6.154053,5.700033,539.6719,-4.5001965,-1.2850531,13.250481,3216438,-5.405238,21446.875,1.0
0.14999999,1.3887838,-1.1555847,922.959552495697,3.893082e-11,-13.250481,51.696163,3486,-3.7864375,8.42407,0.0024734722,244,256,0.14999999,10542.416846513748,-0.6666667,,146.9515,,,3486,6.155585,-0.11398959,537.9912,-4.5004835,-6.4923835,13.250481,3217437,-4.1984973,21458.37,0.6
0.14999999,1.0506103,-1.1555295,922.9813593346717,3.8908494e-11,-13.250481,51.681736,3487,-3.7864013,8.42407,,244,256,0.14999999,10546.777854204178,8.666667,,146.9515,,,3487,6.1555295,8.088441,561.0945,-4.5007696,-0.96293044,13.250481,3218436,-3.9875417,21464.332,-0.46666667
0.14999999,1.1668721,-1.1549281,922.8325688073395,3.8886196e-11,-13.250481,51.608456,3488,-3.7863588,8.42407,1.8493167e-12,244,256,0.14999999,10550.862993478775,0.6666667,,146.9515,,,3488,6.154928,1.5136268,809.4572,-4.501056,0.9422068,13.250481,3218840,-3.6480844,21468.389,0.8666667
0.14999999,1.9799814,-1.1551127,922.8543995414159,3.886391e-11,-13.250481,51.566296,3489,-3.7862566,8.42407,,244,256,0.14999999,10555.13051867485,-8.666667,,146.9515,,,3489,6.1551127,-9.723991,1773.1731,-4.501343,-1.7991295,13.250481,3219839,-3.539577,21475.188,-1.0
0.14999999,1.0396284,-1.1554749,922.876217765043,3.8841638e-11,-13.250481,51.334873,3490,-3.7862358,8.42407,,244,256,0.14999999,10559.520224809647,-4.6666665,,146.9515,,,3490,6.1554747,-3.6474795,648.0152,-4.5016294,-2.4193075,13.250481,3220838,-4.495563,21482.607,1.0
0.14999999,1.0967296,-1.1561142,922.8980234889716,3.8819392e-11,-13.250481,51.316273,3491,-3.7862232,8.42407,,244,256,0.14999999,10563.937636375427,8.666667,,146.9515,,,3491,6.156114,7.3641486,1169.283,-4.501916,-3.3870356,13.250481,3221837,-3.7328556,21490.994,-1.0
0.14999999,0.89652467,-1.1546495,922.7081901489119,3.879716e-11,-13.250481,50.904377,3492,-3.786451,8.42407,,244,256,0.14999999,10567.82973074913,7.3333335,,146.9515,1.0539482e-12,,3492,6.1546497,5.987458,381.91498,-4.5022025,3.9584785,13.250481,3222097,-4.6024723,21492.035,-1.0
0.14999999,0.875767,-1.1540574,922.5379330088749,3.8774945e-11,-13.250481,50.82171,3493,-3.7865837,8.42407,,244,256,0.14999999,10571.726288318634,-4.6666665,,146.9515,,,3493,6.1540575,-5.366936,291.5529,-4.5024886,0.9135826,13.250481,3222425,-4.123149,21496.123,-0.73333335
0.14999999,1.1481489,-1.1539901,922.5598168288494,3.8752758e-11,-13.250481,50.646442,3494,-3.7866538,8.42407,,244,256,0.14999999,10576.052856445312,4.6666665,,146.9515,,,3494,6.1539903,3.7354646,350.9035,-4.502775,-0.91914344,13.250481,3223424,-3.8905182,21502.041,-0.73333335
0.14999999,0.7859724,-1.1541448,922.5816881258942,3.8730585e-11,-13.250481,50.610588,3495,-3.7866662,8.42407,,244,256,0.14999999,10580.510915994644,-7.3333335,,146.9515,,,3495,6.154145,-7.540596,294.77997,-4.5030613,-1.6939957,13.250481,3224423,-3.948092,21508.736,0.2
0.14999999,1.0493814,-1.153815,922.6035469107552,3.870843e-11,-13.250481,50.59125,3496,-3.786755,8.42407,,244,256,0.14999999,10584.862302780151,-7.3333335,,146.9515,41.96754,,3496,6.1538153,-7.538097,281.4376,-4.5033474,-0.0018985256,13.250481,3225422,-3.8720324,21513.738,-0.2
0.14999999,0.8629836,-1.1535046,922.6253931941665,3.8686294e-11,-13.250481,50.583748,3497,-3.786725,8.42407,,244,256,0.14999999,10589.289773225784,7.3333335,,146.9515,,,3497,6.1535044,6.709076,251.24911,-4.503633,-0.06797022,13.250481,3226421,-3.7146034,21518.805,-0.6
0.14999999,0.6869384,-1.1533791,922.576901086335,3.866418e-11,-13.250481,50.452217,3498,-3.7867038,8.42407,,244,256,0.14999999,10593.583194255829,8.666667,,146.9515,4.6611082e-30,,3498,6.153379,9.41506,599.1355,-4.503919,-0.7146463,13.250481,3227174,-3.5588744,21524.52,0.6
0.14999999,1.148419,-1.1534303,922.5987424978565,3.8642083e-11,-13.250481,50.392166,3499,-3.7871468,8.42407,,244,256,0.14999999,10597.91405248642,-8.666667,,146.9515,,,3499,6.1534305,-8.970994,791.47156,-4.5042048,-1.3326492,13.250481,3228173,-5.001717,21530.854,-0.2
0.14999999,0.82560986,-1.1531432,922.6205714285715,3.8620003e-11,-13.250481,50.306564,3500,-3.7872474,8.42407,,244,256,0.14999999,10602.340778827667,-8.666667,,146.9515,9.023896e-05,,3500,6.153143,-8.012711,473.65402,-4.504491,-0.14799066,13.250481,3229172,-4.2342863,21536.0,0.6
0.14999999,0.896996,-1.1530783,922.6423878891745,3.8597944e-11,-13.250481,50.068188,3501,-3.7871735,8.42407,9.987412e-10,244,256,0.14999999,10606.929680585861,-0.6666667,,146.9515,,,3501,6.153078,-1.6018357,462.0511,-4.5047765,-0.92626536,13.250481,3230171,-3.3302598,21541.928,-1.0
0.14999999,1.3588845,-1.1531038,922.6641918903483,3.8575906e-11,-13.250481,50.00074,3502,-3.7871373,8.42407,,244,256,0.14999999,10611.194572925568,7.3333335,,146.9515,,,3502,6.153104,8.067959,291.44058,-4.505062,-1.2422119,13.250481,3231170,-3.5231488,21548.17,0.46666667
0.14999999,1.2299656,-1.153471,922.6859834427634,3.8553882e-11,-13.250481,49.87883,3503,-3.7870414,8.42407,,244,256,0.14999999,10615.490677118301,-7.3333335,,146.9515,,,3503,6.153471,-6.4153123,309.75647,-4.5053477,-2.4393783,13.250481,3232169,-3.778732,21555.61,0.6
0.14999999,1.1927927,-1.1534257,922.7077625570777,3.853188e-11,-13.250481,49.87667,3504,-3.7868774,8.42407,,244,256,0.14999999,10620.018263339996,4.6666665,,146.9515,,,3504,6.1534257,4.4891386,320.84998,-4.505633,-0.9949428,13.250481,3233168,-3.412328,21561.604,-0.2
0.14999999,1.1835369,-1.153137,922.7112696148359,3.8509897e-11,-13.250481,49.774525,3505,-3.7868598,8.42407,,244,256,0.14999999,10624.305250167847,-8.666667,,146.9515,,,3505,6.153137,-8.90042,899.29443,-4.5059185,-0.14116941,13.250481,3234103,-3.8871324,21566.744,-0.46666667
0.14999999,1.0633947,-1.1529005,922.7330290929834,3.848793e-11,-13.250481,49.76825,3506,-3.786669,8.42407,4.0890545e-15,244,256,0.14999999,10628.792864084244,0.6666667,,146.9515,,,3506,6.1529007,-0.48220152,632.5634,-4.5062037,-0.32408118,13.250481,3235102,-3.2409678,21572.068,-1.0
0.14999999,1.2206112,-1.1531309,922.7547761619618,3.8465987e-11,-13.250481,49.62224,3507,-3.787025,8.42407,,244,256,0.14999999,10633.18936753273,7.3333335,,146.9515,,,3507,6.153131,8.137188,549.4137,-4.506489,-1.9611902,13.250481,3236101,-5.0433035,21579.03,1.0
0.14999999,0.9276,-1.153946,922.7765108323831,3.8444057e-11,-13.250481,49.605515,3508,-3.7869427,8.42407,,244,256,0.14999999,10637.623064994812,4.6666665,,146.9515,,,3508,6.153946,5.643549,282.132,-4.506774,-4.0126214,13.250481,3237100,-3.6702929,21588.043,0.73333335
0.14999999,0.78183013,-1.1549511,922.7982331148476,3.842215e-11,-13.250481,49.5909,3509,-3.787043,8.42407,,244,256,0.14999999,10641.956423997879,7.3333335,,146.9515,,,3509,6.154951,6.954066,242.94199,-4.5070586,-4.6806364,13.250481,3238099,-4.0494914,21597.723,-0.06666667
0.14999999,1.1831889,-1.1546569,922.7680911680911,3.8400262e-11,-13.250481,49.56289,3510,-3.786987,8.42407,,244,256,0.14999999,10646.119311332703,-4.6666665,,146.9515,,,3510,6.154657,-4.316196,348.29117,-4.507344,-0.12242036,13.250481,3238916,-3.3568945,21602.846,0.2
0.14999999,1.0825359,-1.1544479,922.7898034747935,3.8378387e-11,-13.250481,49.469994,3511,-3.7869554,8.42407,,244,256,0.14999999,10650.42025232315,8.666667,,146.9515,,,3511,6.154448,8.561534,588.6209,-4.5076284,-0.42049906,13.250481,3239915,-3.8307576,21608.266,0.06666667
0.14999999,1.0979033,-1.1539941,922.6773917995445,3.8356537e-11,-13.250481,49.425983,3512,-3.7869318,8.42407,,244,256,0.14999999,10654.60243844986,8.666667,,146.9515,0.06070613,,3512,6.153994,7.588425,431.94955,-4.5079136,0.43935147,13.250481,3240443,-3.745925,21612.828,-0.73333335
0.14999999,0.95214283,-1.153679,922.537147736977,3.8334703e-11,-13.250481,49.283264,3513,-3.7867236,8.42407,,244,256,0.14999999,10658.831843852997,-4.6666665,,146.9515,,,3513,6.153679,-5.137658,326.80942,-4.5081983,-0.04771249,13.250481,3240873,-3.1188803,21617.875,-0.2
0.14999999,0.9320065,-1.1534176,922.5589072282299,3.8312888e-11,-13.250481,49.25188,3514,-3.786772,8.42407,,244,256,0.14999999,10663.43750834465,-4.6666665,,146.9515,2.2685335e-06,,3514,6.1534176,-3.7331681,346.09244,-4.508483,-0.23492621,13.250481,3241872,-3.8895292,21623.11,0.6
0.14999999,1.0910157,-1.1536376,922.580654338549,3.829109e-11,-13.250481,49.179592,3515,-3.7867475,8.42407,,244,256,0.14999999,10667.711482286453,7.3333335,,146.9515,,,3515,6.153638,6.9189897,240.09537,-4.508767,-1.9266897,13.250481,3242871,-3.6096883,21630.035,-0.33333334
0.14999999,0.8695335,-1.1530721,922.4476678043231,3.8269315e-11,-13.250481,49.17978,3516,-3.7865922,8.42407,,244,256,0.14999999,10671.651479005814,4.6666665,,146.9515,,,3516,6.1530724,4.5979476,302.3632,-4.509052,0.8344648,13.250481,3243326,-3.3103917,21634.201,0.2
0.14999999,0.79013425,-1.1527466,922.4489621836793,3.8247554e-11,-13.250481,49.012146,3517,-3.7866333,8.42407,,244,256,0.14999999,10675.886772632599,4.6666665,,146.9515,1.7281002e-06,,3517,6.1527467,3.5004857,380.85458,-4.509336,-0.007839453,13.250481,3244253,-3.7835336,21639.209,-1.0
0.14999999,0.84807914,-1.1529002,922.3428084138715,3.822581e-11,-13.250481,48.76674,3518,-3.7866936,8.42407,,244,256,0.14999999,10679.97938323021,-4.6666665,,146.9515,,,3518,6.1529,-5.703726,505.30948,-4.50962,-1.693661,13.250481,3244802,-3.7680426,21645.902,-1.0
0.14999999,0.5911257,-1.1531525,922.364592213697,3.820409e-11,-13.250481,48.71654,3519,-3.7868347,8.42407,,244,256,0.14999999,10684.217342853546,-8.666667,,146.9515,,,3519,6.1531525,-8.269617,349.76538,-4.5099044,-2.0401595,13.250481,3245801,-4.1005974,21652.943,0.33333334
0.14999999,0.8526195,-1.1531223,922.3863636363636,3.8182384e-11,-13.250481,48.664845,3520,-3.7873254,8.42407,,244,256,0.14999999,10688.586446523666,7.3333335,,146.9515,,,3520,6.1531224,7.5525756,241.47452,-4.5101886,-1.0470126,13.250481,3246800,-5.097724,21658.99,0.2
0.14999999,1.0190029,-1.1528517,922.4081226924169,3.81607e-11,-13.250481,48.592487,3521,-3.7873058,8.42407,,244,256,0.14999999,10692.912541866302,8.666667,,146.9515,3.4424193e-17,,3521,6.1528516,8.333325,496.47086,-4.510473,-0.20032473,13.250481,3247799,-3.5571296,21664.191,-0.2
0.14999999,0.7617962,-1.1521761,922.2651902328223,3.8139034e-11,-13.250481,48.38949,3522,-3.7872162,8.42407,,244,256,0.14999999,10696.804967880249,-8.666667,,146.9515,,,3522,6.152176,-9.091922,288.95258,-4.510757,1.2266363,13.250481,3248218,-3.4587252,21667.965,-0.73333335
0.14999999,0.6626875,-1.152048,922.2869713312517,3.8117384e-11,-13.250481,48.269753,3523,-3.7871332,8.42407,,244,256,0.14999999,10701.111588954926,-8.666667,,146.9515,0.016715286,,3523,6.152048,-8.458771,271.40234,-4.5110407,-0.70104825,13.250481,3249217,-3.2419493,21673.666,0.06666667
0.14999999,1.269695,-1.1517408,922.3087400681044,3.8095756e-11,-13.250481,48.264618,3524,-3.787137,8.42407,,244,256,0.14999999,10705.38889336586,-8.666667,,146.9515,0.0027954006,,3524,6.151741,-8.131592,1220.3385,-4.5113244,-0.06913592,13.250481,3250216,-3.449994,21678.734,0.8666667
0.14999999,0.8170462,-1.1518872,922.3304964539008,3.807414e-11,-13.250481,48.243004,3525,-3.7874115,8.42407,,244,256,0.14999999,10709.717627048492,8.666667,,146.9515,,,3525,6.151887,9.23865,440.53516,-4.511608,-1.6680514,13.250481,3251215,-4.935556,21685.402,0.33333334
0.14999999,0.9956341,-1.151892,922.3522404991492,3.8052547e-11,-13.250481,48.170994,3526,-3.7876852,8.42407,,244,256,0.14999999,10714.159876346588,-7.3333335,,146.9515,,,3526,6.1518917,-7.697505,283.3113,-4.511892,-1.1688058,13.250481,3252214,-4.552369,21691.57,-0.8666667
0.14999999,1.1172314,-1.1517317,922.3739722143465,3.8030974e-11,-13.250481,48.135498,3527,-3.7875824,8.42407,3.1628828e-05,244,256,0.14999999,10718.5204372406,-0.6666667,,146.9515,,,3527,6.1517315,-1.4847383,472.53848,-4.5121756,-0.58659357,13.250481,3253213,-3.3986378,21697.158,-0.73333335
0.14999999,1.1023899,-1.1518445,922.3956916099773,3.800942e-11,-13.250481,48.01374,3528,-3.7876682,8.42407,,244,256,0.14999999,10722.958228588104,-7.3333335,,146.9515,,,3528,6.1518445,-7.7777042,229.92972,-4.512459,-1.5498275,13.250481,3254212,-4.175468,21703.707,-0.33333334
0.14999999,0.96127385,-1.1516961,922.4173986965146,3.798788e-11,-13.250481,47.991642,3529,-3.7875552,8.42407,5.480358,244,256,0.14999999,10727.326212406158,-0.6666667,,146.9515,,,3529,6.151696,-0.694999,360.73187,-4.5127425,-0.6281661,13.250481,3255211,-3.4736865,21709.336,-0.06666667
0.14999999,1.1169242,-1.1513753,922.4390934844192,3.796636e-11,-13.250481,47.990566,3530,-3.7876508,8.42407,2.2377348e-05,244,256,0.14999999,10731.5391330719,0.6666667,,146.9515,7.674911e-14,,3530,6.1513753,0.7062336,541.52423,-4.5114737,-0.01918179,13.250481,3256210,-4.061448,21714.355,-0.06666667
0.14999999,0.77350444,-1.1510524,922.4607759841405,3.794486e-11,-13.250481,47.96334,3531,-3.7876625,8.42407,,244,256,0.14999999,10736.082645893097,-7.3333335,,146.9515,,,3531,6.1510525,-7.4728155,222.23993,-4.511757,-0.010756036,13.250481,3257209,-3.908393,21719.365,0.33333334
0.14999999,0.9192326,-1.1508274,922.4824462061155,3.7923373e-11,-13.250481,47.94288,3532,-3.7877364,8.42407,5.0217066e-05,244,256,0.14999999,10740.456098079681,-0.6666667,,146.9515,,,3532,6.1508274,-0.17637599,492.14172,-4.51204,-0.35670513,13.250481,3258208,-3.8146434,21724.723,0.73333335
0.14999999,0.90972275,-1.1509135,922.5041041607699,3.790191e-11,-13.250481,47.840687,3533,-3.7876894,8.42407,2.2408216e-38,244,256,0.14999999,10744.826279640198,-2.0,,146.9515,1.5810949e-13,,3533,6.1509132,-0.93214744,449.37305,-4.5123234,-1.4547818,13.250481,3259207,-3.5135512,21731.178,1.0
0.14999999,0.7688791,-1.151761,922.5257498585173,3.7880463e-11,-13.250481,47.82823,3534,-3.7877953,8.42407,,244,256,0.14999999,10749.260895729065,7.3333335,,146.9515,,,3534,6.151761,6.594796,214.72354,-4.512606,-4.146664,13.250481,3260206,-4.0373797,21740.324,-0.73333335
0.14999999,1.4075418,-1.1517656,922.5437057991513,3.7859035e-11,-13.250481,47.794197,3535,-3.7878115,8.42407,1.294028e-10,244,256,0.14999999,10753.700917243958,0.6666667,,146.9515,,,3535,6.151766,-0.17489165,569.4333,-4.5128894,-1.1672097,13.250481,3261192,-3.604817,21746.492,-0.73333335
0.14999999,1.1594719,-1.1517973,922.5653280542987,3.7837625e-11,-13.250481,47.710217,3536,-3.7878027,8.42407,1.1064045e-05,244,256,0.14999999,10758.156284332275,0.6666667,,146.9515,2.1538727e-07,,3536,6.1517973,0.813856,532.10443,-4.513172,-1.2644815,13.250481,3262191,-4.1097255,21752.756,0.2
0.14999999,1.202366,-1.1515595,922.5869380831213,3.7816233e-11,-13.250481,47.631817,3537,-3.7880914,8.42407,2.7069871,244,256,0.14999999,10762.619241952896,-0.6666667,,146.9515,5.304373e-11,,3537,6.1515594,-0.55846035,484.52054,-4.513455,-0.31047592,13.250481,3263190,-4.928213,21758.066,0.2
0.14999999,1.2589061,-1.1513538,922.6085358959864,3.779486e-11,-13.250481,47.559837,3538,-3.7879777,8.42407,,244,256,0.14999999,10767.034879207611,7.3333335,,146.9515,,,3538,6.151354,7.818387,306.95532,-4.5129724,-0.4242189,13.250481,3264189,-3.5453362,21763.49,0.73333335
0.14999999,1.1293961,-1.1513456,922.6301215032495,3.7773503e-11,-13.250481,47.55717,3539,-3.7878418,8.42407,0.4710624,244,256,0.14999999,10771.429493188858,-0.6666667,,146.9515,,,3539,6.1513457,-1.3414221,547.568,-4.513255,-1.121902,13.250481,3265188,-3.5365605,21769.611,-0.33333334
0.14999999,0.93561983,-1.1511829,922.6516949152542,3.7752163e-11,-13.250481,47.540867,3540,-3.7877316,8.42407,,244,256,0.14999999,10775.761774301529,-7.3333335,,146.9515,,,3540,6.151183,-7.5073996,246.78917,-4.5134044,-0.5755084,13.250481,3266187,-3.4881785,21775.188,0.06666667
0.14999999,0.60385627,-1.1508882,922.6732561423327,3.7730843e-11,-13.250481,47.492496,3541,-3.787688,8.42407,,244,256,0.14999999,10780.183339357376,8.666667,,146.9515,,,3541,6.1508884,9.750456,399.50613,-4.513687,-0.10736077,13.250481,3267186,-3.5524032,21780.295,0.8666667
0.14999999,1.319068,-1.1516762,922.6948051948052,3.770954e-11,-13.250481,47.438633,3542,-3.7881825,8.42407,1.927254e-06,244,256,0.14999999,10784.550820112228,0.6666667,,146.9515,,,3542,6.151676,0.3833088,432.72552,-4.5139694,-3.942134,13.250481,3268185,-5.128999,21789.236,-0.33333334
0.14999999,0.8133352,-1.1513741,922.7163420829805,3.768826e-11,-13.250481,47.42877,3543,-3.7882593,8.42407,1.8941972e-09,244,256,0.14999999,10789.082816123962,-0.6666667,,146.9515,6.223029e-26,,3543,6.151374,0.44355708,500.50598,-4.5142517,-0.081222594,13.250481,3269184,-4.339975,21794.318,1.0
0.14999999,0.9215793,-1.1522609,922.7378668171558,3.766699e-11,-13.250481,47.33977,3544,-3.7885795,8.42407,3.7577485e-34,244,256,0.14999999,10793.470086097717,-2.0,,146.9515,,,3544,6.152261,-2.7799318,355.49744,-4.514534,-4.294538,13.250481,3270183,-4.6999083,21803.613,-0.73333335
0.14999999,1.1128706,-1.1523105,922.7593794076164,3.7645744e-11,-13.250481,47.198128,3545,-3.7886243,8.42407,,244,256,0.14999999,10797.882055997849,-7.3333335,,146.9515,,,3545,6.1523104,-6.832313,314.0325,-4.514816,-1.3277836,13.250481,3271182,-3.8483644,21809.941,0.8666667
0.14999999,1.0667706,-1.1524795,922.7808798646362,3.7624515e-11,-13.250481,47.114273,3546,-3.7886384,8.42407,,244,256,0.14999999,10802.123127937317,4.6666665,,146.9515,,,3546,6.1524796,4.109793,303.9355,-4.515098,-1.7517296,13.250481,3272181,-3.9229088,21816.691,-0.46666667
0.14999999,1.13557,-1.1522828,922.7504933746828,3.7603302e-11,-13.250481,47.033195,3547,-3.7885714,8.42407,2.0599264e-10,244,256,0.14999999,10806.50028014183,0.6666667,,146.9515,,,3547,6.1522827,1.57889,526.8628,-4.51538,-0.45488504,13.250481,3272996,-3.5941446,21822.146,0.73333335
0.14999999,0.8329454,-1.1529707,922.7719842164599,3.7582108e-11,-13.250481,47.018696,3548,-3.7886062,8.42407,,244,256,0.14999999,10810.77643942833,-4.6666665,,146.9515,,,3548,6.152971,-5.0584993,213.80505,-4.5156617,-3.5927234,13.250481,3273995,-4.010413,21830.74,-0.33333334
0.14999999,1.006482,-1.1528236,922.7934629473091,3.7560934e-11,-13.250481,46.95631,3549,-3.7886002,8.42407,,244,256,0.14999999,10815.108545064926,8.666667,,146.9515,,,3549,6.1528234,8.142637,462.93054,-4.5159435,-0.63095224,13.250481,3274994,-3.58813,21836.371,-0.46666667
0.14999999,1.0044074,-1.1524892,922.6667605633803,3.7539777e-11,-13.250481,46.84435,3550,-3.7886634,8.42407,2.3228584e-07,244,256,0.14999999,10819.221347808838,0.6666667,,146.9515,,,3550,6.152489,1.3016549,415.8406,-4.5162253,0.03447984,13.250481,3275467,-3.99026,21841.336,0.46666667
0.14999999,1.0055101,-1.1526351,922.6882568290622,3.7518634e-11,-13.250481,46.828457,3551,-3.788711,8.42407,,244,256,0.14999999,10823.664869070053,8.666667,,146.9515,,,3551,6.152635,7.6800857,887.8062,-4.516507,-1.6708398,13.250481,3276466,-3.9380121,21848.008,-1.0
0.14999999,1.1103472,-1.1508074,922.500563063063,3.7497512e-11,-13.250481,46.77969,3552,-3.7886992,8.42407,,244,256,0.14999999,10827.620775699615,-4.6666665,,146.9515,,,3552,6.1508074,-4.696449,304.88306,-4.5167885,5.339305,13.250481,3276722,-3.70225,21847.668,0.06666667
0.14999999,0.9972206,-1.1504852,922.5220940050662,3.7476407e-11,-13.250481,46.7752,3553,-3.7886834,8.42407,,244,256,0.14999999,10831.989684581757,4.6666665,,146.9515,,,3553,6.150485,5.2355204,314.15454,-4.5170703,-0.005629019,13.250481,3277721,-3.8186536,21852.674,0.33333334
0.14999999,1.2009681,-1.1503257,922.5436128306134,3.745532e-11,-13.250481,46.711884,3554,-3.788731,8.42407,,244,256,0.14999999,10836.272371768951,4.6666665,,146.9515,1.5030849,,3554,6.150326,4.60151,311.92255,-4.5173516,-0.58383745,13.250481,3278720,-3.9348304,21858.258,-0.06666667
0.14999999,1.2628099,-1.1499999,922.4872011251758,3.743425e-11,-13.250481,46.693558,3555,-3.7886977,8.42407,,244,256,0.14999999,10840.541116714478,-6.0,,146.9515,,,3555,6.1499996,-6.816945,340.31906,-4.517633,0.008116422,13.250481,3279442,-3.836596,21863.25,-0.73333335
0.14999999,1.3539091,-1.1500596,922.5087176602925,3.74132e-11,-13.250481,46.69012,3556,-3.7886455,8.42407,3.222861e-29,244,256,0.14999999,10845.013847589493,-2.0,,146.9515,,,3556,6.1500597,-1.7224444,334.6364,-4.5179143,-1.362448,13.250481,3280441,-3.8299494,21869.611,0.2
0.14999999,0.9631725,-1.149739,922.5302220972729,3.7392166e-11,-13.250481,46.674553,3557,-3.7885306,8.42407,,244,256,0.14999999,10849.441016197205,2.0,,146.9515,,,3557,6.1497393,2.4252658,331.80035,-4.518195,-0.010084287,13.250481,3281440,-3.7006707,21874.621,0.2
0.14999999,0.61678624,-1.1496787,922.5517144463181,3.737115e-11,-13.250481,46.528534,3558,-3.7885756,8.42407,,244,256,0.14999999,10853.931041955948,-6.0,,146.9515,,,3558,6.1496787,-6.218929,256.919,-4.5184765,-0.9346881,13.250481,3282439,-3.8870904,21880.557,-0.2
0.14999999,1.4702287,-1.1494213,922.5731947176173,3.735015e-11,-13.250481,46.511986,3559,-3.788654,8.42407,0.056960218,244,256,0.14999999,10858.310988664627,-0.6666667,,146.9515,,,3559,6.149421,-0.04649669,577.5451,-4.5187573,-0.2338966,13.250481,3283438,-3.6720946,21885.791,0.46666667
0.14999999,0.8118693,-1.149466,922.5946629213483,3.732917e-11,-13.250481,46.502346,3560,-3.7885492,8.42407,,244,256,0.14999999,10862.744580507278,-6.0,,146.9515,,,3560,6.149466,-6.0011845,346.68988,-4.5190225,-1.3088008,13.250481,3284437,-3.8260338,21892.1,0.2
0.14999999,0.83165175,-1.1491675,922.6161190676776,3.730821e-11,-13.250481,46.38196,3561,-3.7886944,8.42407,,244,256,0.14999999,10867.1668343544,-6.0,,146.9515,0.19166511,,3561,6.1491675,-5.052314,361.48193,-4.5193033,-0.086472,13.250481,3285436,-4.101579,21897.186,0.73333335
0.14999999,0.8962803,-1.1500913,922.6375631667603,3.7287264e-11,-13.250481,46.284954,3562,-3.7888722,8.42407,2.988294e-32,244,256,0.14999999,10871.493316173553,-2.0,,146.9515,,,3562,6.150091,-1.3441849,335.27847,-4.519584,-4.439236,13.250481,3286435,-4.231394,21906.625,0.6
0.14999999,1.0680867,-1.1500839,922.6589952287399,3.7266336e-11,-13.250481,46.28084,3563,-3.78892,8.42407,,244,256,0.14999999,10875.913805007935,-4.6666665,,146.9515,,,3563,6.150084,-5.438102,309.4646,-4.5198646,-1.1239061,13.250481,3287434,-3.833362,21912.75,-0.6
0.14999999,1.6570904,-1.1501346,922.6804152637486,3.724543e-11,-13.250481,46.171215,3564,-3.7888904,8.42407,,244,256,0.14999999,10880.27626824379,-8.666667,,146.9515,,,3564,6.1501346,-9.861599,1186.1719,-4.5201454,-1.330675,13.250481,3288433,-3.7237854,21919.08,-1.0
0.14999999,1.1255378,-1.1504185,922.7018232819074,3.7224536e-11,-13.250481,46.1715,3565,-3.7890608,8.42407,7.792113e-15,244,256,0.14999999,10884.683121919632,0.6666667,,146.9515,,,3565,6.1504183,1.7076467,654.0363,-4.520426,-2.1627886,13.250481,3289432,-4.9366627,21926.242,1.0
0.14999999,0.877401,-1.1514702,922.7232192933259,3.720366e-11,-13.250481,46.14661,3566,-3.7891567,8.42407,,244,256,0.14999999,10889.199182987213,7.3333335,,146.9515,,,3566,6.15147,6.36505,351.09433,-4.520706,-4.900301,13.250481,3290431,-4.1978583,21936.143,-1.0
0.14999999,1.0863904,-1.1514515,922.5968601065321,3.7182805e-11,-13.250481,46.076107,3567,-3.7891552,8.42407,,244,256,0.14999999,10893.314531564713,-4.6666665,,146.9515,,,3567,6.1514516,-3.7887545,322.05753,-4.5209866,-1.0849317,13.250481,3290903,-3.6404634,21942.227,0.46666667
0.14999999,1.0673016,-1.1518179,922.618273542601,3.7161964e-11,-13.250481,46.060722,3568,-3.789123,8.42407,,244,256,0.14999999,10897.780095338821,2.0,,146.9515,,,3568,6.151818,3.027578,347.5721,-4.521267,-2.4589636,13.250481,3291902,-3.734292,21949.688,0.73333335
0.14999999,0.83756864,-1.1520122,922.6396749789857,3.7141144e-11,-13.250481,46.060436,3569,-3.78908,8.42407,,244,256,0.14999999,10902.19336271286,-8.666667,,146.9515,,,3569,6.1520123,-8.699111,261.83517,-4.5215473,-1.8451257,13.250481,3292901,-3.672584,21956.531,-0.06666667
0.14999999,1.0462704,-1.1516911,922.6610644257703,3.7120335e-11,-13.250481,45.932087,3570,-3.7891004,8.42407,,244,256,0.14999999,10906.461992263794,6.0,,146.9515,,,3570,6.151691,6.641324,345.7403,-4.521827,-0.0053121997,13.250481,3293900,-3.6826482,21961.537,0.73333335
0.14999999,0.7777566,-1.1517794,922.6824418930272,3.709955e-11,-13.250481,45.872242,3571,-3.7891183,8.42407,,244,256,0.14999999,10911.138370752335,7.3333335,,146.9515,5.1512073e-18,,3571,6.151779,7.22924,249.7142,-4.5221076,-1.467624,13.250481,3294899,-3.870767,21968.004,0.06666667
0.14999999,1.1510668,-1.1513739,922.5848264277715,3.707878e-11,-13.250481,45.861904,3572,-3.7890644,8.42407,,244,256,0.14999999,10915.319955348969,-7.3333335,,146.9515,,,3572,6.151374,-7.774892,264.83203,-4.5223875,0.29680577,13.250481,3295473,-3.36551,21972.707,-0.46666667
0.14999999,1.0209745,-1.1512861,922.6062132661629,3.7058027e-11,-13.250481,45.76998,3573,-3.788911,8.42407,,244,256,0.14999999,10919.572349786758,-4.6666665,,146.9515,,,3573,6.151286,-3.6683927,559.1626,-4.5226674,-0.8376092,13.250481,3296472,-3.3700552,21978.545,1.0
0.14999999,1.0771257,-1.152461,922.6275881365417,3.7037293e-11,-13.250481,45.74757,3574,-3.7891097,8.42407,,244,256,0.14999999,10923.992679357529,-7.3333335,,146.9515,,,3574,6.152461,-7.303431,224.89127,-4.5229473,-5.3505607,13.250481,3297471,-4.4787602,21988.896,-0.06666667
0.14999999,1.1953199,-1.1521443,922.6489510489511,3.7016577e-11,-13.250481,45.710964,3575,-3.7889776,8.42407,,244,256,0.14999999,10928.385030508041,-8.666667,,146.9515,3.0701574e-19,,3575,6.1521444,-8.874665,578.65326,-4.523227,-0.019914841,13.250481,3298470,-3.3761537,21993.916,-0.33333334
0.14999999,0.88111573,-1.1519341,922.6703020134228,3.699588e-11,-13.250481,45.69413,3576,-3.788761,8.42407,,244,256,0.14999999,10932.887450933456,-8.666667,,146.9515,2.7279966e-06,,3576,6.151934,-8.208925,516.544,-4.5235066,-0.40025097,13.250481,3299469,-3.162246,21999.316,0.46666667
0.14999999,1.109005,-1.1517016,922.6916410399776,3.6975194e-11,-13.250481,45.681896,3577,-3.788652,8.42407,,244,256,0.14999999,10937.39373087883,4.6666665,,146.9515,,,3577,6.1517015,4.2551165,314.4222,-4.523786,-0.32033524,13.250481,3300468,-3.2545202,22004.637,-0.73333335
0.14999999,1.0583159,-1.1514757,922.5967020681945,3.695453e-11,-13.250481,45.650738,3578,-3.788646,8.42407,,244,256,0.14999999,10941.601290941238,4.6666665,,146.9515,1.143275e-09,,3578,6.151476,5.391805,318.81113,-4.524066,-0.3436681,13.250481,3301051,-3.8556683,22009.98,0.6
0.14999999,0.9000683,-1.1519203,922.6180497345628,3.6933883e-11,-13.250481,45.59628,3579,-3.7886305,8.42407,,244,256,0.14999999,10946.133867025375,8.666667,,146.9515,,,3579,6.1519203,8.639551,630.43054,-4.5243454,-2.742343,13.250481,3302050,-3.7682014,22017.723,0.2
0.14999999,1.0136936,-1.1505693,922.4505586592179,3.691325e-11,-13.250481,45.587723,3580,-3.78847,8.42407,,244,256,0.14999999,10950.27218079567,-7.3333335,,146.9515,,,3580,6.1505694,-8.341578,270.7483,-4.524625,3.6842191,13.250481,3302373,-3.0887287,22019.04,-0.73333335
0.14999999,0.9175113,-1.1506718,922.4719352136275,3.6892638e-11,-13.250481,45.573303,3581,-3.7884815,8.42407,,244,256,0.14999999,10954.793556451797,7.3333335,,146.9515,,,3581,6.150672,7.2572083,238.07907,-4.524904,-1.5176249,13.250481,3303372,-3.8229952,22025.555,-0.2
0.14999999,0.89435464,-1.1498682,922.3263539921832,3.687204e-11,-13.250481,45.54079,3582,-3.78838,8.42407,,244,256,0.14999999,10959.07713675499,2.0,,146.9515,,,3582,6.149868,1.1135488,292.81015,-4.525183,1.7274427,13.250481,3303773,-3.3288968,22028.828,-0.73333335
0.14999999,0.9431003,-1.149835,922.3477532793748,3.685146e-11,-13.250481,45.535816,3583,-3.7884145,8.42407,,244,256,0.14999999,10963.676054954529,6.0,,146.9515,,,3583,6.149835,6.8665133,615.6135,-4.525462,-1.0305912,13.250481,3304772,-3.7842786,22034.86,1.0
0.14999999,0.9620501,-1.1512607,922.369140625,3.68309e-11,-13.250481,45.535748,3584,-3.7884967,8.42407,,244,256,0.14999999,10968.027588367462,-7.3333335,,146.9515,,,3584,6.151261,-6.601842,264.94647,-4.525741,-6.259846,13.250481,3305771,-3.9862633,22046.12,0.46666667
0.14999999,1.1162347,-1.1511961,922.3905160390516,3.6810357e-11,-13.250481,45.511154,3585,-3.788387,8.42407,,244,256,0.14999999,10972.499979019165,7.3333335,,146.9515,,,3585,6.151196,7.7473536,242.76723,-4.5260205,-0.9195579,13.250481,3306770,-3.3422208,22052.04,0.33333334
0.14999999,1.1076331,-1.1510314,922.4118795315114,3.6789828e-11,-13.250481,45.48495,3586,-3.7883158,8.42407,0.042760964,244,256,0.14999999,10976.829501628876,-0.6666667,,146.9515,,,3586,6.1510315,-0.9122056,348.88873,-4.526299,-0.560354,13.250481,3307769,-3.6290503,22057.598,-0.46666667
0.14999999,0.8620944,-1.150904,922.4332311123502,3.676932e-11,-13.250481,45.483444,3587,-3.7888665,8.42407,,244,256,0.14999999,10981.348645210266,6.0,,146.9515,,,3587,6.150904,4.8748207,463.85507,-4.526566,-0.69403553,13.250481,3308768,-5.8406405,22063.293,-1.0
0.14999999,1.0567126,-1.1507314,922.2873467112597,3.6748826e-11,-13.250481,45.322144,3588,-3.7890086,8.42407,,244,256,0.14999999,10985.550441265106,7.3333335,,146.9515,3.444437e-20,,3588,6.1507316,6.697823,233.97528,-4.526845,-0.53132737,13.250481,3309167,-4.1342707,22068.824,-0.46666667
0.14999999,0.8983255,-1.1497086,922.1248258567846,3.672835e-11,-13.250481,45.31446,3589,-3.7888813,8.42407,1.0213108e-09,244,256,0.14999999,10989.785552740097,-0.6666667,,146.9515,,,3589,6.1497087,-1.9589908,395.9096,-4.5271235,2.519956,13.250481,3309506,-3.3731568,22071.305,-1.0
0.14999999,1.4599303,-1.1499949,922.1462395543175,3.670789e-11,-13.250481,45.28814,3590,-3.788974,8.42407,1.7501563e-07,244,256,0.14999999,10994.126200437546,0.6666667,,146.9515,9.912714e-25,,3590,6.149995,0.12216455,473.54926,-4.527402,-2.1768827,13.250481,3310505,-3.9882307,22078.48,-0.46666667
0.14999999,1.0087851,-1.1498455,922.167641325536,3.668745e-11,-13.250481,45.271564,3591,-3.7888706,8.42407,,244,256,0.14999999,10998.598258256912,8.666667,,146.9515,,,3591,6.1498456,8.747017,369.83514,-4.5276804,-0.6140038,13.250481,3311504,-3.826343,22084.096,-0.06666667
0.14999999,1.06558,-1.1494945,922.0882516703787,3.6667024e-11,-13.250481,45.270496,3592,-3.7893343,8.42407,,244,256,0.14999999,11002.873753547668,8.666667,,146.9515,0.20858175,,3592,6.1494946,8.215171,348.68997,-4.527959,0.11087567,13.250481,3312141,-5.44146,22088.984,-0.73333335
0.14999999,0.8839461,-1.149158,921.9735596994155,3.664662e-11,-13.250481,45.268738,3593,-3.7893143,8.42407,,244,256,0.14999999,11007.084593296051,8.666667,,146.9515,1.7244559e-09,,3593,6.149158,9.202347,596.6694,-4.5282373,0.059714172,13.250481,3312651,-3.756544,22093.926,0.6
0.14999999,1.3355739,-1.1491215,921.9949916527546,3.6626226e-11,-13.250481,45.258602,3594,-3.7894027,8.42407,,244,256,0.14999999,11011.389040231705,7.3333335,,146.9515,8.5001047e-17,,3594,6.1491213,7.767959,282.64,-4.528516,-1.0183866,13.250481,3313650,-3.9599493,22099.943,0.6
0.14999999,1.1202103,-1.149201,922.0164116828929,3.6605854e-11,-13.250481,45.229977,3595,-3.7892103,8.42407,,244,256,0.14999999,11015.812129974365,-8.666667,,146.9515,,,3595,6.149201,-8.095849,551.89923,-4.528794,-1.4350622,13.250481,3314649,-3.4027703,22106.379,0.73333335
0.14999999,1.184909,-1.1493331,922.0378197997775,3.65855e-11,-13.250481,45.171104,3596,-3.789344,8.42407,,244,256,0.14999999,11020.370141267776,4.6666665,,146.9515,,,3596,6.149333,4.141782,276.81784,-4.529072,-1.6241426,13.250481,3315648,-4.351158,22113.002,-0.33333334
0.14999999,1.1949288,-1.1490989,921.939393939394,3.6565157e-11,-13.250481,45.141136,3597,-3.789256,8.42407,,244,256,0.14999999,11024.5971159935,6.0,,146.9515,9.460476e-17,,3597,6.149099,4.694977,294.40182,-4.5293503,-0.30688262,13.250481,3316216,-3.6362097,22118.309,-0.73333335
0.14999999,0.9825831,-1.1492168,921.8796553640911,3.6544844e-11,-13.250481,45.070282,3598,-3.7891011,8.42407,2.0676105e-32,244,256,0.14999999,11028.723877429962,-2.0,,146.9515,,,3598,6.1492167,-2.5334373,332.60938,-4.5296283,-1.5730827,13.250481,3316923,-3.3986273,22124.883,-0.6
0.14999999,0.9270755,-1.1490866,921.9010836343429,3.6524537e-11,-13.250481,45.043118,3599,-3.78911,8.42407,,244,256,0.14999999,11033.239734888077,-4.6666665,,146.9515,,,3599,6.1490865,-5.4299693,266.8674,-4.529906,-0.68062085,13.250481,3317922,-3.7800426,22130.562,-0.8666667
0.14999999,1.0166008,-1.1490935,921.9225,3.6504248e-11,-13.250481,45.009907,3600,-3.7891173,8.42407,1.2142491e-38,244,256,0.14999999,11037.737568855286,-2.0,,146.9515,,,3600,6.1490936,-3.1821623,470.51358,-4.530184,-1.1741507,13.250481,3318921,-3.7245395,22136.736,-1.0
0.14999999,0.9472784,-1.1493654,921.9439044709803,3.6483976e-11,-13.250481,44.962086,3601,-3.7892468,8.42407,,244,256,0.14999999,11042.3860809803,-7.3333335,,146.9515,,,3601,6.1493654,-8.311689,400.00574,-4.5304613,-2.127724,13.250481,3319920,-4.238777,22143.865,-1.0
0.14999999,0.9676251,-1.1495732,921.9652970571905,3.646372e-11,-13.250481,44.91507,3602,-3.7892451,8.42407,,244,256,0.14999999,11046.7053668499,-6.0,,146.9515,6.9638136e-15,,3602,6.1495733,-6.964361,439.97403,-4.5307393,-1.8980266,13.250481,3320919,-3.7030733,22150.762,-1.0
0.14999999,1.1250252,-1.1498303,921.9866777685262,3.6443484e-11,-13.250481,44.876057,3603,-3.7893255,8.42407,4.191792e-15,244,256,0.14999999,11051.16706109047,0.6666667,,146.9515,,,3603,6.1498303,-0.25937974,627.7898,-4.531017,-2.0761888,13.250481,3321918,-4.0209346,22157.84,-1.0
0.14999999,1.0266293,-1.1501877,922.0080466148723,3.6423264e-11,-13.250481,44.842384,3604,-3.789458,8.42407,,244,256,0.14999999,11055.69526052475,8.666667,,146.9515,,,3604,6.1501875,8.197324,492.4605,-4.5312943,-2.4375482,13.250481,3322917,-4.340669,22165.277,-0.33333334
0.14999999,0.9832548,-1.1499068,921.906241331484,3.6403058e-11,-13.250481,44.774826,3605,-3.7893755,8.42407,,244,256,0.14999999,11059.977443933487,4.6666665,,146.9515,,,3605,6.1499066,5.476825,481.8107,-4.531572,-0.1376347,13.250481,3323472,-3.4911304,22170.414,1.0
0.14999999,1.0890114,-1.1505455,921.9276206322795,3.6382872e-11,-13.250481,44.665394,3606,-3.789377,8.42407,,244,256,0.14999999,11064.431020259857,-6.0,,146.9515,,,3606,6.1505456,-6.490397,302.17755,-4.531849,-3.453451,13.250481,3324471,-3.7319894,22178.867,-0.6
0.14999999,1.0705394,-1.1504884,921.9489880787357,3.63627e-11,-13.250481,44.616184,3607,-3.7892978,8.42407,,244,256,0.14999999,11068.943928718567,2.0,,146.9515,,,3607,6.1504884,1.6596576,459.76187,-4.5321264,-0.9443576,13.250481,3325470,-3.5776203,22184.812,-1.0
0.14999999,0.81989515,-1.1504396,921.9703436807096,3.6342547e-11,-13.250481,44.614147,3608,-3.7892535,8.42407,,244,256,0.14999999,11073.376162052155,-8.666667,,146.9515,,,3608,6.1504397,-8.969545,585.41785,-4.5324035,-0.9739896,13.250481,3326469,-3.6598098,22190.785,-0.6
0.14999999,0.9320012,-1.1502329,921.9916874480466,3.6322407e-11,-13.250481,44.61146,3609,-3.789164,8.42407,,244,256,0.14999999,11077.849437236786,-7.3333335,,146.9515,3.5703854e-32,,3609,6.150233,-6.08187,477.79755,-4.5326805,-0.4046763,13.250481,3327468,-3.2597013,22196.191,1.0
0.14999999,1.0564075,-1.1510607,922.0130193905817,3.6302288e-11,-13.250481,44.583958,3610,-3.7891533,8.42407,,244,256,0.14999999,11082.355720043182,-8.666667,,146.9515,6.6273214e-23,,3610,6.1510606,-7.535703,1004.14905,-4.5329576,-4.138955,13.250481,3328467,-3.6568465,22205.328,1.0
0.14999999,0.7762216,-1.152024,922.0343395181391,3.6282186e-11,-13.250481,44.57819,3611,-3.7891362,8.42407,,244,256,0.14999999,11086.792934656143,4.6666665,,146.9515,,,3611,6.1520243,3.890623,344.20703,-4.5332346,-4.6296253,13.250481,3329466,-3.7212875,22214.959,-1.0
0.14999999,0.97940964,-1.152239,922.0531561461794,3.6262097e-11,-13.250481,44.526005,3612,-3.7892666,8.42407,5.8356056,244,256,0.14999999,11091.355522871017,-0.6666667,,146.9515,,,3612,6.152239,-0.5279354,436.0346,-4.5335116,-1.9282719,13.250481,3330456,-4.017333,22221.887,0.06666667
0.14999999,0.776012,-1.1519306,922.0744533628564,3.6242027e-11,-13.250481,44.521828,3613,-3.7892787,8.42407,,244,256,0.14999999,11095.780845165253,-6.0,,146.9515,,,3613,6.151931,-5.4899645,287.13696,-4.532174,-0.038010854,13.250481,3331455,-3.7849874,22226.926,0.6
0.14999999,1.1476749,-1.152124,922.0957387935805,3.6221973e-11,-13.250481,44.521336,3614,-3.7894557,8.42407,2.3832834e-05,244,256,0.14999999,11100.206146001816,0.6666667,,146.9515,,,3614,6.152124,0.7746419,406.39618,-4.5324507,-1.851073,13.250481,3332454,-4.193526,22233.777,0.06666667
0.14999999,0.8988995,-1.1518182,922.1170124481328,3.6201937e-11,-13.250481,44.41227,3615,-3.7893522,8.42407,,244,256,0.14999999,11104.684928417206,-4.6666665,,146.9515,,,3615,6.1518183,-4.1118207,321.0656,-4.5327272,-0.04659402,13.250481,3333453,-3.5289416,22238.822,0.73333335
0.14999999,1.0070823,-1.1517863,922.1382743362832,3.6181915e-11,-13.250481,44.40606,3616,-3.7893608,8.42407,,244,256,0.14999999,11109.156089782715,8.666667,,146.9515,,,3616,6.1517863,9.06575,624.9527,-4.533004,-1.0364945,13.250481,3334452,-3.7012072,22244.86,1.0
0.14999999,1.0967882,-1.1521416,922.159524467791,3.616191e-11,-13.250481,44.3087,3617,-3.789233,8.42407,,244,256,0.14999999,11113.625380516052,2.0,,146.9515,,,3617,6.1521416,2.682799,331.61798,-4.5332804,-2.436898,13.250481,3335451,-3.278042,22252.297,0.6
0.14999999,0.98496115,-1.1523057,922.1807628524047,3.6141926e-11,-13.250481,44.2694,3618,-3.789212,8.42407,6.0815385e-34,244,256,0.14999999,11118.074782371521,-2.0,,146.9515,,,3618,6.1523056,-1.438547,340.21893,-4.533557,-1.7460802,13.250481,3336450,-3.7870734,22259.043,0.73333335
0.14999999,1.1639497,-1.1523846,922.2019894998618,3.6121953e-11,-13.250481,44.243492,3619,-3.7892249,8.42407,,244,256,0.14999999,11122.62553524971,-7.3333335,,146.9515,,,3619,6.1523848,-6.285763,268.94662,-4.5338335,-1.4377576,13.250481,3337449,-3.794717,22265.48,0.73333335
0.14999999,0.98248875,-1.1527219,922.2232044198895,3.6101996e-11,-13.250481,44.18028,3620,-3.7890842,8.42407,2.4360445,244,256,0.14999999,11127.205862045288,-0.6666667,,146.9515,,,3620,6.152722,-1.0226485,460.04147,-4.5341096,-2.372932,13.250481,3338448,-3.4224093,22272.854,-0.2
0.14999999,1.1748044,-1.1524453,922.2444076222038,3.608206e-11,-13.250481,44.14885,3621,-3.7890015,8.42407,9.955509e-06,244,256,0.14999999,11131.555287361145,0.6666667,,146.9515,1.4672346e-18,,3621,6.1524453,0.59799457,407.84323,-4.5337133,-0.15143552,13.250481,3339447,-3.4426146,22278.004,-0.2
0.14999999,1.122783,-1.1521329,922.2655991165102,3.606214e-11,-13.250481,44.140785,3622,-3.788906,8.42407,,244,256,0.14999999,11136.102362394333,-4.6666665,,146.9515,,,3622,6.152133,-4.705166,295.8664,-4.5339894,-0.021111807,13.250481,3340446,-3.5938609,22283.025,-0.06666667
0.14999999,0.91013956,-1.1518742,922.2867789125035,3.6042235e-11,-13.250481,44.138,3623,-3.788795,8.42407,,244,256,0.14999999,11140.661571979523,4.6666665,,146.9515,,,3623,6.151874,4.733591,287.98312,-4.5342655,-0.2145904,13.250481,3341445,-3.4793022,22288.24,0.06666667
0.14999999,1.010283,-1.1516125,922.3079470198676,3.602235e-11,-13.250481,44.05426,3624,-3.7887537,8.42407,2.427499e-06,244,256,0.14999999,11145.102582454681,0.6666667,,146.9515,,,3624,6.1516123,1.3860681,474.25632,-4.534541,-0.20369522,13.250481,3342444,-3.5302527,22293.443,0.33333334
0.14999999,1.1468514,-1.1515617,922.3291034482759,3.6002475e-11,-13.250481,44.00385,3625,-3.7886777,8.42407,,244,256,0.14999999,11149.522018194199,7.3333335,,146.9515,,,3625,6.1515617,8.6114235,489.5031,-4.534817,-0.967098,13.250481,3343443,-3.4946268,22299.41,1.0
0.14999999,0.64188707,-1.1530479,922.350248207391,3.5982623e-11,-13.250481,43.960144,3626,-3.7888594,8.42407,,244,256,0.14999999,11153.967200517654,-8.666667,,146.9515,,,3626,6.153048,-8.778821,268.83533,-4.535093,-6.540797,13.250481,3344442,-4.563474,22310.951,0.2
0.14999999,0.8864728,-1.1527848,922.3713813068651,3.596278e-11,-13.250481,43.95078,3627,-3.7900426,8.42407,,244,256,0.14999999,11158.462651491165,7.3333335,,146.9515,,,3627,6.152785,6.6629357,236.65982,-4.535369,-0.19874662,13.250481,3345441,-7.7074723,22316.15,-0.8666667
0.14999999,1.2361598,-1.1526921,922.2648842337376,3.594296e-11,-13.250481,43.85596,3628,-3.7900472,8.42407,0.59441197,244,256,0.14999999,11162.668927907944,-0.6666667,,146.9515,,,3628,6.152692,-0.25846016,457.62582,-4.5356445,-0.81596804,13.250481,3345977,-3.6759763,22321.967,0.33333334
0.14999999,1.1002145,-1.1524491,922.2860292091485,3.5923153e-11,-13.250481,43.78243,3629,-3.7901294,8.42407,3.2383516e-05,244,256,0.14999999,11167.147869110107,-0.6666667,,146.9515,2.6262697e-08,,3629,6.152449,-1.7124457,382.13797,-4.535756,-0.27129406,13.250481,3346976,-4.28845,22327.238,-0.73333335
0.14999999,1.209177,-1.1526623,922.3071625344353,3.5903364e-11,-13.250481,43.767082,3630,-3.7901146,8.42407,,244,256,0.14999999,11171.565533876419,6.0,,146.9515,,,3630,6.1526623,6.9230494,338.5248,-4.5360317,-1.9263871,13.250481,3347975,-3.8159235,22334.164,0.6
0.14999999,0.9931992,-1.1530263,922.3282842192234,3.588359e-11,-13.250481,43.668526,3631,-3.7901685,8.42407,,244,256,0.14999999,11176.047646045685,6.0,,146.9515,0.00014368036,,3631,6.1530266,5.949978,284.43997,-4.5363073,-2.474587,13.250481,3348974,-4.156198,22341.639,-0.06666667
0.14999999,0.9780419,-1.1525259,922.209526431718,3.5863836e-11,-13.250481,43.656384,3632,-3.7901492,8.42407,,244,256,0.14999999,11180.257479667664,-8.666667,,146.9515,,,3632,6.152526,-9.573622,381.01624,-4.5365825,0.66467166,13.250481,3349465,-3.6916947,22345.975,-0.8666667
0.14999999,0.9505487,-1.1526859,922.2306633636114,3.5844095e-11,-13.250481,43.65399,3633,-3.7901027,8.42407,,244,256,0.14999999,11184.706307649612,-4.6666665,,146.9515,,,3633,6.152686,-5.076779,290.60684,-4.5368576,-1.7339026,13.250481,3350464,-3.5733705,22352.707,-0.46666667
0.14999999,0.99214673,-1.1524941,922.2517886626307,3.5824368e-11,-13.250481,43.633713,3634,-3.7900705,8.42407,,244,256,0.14999999,11189.207587480545,8.666667,,146.9515,,,3634,6.152494,9.043125,472.79724,-4.537133,-0.45560923,13.250481,3351463,-3.6069226,22358.164,0.46666667
0.14999999,0.9687006,-1.1527514,922.2729023383769,3.580466e-11,-13.250481,43.60964,3635,-3.789927,8.42407,,244,256,0.14999999,11193.737163305283,8.666667,,146.9515,4.6019708e-24,,3635,6.1527514,7.873477,724.98584,-4.5374084,-2.0877526,13.250481,3352462,-3.2266338,22365.252,-1.0
0.14999999,0.82988286,-1.1518593,922.1094609460946,3.578497e-11,-13.250481,43.590637,3636,-3.7899203,8.42407,,244,256,0.14999999,11197.91211104393,2.0,,146.9515,,,3636,6.1518593,2.4587274,312.52313,-4.537683,2.0914419,13.250481,3352790,-3.694406,22368.16,-0.06666667
0.14999999,1.115082,-1.1515474,922.1306021446247,3.5765294e-11,-13.250481,43.55931,3637,-3.7899177,8.42407,,244,256,0.14999999,11202.499883890152,-4.6666665,,146.9515,,,3637,6.1515474,-4.279697,295.68546,-4.537958,-0.017958716,13.250481,3353789,-3.593406,22373.178,0.2
0.14999999,1.2393563,-1.1514577,922.1517317207257,3.5745632e-11,-13.250481,43.544796,3638,-3.789914,8.42407,6.663425e-29,244,256,0.14999999,11207.025417089462,-2.0,,146.9515,,,3638,6.151458,-1.7076931,304.58444,-4.5382333,-0.8250245,13.250481,3354788,-3.8714309,22379.004,-0.06666667
0.14999999,1.3369234,-1.1511528,922.1728496839792,3.5725988e-11,-13.250481,43.51446,3639,-3.7898514,8.42407,1.3276061e-10,244,256,0.14999999,11211.295941352844,0.6666667,,146.9515,,,3639,6.1511526,0.006565273,474.435,-4.538508,-0.042875133,13.250481,3355787,-3.7743556,22384.045,-0.73333335
0.14999999,0.75774974,-1.1510439,922.1939560439561,3.570636e-11,-13.250481,43.5103,3640,-3.789847,8.42407,4.697264e-07,244,256,0.14999999,11216.023869752884,-0.6666667,,146.9515,8.350361e-34,,3640,6.151044,0.58884794,419.06113,-4.5387826,-0.7544019,13.250481,3356786,-4.0681696,22389.8,0.8666667
0.14999999,0.5476548,-1.1524585,922.215050810217,3.5686752e-11,-13.250481,43.38545,3641,-3.790352,8.42407,,244,256,0.14999999,11220.436381101608,-6.0,,146.9515,,,3641,6.1524587,-6.147752,256.71744,-4.5390573,-6.301642,13.250481,3357785,-5.3684015,22401.102,-0.06666667
0.14999999,1.0443122,-1.1521506,922.2361339923119,3.5667157e-11,-13.250481,43.24205,3642,-3.7904794,8.42407,,244,256,0.14999999,11224.959847927094,6.0,,146.9515,,,3642,6.1521506,5.819998,294.80035,-4.539332,-0.030907469,13.250481,3358784,-3.79412,22406.133,-0.33333334
0.14999999,1.1747152,-1.1517859,922.145209991765,3.564758e-11,-13.250481,43.237484,3643,-3.790434,8.42407,,244,256,0.14999999,11229.535213470459,8.666667,,146.9515,,,3643,6.151786,8.395802,480.79996,-4.5396066,0.17637596,13.250481,3359375,-3.643799,22410.957,-0.6
0.14999999,1.0316223,-1.15128,922.0035675082327,3.5628014e-11,-13.250481,43.22793,3644,-3.7913253,8.42407,7.075313e-30,244,256,0.14999999,11233.913004875183,-2.0,,146.9515,,,3644,6.15128,-1.4157674,283.2646,-4.539881,0.69171625,13.250481,3359781,-7.1828365,22415.266,0.33333334
0.14999999,1.1162372,-1.1511362,922.0246913580247,3.560847e-11,-13.250481,43.21977,3645,-3.7913158,8.42407,,244,256,0.14999999,11238.825806617737,4.6666665,,146.9515,,,3645,6.1511364,5.088783,289.7407,-4.5401554,-0.62646925,13.250481,3360780,-3.770337,22420.89,0.46666667
0.14999999,1.0665385,-1.1510683,922.0458036204059,3.558894e-11,-13.250481,43.18185,3646,-3.7912288,8.42407,5.737199e-30,244,256,0.14999999,11243.700319290161,-2.0,,146.9515,,,3646,6.151068,-2.367382,298.59357,-4.5404296,-0.90366095,13.250481,3361779,-3.568409,22426.795,-0.33333334
0.14999999,1.0173483,-1.1509136,922.0669043049081,3.5569426e-11,-13.250481,43.153866,3647,-3.791216,8.42407,,244,256,0.14999999,11248.540441513062,2.0,,146.9515,,,3647,6.1509137,1.6736634,310.44614,-4.540704,-0.58697194,13.250481,3362778,-3.7852736,22432.383,-0.33333334
0.14999999,0.89350283,-1.1506693,922.0879934210526,3.5549928e-11,-13.250481,43.150345,3648,-3.7911923,8.42407,2.3059634e-38,244,256,0.14999999,11253.26359462738,-2.0,,146.9515,,,3648,6.150669,-1.1023817,409.06012,-4.540978,-0.2597358,13.250481,3363777,-3.7002664,22437.64,1.0
0.14999999,0.9771924,-1.151532,922.1090709783502,3.5530443e-11,-13.250481,43.134483,3649,-3.791282,8.42407,,244,256,0.14999999,11258.006367206573,2.0,,146.9515,,,3649,6.151532,2.2625928,312.29834,-4.541252,-4.2993903,13.250481,3364776,-3.987918,22446.941,0.33333334
0.14999999,0.8408073,-1.1513556,922.1301369863014,3.551098e-11,-13.250481,43.106125,3650,-3.7912862,8.42407,,244,256,0.14999999,11262.8922996521,-6.0,,146.9515,,,3650,6.1513557,-5.5321245,308.3784,-4.5415263,-0.507254,13.250481,3365775,-3.7648659,22452.45,0.33333334
0.14999999,1.1738527,-1.1512115,922.1511914543961,3.549153e-11,-13.250481,43.059036,3651,-3.791309,8.42407,,244,256,0.14999999,11267.550347805023,4.6666665,,146.9515,,,3651,6.1512117,4.114001,271.06104,-4.5418,-0.625274,13.250481,3366774,-3.693304,22458.074,-0.6
0.14999999,0.87118447,-1.1510228,922.1024096385543,3.5472097e-11,-13.250481,43.02181,3652,-3.7912006,8.42407,,244,256,0.14999999,11272.066982984543,-6.0,,146.9515,,,3652,6.151023,-5.314637,482.92648,-4.542074,-0.46201822,13.250481,3367518,-3.5471435,22463.535,1.0
0.14999999,0.90638137,-1.1515638,922.1234601697236,3.5452676e-11,-13.250481,43.004578,3653,-3.791361,8.42407,,244,256,0.14999999,11276.427938699722,6.0,,146.9515,,,3653,6.1515636,6.1409454,283.1159,-4.542348,-3.1270874,13.250481,3368517,-4.215667,22471.662,0.2
0.14999999,0.9015861,-1.1512899,922.144499178982,3.5433274e-11,-13.250481,42.998898,3654,-3.791347,8.42407,,244,256,0.14999999,11281.031737804413,-6.0,,146.9515,,,3654,6.15129,-6.3521776,313.08276,-4.5426216,-0.1510156,13.250481,3369516,-3.630042,22476.812,-0.33333334
0.14999999,1.2660547,-1.1510043,922.1655266757866,3.541389e-11,-13.250481,42.995804,3655,-3.7914312,8.42407,0.002580633,244,256,0.14999999,11285.65144610405,-0.6666667,,146.9515,,,3655,6.1510043,-0.123949885,386.6814,-4.5428953,-0.10735717,13.250481,3370515,-3.9777036,22481.922,0.6
0.14999999,1.0900228,-1.1508813,922.1865426695842,3.5394517e-11,-13.250481,42.9629,3656,-3.7914493,8.42407,1.0553483e-08,244,256,0.14999999,11290.30069231987,0.6666667,,146.9515,2.5115722e-13,,3656,6.1508813,1.3078613,507.58725,-4.543168,-0.70086163,13.250481,3371514,-4.0836887,22487.621,0.6
0.14999999,0.65152866,-1.1511713,922.2075471698113,3.537516e-11,-13.250481,42.96106,3657,-3.7915454,8.42407,,244,256,0.14999999,11294.98469209671,8.666667,,146.9515,,,3657,6.151171,9.430811,310.8947,-4.5434413,-2.2116585,13.250481,3372513,-4.20468,22494.834,0.73333335
0.14999999,0.9342168,-1.1511729,922.228540185894,3.5355822e-11,-13.250481,42.85459,3658,-3.7921891,8.42407,,244,256,0.14999999,11299.575411319733,7.3333335,,146.9515,1.4575279e-33,,3658,6.1511726,6.6375766,223.09198,-4.543715,-1.156802,13.250481,3373512,-5.788709,22500.99,-0.6
0.14999999,0.71748865,-1.151055,922.1546870729708,3.53365e-11,-13.250481,42.8521,3659,-3.7921045,8.42407,,244,256,0.14999999,11304.335889577866,-7.3333335,,146.9515,,,3659,6.151055,-7.122156,248.22916,-4.543988,-0.7194593,13.250481,3374164,-3.397988,22506.71,0.2
0.14999999,1.0875297,-1.150784,922.1756830601092,3.5317197e-11,-13.250481,42.824795,3660,-3.7921124,8.42407,,244,256,0.14999999,11308.799827575684,-7.3333335,,146.9515,3.4784732,,3660,6.150784,-7.451383,240.25937,-4.5442615,-0.15974574,13.250481,3375163,-3.5280633,22511.87,-0.2
0.14999999,0.9168275,-1.1505221,922.1966675771647,3.5297903e-11,-13.250481,42.749252,3661,-3.7919645,8.42407,,244,256,0.14999999,11313.45911359787,-4.6666665,,146.9515,,,3661,6.150522,-5.8825116,453.77496,-4.5445347,-0.1922236,13.250481,3376162,-3.3224993,22517.062,-1.0
0.14999999,1.0332483,-1.1506804,922.2176406335336,3.5278627e-11,-13.250481,42.71064,3662,-3.7920108,8.42407,,244,256,0.14999999,11317.930693149567,-8.666667,,146.9515,,,3662,6.1506805,-8.969075,481.58582,-4.544808,-1.7297835,13.250481,3377161,-3.8518472,22523.791,-0.2
0.14999999,0.98479754,-1.1504226,922.2386022386022,3.525937e-11,-13.250481,42.699413,3663,-3.7919648,8.42407,,244,256,0.14999999,11322.555307626724,4.6666665,,146.9515,,,3663,6.1504226,5.825808,301.78198,-4.5450807,-0.20667052,13.250481,3378160,-3.6215966,22528.998,0.73333335
0.14999999,1.0494412,-1.1516258,922.2595524017468,3.5240123e-11,-13.250481,42.682457,3664,-3.7920458,8.42407,,244,256,0.14999999,11327.084961891174,-7.3333335,,146.9515,,,3664,6.1516256,-7.702676,186.3383,-4.545354,-5.558866,13.250481,3379159,-4.0543933,22539.557,-0.6
0.14999999,0.9785551,-1.1514698,922.2804911323328,3.5220896e-11,-13.250481,42.565872,3665,-3.7919147,8.42407,,244,256,0.14999999,11331.614198684692,8.666667,,146.9515,,,3665,6.1514697,8.722433,392.52603,-4.5456266,-0.57956326,13.250481,3380158,-3.3462174,22545.137,0.06666667
0.14999999,0.80345094,-1.151104,922.1974904528096,3.5201685e-11,-13.250481,42.53236,3666,-3.7918663,8.42407,,244,256,0.14999999,11335.889600038528,7.3333335,,146.9515,5.185676e-16,,3666,6.151104,7.6892376,209.08324,-4.5458994,0.1891528,13.250481,3380776,-3.5711985,22549.947,-0.06666667
0.14999999,0.87006,-1.150341,922.0553586037632,3.518249e-11,-13.250481,42.50367,3667,-3.7919211,8.42407,,244,256,0.14999999,11340.10953617096,2.0,,146.9515,,,3667,6.150341,2.9266844,366.4491,-4.546172,1.6467752,13.250481,3381177,-3.781833,22553.3,1.0
0.14999999,1.2355788,-1.1508762,922.0763358778626,3.5163306e-11,-13.250481,42.404606,3668,-3.7919762,8.42407,,244,256,0.14999999,11344.594158649445,4.6666665,,146.9515,,,3668,6.150876,4.381413,274.2157,-4.546445,-3.1131704,13.250481,3382176,-3.8405774,22561.414,-0.2
0.14999999,0.99666303,-1.1505575,922.0359771054783,3.514414e-11,-13.250481,42.37174,3669,-3.7918322,8.42407,,244,256,0.14999999,11349.077330827713,-4.6666665,,146.9515,,,3669,6.1505575,-5.291768,285.23996,-4.5467176,0.018059224,13.250481,3382950,-3.4740489,22566.395,-0.73333335
0.14999999,1.0028983,-1.150592,922.0569482288828,3.512499e-11,-13.250481,42.26707,3670,-3.7917702,8.42407,,244,256,0.14999999,11353.659943580627,-8.666667,,146.9515,,,3670,6.150592,-9.053655,530.0608,-4.54699,-1.2769595,13.250481,3383949,-3.5436294,22572.672,-0.46666667
0.14999999,1.1166725,-1.150314,922.0779079269954,3.510586e-11,-13.250481,42.251713,3671,-3.7920032,8.42407,0.001775453,244,256,0.14999999,11358.208258152008,-0.6666667,,146.9515,,,3671,6.150314,-1.3099066,450.1226,-4.5472627,-0.1305244,13.250481,3384948,-4.618961,22577.803,-0.6
0.14999999,1.1329454,-1.1501663,922.0988562091503,3.5086743e-11,-13.250481,42.243362,3672,-3.791884,8.42407,,244,256,0.14999999,11362.739823818207,-4.6666665,,146.9515,,,3672,6.1501665,-4.0197015,293.54968,-4.5475345,-0.60748416,13.250481,3385947,-3.4405575,22583.41,0.46666667
0.14999999,1.1147591,-1.1501687,922.119793084672,3.5067636e-11,-13.250481,42.206547,3673,-3.7917979,8.42407,,244,256,0.14999999,11367.297323942184,7.3333335,,146.9515,,,3673,6.1501684,8.117718,283.06772,-4.5478067,-1.1584756,13.250481,3386946,-3.5853736,22589.57,0.8666667
0.14999999,1.0120441,-1.1510437,922.1407185628742,3.504855e-11,-13.250481,42.202774,3674,-3.7917078,8.42407,,244,256,0.14999999,11371.618343830109,7.3333335,,146.9515,5.4360978e-12,,3674,6.151044,6.760152,210.39548,-4.548079,-4.3654585,13.250481,3387945,-3.553184,22598.934,-0.33333334
0.14999999,1.069996,-1.1508318,922.1365986394558,3.502948e-11,-13.250481,42.19653,3675,-3.7915697,8.42407,,244,256,0.14999999,11376.007555961609,6.0,,146.9515,1.3836661e-13,,3675,6.1508317,5.3904004,314.1342,-4.548351,-0.3726748,13.250481,3388852,-3.279417,22604.307,-0.8666667
0.14999999,0.8431736,-1.1508394,922.079162132753,3.501042e-11,-13.250481,42.174202,3676,-3.7916334,8.42407,,244,256,0.14999999,11380.443299531937,2.0,,146.9515,,,3676,6.1508393,0.9939121,311.33856,-4.548623,-1.1788418,13.250481,3389563,-4.0710845,22610.486,-0.8666667
0.14999999,1.0570447,-1.1509216,922.1000815882513,3.499138e-11,-13.250481,42.12515,3677,-3.7916784,8.42407,,244,256,0.14999999,11384.876709461212,6.0,,146.9515,,,3677,6.150922,6.2895107,318.0662,-4.548895,-1.4523375,13.250481,3390562,-3.786031,22616.938,0.46666667
0.14999999,0.8912365,-1.1506969,922.120989668298,3.4972355e-11,-13.250481,42.106697,3678,-3.7916448,8.42407,,244,256,0.14999999,11389.397623300552,4.6666665,,146.9515,2.2900732e-28,,3678,6.1506968,3.7062988,279.1561,-4.549167,-0.32480603,13.250481,3391561,-3.702202,22622.264,-0.8666667
0.14999999,1.1268548,-1.1507851,922.1418863821691,3.495335e-11,-13.250481,42.075916,3679,-3.7916121,8.42407,,244,256,0.14999999,11393.931699752808,7.3333335,,146.9515,,,3679,6.150785,7.3705297,239.59808,-4.549439,-1.4753057,13.250481,3392560,-3.547421,22628.738,0.33333334
0.14999999,0.8097136,-1.1504787,922.1627717391304,3.4934354e-11,-13.250481,42.05586,3680,-3.79147,8.42407,,244,256,0.14999999,11398.469882249832,2.0,,146.9515,,,3680,6.150479,1.7558135,284.51825,-4.5497108,-0.023205563,13.250481,3393559,-3.3714378,22633.762,0.06666667
0.14999999,0.9600961,-1.1501863,922.1836457484379,3.4915376e-11,-13.250481,42.051983,3681,-3.7915049,8.42407,,244,256,0.14999999,11402.940654039383,8.666667,,146.9515,,,3681,6.1501865,8.32958,357.26782,-4.549982,-0.074186414,13.250481,3394558,-3.7132766,22638.836,-0.8666667
0.14999999,0.9055532,-1.1500475,922.1175991309071,3.4896416e-11,-13.250481,42.039463,3682,-3.7920027,8.42407,,244,256,0.14999999,11407.282548666,-4.6666665,,146.9515,,,3682,6.1500473,-4.725926,269.4845,-4.550254,-0.6393574,13.250481,3395237,-5.5651393,22644.475,-0.2
0.14999999,1.3471658,-1.149747,922.1384740700516,3.4877465e-11,-13.250481,42.029743,3683,-3.7920353,8.42407,7.0354564e-29,244,256,0.14999999,11411.75332903862,-2.0,,146.9515,,,3683,6.149747,-2.179483,288.82407,-4.5505257,-0.043231573,13.250481,3396236,-3.8015895,22649.518,0.06666667
0.14999999,0.93789303,-1.1494513,922.1593376764387,3.4858533e-11,-13.250481,42.0052,3684,-3.7919188,8.42407,,244,256,0.14999999,11416.222595453262,-8.666667,,146.9515,,,3684,6.1494513,-8.319016,426.40656,-4.550797,-0.06025708,13.250481,3397235,-3.680585,22654.578,0.46666667
0.14999999,1.4827868,-1.1492606,922.1801899592945,3.4839614e-11,-13.250481,41.993305,3685,-3.791931,8.42407,7.2863804e-09,244,256,0.14999999,11420.901723861694,0.6666667,,146.9515,,,3685,6.1492605,0.25289053,459.81186,-4.5510683,-0.44664273,13.250481,3398234,-3.755593,22660.025,-0.6
0.14999999,1.181487,-1.1490606,922.2010309278351,3.4820716e-11,-13.250481,41.973152,3686,-3.791773,8.42407,1.9446844e-12,244,256,0.14999999,11425.708643436432,0.6666667,,146.9515,2.7606001e-14,,3686,6.1490607,1.6662133,535.3189,-4.5513396,-0.41207764,13.250481,3399233,-3.645487,22665.438,0.8666667
0.14999999,0.8121227,-1.1497258,922.2218605912666,3.4801828e-11,-13.250481,41.94881,3687,-3.7916813,8.42407,,244,256,0.14999999,11430.525104999542,4.6666665,,146.9515,,,3687,6.149726,4.916533,246.7487,-4.551611,-3.6018,13.250481,3400232,-3.596038,22674.04,0.2
0.14999999,1.0597962,-1.1494331,922.2426789587853,3.4782958e-11,-13.250481,41.94346,3688,-3.7917306,8.42407,,244,256,0.14999999,11435.53563451767,8.666667,,146.9515,,,3688,6.149433,8.270588,476.44476,-4.5518823,-0.07015942,13.250481,3401231,-3.7770982,22679.11,-0.2
0.14999999,1.1172868,-1.1491482,922.2634860395772,3.4764105e-11,-13.250481,41.932053,3689,-3.791529,8.42407,,244,256,0.14999999,11440.6962723732,-7.3333335,,146.9515,,,3689,6.149148,-6.4655633,261.13156,-4.552153,-0.0990684,13.250481,3402230,-3.0760593,22684.207,0.6
0.14999999,0.70821553,-1.1494004,922.2842818428185,3.4745262e-11,-13.250481,41.897556,3690,-3.7914052,8.42407,,244,256,0.14999999,11446.41586446762,-6.0,,146.9515,4.3322635e-17,,3690,6.1494,-5.860014,256.0767,-4.5524244,-2.0791337,13.250481,3403229,-3.4327793,22691.287,0.06666667
0.14999999,1.0332727,-1.1491112,922.3050663776754,3.4726437e-11,-13.250481,41.896416,3691,-3.791467,8.42407,3.2686233e-36,244,256,0.14999999,11451.336324691772,-2.0,,146.9515,,,3691,6.1491113,-2.7444377,289.0893,-4.5526953,-0.081643105,13.250481,3404228,-3.7142277,22696.37,-0.8666667
0.14999999,0.9788289,-1.1491816,922.3258396533045,3.470763e-11,-13.250481,41.659016,3692,-3.7914631,8.42407,,244,256,0.14999999,11456.422826051712,-4.6666665,,146.9515,,,3692,6.1491814,-3.9627762,277.63876,-4.552966,-1.4088798,13.250481,3405227,-3.7863657,22702.777,0.8666667
0.14999999,1.0051019,-1.1494542,922.3466016788519,3.4688835e-11,-13.250481,41.628155,3693,-3.7914667,8.42407,,244,256,0.14999999,11461.738399982452,6.0,,146.9515,,,3693,6.149454,5.16904,294.71616,-4.553237,-2.15621,13.250481,3406226,-3.7649024,22709.934,-0.46666667
0.14999999,1.0603702,-1.1492562,922.2252301028695,3.467006e-11,-13.250481,41.624126,3694,-3.7914329,8.42407,,244,256,0.14999999,11466.4197306633,2.0,,146.9515,,,3694,6.149256,1.2669756,295.2359,-4.553508,-0.41870102,13.250481,3406700,-3.6488643,22715.352,-0.46666667
0.14999999,1.0890119,-1.1491216,922.2460081190799,3.4651296e-11,-13.250481,41.601982,3695,-3.7914069,8.42407,5.209588e-31,244,256,0.14999999,11471.291669130325,-2.0,,146.9515,,,3695,6.1491218,-2.1544135,299.09317,-4.553778,-0.65177417,13.250481,3407699,-3.7308626,22721.004,-0.46666667
0.14999999,0.92514503,-1.1488646,922.2667748917748,3.4632547e-11,-13.250481,41.59665,3696,-3.7913716,8.42407,1.0491842e-09,244,256,0.14999999,11476.553889989853,-0.6666667,,146.9515,3.9166668e-17,,3696,6.1488647,-1.5727532,347.2299,-4.554049,-0.1991101,13.250481,3408698,-3.7314117,22726.203,-1.0
0.14999999,1.2332114,-1.1490037,922.2875304300784,3.461381e-11,-13.250481,41.55318,3697,-3.7913933,8.42407,,244,256,0.14999999,11481.646005630493,-6.0,,146.9515,,,3697,6.149004,-6.5876036,327.10565,-4.5543194,-1.6630572,13.250481,3409697,-3.7703025,22732.867,-0.8666667
0.14999999,0.7932486,-1.1490136,922.3082747431043,3.4595098e-11,-13.250481,41.53295,3698,-3.791284,8.42407,,244,256,0.14999999,11488.085647821426,-8.666667,,146.9515,,,3698,6.1490135,-8.716338,276.91025,-4.5545897,-1.1854987,13.250481,3410696,-3.589617,22739.053,0.06666667
0.14999999,0.97801745,-1.1487031,922.3290078399567,3.4576394e-11,-13.250481,41.46468,3699,-3.7913556,8.42407,,244,256,0.14999999,11492.751840114594,-6.0,,146.9515,,,3699,6.148703,-6.4049706,275.09616,-4.5548606,-0.0005243164,13.250481,3411695,-3.8354053,22744.053,-0.46666667
0.14999999,0.9671194,-1.14857,922.3497297297297,3.4557707e-11,-13.250481,41.456173,3700,-3.7913096,8.42407,,244,256,0.14999999,11497.788285970688,-7.3333335,,146.9515,2.990466e-21,,3700,6.14857,-8.412917,369.70923,-4.5551305,-0.6561211,13.250481,3412694,-3.5823023,22749.709,-1.0
0.14999999,1.2690154,-1.1488385,922.3704404215077,3.453903e-11,-13.250481,41.45355,3701,-3.7913713,8.42407,,244,256,0.14999999,11502.912640810013,7.3333335,,146.9515,,,3701,6.1488385,7.8505287,261.2793,-4.555401,-2.142272,13.250481,3413693,-3.9617548,22756.852,0.6
0.14999999,1.0862093,-1.1487592,922.3911399243652,3.4520376e-11,-13.250481,41.441505,3702,-3.791257,8.42407,,244,256,0.14999999,11508.110471487045,-8.666667,,146.9515,,,3702,6.1487594,-8.296016,459.73337,-4.555671,-0.8549884,13.250481,3414692,-3.6126027,22762.707,0.73333335
0.14999999,1.0085632,-1.1487956,922.411828247367,3.450173e-11,-13.250481,41.421925,3703,-3.7917097,8.42407,4.2975864e-15,244,256,0.14999999,11513.075351715088,0.6666667,,146.9515,,,3703,6.1487956,-0.08835602,529.2523,-4.555941,-1.2836571,13.250481,3415691,-5.517683,22768.99,-1.0
0.14999999,0.93484044,-1.1488248,922.4325053995681,3.4483107e-11,-13.250481,41.370083,3704,-3.7916782,8.42407,7.0090365e-31,244,256,0.14999999,11518.58014011383,-2.0,,146.9515,,,3704,6.1488247,-1.4358445,271.08704,-4.556211,-1.2575296,13.250481,3416690,-3.6424887,22775.246,0.46666667
0.14999999,0.89730084,-1.1487117,922.4531713900135,3.4464497e-11,-13.250481,41.328587,3705,-3.7916815,8.42407,,244,256,0.14999999,11525.452702522278,8.666667,,146.9515,,,3705,6.1487117,9.23063,296.7468,-4.556481,-0.7288654,13.250481,3417689,-3.721406,22780.977,0.33333334
0.14999999,0.84144115,-1.1487062,922.4738262277388,3.4445898e-11,-13.250481,41.32871,3706,-3.7918499,8.42407,,244,256,0.14999999,11530.478557825089,-6.0,,146.9515,,,3706,6.1487064,-5.5150023,279.54745,-4.556751,-1.1287153,13.250481,3418688,-4.297189,22787.105,0.46666667
0.14999999,0.67876863,-1.148687,922.4944699217697,3.442732e-11,-13.250481,41.280205,3707,-3.7919092,8.42407,,244,256,0.14999999,11535.442499399185,-8.666667,,146.9515,,,3707,6.148687,-9.647895,236.19174,-4.5570207,-1.0777678,13.250481,3419687,-3.8390892,22793.184,-0.73333335
0.14999999,0.91940933,-1.1487665,922.5151024811219,3.440875e-11,-13.250481,41.262463,3708,-3.7921603,8.42407,5.7300167,244,256,0.14999999,11540.535200834274,-0.6666667,,146.9515,,,3708,6.1487665,-0.31001177,332.61188,-4.5572906,-1.4434816,13.250481,3420686,-4.3897724,22799.627,-0.06666667
0.14999999,1.1166202,-1.1484573,922.5357239148018,3.4390202e-11,-13.250481,41.254936,3709,-3.7926745,8.42407,2.3396618e-05,244,256,0.14999999,11545.51543879509,0.6666667,,146.9515,3.310092e-07,,3709,6.1484575,0.8688179,397.15924,-4.556016,-0.0016756449,13.250481,3421685,-5.5978084,22804.629,-0.06666667
0.14999999,0.8948553,-1.1481514,922.556334231806,3.4371662e-11,-13.250481,41.24607,3710,-3.7925522,8.42407,,244,256,0.14999999,11550.415763378143,6.0,,146.9515,,,3710,6.1481514,7.193142,247.51466,-4.5562854,-0.013911327,13.250481,3422684,-3.4304814,22809.64,0.8666667
0.14999999,0.89139825,-1.1495271,922.576933441121,3.435315e-11,-13.250481,41.239986,3711,-3.792782,8.42407,,244,256,0.14999999,11556.779695272446,7.3333335,,146.9515,,,3711,6.149527,5.9132943,327.6439,-4.5565553,-6.2535267,13.250481,3423683,-4.523919,22820.895,-1.0
0.14999999,1.084543,-1.1496956,922.4517780172414,3.433464e-11,-13.250481,41.2003,3712,-3.7930894,8.42407,,244,256,0.14999999,11561.525350093842,2.0,,146.9515,,,3712,6.1496954,2.493553,296.7158,-4.5568247,-1.7751395,13.250481,3424141,-4.802912,22827.67,0.46666667
0.14999999,0.8679463,-1.1494588,922.4723942903313,3.4316147e-11,-13.250481,41.189896,3713,-3.793051,8.42407,,244,256,0.14999999,11566.5077688694,7.3333335,,146.9515,,,3713,6.149459,7.5717063,223.52867,-4.557094,-0.2697383,13.250481,3425140,-3.710924,22832.941,0.06666667
0.14999999,1.0788077,-1.1482722,922.3139472267097,3.429767e-11,-13.250481,41.178387,3714,-3.7930052,8.42407,,244,256,0.14999999,11571.061947345734,-7.3333335,,146.9515,,,3714,6.148272,-7.621696,204.17712,-4.557363,3.2578754,13.250481,3425474,-3.478761,22834.684,-0.33333334
0.14999999,0.7490581,-1.147989,922.3345895020188,3.4279208e-11,-13.250481,41.14506,3715,-3.7929463,8.42407,,244,256,0.14999999,11576.442511558533,-7.3333335,,146.9515,0.6270197,,3715,6.1479893,-7.171311,194.5483,-4.5576324,-0.09676799,13.250481,3426473,-3.639214,22839.78,0.33333334
0.14999999,1.047501,-1.147682,922.3552206673843,3.426076e-11,-13.250481,41.042942,3716,-3.792902,8.42407,1.1570166e-05,244,256,0.14999999,11581.501000404358,0.6666667,,146.9515,,,3716,6.147682,0.84776986,388.128,-4.5579014,-0.0070208153,13.250481,3427472,-3.371182,22844.785,0.2
0.14999999,0.9863172,-1.1473749,922.3758407317729,3.4242328e-11,-13.250481,41.023808,3717,-3.792819,8.42407,,244,256,0.14999999,11586.701978206635,6.0,,146.9515,,,3717,6.147375,6.2068677,272.4455,-4.558171,-0.0063442793,13.250481,3428471,-3.499605,22849.793,0.06666667
0.14999999,0.9497116,-1.1471359,922.396449704142,3.4223912e-11,-13.250481,40.97351,3718,-3.7927792,8.42407,,244,256,0.14999999,11592.375638484955,-7.3333335,,146.9515,,,3718,6.1471357,-7.341467,214.86479,-4.5584397,-0.2587676,13.250481,3429470,-3.6109908,22855.05,0.06666667
0.14999999,1.1485643,-1.1468586,922.4170475934391,3.4205506e-11,-13.250481,40.970978,3719,-3.7928014,8.42407,2.8323026,244,256,0.14999999,11597.802413463593,-0.6666667,,146.9515,,,3719,6.1468587,-0.43592507,353.33426,-4.5587087,-0.1160562,13.250481,3430469,-3.8107948,22860.168,0.2
0.14999999,0.9939478,-1.1466221,922.4376344086022,3.418712e-11,-13.250481,40.90715,3720,-3.7926822,8.42407,0.49272516,244,256,0.14999999,11603.309823513031,-0.6666667,,146.9515,0.033070933,,3720,6.146622,-1.3401208,399.55988,-4.558216,-0.26694274,13.250481,3431468,-3.4705591,22865.434,-0.33333334
0.14999999,0.9635837,-1.1464409,922.4582101585595,3.4168744e-11,-13.250481,40.866024,3721,-3.7926102,8.42407,,244,256,0.14999999,11608.747138261795,4.6666665,,146.9515,,,3721,6.146441,5.3479953,264.1044,-4.5583525,-0.47205135,13.250481,3432467,-3.497023,22870.906,0.8666667
0.14999999,0.8668859,-1.1469792,922.47877485223,3.415039e-11,-13.250481,40.86226,3722,-3.7925813,8.42407,,244,256,0.14999999,11614.391913175583,7.3333335,,146.9515,,,3722,6.1469793,6.863626,234.92397,-4.558621,-3.1502054,13.250481,3433466,-3.6250973,22879.057,-0.73333335
0.14999999,0.96360296,-1.1469525,922.4217029277464,3.413205e-11,-13.250481,40.853813,3723,-3.7926514,8.42407,,244,256,0.14999999,11619.444921970367,-8.666667,,146.9515,,,3723,6.1469526,-7.3041825,787.96643,-4.55889,-1.047776,13.250481,3434176,-3.9048932,22885.104,1.0
0.14999999,1.1559838,-1.1490107,922.4422663802363,3.411372e-11,-13.250481,40.829136,3724,-3.7932582,8.42407,,244,256,0.14999999,11626.273081541061,-4.6666665,,146.9515,,,3724,6.1490107,-4.494196,276.0345,-4.5591583,-8.811325,13.250481,3435175,-5.972989,22898.916,0.33333334
0.14999999,0.88770056,-1.1487404,922.4628187919463,3.4095407e-11,-13.250481,40.814648,3725,-3.793187,8.42407,,244,256,0.14999999,11632.258154630661,-7.3333335,,146.9515,,,3725,6.1487403,-6.4282775,433.7994,-4.559427,-0.14235985,13.250481,3436174,-3.6594687,22904.059,1.0
0.14999999,1.2275238,-1.1493498,922.483360171766,3.4077106e-11,-13.250481,40.802517,3726,-3.7931778,8.42407,,244,256,0.14999999,11639.21456861496,8.666667,,146.9515,,,3726,6.1493497,8.218139,380.09967,-4.5596952,-3.4195616,13.250481,3437173,-3.630957,22912.477,-0.46666667
0.14999999,1.268523,-1.1489471,922.3640998121814,3.4058822e-11,-13.250481,40.789932,3727,-3.793017,8.42407,2.017966e-06,244,256,0.14999999,11644.916451215744,0.6666667,,146.9515,,,3727,6.1489472,0.19025546,338.6803,-4.5599637,0.3516773,13.250481,3437651,-3.385371,22917.125,-0.33333334
0.14999999,0.8897281,-1.1488118,922.3846566523605,3.404055e-11,-13.250481,40.77687,3728,-3.7928717,8.42407,,244,256,0.14999999,11651.26464509964,-6.0,,146.9515,,,3728,6.148812,-5.393294,304.6565,-4.5602317,-0.64463204,13.250481,3438650,-3.4922564,22922.77,0.73333335
0.14999999,0.8676993,-1.1492176,922.4052024671494,3.40223e-11,-13.250481,40.649673,3729,-3.793017,8.42407,5.2710515e-05,244,256,0.14999999,11656.280173778534,-0.6666667,,146.9515,,,3729,6.1492176,0.258146,372.73474,-4.5605,-2.6622167,13.250481,3439649,-4.2058153,22930.434,0.73333335
0.14999999,0.88525325,-1.1495185,922.4257372654156,3.4004057e-11,-13.250481,40.629944,3730,-3.7932682,8.42407,,244,256,0.14999999,11661.249317407608,8.666667,,146.9515,,,3730,6.1495185,9.648913,537.2911,-4.560768,-2.2712586,13.250481,3440648,-4.580158,22937.703,1.0
0.14999999,0.8957446,-1.1514261,922.4462610560172,3.3985828e-11,-13.250481,40.6229,3731,-3.7933493,8.42407,,244,256,0.14999999,11666.995050907135,6.0,,146.9515,,,3731,6.1514263,4.7135053,418.61517,-4.561036,-8.266659,13.250481,3441647,-3.9446359,22950.97,-1.0
0.14999999,0.99110615,-1.1513541,922.3049303322615,3.396762e-11,-13.250481,40.614147,3732,-3.7936313,8.42407,6.2526524e-34,244,256,0.14999999,11672.21890950203,-2.0,,146.9515,,,3732,6.151354,-1.1546742,308.89627,-4.561304,-0.8826832,13.250481,3442042,-4.7143993,22956.854,0.73333335
0.14999999,1.1484534,-1.1518164,922.325475488883,3.3949423e-11,-13.250481,40.600735,3733,-3.7936327,8.42407,,244,256,0.14999999,11678.153534412384,4.6666665,,146.9515,,,3733,6.1518164,4.775475,250.66837,-4.561572,-2.877322,13.250481,3443041,-3.7686245,22964.73,-0.33333334
0.14999999,1.0732906,-1.1514739,922.2498660953402,3.3931243e-11,-13.250481,40.59331,3734,-3.7936006,8.42407,,244,256,0.14999999,11684.117831707,6.0,,146.9515,5.3518828e-11,,3734,6.151474,5.585191,282.85156,-4.56184,0.12705103,13.250481,3443681,-3.8031666,22969.604,-0.2
0.14999999,0.8776964,-1.151056,922.1352074966533,3.3913077e-11,-13.250481,40.57653,3735,-3.7935226,8.42407,,244,256,0.14999999,11689.333668708801,2.0,,146.9515,,,3735,6.1510563,1.0547595,250.60168,-4.5621076,0.4090827,13.250481,3444175,-3.5500712,22974.195,-0.73333335
0.14999999,0.8013746,-1.1511669,922.1557815845824,3.389492e-11,-13.250481,40.57027,3736,-3.7935455,8.42407,,244,256,0.14999999,11696.355083942413,-4.6666665,,146.9515,,,3736,6.151167,-4.696061,200.16382,-4.5623755,-1.5652771,13.250481,3445174,-3.7444596,22980.76,-0.33333334
0.14999999,0.9890115,-1.1508955,922.1763446614932,3.3876787e-11,-13.250481,40.55552,3737,-3.7935185,8.42407,,244,256,0.14999999,11702.23915886879,-7.3333335,,146.9515,,,3737,6.1508956,-7.982645,242.4906,-4.562643,-0.13682257,13.250481,3446173,-3.484574,22985.896,-0.73333335
0.14999999,1.637858,-1.1508489,922.1968967362226,3.3858666e-11,-13.250481,40.485855,3738,-3.7934294,8.42407,,244,256,0.14999999,11709.25321817398,-8.666667,,146.9515,1.9748102e-17,,3738,6.150849,-9.859146,863.4902,-4.5629106,-0.97658885,13.250481,3447172,-3.4288054,22991.873,-1.0
0.14999999,1.0648003,-1.1512139,922.2174378175982,3.3840552e-11,-13.250481,40.485786,3739,-3.7935863,8.42407,,244,256,0.14999999,11718.397227048874,2.0,,146.9515,,,3739,6.1512136,2.732253,304.7306,-4.563178,-2.5160127,13.250481,3448171,-4.9303913,22999.389,0.73333335
0.14999999,1.0945096,-1.1520346,922.2379679144385,3.382246e-11,-13.250481,40.48354,3740,-3.7936003,8.42407,,244,256,0.14999999,11725.065591812134,-4.6666665,,146.9515,,,3740,6.1520348,-4.6769633,261.83466,-4.5634456,-4.220735,13.250481,3449170,-3.8833086,23008.61,0.06666667
0.14999999,1.1412872,-1.1517441,922.258487035552,3.380438e-11,-13.250481,40.450333,3741,-3.7935708,8.42407,2.97414e-29,244,256,0.14999999,11733.285407543182,-2.0,,146.9515,,,3741,6.151744,-2.5280652,273.30884,-4.563713,-0.065255195,13.250481,3450169,-3.763221,23013.676,-0.2
0.14999999,0.9400531,-1.1515616,922.2789951897381,3.3786314e-11,-13.250481,40.43266,3742,-3.793512,8.42407,,244,256,0.14999999,11739.787177562714,2.0,,146.9515,,,3742,6.1515617,2.049568,251.84813,-4.56398,-0.4687873,13.250481,3451168,-3.6961303,23019.145,-0.2
0.14999999,0.9786279,-1.151255,922.2994923857868,3.3768262e-11,-13.250481,40.42224,3743,-3.793501,8.42407,3.9492794e-34,244,256,0.14999999,11749.412508964539,-2.0,,146.9515,,,3743,6.151255,-2.4510806,292.4168,-4.5642476,-0.003605856,13.250481,3452167,-3.6705904,23024.148,-0.73333335
0.14999999,1.2226257,-1.1512012,922.3199786324786,3.375023e-11,-13.250481,40.39386,3744,-3.7934937,8.42407,3.3766018e-29,244,256,0.14999999,11756.911746025085,-2.0,,146.9515,5.570678e-06,,3744,6.1512012,-1.4961644,278.3969,-4.5645146,-0.94979423,13.250481,3453166,-3.7243273,23030.098,0.2
0.14999999,0.8955584,-1.1509764,922.3404539385848,3.3732205e-11,-13.250481,40.38757,3745,-3.793417,8.42407,,244,256,0.14999999,11765.065164327621,-3.3333333,,146.9515,1.6234731e-26,,3745,6.150976,-3.8666458,322.01944,-4.5647817,-0.3092095,13.250481,3454165,-3.7016206,23035.406,-0.46666667
0.14999999,0.8938797,-1.1507871,922.360918312867,3.3714198e-11,-13.250481,40.376526,3746,-3.793495,8.42407,,244,256,0.14999999,11772.052956581116,2.0,,146.9515,,,3746,6.1507874,2.5122385,275.67554,-4.5650487,-0.442351,13.250481,3455164,-3.963479,23040.848,0.2
0.14999999,1.1399996,-1.15053,922.3813717640779,3.3696206e-11,-13.250481,40.36654,3747,-3.7934904,8.42407,,244,256,0.14999999,11780.09471988678,4.6666665,,146.9515,,,3747,6.15053,4.3441467,260.4204,-4.5653157,-0.18673512,13.250481,3456163,-3.6584241,23046.035,-0.06666667
0.14999999,0.9129294,-1.1502489,922.4018143009605,3.3678227e-11,-13.250481,40.361286,3748,-3.7933655,8.42407,2.440383e-07,244,256,0.14999999,11788.296987771988,0.6666667,,146.9515,,,3748,6.150249,1.0969641,323.9807,-4.5655823,-0.09712288,13.250481,3457162,-3.4374368,23051.133,0.46666667
0.14999999,0.97271466,-1.1501046,922.4222459322486,3.366026e-11,-13.250481,40.333443,3749,-3.7933428,8.42407,,244,256,0.14999999,11796.05923986435,4.6666665,,146.9515,,,3749,6.1501045,4.9486423,263.83304,-4.5658493,-0.6097754,13.250481,3458161,-3.6008952,23056.742,0.33333334
0.14999999,0.7041716,-1.1498992,922.4426666666667,3.364231e-11,-13.250481,40.30262,3750,-3.7932796,8.42407,,244,256,0.14999999,11805.419092416763,-6.0,,146.9515,,,3750,6.1498995,-5.9911685,233.99557,-4.566116,-0.37934074,13.250481,3459160,-3.5091145,23062.121,-0.2
0.14999999,1.1810424,-1.1496117,922.4630765129299,3.3624378e-11,-13.250481,40.28695,3751,-3.793288,8.42407,,244,256,0.14999999,11814.328404426575,6.0,,146.9515,,,3751,6.1496115,5.233764,262.74454,-4.5663824,-0.07192946,13.250481,3460159,-3.5201495,23067.193,-0.73333335
0.14999999,0.8740417,-1.1495596,922.4834754797441,3.3606454e-11,-13.250481,40.284824,3752,-3.793191,8.42407,,244,256,0.14999999,11822.174086809158,-8.666667,,146.9515,,,3752,6.1495595,-8.154579,551.0843,-4.566649,-0.95376784,13.250481,3461158,-3.5915902,23073.148,0.33333334
0.14999999,0.8509801,-1.1493711,922.503863575806,3.358855e-11,-13.250481,40.274166,3753,-3.7930768,8.42407,,244,256,0.14999999,11827.620650053024,-6.0,,146.9515,,,3753,6.149371,-5.495409,286.33478,-4.5669155,-0.4428283,13.250481,3462157,-3.2175925,23078.59,0.2
0.14999999,1.0224948,-1.1491331,922.5242408098029,3.3570657e-11,-13.250481,40.26822,3754,-3.7930405,8.42407,,244,256,0.14999999,11833.520013570786,6.0,,146.9515,,,3754,6.149133,6.2917395,278.967,-4.567182,-0.25536305,13.250481,3463156,-3.488157,23083.846,0.33333334
0.14999999,1.2145278,-1.1489325,922.5446071904128,3.355278e-11,-13.250481,40.229546,3755,-3.792984,8.42407,,244,256,0.14999999,11840.564573526382,3.3333333,,146.9515,,,3755,6.1489325,2.768,316.192,-4.567448,-0.39513946,13.250481,3464155,-3.5831518,23089.242,-0.2
0.14999999,0.6648762,-1.1487297,922.5588391906283,3.3534914e-11,-13.250481,40.21481,3756,-3.793047,8.42407,,244,256,0.14999999,11848.617970705032,3.3333333,,146.9515,0.07218704,,3756,6.14873,3.4148176,246.10982,-4.5677147,-0.38769683,13.250481,3465131,-4.209135,23094.629,0.2
0.14999999,0.9112216,-1.1484247,922.579185520362,3.3517068e-11,-13.250481,40.198853,3757,-3.7931828,8.42407,,244,256,0.14999999,11857.2476811409,-3.3333333,,146.9515,,,3757,6.1484246,-2.965119,315.68277,-4.567981,-0.0030580137,13.250481,3466130,-3.9622178,23099.633,0.2
0.14999999,1.0230396,-1.1482366,922.5995210218201,3.349923e-11,-13.250481,40.156616,3758,-3.7932124,8.42407,,244,256,0.14999999,11865.696223974228,-4.6666665,,146.9515,1.049139e-15,,3758,6.1482368,-4.254434,272.1942,-4.568247,-0.44188273,13.250481,3467129,-3.795991,23105.074,0.6
0.14999999,0.9657102,-1.1481187,922.6198457036446,3.348141e-11,-13.250481,40.12768,3759,-3.7931736,8.42407,,244,256,0.14999999,11871.84941148758,-6.0,,146.9515,7.825097e-35,,3759,6.148119,-6.9401765,382.03723,-4.568513,-0.70470744,13.250481,3468128,-3.646985,23110.777,-1.0
0.14999999,1.1102374,-1.1482415,922.640159574468,3.34636e-11,-13.250481,40.107597,3760,-3.793179,8.42407,,244,256,0.14999999,11880.786332845688,-3.3333333,,146.9515,,,3760,6.1482415,-3.5363388,309.1615,-4.568779,-1.6101786,13.250481,3469127,-3.760247,23117.389,-0.2
0.14999999,1.1526843,-1.1480075,922.6604626429141,3.344581e-11,-13.250481,40.07962,3761,-3.7932222,8.42407,,244,256,0.14999999,11888.747708320618,3.3333333,,146.9515,,,3761,6.1480074,3.064117,317.98294,-4.569045,-0.26804155,13.250481,3470126,-4.0297656,23122.656,-0.46666667
0.14999999,1.0164019,-1.1478151,922.680754917597,3.3428028e-11,-13.250481,40.042614,3762,-3.7933078,8.42407,1.262706e-38,244,256,0.14999999,11897.855834722519,-2.0,,146.9515,,,3762,6.147815,-3.035388,412.06186,-4.5693107,-0.42426804,13.250481,3471125,-4.2426085,23128.08,-1.0
0.14999999,0.9317129,-1.1481471,922.7010364071219,3.3410264e-11,-13.250481,40.020714,3763,-3.7934978,8.42407,,244,256,0.14999999,11907.50464272499,-8.666667,,146.9515,,,3763,6.148147,-8.8284855,271.7267,-4.5695763,-2.3966424,13.250481,3472124,-4.4983535,23135.477,-0.06666667
0.14999999,0.7730616,-1.1478442,922.721307120085,3.3392514e-11,-13.250481,39.996143,3764,-3.7936215,8.42407,,244,256,0.14999999,11915.141209363937,4.6666665,,146.9515,,,3764,6.1478443,3.5290496,306.5832,-4.5698423,-0.007708188,13.250481,3473123,-4.1734257,23140.484,-1.0
0.14999999,1.3798528,-1.1478149,922.6029216467464,3.3374782e-11,-13.250481,39.996006,3765,-3.7936301,8.42407,0.059961557,244,256,0.14999999,11924.216034412384,-0.6666667,,146.9515,,,3765,6.1478148,-0.35403615,418.55966,-4.570108,-1.0378113,13.250481,3473600,-3.5810432,23146.523,0.46666667
0.14999999,1.1300222,-1.1476003,922.6232076473713,3.335706e-11,-13.250481,39.96751,3766,-3.7934754,8.42407,,244,256,0.14999999,11932.760155677795,4.6666665,,146.9515,,,3766,6.1476,4.226882,251.32784,-4.5703573,-0.3398832,13.250481,3474599,-3.5496361,23151.863,-0.6
0.14999999,1.0492837,-1.1473826,922.6243695248208,3.333935e-11,-13.250481,39.965355,3767,-3.7933629,8.42407,2.807578e-07,244,256,0.14999999,11941.023886203766,-0.6666667,,146.9515,,,3767,6.1473827,-1.421545,372.18433,-4.570623,-0.32763195,13.250481,3475526,-3.4802833,23157.191,-0.8666667
0.14999999,0.86427516,-1.1474197,922.6446390658174,3.3321654e-11,-13.250481,39.964233,3768,-3.7933462,8.42407,,244,256,0.14999999,11948.54969549179,8.666667,,146.9515,,,3768,6.14742,9.079228,443.04605,-4.5708885,-1.2869444,13.250481,3476525,-3.7546964,23163.477,0.2
0.14999999,1.0627179,-1.1473169,922.6648978508888,3.3303978e-11,-13.250481,39.96301,3769,-3.793391,8.42407,,244,256,0.14999999,11957.80091047287,-6.0,,146.9515,,,3769,6.147317,-6.635126,268.36325,-4.5711536,-0.7598976,13.250481,3477524,-3.812591,23169.238,-0.6
0.14999999,0.9791524,-1.1472564,922.6851458885942,3.328631e-11,-13.250481,39.935223,3770,-3.7933366,8.42407,,244,256,0.14999999,11965.278058290482,-3.3333333,,146.9515,,,3770,6.1472564,-2.7270231,295.81238,-4.5714192,-0.9196908,13.250481,3478523,-3.6329284,23175.156,0.46666667
0.14999999,1.1254553,-1.1471201,922.7053831874834,3.326866e-11,-13.250481,39.922424,3771,-3.7934556,8.42407,8.2019666e-15,244,256,0.14999999,11971.712704896927,0.6666667,,146.9515,,,3771,6.14712,1.5552948,532.2732,-4.5716844,-0.63293135,13.250481,3479522,-4.195306,23180.79,1.0
0.14999999,1.0296164,-1.1475524,922.7256097560976,3.3251023e-11,-13.250481,39.905533,3772,-3.7933679,8.42407,,244,256,0.14999999,11979.745865345001,-4.6666665,,146.9515,,,3772,6.1475525,-5.2511215,259.3061,-4.5719495,-2.7772179,13.250481,3480521,-3.541475,23188.566,-0.6
0.14999999,0.84793115,-1.1474615,922.7458256029685,3.3233395e-11,-13.250481,39.905087,3773,-3.793297,8.42407,,244,256,0.14999999,11988.50796365738,7.3333335,,146.9515,,,3773,6.1474614,7.059782,210.55124,-4.5722146,-0.8055474,13.250481,3481520,-3.5355349,23194.373,-0.2
0.14999999,1.1531605,-1.1469718,922.6269210386857,3.3215788e-11,-13.250481,39.857903,3774,-3.7932067,8.42407,1.1499765e-12,244,256,0.14999999,11998.772191762924,0.6666667,,146.9515,,,3774,6.1469717,-0.101716995,356.4291,-4.5724797,0.7008196,13.250481,3481994,-3.2889185,23198.672,-0.8666667
0.14999999,0.89176375,-1.1470728,922.6471523178808,3.319819e-11,-13.250481,39.841743,3775,-3.793085,8.42407,,244,256,0.14999999,12007.466636180878,3.3333333,,146.9515,,,3775,6.147073,3.6263297,323.25946,-4.5727444,-1.5279872,13.250481,3482993,-3.456132,23205.2,0.46666667
0.14999999,0.6714594,-1.146894,922.667372881356,3.3180615e-11,-13.250481,39.831203,3776,-3.7931416,8.42407,,244,256,0.14999999,12014.994350671768,8.666667,,146.9515,,,3776,6.146894,9.427115,286.47,-4.5730095,-0.47251078,13.250481,3483992,-3.8733215,23210.672,0.73333335
0.14999999,1.0844055,-1.1470245,922.6875827376225,3.3163045e-11,-13.250481,39.82524,3777,-3.7933748,8.42407,,244,256,0.14999999,12021.142766952515,-7.3333335,,146.9515,,,3777,6.1470246,-7.517719,202.06934,-4.573274,-1.639167,13.250481,3484991,-4.3329825,23217.312,-0.06666667
0.14999999,1.1619895,-1.146725,922.7077818951826,3.3145493e-11,-13.250481,39.821224,3778,-3.7933002,8.42407,,244,256,0.14999999,12030.020871639252,8.666667,,146.9515,,,3778,6.146725,8.032788,419.41037,-4.573539,-0.0154990405,13.250481,3485990,-3.577215,23222.328,-0.73333335
0.14999999,1.0211256,-1.1457562,922.5522625033077,3.3127952e-11,-13.250481,39.806282,3779,-3.7931166,8.42407,,244,256,0.14999999,12039.424982309341,2.0,,146.9515,,,3779,6.1457562,0.6030798,417.20987,-4.5738034,2.514071,13.250481,3486325,-3.2363665,23224.812,-1.0
0.14999999,0.9944697,-1.1461338,922.5724867724867,3.3110424e-11,-13.250481,39.795116,3780,-3.7933552,8.42407,,244,256,0.14999999,12046.432144641876,7.3333335,,146.9515,,,3780,6.146134,7.6335773,220.06433,-4.574068,-2.5730484,13.250481,3487324,-4.686024,23232.387,0.2
0.14999999,1.0234827,-1.145911,922.5927003438244,3.3092914e-11,-13.250481,39.788776,3781,-3.7932591,8.42407,,244,256,0.14999999,12053.6273727417,8.666667,,146.9515,3.3119696e-17,,3781,6.145911,8.407147,415.9699,-4.5743327,-0.3034612,13.250481,3488323,-3.4111195,23237.69,-0.06666667
0.14999999,1.1511284,-1.1453574,922.4693283976732,3.3075417e-11,-13.250481,39.740562,3782,-3.7930725,8.42407,,244,256,0.14999999,12059.36968588829,-8.666667,,146.9515,,,3782,6.145357,-8.9649935,409.80063,-4.574597,0.9473774,13.250481,3488779,-3.0886908,23241.742,-0.33333334
0.14999999,0.8722204,-1.1451459,922.4895585514142,3.305793e-11,-13.250481,39.720535,3783,-3.7928991,8.42407,,244,256,0.14999999,12065.41565990448,-4.6666665,,146.9515,,,3783,6.145146,-6.2715125,416.9489,-4.5748615,-0.34526306,13.250481,3489778,-3.252618,23247.086,-1.0
0.14999999,1.0191783,-1.1456552,922.5097780126849,3.304046e-11,-13.250481,39.70063,3784,-3.7936945,8.42407,,244,256,0.14999999,12072.473417520523,-4.6666665,,146.9515,,,3784,6.145655,-3.7266002,484.9204,-4.5751257,-3.071767,13.250481,3490777,-6.651282,23255.16,1.0
0.14999999,1.0591261,-1.1460339,922.5299867899604,3.3023004e-11,-13.250481,39.67293,3785,-3.7936447,8.42407,2.0136184e-09,244,256,0.14999999,12082.224405765533,-0.6666667,,146.9515,,,3785,6.146034,0.48789352,753.2508,-4.57539,-2.579301,13.250481,3491776,-3.5918837,23262.738,1.0
0.14999999,1.0400866,-1.1469281,922.5501848917063,3.3005564e-11,-13.250481,39.67148,3786,-3.7938905,8.42407,,244,256,0.14999999,12091.75010752678,7.3333335,,146.9515,,,3786,6.146928,7.0825024,208.38591,-4.575654,-4.530978,13.250481,3492775,-4.728891,23272.27,-0.46666667
0.14999999,0.87959504,-1.1464584,922.4240823871138,3.2988133e-11,-13.250481,39.657963,3787,-3.7938635,8.42407,,244,256,0.14999999,12100.076202630997,8.666667,,146.9515,1.453276e-13,,3787,6.1464586,7.5799456,610.30194,-4.575918,0.63204426,13.250481,3493220,-3.7213733,23276.637,-1.0
0.14999999,1.0881132,-1.1449066,922.2470960929251,3.2970716e-11,-13.250481,39.638107,3788,-3.7944798,8.42407,,244,256,0.14999999,12105.176932573318,-7.3333335,,146.9515,,,3788,6.1449065,-7.6881003,229.45328,-4.5761824,4.73071,13.250481,3493472,-5.9789896,23276.906,-0.46666667
0.14999999,0.8478641,-1.1446652,922.2673528635523,3.2953317e-11,-13.250481,39.62982,3789,-3.7943861,8.42407,,244,256,0.14999999,12111.547897815704,-6.0,,146.9515,2.9036648e-33,,3789,6.1446652,-4.5547237,438.1714,-4.576446,-0.22995743,13.250481,3494471,-3.5062952,23282.137,1.0
0.14999999,1.1795119,-1.1462348,922.2875989445911,3.2935932e-11,-13.250481,39.556564,3790,-3.7947338,8.42407,,244,256,0.14999999,12120.527682304382,3.3333333,,146.9515,,,3790,6.1462345,4.263695,584.5852,-4.57671,-7.093127,13.250481,3495470,-4.9326706,23294.23,1.0
0.14999999,1.0420996,-1.1466297,922.3078343445002,3.2918557e-11,-13.250481,39.493122,3791,-3.79483,8.42407,0.044983715,244,256,0.14999999,12128.355397939682,-0.6666667,,146.9515,,,3791,6.14663,-1.2264185,265.90674,-4.576974,-2.643538,13.250481,3496469,-4.277318,23301.873,-0.46666667
0.14999999,0.9042251,-1.1465496,922.32805907173,3.2901196e-11,-13.250481,39.46288,3792,-3.7948363,8.42407,,244,256,0.14999999,12135.41487288475,-7.3333335,,146.9515,,,3792,6.1465497,-6.9427223,232.26762,-4.5772257,-0.84264433,13.250481,3497468,-3.8401508,23307.715,0.46666667
0.14999999,1.2963144,-1.1464666,922.3482731347218,3.288385e-11,-13.250481,39.443516,3793,-3.7948244,8.42407,,244,256,0.14999999,12144.330248355865,7.3333335,,146.9515,,,3793,6.1464667,7.856567,230.8827,-4.5774894,-0.8316808,13.250481,3498467,-3.6456895,23313.547,0.46666667
0.14999999,1.0180606,-1.1463878,922.3684765419083,3.286652e-11,-13.250481,39.43788,3794,-3.7946792,8.42407,,244,256,0.14999999,12153.294842720032,8.666667,,146.9515,1.5764308e-20,,3794,6.146388,8.416762,372.38635,-4.577753,-0.8475396,13.250481,3499466,-3.5186963,23319.395,-0.33333334
0.14999999,1.1793566,-1.1461473,922.2782608695652,3.28492e-11,-13.250481,39.358707,3795,-3.7950485,8.42407,2.1930814e-10,244,256,0.14999999,12160.591223239899,0.6666667,,146.9515,,,3795,6.1461473,1.2547367,377.36334,-4.5780168,-0.23342274,13.250481,3500046,-5.1928353,23324.629,0.73333335
0.14999999,0.94905114,-1.1459632,922.2984720758693,3.2831893e-11,-13.250481,39.354004,3796,-3.7949307,8.42407,2.3936002e-38,244,256,0.14999999,12168.964446544647,-2.0,,146.9515,,,3796,6.145963,-1.1901723,380.72675,-4.57828,-0.4474261,13.250481,3501045,-3.4958851,23330.076,1.0
0.14999999,1.4332147,-1.1467193,922.3186726362918,3.2814605e-11,-13.250481,39.274376,3797,-3.79498,8.42407,1.8419905e-07,244,256,0.14999999,12176.476325511932,0.6666667,,146.9515,,,3797,6.1467195,-0.01796776,355.52606,-4.5785437,-4.017366,13.250481,3502044,-3.9041622,23339.094,-0.46666667
0.14999999,1.1330086,-1.1466264,922.3388625592418,3.2797324e-11,-13.250481,39.25518,3798,-3.7949193,8.42407,,244,256,0.14999999,12182.388504505157,-8.666667,,146.9515,,,3798,6.1466265,-8.083717,512.67816,-4.578807,-0.79354924,13.250481,3503043,-3.9598088,23344.887,0.6
0.14999999,1.1495197,-1.1465621,922.3590418531193,3.2780063e-11,-13.250481,39.225903,3799,-3.7947726,8.42407,,244,256,0.14999999,12190.363661050797,-7.3333335,,146.9515,1.8240641e-14,,3799,6.146562,-6.4724784,242.09294,-4.57907,-0.902699,13.250481,3504042,-3.3390968,23350.79,0.73333335
0.14999999,1.0387486,-1.1468334,922.3792105263158,3.276281e-11,-13.250481,39.221134,3800,-3.7946386,8.42407,,244,256,0.14999999,12198.464201927185,4.6666665,,146.9515,,,3800,6.1468334,4.8905835,270.12906,-4.5793333,-2.176795,13.250481,3505041,-3.4187012,23357.967,0.6
0.14999999,1.1179023,-1.1466616,922.3993685872139,3.274557e-11,-13.250481,39.165573,3801,-3.7945607,8.42407,,244,256,0.14999999,12207.070765018463,6.0,,146.9515,2.1150654e-20,,3801,6.1466618,6.489566,296.61847,-4.5795965,-0.49404073,13.250481,3506040,-3.520108,23363.46,0.6
0.14999999,0.94927245,-1.146757,922.4195160441873,3.2728348e-11,-13.250481,39.16276,3802,-3.7944827,8.42407,,244,256,0.14999999,12213.204809188843,2.0,,146.9515,,,3802,6.146757,1.4531147,268.72665,-4.5798593,-1.509661,13.250481,3507039,-3.5903041,23369.97,-0.6
0.14999999,1.0267559,-1.146797,922.422298185643,3.271114e-11,-13.250481,39.12247,3803,-3.794488,8.42407,2.1747041e-32,244,256,0.14999999,12220.400598287582,-2.0,,146.9515,,,3803,6.146797,-2.3001146,278.04788,-4.5801225,-1.2981824,13.250481,3507972,-3.7444744,23376.27,-0.6
0.14999999,0.95108765,-1.146728,922.442429022082,3.2693945e-11,-13.250481,39.111237,3804,-3.794423,8.42407,,244,256,0.14999999,12228.626648187637,4.6666665,,146.9515,,,3804,6.146728,5.8603826,435.5313,-4.580385,-0.88495755,13.250481,3508971,-3.553866,23382.152,1.0
0.14999999,1.1015832,-1.1486176,922.4625492772667,3.267676e-11,-13.250481,39.0422,3805,-3.7946935,8.42407,,244,256,0.14999999,12234.934850931168,6.0,,146.9515,,,3805,6.1486177,5.248939,283.66913,-4.580648,-8.337077,13.250481,3509970,-4.7399654,23395.49,-0.6
0.14999999,1.0330188,-1.1485642,922.4201261166579,3.2659594e-11,-13.250481,39.014683,3806,-3.7946098,8.42407,2.5016237e-05,244,256,0.14999999,12242.393234729767,0.6666667,,146.9515,,,3806,6.1485643,0.8517097,321.96524,-4.580911,-0.94516283,13.250481,3510731,-3.5599985,23401.436,0.06666667
0.14999999,1.0058998,-1.1482625,922.4402416600998,3.2642434e-11,-13.250481,39.011623,3807,-3.7945108,8.42407,,244,256,0.14999999,12251.213846206665,6.0,,146.9515,,,3807,6.1482625,6.9648795,532.77313,-4.5811734,-0.0003768023,13.250481,3511730,-3.4316745,23406.436,1.0
0.14999999,0.9761368,-1.149607,922.4603466386554,3.2625295e-11,-13.250481,39.002525,3808,-3.7946393,8.42407,6.1220837,244,256,0.14999999,12260.612951993942,-0.6666667,,146.9515,,,3808,6.1496067,-0.79831755,335.1509,-4.581436,-6.2674274,13.250481,3512729,-4.2510004,23417.703,0.06666667
0.14999999,0.96369785,-1.1493307,922.4804410606458,3.2608166e-11,-13.250481,38.99251,3809,-3.794664,8.42407,,244,256,0.14999999,12267.740409135818,2.0,,146.9515,,,3809,6.1493306,3.1689267,314.48325,-4.5800924,-0.097520255,13.250481,3513728,-3.8440824,23422.8,0.8666667
0.14999999,0.73527634,-1.1508143,922.5005249343832,3.259105e-11,-13.250481,38.95233,3810,-3.794891,8.42407,,244,256,0.14999999,12275.434801101685,-8.666667,,146.9515,,,3810,6.150814,-9.146453,406.2193,-4.580355,-6.801959,13.250481,3514727,-4.599312,23434.602,-0.6
0.14999999,1.1854967,-1.150618,922.520598268171,3.2573954e-11,-13.250481,38.874016,3811,-3.7949588,8.42407,,244,256,0.14999999,12281.40676355362,8.666667,,146.9515,,,3811,6.150618,9.058417,485.08044,-4.5806174,-0.40248317,13.250481,3515726,-3.7727578,23440.004,0.46666667
0.14999999,0.93885726,-1.1504216,922.5406610703043,3.2556863e-11,-13.250481,38.86413,3812,-3.7948942,8.42407,,244,256,0.14999999,12290.192884206772,3.3333333,,146.9515,,,3812,6.1504216,2.6635802,323.38525,-4.5808797,-0.40239713,13.250481,3516725,-3.7005336,23445.406,-0.73333335
0.14999999,0.9241636,-1.1505029,922.5208497246263,3.2539787e-11,-13.250481,38.774555,3813,-3.7950556,8.42407,,244,256,0.14999999,12298.410587310791,-3.3333333,,146.9515,,,3813,6.150503,-4.041271,321.58582,-4.581142,-1.4600219,13.250481,3517572,-4.327514,23451.867,-0.73333335
0.14999999,0.945492,-1.1504475,922.5409019402202,3.2522728e-11,-13.250481,38.761433,3814,-3.7950776,8.42407,2.5540242,244,256,0.14999999,12305.254697084427,-0.6666667,,146.9515,,,3814,6.1504474,-1.0695511,353.93777,-4.581404,-0.93893194,13.250481,3518571,-3.782716,23457.807,-0.2
0.14999999,1.0318427,-1.1502591,922.5609436435125,3.2505682e-11,-13.250481,38.758747,3815,-3.7950578,8.42407,,244,256,0.14999999,12314.515539169312,-4.6666665,,146.9515,,,3815,6.150259,-5.101694,252.2694,-4.580997,-0.43245175,13.250481,3519570,-3.64086,23463.238,-0.06666667
0.14999999,0.90309036,-1.1499774,922.5809748427673,3.2488644e-11,-13.250481,38.75493,3816,-3.7950308,8.42407,,244,256,0.14999999,12323.296761989594,4.6666665,,146.9515,,,3816,6.1499777,4.7790875,245.74547,-4.5812593,-0.07515021,13.250481,3520569,-3.707222,23468.314,0.06666667
0.14999999,1.1439754,-1.1497463,922.6009955462405,3.2471626e-11,-13.250481,38.752495,3817,-3.794985,8.42407,,244,256,0.14999999,12330.740492105484,7.3333335,,146.9515,,,3817,6.1497464,8.39232,253.80295,-4.581521,-0.2674786,13.250481,3521568,-3.5066257,23473.582,0.73333335
0.14999999,1.0794119,-1.1506739,922.6210057621792,3.2454615e-11,-13.250481,38.738285,3818,-3.7949731,8.42407,1.0445758e-05,244,256,0.14999999,12339.34106874466,0.6666667,,146.9515,,,3818,6.150674,0.58331954,325.51343,-4.5817833,-4.6914077,13.250481,3522567,-3.8743289,23483.273,-0.2
0.14999999,0.8558149,-1.1503727,922.6410054988216,3.2437622e-11,-13.250481,38.672535,3819,-3.7950003,8.42407,,244,256,0.14999999,12344.375209331512,-6.0,,146.9515,,,3819,6.1503725,-5.616481,276.55872,-4.582045,-0.0006344121,13.250481,3523566,-3.956035,23488.273,0.6
0.14999999,1.2630626,-1.1503298,922.6609947643979,3.2420646e-11,-13.250481,38.654068,3820,-3.795088,8.42407,,244,256,0.14999999,12352.908948421478,-6.0,,146.9515,5.8666166e-14,,3820,6.1503296,-6.844667,270.38913,-4.582307,-0.9862194,13.250481,3524565,-3.9749358,23494.26,-0.73333335
0.14999999,0.97136575,-1.1503868,922.6809735671291,3.240368e-11,-13.250481,38.632233,3821,-3.7949893,8.42407,3.1825516e-32,244,256,0.14999999,12358.318081140518,-2.0,,146.9515,,,3821,6.150387,-1.4052868,274.13528,-4.5825686,-1.3681376,13.250481,3525564,-3.6560817,23500.629,0.6
0.14999999,0.9307605,-1.1502371,922.7009419152276,3.2386725e-11,-13.250481,38.596554,3822,-3.7949822,8.42407,2.547598e-06,244,256,0.14999999,12367.034714221954,0.6666667,,146.9515,,,3822,6.150237,0.58078694,364.49396,-4.5828304,-0.5781716,13.250481,3526563,-3.720253,23506.207,0.33333334
0.14999999,0.80983925,-1.1499532,922.7208998168977,3.236978e-11,-13.250481,38.575977,3823,-3.7953484,8.42407,,244,256,0.14999999,12377.194111347198,-8.666667,,146.9515,,,3823,6.1499534,-8.747009,488.3859,-4.5830917,-0.06545788,13.250481,3527562,-5.1052933,23511.271,0.2
0.14999999,0.87354374,-1.1496835,922.7408472803347,3.2352857e-11,-13.250481,38.555546,3824,-3.7959363,8.42407,,244,256,0.14999999,12384.960015535355,7.3333335,,146.9515,,,3824,6.1496835,6.491319,309.9042,-4.5833535,-0.118248284,13.250481,3528561,-5.8336716,23516.39,-1.0
0.14999999,0.99441624,-1.1496515,922.7607843137255,3.233594e-11,-13.250481,38.549854,3825,-3.7958515,8.42407,,244,256,0.14999999,12391.933740139008,6.0,,146.9515,6.4234924e-16,,3825,6.1496515,5.95962,256.16156,-4.583615,-1.0269146,13.250481,3529560,-3.328934,23522.418,-0.06666667
0.14999999,1.0005115,-1.1492808,922.6717198118139,3.2319043e-11,-13.250481,38.535854,3826,-3.7957923,8.42407,,244,256,0.14999999,12400.603651762009,-7.3333335,,146.9515,,,3826,6.1492805,-7.977365,233.65352,-4.583876,0.26847365,13.250481,3530142,-3.5435476,23527.148,-0.8666667
0.14999999,1.0167431,-1.1492575,922.691664489156,3.2302154e-11,-13.250481,38.49232,3827,-3.7956865,8.42407,,244,256,0.14999999,12407.428428411484,2.0,,146.9515,,,3827,6.1492577,2.5864673,273.33295,-4.5841374,-1.060124,13.250481,3531141,-3.3762705,23533.209,0.46666667
0.14999999,1.3660599,-1.1491914,922.7115987460814,3.228528e-11,-13.250481,38.44124,3828,-3.795649,8.42407,,244,256,0.14999999,12414.568354606628,8.666667,,146.9515,,,3828,6.1491914,7.9921417,489.83493,-4.5843987,-0.8958298,13.250481,3532140,-3.6518142,23539.105,-0.6
0.14999999,0.9613359,-1.1488935,922.5931052494124,3.226842e-11,-13.250481,38.427155,3829,-3.7954202,8.42407,,244,256,0.14999999,12422.24494099617,-8.666667,,146.9515,,,3829,6.1488934,-7.722283,562.65295,-4.58466,-0.008763862,13.250481,3532609,-3.2475364,23544.113,0.8666667
0.14999999,1.0239309,-1.149654,922.6130548302872,3.225157e-11,-13.250481,38.415306,3830,-3.795474,8.42407,,244,256,0.14999999,12427.696079730988,4.6666665,,146.9515,,,3830,6.149654,3.923137,257.34335,-4.5849214,-4.061823,13.250481,3533608,-3.9365146,23553.176,-0.73333335
0.14999999,1.258568,-1.149698,922.5867919603237,3.2234732e-11,-13.250481,38.41062,3831,-3.7954369,8.42407,0.6245993,244,256,0.14999999,12435.770786762238,-0.6666667,,146.9515,,,3831,6.1496983,-0.25319785,353.19275,-4.585182,-1.3185424,13.250481,3534430,-3.6553025,23559.492,0.33333334
0.14999999,0.766392,-1.149473,922.606732776618,3.221791e-11,-13.250481,38.40382,3832,-3.7954478,8.42407,,244,256,0.14999999,12443.810133218765,3.3333333,,146.9515,,,3832,6.149473,2.2681398,449.97665,-4.5852804,-0.28680632,13.250481,3535429,-4.0653744,23564.781,-1.0
0.14999999,0.83576024,-1.1496494,922.6175319593008,3.2201103e-11,-13.250481,38.386276,3833,-3.795576,8.42407,,244,256,0.14999999,12451.35041642189,2.0,,146.9515,1.5982535e-20,,3833,6.1496496,1.8966337,264.6566,-4.5855412,-1.8258034,13.250481,3536393,-4.0238137,23571.605,-0.06666667
0.14999999,0.9848877,-1.1493502,922.6374543557642,3.2184307e-11,-13.250481,38.358562,3834,-3.7955744,8.42407,,244,256,0.14999999,12462.179648399353,-4.6666665,,146.9515,,,3834,6.14935,-5.5241103,260.08722,-4.585802,-0.0025113714,13.250481,3537392,-3.6162603,23576.61,-0.73333335
0.14999999,1.1543381,-1.1494428,922.6573663624511,3.2167526e-11,-13.250481,38.351963,3835,-3.795523,8.42407,6.9898726e-29,244,256,0.14999999,12467.198887348175,-2.0,,146.9515,,,3835,6.1494427,-1.8398309,259.7517,-4.586063,-1.5049136,13.250481,3538391,-3.5647643,23583.113,-0.06666667
0.14999999,1.1235726,-1.1491455,922.677267987487,3.2150754e-11,-13.250481,38.312016,3836,-3.7954555,8.42407,,244,256,0.14999999,12473.365613222122,-4.6666665,,146.9515,,,3836,6.1491456,-4.1914716,254.80893,-4.5863233,-0.008467565,13.250481,3539390,-3.6717613,23588.121,0.2
0.14999999,1.131616,-1.1489378,922.6971592389888,3.2134e-11,-13.250481,38.26604,3837,-3.7953465,8.42407,,244,256,0.14999999,12481.611034870148,4.6666665,,146.9515,,,3837,6.1489377,3.4570816,247.79147,-4.586584,-0.35221994,13.250481,3540389,-3.4796135,23593.475,-0.46666667
0.14999999,0.6292956,-1.1491052,922.5974465867639,3.2117257e-11,-13.250481,38.247955,3838,-3.7953422,8.42407,,244,256,0.14999999,12488.124345541,-6.0,,146.9515,,,3838,6.149105,-6.2672324,266.33832,-4.586845,-1.7909929,13.250481,3540929,-3.8897676,23600.266,-0.06666667
0.14999999,0.87154156,-1.1488397,922.6173482677781,3.2100527e-11,-13.250481,38.219913,3839,-3.7954032,8.42407,,244,256,0.14999999,12494.515881061554,7.3333335,,146.9515,,,3839,6.14884,6.531589,222.31656,-4.5871053,-0.12997538,13.250481,3541928,-3.6498544,23605.395,-0.73333335
0.14999999,0.9813666,-1.148895,922.5518229166667,3.208381e-11,-13.250481,38.2045,3840,-3.7953553,8.42407,,244,256,0.14999999,12504.084055662155,-4.6666665,,146.9515,,,3840,6.1488953,-3.798874,278.6781,-4.5873656,-1.3614105,13.250481,3542599,-3.4704201,23611.758,0.73333335
0.14999999,0.9166471,-1.1492527,922.5717261129914,3.2067106e-11,-13.250481,38.202908,3841,-3.7953007,8.42407,,244,256,0.14999999,12512.527068376541,-4.6666665,,146.9515,8.6249225e-14,,3841,6.149253,-5.1505733,246.1205,-4.587626,-2.5224433,13.250481,3543598,-3.553032,23619.28,-0.46666667
0.14999999,0.9762003,-1.149141,922.5916189484643,3.2050414e-11,-13.250481,38.18004,3842,-3.795234,8.42407,,244,256,0.14999999,12518.98976278305,6.0,,146.9515,,,3842,6.149141,5.512307,252.071,-4.5878863,-0.720335,13.250481,3544597,-3.4414866,23625.0,-0.33333334
0.14999999,0.96242505,-1.1489512,922.5428051001821,3.203374e-11,-13.250481,38.176586,3843,-3.79518,8.42407,,244,256,0.14999999,12528.588682174683,8.666667,,146.9515,,,3843,6.148951,7.674418,545.0916,-4.5881467,-0.4200809,13.250481,3545332,-3.5443435,23630.42,-1.0
0.14999999,1.179008,-1.1472872,922.369406867846,3.2017073e-11,-13.250481,38.151478,3844,-3.7951372,8.42407,0.0018500264,244,256,0.14999999,12536.922200202942,-0.6666667,,146.9515,,,3844,6.1472874,-1.3744695,375.69037,-4.588407,5.2470407,13.250481,3545588,-3.5595434,23630.172,-0.6
0.14999999,0.9994722,-1.1472466,922.3893368010403,3.2000423e-11,-13.250481,38.022995,3845,-3.7950215,8.42407,,244,256,0.14999999,12545.587637662888,2.0,,146.9515,,,3845,6.1472464,1.64758,263.75656,-4.5886664,-0.9906148,13.250481,3546587,-3.5022008,23636.164,-0.33333334
0.14999999,1.0763642,-1.147057,922.4092563702549,3.1983784e-11,-13.250481,38.02202,3846,-3.7949762,8.42407,6.022312e-30,244,256,0.14999999,12551.057253837585,-2.0,,146.9515,,,3846,6.147057,-2.486084,255.12941,-4.5889263,-0.41841662,13.250481,3547586,-3.6021867,23641.582,-0.33333334
0.14999999,0.9147355,-1.1468631,922.4291655835716,3.1967158e-11,-13.250481,38.019096,3847,-3.7949147,8.42407,,244,256,0.14999999,12560.969173431396,6.0,,146.9515,,,3847,6.146863,4.9489202,387.575,-4.5891867,-0.40090865,13.250481,3548585,-3.6152713,23646.982,-1.0
0.14999999,1.0271416,-1.1463566,922.2752079002079,3.1950543e-11,-13.250481,38.01157,3848,-3.79513,8.42407,7.434861e-30,244,256,0.14999999,12566.807576656342,-2.0,,146.9515,,,3848,6.1463566,-2.1300511,245.2828,-4.5894465,0.80229324,13.250481,3548915,-4.5152774,23651.18,0.33333334
0.14999999,1.0030371,-1.1460799,922.2951415952195,3.1933945e-11,-13.250481,37.98009,3849,-3.7950857,8.42407,,244,256,0.14999999,12574.707461595535,-8.666667,,146.9515,,,3849,6.14608,-9.327316,387.03946,-4.5897064,-0.08165936,13.250481,3549914,-3.6406746,23656.262,-0.8666667
0.14999999,0.86348253,-1.146007,922.3150649350649,3.1917358e-11,-13.250481,37.96172,3850,-3.7950325,8.42407,,244,256,0.14999999,12583.35239815712,-6.0,,146.9515,,,3850,6.146007,-5.0053864,295.33417,-4.589966,-0.865471,13.250481,3550913,-3.5701497,23662.127,0.8666667
0.14999999,0.87268287,-1.1461978,922.334977927811,3.1900784e-11,-13.250481,37.95048,3851,-3.7949948,8.42407,,244,256,0.14999999,12591.58671951294,7.3333335,,146.9515,,,3851,6.146198,7.5159616,207.28844,-4.5902257,-1.8809763,13.250481,3551912,-3.494842,23669.008,0.06666667
0.14999999,1.4656802,-1.1458812,922.271287642783,3.1884224e-11,-13.250481,37.944252,3852,-3.7949417,8.42407,7.579326e-09,244,256,0.14999999,12599.796539068222,0.6666667,,146.9515,,,3852,6.145881,0.010831058,382.0119,-4.5904856,0.074147135,13.250481,3552589,-3.4500663,23673.934,-0.6
0.14999999,1.0208855,-1.145901,922.2912016610434,3.186767e-11,-13.250481,37.937305,3853,-3.7947373,8.42407,,244,256,0.14999999,12609.48785352707,6.0,,146.9515,,,3853,6.1459007,6.1445503,245.0004,-4.590745,-1.2222749,13.250481,3553588,-3.4373162,23680.156,0.2
0.14999999,0.9266375,-1.1456292,922.311105345096,3.185114e-11,-13.250481,37.93526,3854,-3.7946677,8.42407,,244,256,0.14999999,12618.14680147171,8.666667,,146.9515,,,3854,6.145629,8.654331,314.10242,-4.5910044,-0.09825251,13.250481,3554587,-3.5277777,23685.254,0.06666667
0.14999999,0.87787807,-1.1453391,922.2731517509727,3.1834615e-11,-13.250481,37.92913,3855,-3.7948375,8.42407,,244,256,0.14999999,12626.825218439102,-6.0,,146.9515,,,3855,6.145339,-5.5797095,262.82074,-4.591264,-0.027779553,13.250481,3555363,-4.358045,23690.281,0.33333334
0.14999999,1.0057284,-1.1451128,922.2930497925311,3.1818107e-11,-13.250481,37.92789,3856,-3.7948034,8.42407,,244,256,0.14999999,12633.60144495964,-10.0,,146.9515,,,3856,6.145113,-9.189993,317.46222,-4.591523,-0.2728267,13.250481,3556362,-3.5238416,23695.555,0.6
0.14999999,0.909834,-1.1450397,922.3129375162043,3.180161e-11,-13.250481,37.919827,3857,-3.7952783,8.42407,,244,256,0.14999999,12640.808398008347,-6.0,,146.9515,,,3857,6.1450396,-6.1023693,265.71497,-4.5917826,-0.8631539,13.250481,3557361,-5.6081705,23701.418,-0.33333334
0.14999999,0.9345629,-1.1448009,922.3328149300155,3.1785127e-11,-13.250481,37.913063,3858,-3.7952292,8.42407,,244,256,0.14999999,12649.458252429962,-3.3333333,,146.9515,,,3858,6.144801,-2.6897588,332.50168,-4.592042,-0.22409073,13.250481,3558360,-3.4972184,23706.643,0.73333335
0.14999999,1.1051544,-1.1450272,922.3526820419797,3.1768657e-11,-13.250481,37.888187,3859,-3.7952905,8.42407,,244,256,0.14999999,12657.93151640892,4.6666665,,146.9515,,,3859,6.145027,5.3403225,247.82964,-4.592301,-2.0172737,13.250481,3559359,-3.9422405,23713.66,0.46666667
0.14999999,0.87241036,-1.1450408,922.3725388601036,3.1752195e-11,-13.250481,37.88451,3860,-3.7952542,8.42407,,244,256,0.14999999,12667.57552742958,2.0,,146.9515,,,3860,6.1450405,2.2016582,256.89536,-4.59256,-1.1979375,13.250481,3560358,-3.7395523,23719.857,0.2
0.14999999,0.9986205,-1.1447475,922.3923853923853,3.1735753e-11,-13.250481,37.87363,3861,-3.7952528,8.42407,,244,256,0.14999999,12678.564254045486,6.0,,146.9515,,,3861,6.1447477,6.6290426,276.10254,-4.592819,-0.01295597,13.250481,3561357,-3.6475563,23724.871,0.73333335
0.14999999,1.1622227,-1.145132,922.4122216468152,3.1719318e-11,-13.250481,37.86663,3862,-3.7952068,8.42407,,244,256,0.14999999,12687.553738594055,7.3333335,,146.9515,1.2734139e-18,,3862,6.145132,8.273346,446.74835,-4.593078,-2.6291544,13.250481,3562356,-3.596971,23732.5,1.0
0.14999999,0.772941,-1.1464679,922.4320476313745,3.1702897e-11,-13.250481,37.857864,3863,-3.7951798,8.42407,,244,256,0.14999999,12696.51056432724,-7.3333335,,146.9515,,,3863,6.146468,-7.364494,219.18486,-4.593337,-6.3057785,13.250481,3563355,-3.8195336,23743.805,0.2
0.14999999,1.2073203,-1.1462066,922.4518633540373,3.168649e-11,-13.250481,37.84776,3864,-3.7952645,8.42407,,244,256,0.14999999,12702.089525222778,3.3333333,,146.9515,,,3864,6.146207,2.787337,293.0364,-4.593596,-0.13684356,13.250481,3564354,-3.886484,23748.941,-0.2
0.14999999,1.0385435,-1.145976,922.4716688227684,3.1670094e-11,-13.250481,37.842316,3865,-3.7953625,8.42407,,244,256,0.14999999,12710.36991930008,-3.3333333,,146.9515,,,3865,6.145976,-4.3202314,495.95575,-4.5938544,-0.25498658,13.250481,3565353,-4.35436,23754.197,-1.0
0.14999999,0.6811943,-1.1461074,922.491464045525,3.1653718e-11,-13.250481,37.836124,3866,-3.7953856,8.42407,,244,256,0.14999999,12717.682910203934,3.3333333,,146.9515,,,3866,6.1461077,3.5405388,234.57594,-4.5941133,-1.653886,13.250481,3566352,-3.8773415,23760.852,0.2
0.14999999,1.0984015,-1.1458129,922.5112490302561,3.1637342e-11,-13.250481,37.83606,3867,-3.7955678,8.42407,,244,256,0.14999999,12727.690739393234,-3.3333333,,146.9515,,,3867,6.145813,-3.6130106,293.72693,-4.594372,-0.006887624,13.250481,3567351,-4.1751776,23765.86,-0.2
0.14999999,1.1280885,-1.1455386,922.5310237849018,3.1620987e-11,-13.250481,37.8341,3868,-3.7955706,8.42407,,244,256,0.14999999,12736.192865610123,-7.3333335,,146.9515,,,3868,6.1455383,-7.5610175,214.0905,-4.5946302,-0.08539752,13.250481,3568350,-3.8725648,23770.943,-0.2
0.14999999,0.8980856,-1.1452696,922.5507883173947,3.1604643e-11,-13.250481,37.80958,3869,-3.7954433,8.42407,,244,256,0.14999999,12744.564198493958,-3.3333333,,146.9515,,,3869,6.1452694,-3.3052905,293.33365,-4.5948887,-0.10512329,13.250481,3569349,-3.4141402,23776.049,0.2
0.14999999,0.9247369,-1.1450391,922.570542635659,3.1588315e-11,-13.250481,37.753918,3870,-3.795705,8.42407,1.0932015e-09,244,256,0.14999999,12752.879453659058,-0.6666667,,146.9515,,,3870,6.145039,-1.809346,302.77597,-4.595147,-0.2528122,13.250481,3570348,-4.6912208,23781.3,-1.0
0.14999999,1.1205161,-1.1452187,922.5902867476104,3.1571995e-11,-13.250481,37.74748,3871,-3.7956676,8.42407,,244,256,0.14999999,12762.484131097794,-8.666667,,146.9515,,,3871,6.145219,-8.744094,369.21173,-4.5954056,-1.8401301,13.250481,3571347,-3.5529428,23788.14,-0.2
0.14999999,0.9941337,-1.1449233,922.610020661157,3.155569e-11,-13.250481,37.74252,3872,-3.7956483,8.42407,,244,256,0.14999999,12768.892671585083,7.3333335,,146.9515,,,3872,6.144923,7.2163486,194.30734,-4.595664,-0.0014351872,13.250481,3572346,-3.812077,23793.143,-0.33333334
0.14999999,0.9540587,-1.1444055,922.4890265943712,3.1539396e-11,-13.250481,37.732414,3873,-3.7955902,8.42407,,244,256,0.14999999,12774.880934000015,-3.3333333,,146.9515,,,3873,6.1444054,-3.934472,293.05234,-4.5959225,0.8604862,13.250481,3572800,-3.5507984,23797.281,-0.46666667
0.14999999,0.93344,-1.144309,922.5087764584409,3.1523114e-11,-13.250481,37.716713,3874,-3.7955828,8.42407,4.4740365e-15,244,256,0.14999999,12782.606580972672,0.6666667,,146.9515,,,3874,6.144309,-0.26126218,443.48126,-4.5961804,-0.7707548,13.250481,3573799,-3.7022264,23803.053,-1.0
0.14999999,0.9009777,-1.1445338,922.5285161290323,3.150685e-11,-13.250481,37.70738,3875,-3.795568,8.42407,,244,256,0.14999999,12790.821737289429,-7.3333335,,146.9515,,,3875,6.1445336,-6.4138484,402.8594,-4.5964384,-2.014887,13.250481,3574798,-3.6426184,23810.068,1.0
0.14999999,1.1769319,-1.1449606,922.5482456140351,3.149059e-11,-13.250481,37.696968,3876,-3.7955139,8.42407,0.0027232764,244,256,0.14999999,12798.396707773209,-0.6666667,,146.9515,,,3876,6.1449604,-0.3167229,314.88403,-4.5966964,-2.7994316,13.250481,3575797,-3.468006,23817.867,0.6
0.14999999,1.0141566,-1.1448048,922.5679649213309,3.1474347e-11,-13.250481,37.678387,3877,-3.7953787,8.42407,,244,256,0.14999999,12806.08713388443,-10.0,,146.9515,,,3877,6.144805,-10.602782,326.7893,-4.596954,-0.5408439,13.250481,3576796,-3.4171317,23823.408,-0.8666667
0.14999999,1.1537435,-1.1448398,922.5876740587931,3.145812e-11,-13.250481,37.5765,3878,-3.7955759,8.42407,,244,256,0.14999999,12813.893203735352,3.3333333,,146.9515,,,3878,6.14484,2.808829,292.05423,-4.597212,-1.2796834,13.250481,3577795,-4.5413237,23829.688,-0.46666667
0.14999999,1.167153,-1.1446579,922.6073730342872,3.14419e-11,-13.250481,37.575005,3879,-3.7955499,8.42407,,244,256,0.14999999,12819.285362243652,4.6666665,,146.9515,2.5337713e-18,,3879,6.144658,4.2630363,238.03503,-4.5974693,-0.43965214,13.250481,3578794,-3.8216271,23835.129,-0.2
0.14999999,1.0536437,-1.1443669,922.6061855670104,3.1425695e-11,-13.250481,37.523087,3880,-3.7954288,8.42407,,244,256,0.14999999,12826.962274074554,-7.3333335,,146.9515,,,3880,6.1443667,-7.916149,179.12666,-4.5977273,-0.015841017,13.250481,3579712,-3.4760585,23840.145,-0.6
0.14999999,1.029603,-1.1444533,922.6258696212317,3.1409503e-11,-13.250481,37.511448,3881,-3.7953303,8.42407,1.1148124e-08,244,256,0.14999999,12834.982268571854,0.6666667,,146.9515,,,3881,6.144453,1.2363513,386.86786,-4.597985,-1.4796588,13.250481,3580711,-3.451323,23846.623,0.6
0.14999999,0.9943624,-1.1446103,922.6455435342607,3.1393325e-11,-13.250481,37.479492,3882,-3.7954128,8.42407,,244,256,0.14999999,12843.437843561172,-6.0,,146.9515,,,3882,6.1446104,-6.8325276,351.583,-4.5982428,-1.7536498,13.250481,3581710,-4.1221013,23853.377,-1.0
0.14999999,0.9691396,-1.1448159,922.6652073139326,3.1377158e-11,-13.250481,37.47368,3883,-3.7954087,8.42407,,244,256,0.14999999,12850.555207252502,-7.3333335,,146.9515,2.376028e-20,,3883,6.144816,-8.564439,338.5056,-4.5985003,-1.942932,13.250481,3582709,-3.7542708,23860.32,-1.0
0.14999999,1.0463082,-1.1452041,922.6848609680742,3.1361004e-11,-13.250481,37.452267,3884,-3.7957425,8.42407,,244,256,0.14999999,12859.717509031296,8.666667,,146.9515,,,3884,6.145204,8.766696,358.7236,-4.5987577,-2.652898,13.250481,3583708,-5.0374236,23867.973,-0.2
0.14999999,0.97552896,-1.1447457,922.5734877734877,3.1344857e-11,-13.250481,37.45123,3885,-3.7961028,8.42407,,244,256,0.14999999,12866.032200813293,3.3333333,,146.9515,,,3885,6.144746,3.7787647,321.58536,-4.599015,0.63620704,13.250481,3584198,-5.2192726,23872.336,0.6
0.14999999,0.79615664,-1.1446682,922.5931549150798,3.1328728e-11,-13.250481,37.43356,3886,-3.796108,8.42407,,244,256,0.14999999,12873.953879594803,10.0,,146.9515,,,3886,6.144668,9.72495,266.58124,-4.5992727,-0.8439045,13.250481,3585197,-3.7684352,23878.18,-0.2
0.14999999,0.6572531,-1.1436785,922.4437869822485,3.131261e-11,-13.250481,37.429485,3887,-3.7961426,8.42407,,244,256,0.14999999,12881.940382242203,8.666667,,146.9515,1.394003e-31,,3887,6.1436787,9.365759,448.2493,-4.5995297,2.7015789,13.250481,3585539,-3.7103276,23880.479,0.8666667
0.14999999,0.9955957,-1.1438922,922.4634773662551,3.1296507e-11,-13.250481,37.406937,3888,-3.7961621,8.42407,,244,256,0.14999999,12889.332659721375,-3.3333333,,146.9515,,,3888,6.1438923,-3.2441068,272.9905,-4.599787,-1.9738715,13.250481,3586538,-3.5125995,23887.453,0.46666667
0.14999999,1.0487844,-1.143618,922.4831576240679,3.1280416e-11,-13.250481,37.39901,3889,-3.796163,8.42407,1.3021129e-38,244,256,0.14999999,12895.96230006218,-2.0,,146.9515,1.8777343e-30,,3889,6.143618,-2.9646363,383.68665,-4.6000443,-0.07766196,13.250481,3587537,-3.778467,23892.531,-1.0
0.14999999,0.81890434,-1.143795,922.5028277634962,3.126433e-11,-13.250481,37.398357,3890,-3.796144,8.42407,,244,256,0.14999999,12904.530783891678,4.6666665,,146.9515,,,3890,6.143795,3.9275796,286.60977,-4.6003013,-1.8324399,13.250481,3588536,-3.738589,23899.363,-1.0
0.14999999,1.0453146,-1.143834,922.4862503212541,3.124826e-11,-13.250481,37.381794,3891,-3.7961557,8.42407,,244,256,0.14999999,12910.999452352524,2.0,,146.9515,,,3891,6.143834,2.557815,270.94345,-4.6005583,-1.2952754,13.250481,3589394,-3.645725,23905.658,0.6
0.14999999,1.0472859,-1.1437755,922.5059095580679,3.123221e-11,-13.250481,37.373825,3892,-3.7960942,8.42407,5.9238623e-36,244,256,0.14999999,12918.629343032837,-2.0,,146.9515,,,3892,6.1437755,-1.0433704,300.8917,-4.6008153,-0.91608226,13.250481,3590393,-3.582752,23911.574,0.8666667
0.14999999,0.9942163,-1.1446079,922.5255586950938,3.1216165e-11,-13.250481,37.3721,3893,-3.79609,8.42407,,244,256,0.14999999,12927.457823753357,-8.666667,,146.9515,,,3893,6.144608,-8.854912,391.25757,-4.6010723,-4.384273,13.250481,3591392,-3.8010328,23920.959,-0.46666667
0.14999999,0.8445007,-1.1443509,922.5451977401129,3.1200133e-11,-13.250481,37.31926,3894,-3.7959652,8.42407,,244,256,0.14999999,12938.164772748947,-4.6666665,,146.9515,,,3894,6.144351,-5.1015997,234.84624,-4.601329,-0.14432661,13.250481,3592391,-3.2855892,23926.102,-0.2
0.14999999,1.219775,-1.144184,922.5648267008986,3.1184114e-11,-13.250481,37.317963,3895,-3.7959247,8.42407,7.4040427e-29,244,256,0.14999999,12945.169541358948,-2.0,,146.9515,,,3895,6.144184,-1.7766368,249.65039,-4.601586,-0.4938868,13.250481,3593390,-3.4705753,23931.598,0.06666667
0.14999999,0.99683607,-1.1438917,922.5844455852156,3.116811e-11,-13.250481,37.31258,3896,-3.7958407,8.42407,,244,256,0.14999999,12951.578638076782,2.0,,146.9515,,,3896,6.143892,1.2183055,387.33484,-4.6018424,-0.005320127,13.250481,3594389,-3.668886,23936.602,-1.0
0.14999999,1.2528551,-1.1438631,922.6040544008212,3.1152116e-11,-13.250481,37.26045,3897,-3.79582,8.42407,,244,256,0.14999999,12957.857890844345,10.0,,146.9515,,,3897,6.143863,9.488884,258.67453,-4.602099,-1.0322925,13.250481,3595388,-3.6835494,23942.635,-0.6
0.14999999,1.1802359,-1.1435382,922.4889687018984,3.1136135e-11,-13.250481,37.23935,3898,-3.7957118,8.42407,,244,256,0.14999999,12964.390326023102,-4.6666665,,146.9515,,,3898,6.1435385,-4.020405,248.75893,-4.602356,0.12199767,13.250481,3595862,-3.5969186,23947.512,0.33333334
0.14999999,1.1759896,-1.1434451,922.508591946653,3.1120162e-11,-13.250481,37.226032,3899,-3.7955968,8.42407,,244,256,0.14999999,12970.794566392899,7.3333335,,146.9515,,,3899,6.143445,7.8907013,212.61575,-4.602612,-0.78024,13.250481,3596861,-3.5068219,23953.293,0.33333334
0.14999999,0.7042904,-1.1434096,922.5282051282052,3.1104206e-11,-13.250481,37.223946,3900,-3.7955089,8.42407,,244,256,0.14999999,12979.118573188782,-6.0,,146.9515,,,3900,6.1434097,-5.9173374,225.45828,-4.6028686,-1.00491,13.250481,3597860,-3.6094358,23959.297,0.06666667
0.14999999,0.8506604,-1.1431196,922.5478082542937,3.1088264e-11,-13.250481,37.211483,3901,-3.7955117,8.42407,,244,256,0.14999999,12986.669252634048,4.6666665,,146.9515,,,3901,6.14312,4.8500814,213.83176,-4.603125,-0.012523757,13.250481,3598859,-3.500689,23964.309,0.2
0.14999999,1.068514,-1.1428977,922.56740133265,3.1072332e-11,-13.250481,37.181076,3902,-3.795462,8.42407,,244,256,0.14999999,12995.087054729462,-3.3333333,,146.9515,,,3902,6.1428976,-2.4793363,593.13654,-4.603381,-0.27667674,13.250481,3599858,-3.4393103,23969.586,1.0
0.14999999,0.88053524,-1.1433241,922.5869843709967,3.105641e-11,-13.250481,37.160206,3903,-3.7954597,8.42407,,244,256,0.14999999,13002.366847515106,-4.6666665,,146.9515,,,3903,6.143324,-5.3449717,387.27448,-4.6036377,-2.8072672,13.250481,3600857,-3.8010538,23977.395,-1.0
0.14999999,0.9695458,-1.1434734,922.6065573770492,3.1040504e-11,-13.250481,37.151497,3904,-3.795458,8.42407,,244,256,0.14999999,13010.369464635849,-10.0,,146.9515,,,3904,6.1434736,-10.11571,293.17953,-4.6038938,-1.7258245,13.250481,3601856,-3.6509304,23984.121,0.2
0.14999999,1.0569782,-1.1432221,922.6261203585148,3.1024606e-11,-13.250481,37.14879,3905,-3.7961524,8.42407,,244,256,0.14999999,13017.200628519058,-10.0,,146.9515,3.7739785,,3905,6.143222,-10.325509,292.10855,-4.60415,-0.16284353,13.250481,3602855,-6.450529,23989.281,-0.2
0.14999999,0.9325396,-1.1429832,922.6456733230926,3.1008727e-11,-13.250481,37.137836,3906,-3.7961228,8.42407,,244,256,0.14999999,13024.235798120499,4.6666665,,146.9515,,,3906,6.1429834,5.399335,261.65906,-4.604406,-0.20981236,13.250481,3603854,-3.7122953,23994.492,0.73333335
0.14999999,0.95759,-1.1433742,922.6652162784745,3.099285e-11,-13.250481,37.130054,3907,-3.79608,8.42407,,244,256,0.14999999,13030.775938034058,10.0,,146.9515,,,3907,6.1433744,9.036768,401.82227,-4.604662,-2.6706774,13.250481,3604853,-3.5451493,24002.164,-1.0
0.14999999,1.0570873,-1.1435114,922.636131013306,3.0976992e-11,-13.250481,37.114994,3908,-3.7960527,8.42407,,244,256,0.14999999,13039.19780755043,6.0,,146.9515,,,3908,6.1435113,6.1814466,271.72272,-4.604918,-1.6795249,13.250481,3605662,-3.6126015,24008.844,0.46666667
0.14999999,0.9033896,-1.1432734,922.6556664108467,3.0961143e-11,-13.250481,37.11051,3909,-3.7959712,8.42407,,244,256,0.14999999,13047.68212223053,10.0,,146.9515,,,3909,6.1432734,10.179768,251.07797,-4.6051736,-0.21360552,13.250481,3606661,-3.5174437,24014.055,0.33333334
0.14999999,1.0347521,-1.1429641,922.5547314578005,3.094531e-11,-13.250481,37.0989,3910,-3.7961242,8.42407,8.483463e-15,244,256,0.14999999,13053.10524725914,0.6666667,,146.9515,,,3910,6.1429644,1.4944766,479.31616,-4.6054296,0.06627949,13.250481,3607189,-4.2760077,24018.99,1.0
0.14999999,0.8307332,-1.1433506,922.5742776783432,3.0929485e-11,-13.250481,37.066154,3911,-3.7960715,8.42407,5.0222764e-07,244,256,0.14999999,13060.438525676727,-0.6666667,,146.9515,6.2371774e-16,,3911,6.1433506,0.32280836,344.84296,-4.605685,-2.654074,13.250481,3608188,-3.590944,24026.645,0.8666667
0.14999999,1.0094681,-1.1437106,922.5938139059305,3.0913678e-11,-13.250481,37.039864,3912,-3.7963526,8.42407,,244,256,0.14999999,13067.331366539001,-8.666667,,146.9515,,,3912,6.1437106,-8.27075,323.81964,-4.605941,-2.551825,13.250481,3609187,-4.70675,24034.195,0.46666667
0.14999999,0.88046306,-1.1436138,922.6133401482239,3.0897878e-11,-13.250481,37.028492,3913,-3.7963717,8.42407,,244,256,0.14999999,13076.495906114578,10.0,,146.9515,,,3913,6.143614,11.027789,356.98785,-4.6061964,-0.7649348,13.250481,3610186,-3.8608716,24039.96,0.8666667
0.14999999,1.133323,-1.1440679,922.6328564128769,3.0882092e-11,-13.250481,37.005703,3914,-3.7968678,8.42407,3.475576e-05,244,256,0.14999999,13085.457911729813,-0.6666667,,146.9515,,,3914,6.144068,-1.4361756,269.7025,-4.606452,-2.9208999,13.250481,3611185,-5.593635,24047.883,-0.73333335
0.14999999,0.9201891,-1.1440332,922.6523627075351,3.0866316e-11,-13.250481,37.004246,3915,-3.7967353,8.42407,,244,256,0.14999999,13092.772289276123,-7.3333335,,146.9515,,,3915,6.1440334,-7.005102,220.67906,-4.6067076,-1.0084515,13.250481,3612184,-3.3915546,24053.89,0.46666667
0.14999999,0.9022239,-1.1437647,922.6718590398366,3.0850555e-11,-13.250481,37.00172,3916,-3.7966332,8.42407,,244,256,0.14999999,13101.031031131744,8.666667,,146.9515,,,3916,6.1437645,7.9174256,288.6118,-4.6069627,-0.092691325,13.250481,3613183,-3.305825,24058.982,-0.8666667
0.14999999,0.9590732,-1.143575,922.5588460556548,3.0834807e-11,-13.250481,36.9733,3917,-3.7965364,8.42407,,244,256,0.14999999,13109.21357369423,-8.666667,,146.9515,,,3917,6.1435747,-8.691364,287.04263,-4.6072183,-0.40042448,13.250481,3613663,-3.3022573,24064.383,0.06666667
0.14999999,0.96026105,-1.1432908,922.5783563042369,3.0819066e-11,-13.250481,36.960632,3918,-3.796427,8.42407,,244,256,0.14999999,13118.09311246872,2.0,,146.9515,,,3918,6.1432905,2.9348018,474.75003,-4.6074734,-0.02955933,13.250481,3614662,-3.3081498,24069.414,1.0
0.14999999,0.8172623,-1.1457473,922.5978565960704,3.080334e-11,-13.250481,36.959114,3919,-3.7970803,8.42407,,244,256,0.14999999,13126.944523572922,7.3333335,,146.9515,,,3919,6.145747,7.250556,179.70174,-4.6077285,-10.770678,13.250481,3615661,-6.289554,24085.184,-0.06666667
0.14999999,1.001559,-1.1452366,922.4821428571429,3.078763e-11,-13.250481,36.954,3920,-3.796983,8.42407,,244,256,0.14999999,13136.962312459946,6.0,,146.9515,2.4987404e-15,,3920,6.1452365,5.453494,255.39342,-4.6079836,0.85580766,13.250481,3616130,-3.224436,24089.328,-0.46666667
0.14999999,1.1618606,-1.1451154,922.4498852333588,3.0771927e-11,-13.250481,36.937775,3921,-3.7969317,8.42407,,244,256,0.14999999,13146.012199640274,-10.0,,146.9515,,,3921,6.1451154,-9.174091,602.6483,-4.6082387,-0.66989076,13.250481,3616926,-3.5789404,24094.998,1.0
0.14999999,0.9334013,-1.1455466,922.4694033656298,3.0756234e-11,-13.250481,36.927372,3922,-3.7969184,8.42407,,244,256,0.14999999,13154.137553930283,7.3333335,,146.9515,,,3922,6.1455464,6.9255915,196.70908,-4.608494,-2.8361156,13.250481,3617925,-3.8488874,24102.834,-0.6
0.14999999,1.0852076,-1.1451344,922.3464185572266,3.0740556e-11,-13.250481,36.912678,3923,-3.7968917,8.42407,,244,256,0.14999999,13162.124425888062,3.3333333,,146.9515,,,3923,6.1451344,4.504808,523.6651,-4.608749,0.4711756,13.250481,3618365,-3.6144009,24107.363,1.0
0.14999999,1.0311531,-1.1465081,922.3659531090724,3.0724888e-11,-13.250481,36.901764,3924,-3.797084,8.42407,,244,256,0.14999999,13170.044874191284,2.0,,146.9515,,,3924,6.146508,1.6461456,255.636,-4.6090035,-6.5355477,13.250481,3619364,-4.589108,24118.898,-0.46666667
0.14999999,0.979171,-1.1463397,922.3854777070063,3.0709237e-11,-13.250481,36.893856,3925,-3.7970333,8.42407,,244,256,0.14999999,13178.076494693756,-4.6666665,,146.9515,,,3925,6.1463394,-3.364731,443.01202,-4.6092587,-0.48546886,13.250481,3620363,-3.6145082,24124.383,1.0
0.14999999,1.0939751,-1.1474096,922.4049923586348,3.0693594e-11,-13.250481,36.888847,3926,-3.7971232,8.42407,5.5081756e-31,244,256,0.14999999,13186.77967262268,-2.0,,146.9515,,,3926,6.1474094,-2.211687,258.97073,-4.6095133,-5.346884,13.250481,3621362,-4.100345,24134.73,-0.46666667
0.14999999,1.2862554,-1.1472099,922.424497071556,3.0677964e-11,-13.250481,36.85925,3927,-3.7970736,8.42407,1.4256642e-10,244,256,0.14999999,13193.01112818718,0.6666667,,146.9515,,,3927,6.14721,-0.31571096,345.5013,-4.609768,-0.36331037,13.250481,3622361,-3.676943,24140.094,-0.73333335
0.14999999,1.0545311,-1.1473532,922.4439918533604,3.0662344e-11,-13.250481,36.81233,3928,-3.7970243,8.42407,,244,256,0.14999999,13199.83770942688,8.666667,,146.9515,,,3928,6.147353,9.013748,385.99298,-4.6100225,-1.7099538,13.250481,3623360,-3.8639395,24146.803,0.6
0.14999999,0.91440976,-1.147357,922.4634767116314,3.064674e-11,-13.250481,36.80758,3929,-3.796869,8.42407,,244,256,0.14999999,13206.510735273361,2.0,,146.9515,,,3929,6.147357,1.3551261,228.43355,-4.610277,-1.1622573,13.250481,3624359,-3.2123713,24152.965,-0.73333335
0.14999999,0.9628223,-1.147244,922.482951653944,3.0631147e-11,-13.250481,36.797802,3930,-3.796848,8.42407,,244,256,0.14999999,13212.251176595688,-6.0,,146.9515,,,3930,6.147244,-6.39935,241.96057,-4.6105313,-0.7030428,13.250481,3625358,-3.6138039,24158.668,-0.46666667
0.14999999,0.86501884,-1.1470796,922.5024166878657,3.0615566e-11,-13.250481,36.789032,3931,-3.7967863,8.42407,6.0448933,244,256,0.14999999,13222.356920957565,-0.6666667,,146.9515,,,3931,6.1470795,-0.9487997,280.9928,-4.610786,-0.5010571,13.250481,3626357,-3.502787,24164.17,-0.06666667
0.14999999,1.099814,-1.1468176,922.5218718209562,3.0599998e-11,-13.250481,36.788235,3932,-3.7967207,8.42407,2.4682126e-05,244,256,0.14999999,13231.140201330185,0.6666667,,146.9515,1.4824028e-17,,3932,6.1468177,0.52963066,323.38278,-4.6095037,-0.11663237,13.250481,3627356,-3.3883405,24169.287,-0.06666667
0.14999999,0.86492777,-1.1465267,922.5413170607678,3.0584438e-11,-13.250481,36.78324,3933,-3.7967355,8.42407,,244,256,0.14999999,13240.342156648636,8.666667,,146.9515,,,3933,6.146527,9.134131,367.5099,-4.609758,-0.0033199238,13.250481,3628355,-3.9360547,24174.29,0.2
0.14999999,0.91648215,-1.1459693,922.4133197763091,3.0568895e-11,-13.250481,36.767235,3934,-3.7969112,8.42407,4.134233e-34,244,256,0.14999999,13248.59510421753,-2.0,,146.9515,,,3934,6.1459694,-2.5943615,258.88135,-4.610012,1.0461111,13.250481,3628774,-4.3366237,24178.242,-0.73333335
0.14999999,1.5111927,-1.145955,922.4327827191868,3.055336e-11,-13.250481,36.701466,3935,-3.7969053,8.42407,,244,256,0.14999999,13256.767831087112,-8.666667,,146.9515,,,3935,6.145955,-9.905937,700.63275,-4.610266,-1.0896822,13.250481,3629773,-3.6742165,24184.332,-1.0
0.14999999,1.2112616,-1.1462544,922.4522357723578,3.0537833e-11,-13.250481,36.695354,3936,-3.797073,8.42407,,244,256,0.14999999,13262.704289913177,6.0,,146.9515,,,3936,6.1462545,5.326582,235.62514,-4.6105204,-2.3236759,13.250481,3630772,-4.9001446,24191.656,-0.73333335
0.14999999,0.9240729,-1.1461033,922.3411226822453,3.0522324e-11,-13.250481,36.68035,3937,-3.796994,8.42407,7.402058e-31,244,256,0.14999999,13271.07065653801,-2.0,,146.9515,,,3937,6.1461034,-1.3768702,235.57884,-4.6107745,-0.55148166,13.250481,3631257,-3.6804137,24197.209,0.46666667
0.14999999,1.2478001,-1.1460739,922.3605891315389,3.0506823e-11,-13.250481,36.674366,3938,-3.7969718,8.42407,,244,256,0.14999999,13278.464768648148,8.666667,,146.9515,,,3938,6.146074,8.222971,378.90875,-4.6110287,-1.0309005,13.250481,3632256,-3.616359,24203.238,-0.46666667
0.14999999,0.9622885,-1.1459776,922.3069306930693,3.0491335e-11,-13.250481,36.66181,3939,-3.797112,8.42407,,244,256,0.14999999,13285.278793811798,-7.3333335,,146.9515,,,3939,6.1459775,-7.429812,196.05293,-4.6112823,-0.76667637,13.250481,3632967,-4.5724874,24209.006,0.06666667
0.14999999,1.0922953,-1.1456867,922.3263959390863,3.0475858e-11,-13.250481,36.65986,3940,-3.7970476,8.42407,,244,256,0.14999999,13294.030481100082,-7.3333335,,146.9515,14.919401,,3940,6.1456866,-7.6312895,209.7945,-4.6115365,-4.5991885e-05,13.250481,3633966,-3.4970872,24214.006,-0.33333334
0.14999999,1.0076425,-1.1454253,922.3458513067749,3.0460395e-11,-13.250481,36.656876,3941,-3.7969558,8.42407,,244,256,0.14999999,13301.776626586914,6.0,,146.9515,,,3941,6.1454253,6.358455,236.47246,-4.61179,-0.114965096,13.250481,3634965,-3.510793,24219.121,0.06666667
0.14999999,0.87866163,-1.1452096,922.365296803653,3.044494e-11,-13.250481,36.613728,3942,-3.7969532,8.42407,,244,256,0.14999999,13307.559136867523,-6.0,,146.9515,,,3942,6.1452093,-5.168684,244.61761,-4.612044,-0.29507026,13.250481,3635964,-3.7762642,24224.416,0.46666667
0.14999999,1.0537146,-1.1454846,922.3847324372306,3.0429503e-11,-13.250481,36.608368,3943,-3.796939,8.42407,1.2216965e-05,244,256,0.14999999,13313.949169158936,0.6666667,,146.9515,,,3943,6.1454844,1.0590398,320.4387,-4.6122975,-2.229455,13.250481,3636963,-3.6062536,24231.645,0.2
0.14999999,1.03704,-1.1453221,922.4041582150102,3.0414074e-11,-13.250481,36.60429,3944,-3.7968636,8.42407,,244,256,0.14999999,13320.172642469406,-4.6666665,,146.9515,,,3944,6.145322,-4.155755,250.4846,-4.612551,-0.5045961,13.250481,3637962,-3.5272486,24237.15,0.6
0.14999999,0.94168365,-1.1453369,922.4235741444867,3.0398656e-11,-13.250481,36.58086,3945,-3.7968175,8.42407,,244,256,0.14999999,13328.066868782043,10.0,,146.9515,,,3945,6.145337,10.65005,298.47827,-4.6128044,-1.2038355,13.250481,3638961,-3.637728,24243.354,0.6
0.14999999,1.222961,-1.1457623,922.4429802331475,3.038325e-11,-13.250481,36.576366,3946,-3.7968228,8.42407,,244,256,0.14999999,13333.728124141693,-10.0,,146.9515,,,3946,6.1457624,-10.796133,534.9344,-4.613058,-2.8242118,13.250481,3639960,-3.7321186,24251.178,-1.0
0.14999999,1.0381037,-1.1458465,922.4623764884723,3.0367858e-11,-13.250481,36.560104,3947,-3.796788,8.42407,,244,256,0.14999999,13343.267218828201,10.0,,146.9515,,,3947,6.1458464,9.221991,256.5394,-4.6133113,-1.4781153,13.250481,3640959,-3.8271546,24257.656,-0.33333334
0.14999999,0.85488206,-1.1449941,922.3156028368794,3.0352474e-11,-13.250481,36.555496,3948,-3.7970035,8.42407,,244,256,0.14999999,13349.397679328918,2.0,,146.9515,,,3948,6.1449943,1.7420164,243.01219,-4.6135645,2.2191033,13.250481,3641302,-4.6646085,24260.438,0.06666667
0.14999999,0.8676518,-1.1447083,922.3350215244366,3.0337104e-11,-13.250481,36.55093,3949,-3.7969804,8.42407,,244,256,0.14999999,13356.668746948242,3.3333333,,146.9515,1.02912e-33,,3949,6.144708,2.3382592,302.57562,-4.613818,-0.015940173,13.250481,3642301,-3.5432546,24265.453,-0.8666667
0.14999999,1.1185392,-1.1449687,922.3096202531646,3.032175e-11,-13.250481,36.52267,3950,-3.7971287,8.42407,2.9935284,244,256,0.14999999,13364.643483400345,-0.6666667,,146.9515,,,3950,6.144969,-0.84426683,288.8483,-4.6140714,-2.1736562,13.250481,3643123,-4.23326,24272.627,0.2
0.14999999,1.2324693,-1.1446804,922.3290306251582,3.03064e-11,-13.250481,36.511154,3951,-3.7970278,8.42407,,244,256,0.14999999,13372.826387405396,7.3333335,,146.9515,,,3951,6.1446805,7.822797,235.76617,-4.613567,-0.005956547,13.250481,3644122,-3.4943664,24277.633,0.6
0.14999999,1.1609052,-1.1447297,922.3484311740891,3.0291065e-11,-13.250481,36.50813,3952,-3.796866,8.42407,,244,256,0.14999999,13380.143268108368,-7.3333335,,146.9515,,,3952,6.1447296,-6.353012,231.00108,-4.6138196,-1.3394114,13.250481,3645121,-3.3705611,24283.973,0.73333335
0.14999999,0.8883934,-1.1453665,922.3678219074121,3.0275744e-11,-13.250481,36.488342,3953,-3.7967656,8.42407,,244,256,0.14999999,13386.355897188187,7.3333335,,146.9515,,,3953,6.1453667,6.5213356,216.74162,-4.614073,-3.661651,13.250481,3646120,-3.5466497,24292.633,-0.8666667
0.14999999,0.7004649,-1.1452076,922.254425897825,3.0260426e-11,-13.250481,36.48564,3954,-3.7966754,8.42407,,244,256,0.14999999,13395.372209787369,-8.666667,,146.9515,,,3954,6.1452074,-9.059582,239.83287,-4.6143255,-0.51718336,13.250481,3646594,-3.3150754,24298.15,-0.73333335
0.14999999,0.93326014,-1.1451361,922.2738305941846,3.0245126e-11,-13.250481,36.483223,3955,-3.7966094,8.42407,,244,256,0.14999999,13400.851278543472,3.3333333,,146.9515,,,3955,6.145136,3.8661025,291.9342,-4.6145787,-0.862327,13.250481,3647593,-3.2237732,24304.014,0.46666667
0.14999999,1.0100507,-1.1454228,922.2932254802831,3.022984e-11,-13.250481,36.477806,3956,-3.7967556,8.42407,,244,256,0.14999999,13406.27977848053,-8.666667,,146.9515,,,3956,6.145423,-7.805797,359.13916,-4.6148314,-2.2793398,13.250481,3648592,-4.2853737,24311.293,0.73333335
0.14999999,1.0064483,-1.1456741,922.3126105635582,3.021456e-11,-13.250481,36.459892,3957,-3.7966332,8.42407,0.52155757,244,256,0.14999999,13412.070386886597,-0.6666667,,146.9515,,,3957,6.145674,-0.7399082,325.45337,-4.615084,-2.140174,13.250481,3649591,-3.2943769,24318.434,-0.33333334
0.14999999,1.0181679,-1.1453876,922.3319858514401,3.0199294e-11,-13.250481,36.400414,3958,-3.7965484,8.42407,,244,256,0.14999999,13420.471130132675,-10.0,,146.9515,,,3958,6.1453876,-9.378135,293.48837,-4.615205,-0.011370108,13.250481,3650590,-3.4466674,24323.445,0.73333335
0.14999999,1.1188397,-1.1454488,922.3513513513514,3.018404e-11,-13.250481,36.397026,3959,-3.7965262,8.42407,2.1331173e-06,244,256,0.14999999,13427.549014091492,0.6666667,,146.9515,,,3959,6.1454487,0.47211784,286.36032,-4.6154575,-1.387867,13.250481,3651589,-3.701409,24329.832,-0.33333334
0.14999999,1.0038356,-1.1452067,922.3707070707071,3.0168798e-11,-13.250481,36.370537,3960,-3.7963896,8.42407,,244,256,0.14999999,13438.141441106796,6.0,,146.9515,,,3960,6.1452065,5.6946282,247.14375,-4.6157103,-0.18658315,13.250481,3652588,-3.3567202,24335.02,-0.2
0.14999999,0.98978335,-1.144706,922.2567533451148,3.0153567e-11,-13.250481,36.359062,3961,-3.7963128,8.42407,,244,256,0.14999999,13445.446083545685,-3.3333333,,146.9515,,,3961,6.144706,-4.1259103,298.29572,-4.6159625,0.8378632,13.250481,3653059,-3.4783494,24339.18,-0.73333335
0.14999999,0.7188847,-1.1446863,922.2761231701161,3.0138347e-11,-13.250481,36.35299,3962,-3.7963288,8.42407,,244,256,0.14999999,13454.591787815094,-10.0,,146.9515,,,3962,6.144686,-10.663164,251.75471,-4.616215,-1.0659715,13.250481,3654058,-3.8262568,24345.246,-0.6
0.14999999,1.0847546,-1.1446838,922.295483219783,3.0123144e-11,-13.250481,36.281116,3963,-3.7964058,8.42407,,244,256,0.14999999,13462.821779489517,4.6666665,,146.9515,,,3963,6.144684,4.0934496,223.74718,-4.6164675,-1.1353555,13.250481,3655057,-3.8044114,24351.383,-0.33333334
0.14999999,1.245253,-1.1446141,922.3148335015136,3.0107944e-11,-13.250481,36.25968,3964,-3.7963448,8.42407,,244,256,0.14999999,13468.590710878372,-6.0,,146.9515,,,3964,6.144614,-6.8193684,254.57466,-4.6167197,-0.8684542,13.250481,3656056,-3.625955,24357.25,-0.73333335
0.14999999,1.0148861,-1.1446921,922.3341740226986,3.009276e-11,-13.250481,36.237213,3965,-3.7962286,8.42407,,244,256,0.14999999,13476.8715736866,-4.6666665,,146.9515,8.8505934e-23,,3965,6.144692,-4.9315186,231.8634,-4.616972,-1.4534317,13.250481,3657055,-3.5593772,24363.703,0.06666667
0.14999999,0.8148018,-1.1444181,922.3535047907211,3.0077586e-11,-13.250481,36.232876,3966,-3.7961948,8.42407,,244,256,0.14999999,13484.389436006546,-4.6666665,,146.9515,98.15158,,3966,6.1444182,-5.2151566,178.24982,-4.617224,-0.058049444,13.250481,3658054,-3.661801,24368.762,-0.33333334
0.14999999,1.0652089,-1.1442913,922.3728258129569,3.006242e-11,-13.250481,36.226475,3967,-3.7961729,8.42407,,244,256,0.14999999,13493.86475276947,3.3333333,,146.9515,,,3967,6.1442914,2.4333835,283.61505,-4.6174765,-0.6412768,13.250481,3659053,-3.5150487,24374.402,-0.6
0.14999999,0.9012047,-1.1441994,922.3921370967741,3.004727e-11,-13.250481,36.218483,3968,-3.7962754,8.42407,,244,256,0.14999999,13502.691707134247,3.3333333,,146.9515,0.0036891303,,3968,6.1441994,3.4764154,264.93826,-4.617728,-0.7796528,13.250481,3660052,-4.2485666,24380.184,0.06666667
0.14999999,0.95790696,-1.1439121,922.4114386495339,3.0032133e-11,-13.250481,36.197617,3969,-3.796351,8.42407,,244,256,0.14999999,13511.316997528076,-3.3333333,,146.9515,,,3969,6.1439123,-3.4928257,277.75012,-4.6179805,-0.0036485288,13.250481,3661051,-3.9787028,24385.188,-0.06666667
0.14999999,1.0660273,-1.1436276,922.4307304785895,3.0017006e-11,-13.250481,36.187763,3970,-3.7963605,8.42407,3.1407906e-29,244,256,0.14999999,13520.313934803009,-2.0,,146.9515,8.145207e-18,,3970,6.1436276,-2.4937158,239.4745,-4.6182323,-0.01484809,13.250481,3662050,-3.7714956,24390.201,-0.2
0.14999999,0.9131855,-1.1434159,922.4500125912868,3.000189e-11,-13.250481,36.178383,3971,-3.796311,8.42407,,244,256,0.14999999,13526.32263994217,2.0,,146.9515,,,3971,6.143416,1.37024,223.27354,-4.618484,-0.3031361,13.250481,3663049,-3.647668,24395.504,-0.2
0.14999999,1.0303936,-1.1431872,922.4692849949647,2.9986784e-11,-13.250481,36.165165,3972,-3.79628,8.42407,,244,256,0.14999999,13534.260861635208,4.6666665,,146.9515,,,3972,6.143187,4.676359,230.75922,-4.618736,-0.23493132,13.250481,3664048,-3.5718865,24400.738,-0.06666667
0.14999999,0.99242705,-1.1429117,922.4885476969545,2.9971692e-11,-13.250481,36.161556,3973,-3.7962475,8.42407,,244,256,0.14999999,13539.582310914993,10.0,,146.9515,,,3973,6.142912,10.46516,236.96414,-4.6189876,-0.048403177,13.250481,3665047,-3.67994,24405.79,0.06666667
0.14999999,1.1355456,-1.140869,922.3205837946654,2.9956607e-11,-13.250481,36.145622,3974,-3.796268,8.42407,3.5665385e-29,244,256,0.14999999,13548.412117958069,-2.0,,146.9515,,,3974,6.140869,-1.5556952,244.30289,-4.6192393,6.97406,13.250481,3665302,-3.8489993,24403.812,0.2
0.14999999,1.0640634,-1.1406667,922.3398742138364,2.994154e-11,-13.250481,36.129993,3975,-3.7961915,8.42407,,244,256,0.14999999,13557.725061893463,3.3333333,,146.9515,,,3975,6.140667,3.980159,299.47678,-4.619491,-0.33630788,13.250481,3666301,-3.6069236,24409.15,0.73333335
0.14999999,0.832781,-1.1411244,922.3591549295775,2.9926478e-11,-13.250481,36.115486,3976,-3.7962663,8.42407,,244,256,0.14999999,13565.47516989708,8.666667,,146.9515,,,3976,6.1411242,9.616692,456.91675,-4.6197424,-2.959632,13.250481,3667300,-4.1309214,24417.11,1.0
0.14999999,0.7579133,-1.1421335,922.3784259492079,2.991143e-11,-13.250481,36.086456,3977,-3.7962754,8.42407,,244,256,0.14999999,13574.357255458832,-6.0,,146.9515,,,3977,6.1421337,-6.0395145,247.05055,-4.619994,-5.1545563,13.250481,3668299,-3.6360168,24427.266,-0.2
0.14999999,0.9442926,-1.1418475,922.3976872800403,2.9896394e-11,-13.250481,36.07254,3978,-3.7962976,8.42407,,244,256,0.14999999,13579.989996433258,2.0,,146.9515,,,3978,6.1418476,2.2111368,246.42018,-4.6202455,-0.004815091,13.250481,3669298,-3.631767,24432.27,0.33333334
0.14999999,0.9939356,-1.1416374,922.4169389293793,2.988137e-11,-13.250481,36.06782,3979,-3.7962623,8.42407,,244,256,0.14999999,13587.520379543304,4.6666665,,146.9515,,,3979,6.1416373,3.3189795,237.54044,-4.6204967,-0.30578452,13.250481,3670297,-3.5859404,24437.574,-0.8666667
0.14999999,0.8330233,-1.1416746,922.2861809045227,2.9866352e-11,-13.250481,36.062096,3980,-3.796574,8.42407,,244,256,0.14999999,13594.305339336395,-6.0,,146.9515,,,3980,6.1416745,-5.9135976,249.68086,-4.620748,-1.2902211,13.250481,3670699,-5.015337,24443.865,0.2
0.14999999,0.93045896,-1.1414043,922.3054508917357,2.9851354e-11,-13.250481,36.04102,3981,-3.7965674,8.42407,,244,256,0.14999999,13602.393763542175,-4.6666665,,146.9515,4.587241e-27,,3981,6.141404,-5.7736263,246.22496,-4.6209993,-0.06479863,13.250481,3671698,-3.590031,24448.93,-0.8666667
0.14999999,0.86650485,-1.1415663,922.3247112004018,2.9836363e-11,-13.250481,36.014168,3982,-3.7966025,8.42407,,244,256,0.14999999,13609.939677238464,7.3333335,,146.9515,,,3982,6.1415663,7.099728,190.94757,-4.6212506,-1.7868888,13.250481,3672697,-3.8516183,24455.717,-0.2
0.14999999,1.059462,-1.1411004,922.2071303037911,2.982138e-11,-13.250481,36.00708,3983,-3.7965586,8.42407,,244,256,0.14999999,13615.2739944458,8.666667,,146.9515,1.4867098e-13,,3983,6.1411004,8.796317,335.35492,-4.6215014,0.71359,13.250481,3673151,-3.4783518,24460.004,-0.06666667
0.14999999,0.96440715,-1.140349,922.0740461847389,2.9806414e-11,-13.250481,36.005146,3984,-3.796526,8.42407,,244,256,0.14999999,13619.897174358368,6.0,,146.9515,,,3984,6.140349,5.18299,380.27173,-4.6217527,1.8527825,13.250481,3673543,-3.7034798,24463.15,-1.0
0.14999999,0.98945266,-1.1402857,921.9603513174404,2.9791454e-11,-13.250481,35.99798,3985,-3.7965317,8.42407,,244,256,0.14999999,13625.852751255035,-7.3333335,,146.9515,,,3985,6.1402855,-8.11912,218.3295,-4.6220036,-0.88784313,13.250481,3674012,-3.7594187,24469.04,-0.73333335
0.14999999,1.047745,-1.1403166,921.9796788760663,2.9776508e-11,-13.250481,35.995792,3986,-3.7964344,8.42407,,244,256,0.14999999,13634.71136879921,8.666667,,146.9515,,,3986,6.1403165,9.244759,331.2766,-4.6222544,-1.2633476,13.250481,3675011,-3.3833075,24475.3,0.33333334
0.14999999,0.98462003,-1.1402469,921.9989967394031,2.976157e-11,-13.250481,35.99463,3987,-3.796515,8.42407,,244,256,0.14999999,13642.140313148499,-8.666667,,146.9515,,,3987,6.140247,-7.788452,622.7769,-4.622505,-0.8626024,13.250481,3676010,-4.1421165,24481.164,1.0
0.14999999,0.9101161,-1.1407595,922.0183049147442,2.9746653e-11,-13.250481,35.98892,3988,-3.7964828,8.42407,,244,256,0.14999999,13649.567905187607,-8.666667,,146.9515,0.2551984,,3988,6.1407595,-8.503289,400.57608,-4.622756,-3.1838114,13.250481,3677009,-3.618968,24489.348,0.33333334
0.14999999,1.0274715,-1.140506,922.0376034093758,2.9731738e-11,-13.250481,35.988518,3989,-3.7964692,8.42407,,244,256,0.14999999,13657.155469417572,4.6666665,,146.9515,,,3989,6.140506,5.13081,234.25615,-4.623007,-0.13033794,13.250481,3678008,-3.6368787,24494.479,0.33333334
0.14999999,0.79944813,-1.1403134,922.0568922305764,2.9716833e-11,-13.250481,35.9689,3990,-3.7964497,8.42407,,244,256,0.14999999,13664.921337842941,-6.0,,146.9515,,,3990,6.140313,-4.88245,395.54468,-4.6232576,-0.37163943,13.250481,3679007,-3.7317324,24499.852,1.0
0.14999999,1.0893726,-1.1416931,922.0761713856176,2.9701946e-11,-13.250481,35.962017,3991,-3.7967703,8.42407,,244,256,0.14999999,13674.769574642181,6.0,,146.9515,,,3991,6.141693,6.064476,244.9824,-4.623508,-6.6464715,13.250481,3680006,-4.855081,24511.496,0.33333334
0.14999999,0.9562527,-1.1415023,922.0954408817636,2.968707e-11,-13.250481,35.940136,3992,-3.7966769,8.42407,,244,256,0.14999999,13681.972181558609,10.0,,146.9515,,,3992,6.1415024,9.31225,251.5753,-4.6237583,-0.380578,13.250481,3681005,-3.4945033,24516.877,-0.8666667
0.14999999,1.1073949,-1.1413324,921.9929877285249,2.96722e-11,-13.250481,35.931225,3993,-3.796624,8.42407,,244,256,0.14999999,13690.861115455627,7.3333335,,146.9515,,,3993,6.1413326,8.764705,253.70082,-4.624009,-0.463261,13.250481,3681518,-3.5214825,24522.34,0.8666667
0.14999999,0.9559169,-1.1430045,922.0122684026039,2.9657343e-11,-13.250481,35.906975,3994,-3.7968276,8.42407,2.5878634e-07,244,256,0.14999999,13700.321839809418,0.6666667,,146.9515,,,3994,6.1430044,0.91786224,261.96603,-4.6242595,-7.820014,13.250481,3682517,-4.6982737,24535.16,0.46666667
0.14999999,1.0423357,-1.1428255,922.0315394242804,2.96425e-11,-13.250481,35.906887,3995,-3.7968912,8.42407,,244,256,0.14999999,13708.819683790207,-8.666667,,146.9515,,,3995,6.1428256,-8.889641,307.6706,-4.62451,-0.42730448,13.250481,3683516,-3.9918706,24540.588,-0.06666667
0.14999999,1.1667534,-1.14254,922.0508008008009,2.962766e-11,-13.250481,35.86748,3996,-3.7972167,8.42407,,244,256,0.14999999,13717.049331903458,8.666667,,146.9515,,,3996,6.14254,7.8564944,312.13666,-4.62476,-0.0023661507,13.250481,3684515,-5.122176,24545.59,-0.73333335
0.14999999,0.8830012,-1.1421928,921.920190142607,2.9612843e-11,-13.250481,35.849888,3997,-3.797078,8.42407,,244,256,0.14999999,13725.290665864944,-6.0,,146.9515,,,3997,6.142193,-5.0501485,261.5176,-4.6250105,0.24520397,13.250481,3684915,-3.3861475,24550.344,0.73333335
0.14999999,1.0138791,-1.142484,921.9394697348674,2.959803e-11,-13.250481,35.839474,3998,-3.7970543,8.42407,,244,256,0.14999999,13733.436766386032,-10.0,,146.9515,,,3998,6.1424837,-9.744159,281.15,-4.6252604,-2.3059425,13.250481,3685914,-3.571341,24557.65,0.33333334
0.14999999,1.0053712,-1.1422522,921.9587396849213,2.9583228e-11,-13.250481,35.81565,3999,-3.7970138,8.42407,,244,256,0.14999999,13742.5071747303,7.3333335,,146.9515,,,3999,6.142252,7.2725787,199.90686,-4.6255107,-0.21593307,13.250481,3686913,-3.6249795,24562.867,0.2
0.14999999,1.1242505,-1.1419302,921.884,2.9568438e-11,-13.250481,35.806107,4000,-3.7968984,8.42407,,244,256,0.14999999,13750.41772031784,-10.0,,146.9515,,,4000,6.14193,-10.370682,277.62314,-4.6257606,0.14621326,13.250481,3687536,-3.3278127,24567.72,-0.33333334
0.14999999,0.9337877,-1.1417668,921.9032741814547,2.9553658e-11,-13.250481,35.799232,4001,-3.7968793,8.42407,,244,256,0.14999999,13757.744814395905,-3.3333333,,146.9515,,,4001,6.1417665,-2.6159506,291.40848,-4.6260104,-0.48845416,13.250481,3688535,-3.812774,24573.209,0.6
0.14999999,0.7508409,-1.1420093,921.9225387306346,2.9538892e-11,-13.250481,35.795933,4002,-3.7968912,8.42407,,244,256,0.14999999,13766.48840045929,-7.3333335,,146.9515,,,4002,6.1420093,-6.853804,169.95453,-4.6262603,-2.1117878,13.250481,3689534,-3.7567964,24580.32,0.33333334
0.14999999,0.9628768,-1.141834,921.941793654759,2.9524137e-11,-13.250481,35.793915,4003,-3.7968247,8.42407,,244,256,0.14999999,13775.814096927643,2.0,,146.9515,,,4003,6.1418343,2.630013,264.56888,-4.62651,-0.4410392,13.250481,3690533,-3.2736804,24585.762,0.73333335
0.14999999,1.1839832,-1.1418016,921.961038961039,2.950939e-11,-13.250481,35.787945,4004,-3.7967944,8.42407,,244,256,0.14999999,13786.9092400074,3.3333333,,146.9515,2.9989814e-18,,4004,6.141802,2.3885388,272.6208,-4.62676,-1.0118086,13.250481,3691532,-3.6210115,24591.773,-0.2
0.14999999,0.9598474,-1.1416984,921.9802746566792,2.9494653e-11,-13.250481,35.775803,4005,-3.7968023,8.42407,,244,256,0.14999999,13794.786474227905,8.666667,,146.9515,,,4005,6.1416984,7.5061855,486.3464,-4.62701,-0.72821814,13.250481,3692531,-3.987049,24597.502,-1.0
0.14999999,1.0138788,-1.1420105,921.881927109336,2.9479932e-11,-13.250481,35.774372,4006,-3.7973368,8.42407,,244,256,0.14999999,13800.972107172012,6.0,,146.9515,,,4006,6.1420107,6.9009924,489.01553,-4.6272593,-2.3922334,13.250481,3693059,-5.8676863,24604.895,1.0
0.14999999,1.2898749,-1.1428486,921.9011729473422,2.946522e-11,-13.250481,35.77434,4007,-3.7973258,8.42407,0.06350412,244,256,0.14999999,13811.201449871063,-0.6666667,,146.9515,,,4007,6.1428485,-0.29975933,343.7453,-4.627509,-4.5001087,13.250481,3694058,-3.7362683,24614.395,0.46666667
0.14999999,1.0591843,-1.1426318,921.9204091816367,2.9450515e-11,-13.250481,35.768726,4008,-3.7972476,8.42407,,244,256,0.14999999,13817.7830991745,7.3333335,,146.9515,,,4008,6.1426315,6.65443,190.84381,-4.627743,-0.27384898,13.250481,3695057,-3.7452807,24619.668,-0.46666667
0.14999999,1.1501137,-1.1422348,921.7952107757545,2.943583e-11,-13.250481,35.76283,4009,-3.7971082,8.42407,,244,256,0.14999999,13827.69995379448,-7.3333335,,146.9515,,,4009,6.142235,-7.1505604,186.1985,-4.627992,0.44885662,13.250481,3695477,-3.2837553,24624.219,-0.06666667
0.14999999,0.9376416,-1.1419516,921.814463840399,2.942115e-11,-13.250481,35.757492,4010,-3.7969515,8.42407,,244,256,0.14999999,13837.074453353882,-3.3333333,,146.9515,,,4010,6.1419516,-3.1506655,273.8528,-4.6282415,-0.0063727633,13.250481,3696476,-3.3040056,24629.227,0.2
0.14999999,0.8726403,-1.1416683,921.8337073049115,2.940648e-11,-13.250481,35.700893,4011,-3.79701,8.42407,,244,256,0.14999999,13843.864201068878,-10.0,,146.9515,,,4011,6.1416683,-10.099196,274.64948,-4.628491,-0.0055424036,13.250481,3697475,-3.9498913,24634.23,-0.06666667
0.14999999,0.9596516,-1.1413969,921.8529411764706,2.939182e-11,-13.250481,35.698193,4012,-3.7970026,8.42407,,244,256,0.14999999,13850.40236377716,-3.3333333,,146.9515,,,4012,6.141397,-3.7497213,276.12677,-4.6287403,-0.05292571,13.250481,3698474,-3.622748,24639.285,-0.46666667
0.14999999,0.95969254,-1.1412568,921.8721654622477,2.9377174e-11,-13.250481,35.689182,4013,-3.79701,8.42407,,244,256,0.14999999,13856.084300994873,10.0,,146.9515,,,4013,6.141257,10.2309265,253.35591,-4.628989,-0.5796244,13.250481,3699473,-3.7697046,24644.863,0.33333334
0.14999999,0.97452813,-1.1393764,921.7077727952168,2.9362544e-11,-13.250481,35.6709,4014,-3.7970963,8.42407,6.6922193e-34,244,256,0.14999999,13862.644970417023,-2.0,,146.9515,,,4014,6.1393766,-1.1217008,269.53745,-4.6292386,6.406282,13.250481,3699735,-4.081995,24643.457,0.73333335
0.14999999,1.0113714,-1.1394256,921.7270236612702,2.9347916e-11,-13.250481,35.664356,4015,-3.7970777,8.42407,,244,256,0.14999999,13871.075195789337,-3.3333333,,146.9515,,,4015,6.1394258,-4.299869,454.84903,-4.6294875,-1.3363185,13.250481,3700734,-3.68094,24649.793,-1.0
0.14999999,1.1108387,-1.1396557,921.746264940239,2.9333303e-11,-13.250481,35.653774,4016,-3.7971625,8.42407,,244,256,0.14999999,13877.369621276855,4.6666665,,146.9515,,,4016,6.1396556,4.033387,236.93477,-4.629737,-2.063448,13.250481,3701733,-4.1132703,24656.857,-0.6
0.14999999,1.1725851,-1.139666,921.7169529499627,2.9318697e-11,-13.250481,35.650993,4017,-3.7971196,8.42407,2.3100682e-10,244,256,0.14999999,13886.998206615448,0.6666667,,146.9515,,,4017,6.139666,1.3674643,324.57,-4.629986,-1.180862,13.250481,3702537,-3.716277,24663.04,0.73333335
0.14999999,1.1186091,-1.1395882,921.7361871577899,2.9304104e-11,-13.250481,35.643917,4018,-3.7970037,8.42407,,244,256,0.14999999,13893.737987995148,-8.666667,,146.9515,,,4018,6.1395884,-9.142253,327.20892,-4.6302347,-0.8273775,13.250481,3703536,-3.4796946,24668.865,-0.33333334
0.14999999,1.024165,-1.1393421,921.7554117939786,2.928953e-11,-13.250481,35.62039,4019,-3.7973275,8.42407,,244,256,0.14999999,13901.651795864105,8.666667,,146.9515,,,4019,6.1393423,8.126818,307.77286,-4.6304836,-0.14973436,13.250481,3704535,-5.1938944,24674.016,-0.33333334
0.14999999,0.8933137,-1.1390873,921.6997512437811,2.9274954e-11,-13.250481,35.61886,4020,-3.7971618,8.42407,1.132804e-09,244,256,0.14999999,13908.60380077362,-0.6666667,,146.9515,,,4020,6.139087,-1.3932304,281.90445,-4.630732,-0.11572617,13.250481,3705233,-3.1412222,24679.13,-1.0
0.14999999,0.89829105,-1.1392468,921.7189753792588,2.9260396e-11,-13.250481,35.618603,4021,-3.7974815,8.42407,5.6559675e-05,244,256,0.14999999,13919.217745304108,-0.6666667,,146.9515,2.5791573e-25,,4021,6.139247,0.15680778,345.34552,-4.630981,-1.7805877,13.250481,3706232,-4.953798,24685.912,0.73333335
0.14999999,1.101733,-1.139429,921.7381899552462,2.924585e-11,-13.250481,35.570713,4022,-3.7975912,8.42407,,244,256,0.14999999,13927.179388523102,-4.6666665,,146.9515,,,4022,6.139429,-4.968833,228.81914,-4.6312294,-1.8718617,13.250481,3707231,-4.119993,24692.783,-0.6
0.14999999,1.3152702,-1.1392586,921.7573949788715,2.9231312e-11,-13.250481,35.53181,4023,-3.7974827,8.42407,,244,256,0.14999999,13936.045028209686,10.0,,146.9515,,,4023,6.1392584,9.477498,243.75238,-4.6314783,-0.45408353,13.250481,3708230,-3.4424672,24698.238,-0.6
0.14999999,1.0391152,-1.1374471,921.5929423459245,2.9216785e-11,-13.250481,35.526367,4024,-3.7974782,8.42407,,244,256,0.14999999,13944.739669561386,-7.3333335,,146.9515,,,4024,6.1374474,-7.895979,208.09885,-4.6317267,6.1500726,13.250481,3708490,-4.0646653,24697.088,-0.46666667
0.14999999,0.8538309,-1.137379,921.6121739130435,2.9202266e-11,-13.250481,35.519802,4025,-3.7973511,8.42407,,244,256,0.14999999,13951.611647844315,7.3333335,,146.9515,,,4025,6.137379,5.949402,297.6681,-4.631975,-0.86316407,13.250481,3709489,-3.309146,24702.951,-1.0
0.14999999,1.0052904,-1.1378479,921.6194734227521,2.9187763e-11,-13.250481,35.497612,4026,-3.7980266,8.42407,,244,256,0.14999999,13957.857195854187,4.6666665,,146.9515,,,4026,6.137848,6.3403153,473.9005,-4.6322236,-3.0249221,13.250481,3710440,-6.3547244,24710.977,1.0
0.14999999,1.0227214,-1.1403708,921.6386888502608,2.9173268e-11,-13.250481,35.471695,4027,-3.7987316,8.42407,,244,256,0.14999999,13966.46947479248,-3.3333333,,146.9515,,,4027,6.140371,-2.11516,320.9992,-4.632472,-11.297698,13.250481,3711439,-6.6085896,24727.273,0.8666667
0.14999999,0.975397,-1.1418754,921.6578947368421,2.9158783e-11,-13.250481,35.44631,4028,-3.7990208,8.42407,4.640546e-15,244,256,0.14999999,13972.527732610703,0.6666667,,146.9515,,,4028,6.1418753,-0.38611615,404.4024,-4.6327205,-7.200954,13.250481,3712438,-4.9598103,24739.475,-1.0
0.14999999,1.1441039,-1.1420201,921.6770910896004,2.9144312e-11,-13.250481,35.432648,4029,-3.7991216,8.42407,,244,256,0.14999999,13979.055665016174,-4.6666665,,146.9515,,,4029,6.14202,-4.3456864,243.60411,-4.6329684,-1.7252731,13.250481,3713437,-4.152173,24746.2,0.46666667
0.14999999,1.0593523,-1.1418637,921.6962779156328,2.9129848e-11,-13.250481,35.395203,4030,-3.7990398,8.42407,2.1334923e-09,244,256,0.14999999,13987.40977549553,-0.6666667,,146.9515,,,4030,6.141864,0.567068,628.6867,-4.633217,-0.5117287,13.250481,3714436,-3.5947623,24751.71,1.0
0.14999999,0.7568222,-1.1448021,921.7154552220293,2.91154e-11,-13.250481,35.36903,4031,-3.8001602,8.42407,,244,256,0.14999999,13996.235732793808,10.0,,146.9515,,,4031,6.144802,9.829341,229.43008,-4.633465,-12.986051,13.250481,3715435,-8.326068,24769.697,-0.06666667
0.14999999,1.06602,-1.144185,921.5920138888889,2.910096e-11,-13.250481,35.36571,4032,-3.800368,8.42407,0.047609836,244,256,0.14999999,14004.634179115295,-0.6666667,,146.9515,,,4032,6.144185,-1.0351899,246.0041,-4.633713,1.343278,13.250481,3715859,-4.3828173,24773.354,-0.46666667
0.14999999,0.74300677,-1.1439742,921.611207537813,2.9086528e-11,-13.250481,35.35253,4033,-3.8002596,8.42407,,244,256,0.14999999,14013.24968791008,3.3333333,,146.9515,,,4033,6.1439743,3.4659255,274.18155,-4.633949,-0.29406288,13.250481,3716858,-3.4128506,24778.648,0.33333334
0.14999999,0.9569472,-1.1437137,921.6303916707982,2.9072111e-11,-13.250481,35.341793,4034,-3.8002875,8.42407,2.531253e-38,244,256,0.14999999,14020.660200357437,-2.0,,146.9515,,,4034,6.143714,-0.83347166,354.9214,-4.6341968,-0.09300103,13.250481,3717857,-3.6383824,24783.742,1.0
0.14999999,0.84987366,-1.1448778,921.6495662949195,2.9057702e-11,-13.250481,35.338985,4035,-3.8004146,8.42407,,244,256,0.14999999,14031.05879163742,2.0,,146.9515,,,4035,6.144878,0.8243475,254.52914,-4.6344447,-5.841248,13.250481,3718856,-4.2488565,24794.582,-0.8666667
0.14999999,1.0149633,-1.1451241,921.6687314172448,2.9043304e-11,-13.250481,35.317078,4036,-3.8005216,8.42407,,244,256,0.14999999,14039.31573009491,6.0,,146.9515,,,4036,6.145124,7.0145154,261.695,-4.6346927,-2.138174,13.250481,3719855,-4.0684447,24801.72,0.73333335
0.14999999,1.0046448,-1.1459298,921.6878870448353,2.9028916e-11,-13.250481,35.303295,4037,-3.8005426,8.42407,,244,256,0.14999999,14045.914192676544,-6.0,,146.9515,,,4037,6.14593,-7.5533705,330.31143,-4.63494,-4.39814,13.250481,3720854,-3.8821852,24811.12,-1.0
0.14999999,1.2836694,-1.1464171,921.7070331847449,2.901454e-11,-13.250481,35.24839,4038,-3.8014288,8.42407,1.9493407e-07,244,256,0.14999999,14054.390414714813,0.6666667,,146.9515,,,4038,6.146417,0.25068644,298.55,-4.635188,-3.1140985,13.250481,3721853,-7.365352,24819.232,-0.46666667
0.14999999,0.8980762,-1.1462532,921.7261698440208,2.9000176e-11,-13.250481,35.241093,4039,-3.8012629,8.42407,,244,256,0.14999999,14061.144559144974,-10.0,,146.9515,,,4039,6.146253,-10.903651,284.88232,-4.6354356,-0.4845347,13.250481,3722852,-3.387706,24824.717,-0.73333335
0.14999999,0.97078884,-1.1462141,921.745297029703,2.898582e-11,-13.250481,35.23902,4040,-3.8015459,8.42407,,244,256,0.14999999,14069.690289735794,-4.6666665,,146.9515,,,4040,6.146214,-3.7149284,240.09445,-4.635683,-0.98775065,13.250481,3723851,-4.82022,24830.705,0.8666667
0.14999999,0.7351489,-1.1467698,921.7644147488245,2.897148e-11,-13.250481,35.2355,4041,-3.8014996,8.42407,,244,256,0.14999999,14076.316069602966,8.666667,,146.9515,,,4041,6.1467695,8.829611,270.572,-4.6359305,-3.39216,13.250481,3724850,-3.5681763,24839.098,0.73333335
0.14999999,1.0572988,-1.1466681,921.7835230084116,2.8957147e-11,-13.250481,35.207417,4042,-3.8014076,8.42407,1.3500222e-38,244,256,0.14999999,14082.318223237991,-2.0,,146.9515,,,4042,6.146668,-3.1203678,360.56403,-4.636178,-0.7356968,13.250481,3725849,-3.1533356,24844.832,-1.0
0.14999999,0.8428099,-1.146759,921.8026218154836,2.8942827e-11,-13.250481,35.183655,4043,-3.8013911,8.42407,,244,256,0.14999999,14091.568338871002,3.3333333,,146.9515,,,4043,6.146759,2.4192169,406.38202,-4.6364255,-1.5137407,13.250481,3726848,-3.7673304,24851.348,-1.0
0.14999999,1.113422,-1.1469601,921.7448071216617,2.8928512e-11,-13.250481,35.180996,4044,-3.801487,8.42407,2.6450802e-05,244,256,0.14999999,14097.753274440765,0.6666667,,146.9515,,,4044,6.1469603,0.78932565,274.17868,-4.636673,-1.9600714,13.250481,3727536,-4.0037155,24858.307,0.06666667
0.14999999,1.2817961,-1.1466799,921.7639060568604,2.8914213e-11,-13.250481,35.17405,4045,-3.8013515,8.42407,,244,256,0.14999999,14103.897889375687,7.3333335,,146.9515,,,4045,6.14668,7.899176,217.0279,-4.63692,-0.014057257,13.250481,3728535,-3.3454447,24863.32,0.46666667
0.14999999,0.95555395,-1.146609,921.7829955511617,2.889992e-11,-13.250481,35.166695,4046,-3.8012452,8.42407,6.472962,244,256,0.14999999,14113.986483097076,-0.6666667,,146.9515,,,4046,6.146609,-0.30737737,280.18723,-4.6371675,-0.8595256,13.250481,3729534,-3.6333897,24869.18,0.06666667
0.14999999,0.9944701,-1.1463326,921.8020756115641,2.888564e-11,-13.250481,35.164463,4047,-3.8016021,8.42407,2.2992596e-32,244,256,0.14999999,14122.26125741005,-2.0,,146.9515,7.5593035e-27,,4047,6.1463327,-2.2993922,247.20139,-4.6358156,-0.027988717,13.250481,3730533,-5.1854334,24874.207,-0.6
0.14999999,1.0185605,-1.1462095,921.8211462450593,2.887137e-11,-13.250481,35.160355,4048,-3.8015764,8.42407,,244,256,0.14999999,14133.325376272202,-7.3333335,,146.9515,,,4048,6.1462097,-8.783331,359.36255,-4.636063,-0.647815,13.250481,3731532,-3.6787524,24879.855,-1.0
0.14999999,1.1065903,-1.1465534,921.8402074586318,2.8857111e-11,-13.250481,35.134182,4049,-3.8019423,8.42407,,244,256,0.14999999,14140.781060218811,-7.3333335,,146.9515,,,4049,6.1465535,-6.6208405,242.43303,-4.63631,-2.5387888,13.250481,3732531,-5.2746887,24887.395,0.8666667
0.14999999,1.0034301,-1.1469501,921.8592592592593,2.884286e-11,-13.250481,35.07065,4050,-3.801889,8.42407,,244,256,0.14999999,14149.103472471237,2.0,,146.9515,,,4050,6.1469502,1.4322903,237.08621,-4.6365566,-2.7530773,13.250481,3733530,-3.6729567,24895.148,-0.6
0.14999999,1.0668511,-1.1468908,921.8783016539126,2.8828622e-11,-13.250481,35.064457,4051,-3.8018274,8.42407,,244,256,0.14999999,14158.659280776978,-8.666667,,146.9515,,,4051,6.1468906,-7.821346,396.06708,-4.6368036,-0.90675205,13.250481,3734529,-3.5399492,24901.055,0.6
0.14999999,1.1546386,-1.1469948,921.8973346495558,2.8814397e-11,-13.250481,35.064568,4052,-3.8016782,8.42407,,244,256,0.14999999,14167.69447183609,6.0,,146.9515,,,4052,6.1469946,5.424127,252.64354,-4.6370506,-1.568659,13.250481,3735528,-3.2413123,24907.623,-0.6
0.14999999,1.0938772,-1.146852,921.860103626943,2.8800178e-11,-13.250481,35.019886,4053,-3.8015642,8.42407,,244,256,0.14999999,14175.547607660294,-3.3333333,,146.9515,,,4053,6.146852,-3.5653553,264.16397,-4.637297,-0.5686124,13.250481,3736299,-3.4726164,24913.191,-0.2
0.14999999,0.7369705,-1.1465874,921.8791317217563,2.8785974e-11,-13.250481,35.01503,4054,-3.8015141,8.42407,,244,256,0.14999999,14184.337635278702,-8.666667,,146.9515,,,4054,6.1465874,-9.08228,321.86792,-4.637544,-0.0732838,13.250481,3737298,-3.6677647,24918.266,-0.6
0.14999999,1.0387328,-1.1464201,921.898150431566,2.8771777e-11,-13.250481,35.004547,4055,-3.801454,8.42407,,244,256,0.14999999,14192.477502346039,4.6666665,,146.9515,,,4055,6.14642,5.519386,241.80717,-4.6377907,-0.46802315,13.250481,3738297,-3.2874956,24923.734,0.6
0.14999999,0.9729627,-1.1470268,921.9171597633136,2.875759e-11,-13.250481,35.002186,4056,-3.8014097,8.42407,,244,256,0.14999999,14200.127318620682,-4.6666665,,146.9515,,,4056,6.147027,-4.7390094,225.29031,-4.638037,-3.6078932,13.250481,3739296,-3.6420631,24932.34,-0.06666667
0.14999999,0.847201,-1.1467485,921.936159723934,2.8743416e-11,-13.250481,34.99401,4057,-3.8013206,8.42407,,244,256,0.14999999,14210.667123794556,4.6666665,,146.9515,,,4057,6.1467485,4.845425,219.52249,-4.6382837,-0.017822597,13.250481,3740295,-3.3977404,24937.36,0.06666667
0.14999999,0.9527586,-1.1464916,921.9551503203548,2.8729252e-11,-13.250481,34.97756,4058,-3.8012645,8.42407,2.7041733,244,256,0.14999999,14219.500994205475,-0.6666667,,146.9515,,,4058,6.1464915,-0.9449901,296.5766,-4.6385303,-0.10378881,13.250481,3741294,-3.4120831,24942.463,-0.2
0.14999999,1.0550251,-1.1462429,921.9741315594974,2.8715096e-11,-13.250481,34.966507,4059,-3.8011668,8.42407,1.1051032e-05,244,256,0.14999999,14228.834246397018,0.6666667,,146.9515,9.351756e-17,,4059,6.146243,0.5922524,278.3972,-4.6381106,-0.13692395,13.250481,3742293,-3.3399558,24947.6,-0.2
0.14999999,1.0596552,-1.1459606,921.9931034482759,2.8700955e-11,-13.250481,34.95402,4060,-3.8011186,8.42407,,244,256,0.14999999,14235.753346443176,-7.3333335,,146.9515,,,4060,6.145961,-6.7035685,219.12947,-4.6383567,-0.00038554645,13.250481,3743292,-3.64559,24952.6,0.6
0.14999999,0.88224834,-1.1458257,922.0120659935976,2.8686819e-11,-13.250481,34.94314,4061,-3.8009896,8.42407,,244,256,0.14999999,14243.780818223953,-10.0,,146.9515,,,4061,6.145826,-10.0551195,265.95087,-4.638603,-0.59836507,13.250481,3744291,-3.322087,24958.2,0.06666667
0.14999999,0.9489093,-1.145548,922.0310192023634,2.8672698e-11,-13.250481,34.9281,4062,-3.8010318,8.42407,,244,256,0.14999999,14251.274889469147,10.0,,146.9515,,,4062,6.145548,10.226633,264.62527,-4.6388493,-0.017949387,13.250481,3745290,-3.8341699,24963.215,0.46666667
0.14999999,1.2051997,-1.1455668,922.0499630814669,2.8658586e-11,-13.250481,34.920273,4063,-3.801213,8.42407,,244,256,0.14999999,14258.886899232864,8.666667,,146.9515,3.0348193e-10,,4063,6.145567,8.759508,376.06335,-4.6390953,-1.2220092,13.250481,3746289,-4.4660096,24969.438,0.46666667
0.14999999,0.96343935,-1.1446542,921.9084645669292,2.8644484e-11,-13.250481,34.91519,4064,-3.801004,8.42407,,244,256,0.14999999,14266.97438955307,6.0,,146.9515,,,4064,6.1446543,6.117388,228.29742,-4.6393414,2.563491,13.250481,3746636,-3.1295528,24971.875,-0.06666667
0.14999999,1.0441667,-1.1441648,921.7972939729398,2.8630391e-11,-13.250481,34.913628,4065,-3.8010461,8.42407,,244,256,0.14999999,14272.028497695923,-6.0,,146.9515,,,4065,6.144165,-6.145592,229.77924,-4.6395874,0.8445749,13.250481,3747106,-3.9203346,24976.03,-0.6
0.14999999,1.1217928,-1.1439524,921.8162813575996,2.8616312e-11,-13.250481,34.907543,4066,-3.8009686,8.42407,3.5935544e-05,244,256,0.14999999,14280.418655872345,-0.6666667,,146.9515,,,4066,6.1439524,-1.4542354,248.81729,-4.6398335,-0.28033426,13.250481,3748105,-3.514394,24981.31,-0.73333335
0.14999999,1.0264349,-1.1438518,921.8352594049668,2.8602242e-11,-13.250481,34.892445,4067,-3.800867,8.42407,,244,256,0.14999999,14287.336036682129,-10.0,,146.9515,,,4067,6.1438518,-9.575881,288.2021,-4.6400795,-0.73446137,13.250481,3749104,-3.4910026,24987.045,0.6
0.14999999,0.97887427,-1.1437732,921.8542281219272,2.858818e-11,-13.250481,34.869446,4068,-3.800861,8.42407,,244,256,0.14999999,14294.388790845871,10.0,,146.9515,,,4068,6.143773,9.514806,241.65329,-4.640325,-0.824217,13.250481,3750103,-3.7758644,24992.87,-0.33333334
0.14999999,1.3186514,-1.1427695,921.7109855001229,2.8574127e-11,-13.250481,34.85684,4069,-3.800964,8.42407,,244,256,0.14999999,14302.295518398285,8.666667,,146.9515,9.169571e-12,,4069,6.1427693,7.7711573,380.30527,-4.640571,2.9406817,13.250481,3750442,-4.1819243,24994.93,-0.6
0.14999999,1.2375451,-1.142621,921.6085995085995,2.8560092e-11,-13.250481,34.85485,4070,-3.800723,8.42407,,244,256,0.14999999,14310.77312040329,10.0,,146.9515,,,4070,6.142621,10.742954,720.13806,-4.6408167,-0.5394475,13.250481,3750947,-3.1084802,25000.469,1.0
0.14999999,0.94115615,-1.143255,921.6276099238517,2.8546061e-11,-13.250481,34.835144,4071,-3.8008037,8.42407,,244,256,0.14999999,14320.408538103104,-8.666667,,146.9515,,,4071,6.143255,-8.289345,376.35126,-4.6410623,-3.723203,13.250481,3751946,-4.2893004,25009.191,0.2
0.14999999,1.1145498,-1.143003,921.6466110019646,2.8532041e-11,-13.250481,34.81322,4072,-3.8006685,8.42407,,244,256,0.14999999,14330.88927936554,3.3333333,,146.9515,,,4072,6.143003,2.6499417,266.16324,-4.641308,-0.117209725,13.250481,3752945,-3.1725376,25014.309,-0.46666667
0.14999999,0.9700119,-1.1429648,921.6280383010067,2.8518035e-11,-13.250481,34.80772,4073,-3.8006072,8.42407,8.795499e-15,244,256,0.14999999,14338.739871025085,0.6666667,,146.9515,,,4073,6.142965,1.551892,441.51538,-4.6415534,-0.98769724,13.250481,3753791,-3.642836,25020.297,1.0
0.14999999,1.0683782,-1.1436017,921.6470299459991,2.8504034e-11,-13.250481,34.795544,4074,-3.8006306,8.42407,,244,256,0.14999999,14344.929950714111,-10.0,,146.9515,,,4074,6.1436014,-9.240061,541.51495,-4.641799,-3.7371616,13.250481,3754790,-3.8360422,25029.033,1.0
0.14999999,0.98804516,-1.1438851,921.6660122699386,2.8490047e-11,-13.250481,34.76948,4075,-3.8006063,8.42407,2.7030062e-06,244,256,0.14999999,14350.834097623825,0.6666667,,146.9515,,,4075,6.143885,1.2431204,305.72437,-4.6420445,-2.2991087,13.250481,3755789,-3.7242596,25036.332,0.33333334
0.14999999,1.2499821,-1.1437391,921.684985279686,2.8476067e-11,-13.250481,34.762875,4076,-3.8005161,8.42407,1.4727922e-10,244,256,0.14999999,14359.456690073013,0.6666667,,146.9515,2.96099e-11,,4076,6.143739,0.036210716,317.7333,-4.64229,-0.5484095,13.250481,3756788,-3.4034922,25041.88,-0.73333335
0.14999999,0.95363647,-1.1436371,921.7039489820946,2.8462099e-11,-13.250481,34.739605,4077,-3.8004315,8.42407,,244,256,0.14999999,14367.724607467651,8.666667,,146.9515,,,4077,6.143637,8.919581,268.16266,-4.642535,-0.72774005,13.250481,3757787,-3.683027,25047.61,0.06666667
0.14999999,0.82250345,-1.1433631,921.674595389897,2.8448145e-11,-13.250481,34.731865,4078,-3.8004675,8.42407,,244,256,0.14999999,14376.11378788948,2.0,,146.9515,,,4078,6.143363,1.7855037,235.3718,-4.6427803,-0.026544103,13.250481,3758589,-3.8843966,25052.635,-0.06666667
0.14999999,0.95086765,-1.1431211,921.6935523412601,2.8434198e-11,-13.250481,34.70818,4079,-3.8004403,8.42407,,244,256,0.14999999,14384.68036699295,-3.3333333,,146.9515,,,4079,6.1431212,-3.8494766,272.84656,-4.643026,-0.15658098,13.250481,3759588,-3.4985847,25057.791,-0.6
0.14999999,1.077148,-1.1429747,921.7125,2.842026e-11,-13.250481,34.70294,4080,-3.8004065,8.42407,7.401444e-29,244,256,0.14999999,14392.019868135452,-2.0,,146.9515,7.4001025e-18,,4080,6.142975,-1.962213,232.02908,-4.643271,-0.5457901,13.250481,3760587,-3.5938408,25063.336,-0.06666667
0.14999999,0.95294285,-1.142695,921.7314383729478,2.8406335e-11,-13.250481,34.69239,4081,-3.8003159,8.42407,,244,256,0.14999999,14400.930082082748,-3.3333333,,146.9515,4.451456e-18,,4081,6.142695,-3.2003305,261.5493,-4.643516,-0.00104022,13.250481,3761586,-3.4928408,25068.338,0.33333334
0.14999999,0.9558328,-1.1424325,921.750367466928,2.8392419e-11,-13.250481,34.690468,4082,-3.8002818,8.42407,7.650321e-31,244,256,0.14999999,14409.851953268051,-2.0,,146.9515,4.915094e-17,,4082,6.142432,-1.6637158,223.82507,-4.6437607,-0.07092807,13.250481,3762585,-3.596676,25073.41,0.46666667
0.14999999,0.9182298,-1.1424047,921.7692872887583,2.8378511e-11,-13.250481,34.690353,4083,-3.8002822,8.42407,,244,256,0.14999999,14416.92818903923,10.0,,146.9515,,,4083,6.1424046,9.100826,372.81808,-4.644006,-1.0293554,13.250481,3763584,-3.7429347,25079.438,-1.0
0.14999999,1.134521,-1.141701,921.6229187071499,2.8364616e-11,-13.250481,34.6885,4084,-3.8002768,8.42407,,244,256,0.14999999,14424.523082733154,3.3333333,,146.9515,,,4084,6.1417007,3.1065576,262.76672,-4.644251,1.731999,13.250481,3763908,-3.6679368,25082.707,-0.06666667
0.14999999,0.8451474,-1.1414238,921.6418604651162,2.835073e-11,-13.250481,34.682472,4085,-3.8003716,8.42407,,244,256,0.14999999,14432.393885850906,-6.0,,146.9515,,,4085,6.1414237,-5.4076805,232.82462,-4.6444955,-0.009675172,13.250481,3764907,-4.2993226,25087.717,0.46666667
0.14999999,0.8984718,-1.1416303,921.6607929515418,2.8336855e-11,-13.250481,34.64719,4086,-3.800439,8.42407,,244,256,0.14999999,14439.905016183853,2.0,,146.9515,,,4086,6.14163,2.952622,439.56805,-4.64474,-1.9848673,13.250481,3765906,-3.9091053,25094.701,1.0
0.14999999,0.94482213,-1.1425366,921.6797161732322,2.832299e-11,-13.250481,34.637695,4087,-3.8004584,8.42407,,244,256,0.14999999,14448.63839507103,3.3333333,,146.9515,,,4087,6.1425366,2.6091356,273.0983,-4.644985,-4.8461866,13.250481,3766905,-3.757052,25104.547,-0.73333335
0.14999999,1.2616004,-1.1424646,921.6986301369863,2.8309136e-11,-13.250481,34.63779,4088,-3.8004687,8.42407,0.66325396,244,256,0.14999999,14457.276710987091,-0.6666667,,146.9515,,,4088,6.1424646,-0.113123596,296.97086,-4.64523,-0.84849733,13.250481,3767904,-3.7694576,25110.395,0.33333334
0.14999999,1.0492791,-1.1422282,921.7175348495965,2.8295291e-11,-13.250481,34.635624,4089,-3.8008385,8.42407,,244,256,0.14999999,14466.438537597656,-4.6666665,,146.9515,,,4089,6.142228,-4.4708953,228.54958,-4.645312,-0.17554685,13.250481,3768903,-5.550323,25115.57,0.2
0.14999999,1.1520485,-1.1419545,921.7364303178484,2.8281454e-11,-13.250481,34.628075,4090,-3.8007267,8.42407,,244,256,0.14999999,14474.679737329483,-10.0,,146.9515,,,4090,6.1419544,-11.158983,487.7824,-4.6455564,-0.022901282,13.250481,3769902,-3.3767314,25120.594,-1.0
0.14999999,0.704707,-1.1420493,921.7553165485211,2.8267631e-11,-13.250481,34.628017,4091,-3.801057,8.42407,,244,256,0.14999999,14483.201815605164,-6.0,,146.9515,,,4091,6.1420493,-5.998157,236.68297,-4.645801,-1.5294014,13.250481,3770901,-5.262157,25127.123,-0.06666667
0.14999999,1.125877,-1.1417725,921.7741935483871,2.8253816e-11,-13.250481,34.611904,4092,-3.8010433,8.42407,,244,256,0.14999999,14489.66011762619,6.0,,146.9515,,,4092,6.1417723,5.227524,247.41095,-4.646045,-0.009837824,13.250481,3771900,-3.4375646,25132.133,-0.8666667
0.14999999,1.0555028,-1.1419353,921.7930613242121,2.8240011e-11,-13.250481,34.611107,4093,-3.801089,8.42407,,244,256,0.14999999,14497.67975783348,4.6666665,,146.9515,3.078466e-23,,4093,6.1419353,3.9203033,226.52728,-4.64629,-1.8083357,13.250481,3772899,-4.0959916,25138.941,-0.46666667
0.14999999,1.1111935,-1.1418688,921.7391304347826,2.8226218e-11,-13.250481,34.57512,4094,-3.8009863,8.42407,,244,256,0.14999999,14506.464861869812,3.3333333,,146.9515,2.7958137e-35,,4094,6.1418686,4.144836,294.0083,-4.646534,-0.8692117,13.250481,3773600,-3.4222372,25144.81,0.8666667
0.14999999,0.8982763,-1.1425284,921.7579975579976,2.8212436e-11,-13.250481,34.573807,4095,-3.8010426,8.42407,,244,256,0.14999999,14512.389724969864,7.3333335,,146.9515,,,4095,6.1425285,7.4168553,191.1192,-4.646778,-3.8427463,13.250481,3774599,-4.1143303,25153.654,0.06666667
0.14999999,0.9504702,-1.1420448,921.647705078125,2.4989847e-11,-13.250481,34.657253,4096,-3.800942,8.42407,,244,256,0.14999999,14521.158556938171,10.0,,146.9515,,,4096,6.142045,11.025023,303.59958,-4.6470222,0.8386459,13.250481,3775069,-3.274731,25157.816,0.73333335
0.14999999,1.3022934,-1.142496,921.6665853063217,2.4977648e-11,-13.250481,61.826134,4097,-3.8015716,8.42407,,244,289,0.14999999,14527.972718000412,-6.25,,146.9515,,,4097,6.142496,-5.5406504,392.6816,-4.6472664,-2.9909155,13.250481,3776068,-6.3072505,25165.807,0.75
0.14999999,0.66732126,-1.1425128,921.6854563201562,2.496546e-11,-13.250481,61.63831,4098,-3.8015099,8.42407,,244,289,0.14999999,15856.269349336624,-6.25,,146.9515,17.361958,,4098,6.142513,-6.1281357,343.3767,-4.6475105,-1.2117853,13.250481,3777067,-3.8168645,25172.018,0.25
0.14999999,0.945394,-1.142249,921.7043181263723,2.495328e-11,-13.250481,61.134262,4099,-3.801647,8.42407,,244,289,0.14999999,15861.320920705795,-6.25,,146.9515,0.034248497,,4099,6.142249,-6.8601055,411.98956,-4.6477547,-0.06075672,13.250481,3778066,-4.020876,25177.078,-0.5
0.14999999,1.2841766,-1.14216,921.7231707317073,2.4941108e-11,-13.250481,61.11957,4100,-3.8017251,8.42407,,244,289,0.14999999,15865.881184101105,3.75,,146.9515,,,4100,6.14216,4.543626,1205.0449,-4.6479983,-0.77782345,13.250481,3779065,-4.0408325,25182.855,1.0
0.14999999,0.9876566,-1.1428384,921.742014142892,2.4928948e-11,-13.250481,61.11091,4101,-3.801928,8.42407,,244,289,0.14999999,15870.357006311417,-3.75,,146.9515,,,4101,6.1428385,-4.5042753,672.6924,-4.6482425,-3.9238555,13.250481,3780064,-4.835535,25191.781,-0.75
0.14999999,0.8339863,-1.1427695,921.7608483666504,2.4916794e-11,-13.250481,61.087296,4102,-3.8019345,8.42407,,244,289,0.14999999,15874.890898942947,6.25,,146.9515,,,4102,6.1427693,6.7582674,403.86572,-4.648486,-0.85982996,13.250481,3781063,-3.78065,25197.64,0.5
0.14999999,1.2758578,-1.1427262,921.7796734097002,2.490465e-11,-13.250481,60.490814,4103,-3.802038,8.42407,,244,289,0.14999999,15879.40036535263,-6.25,,146.9515,,,4103,6.142726,-7.4945965,623.7315,-4.64873,-0.9651058,13.250481,3782062,-4.0430403,25203.605,-1.0
0.14999999,1.2312812,-1.143134,921.7984892787524,2.4892517e-11,-13.250481,60.01346,4104,-3.802528,8.42407,,244,289,0.14999999,15884.230119943619,6.25,,146.9515,,,4104,6.143134,5.335281,388.3283,-4.6489735,-2.8167427,13.250481,3783061,-6.0379405,25211.422,-0.75
0.14999999,1.0882428,-1.143098,921.7074299634592,2.4880388e-11,-13.250481,59.956226,4105,-3.8024673,8.42407,,244,289,0.14999999,15888.91882276535,-3.75,,146.9515,,,4105,6.143098,-3.1208403,536.14453,-4.649217,-0.9955012,13.250481,3783609,-3.755172,25217.418,0.75
0.14999999,1.0658842,-1.1430252,921.7262542620555,2.4868272e-11,-13.250481,59.21894,4106,-3.8026721,8.42407,,244,289,0.14999999,15893.985664129257,3.75,,146.9515,,,4106,6.1430254,4.312941,671.66547,-4.649461,-0.84371096,13.250481,3784608,-4.6957574,25223.262,0.75
0.14999999,0.9574402,-1.1431437,921.745069393718,2.4856164e-11,-13.250481,59.140587,4107,-3.802817,8.42407,,244,289,0.14999999,15898.866092681885,-6.25,,146.9515,,,4107,6.1431437,-5.4234676,523.1916,-4.6497045,-1.6300409,13.250481,3785607,-4.4202533,25229.89,1.0
0.14999999,0.9364276,-1.1432837,921.7638753651412,2.4844063e-11,-13.250481,59.076008,4108,-3.8028245,8.42407,,244,289,0.14999999,15903.761662721634,6.25,,146.9515,,,4108,6.143284,7.3568354,721.8068,-4.6499476,-1.7185198,13.250481,3786606,-3.7660234,25236.61,1.0
0.14999999,1.1351413,-1.1439761,921.7826721830129,2.4831973e-11,-13.250481,58.99538,4109,-3.8029447,8.42407,,244,289,0.14999999,15909.057546138763,-6.25,,146.9515,,,4109,6.143976,-6.9890404,407.752,-4.6501913,-3.988259,13.250481,3787605,-4.1996145,25245.598,-0.75
0.14999999,0.9232701,-1.1439812,921.8014598540146,2.481989e-11,-13.250481,58.764973,4110,-3.8029594,8.42407,,244,289,0.14999999,15914.045020103455,-3.75,,146.9515,,,4110,6.143981,-4.8624716,880.82166,-4.6504345,-1.1645731,13.250481,3788604,-3.969993,25251.762,-1.0
0.14999999,1.000134,-1.1442596,921.8202383848212,2.4807817e-11,-13.250481,58.575806,4111,-3.8032413,8.42407,,244,289,0.14999999,15919.156836271286,-3.75,,146.9515,2.6275336e-07,,4111,6.1442595,-3.8629801,607.7771,-4.6506777,-2.2887425,13.250481,3789603,-4.8470917,25259.05,-0.125
0.14999999,1.1927738,-1.1439877,921.8390077821011,2.479575e-11,-13.250481,58.56794,4112,-3.803311,8.42407,,244,289,0.14999999,15923.78406572342,3.75,,146.9515,,,4112,6.1439877,3.7701304,614.37683,-4.650921,-0.02587966,13.250481,3790602,-4.0592794,25264.078,-0.125
0.14999999,0.49964634,-1.1437151,921.8577680525165,2.4783696e-11,-13.250481,58.394405,4113,-3.8032684,8.42407,,244,289,0.14999999,15928.087558031082,3.75,,146.9515,1.363982e-06,,4113,6.143715,2.7572536,299.9065,-4.651164,-0.023155719,13.250481,3791601,-3.7779086,25269.102,-1.0
0.14999999,1.0996355,-1.14397,921.7656781720952,2.4771648e-11,-13.250481,58.379425,4114,-3.8035753,8.42407,,244,289,0.14999999,15932.908932447433,3.75,,146.9515,6.801763e-17,,4114,6.14397,4.156647,449.87216,-4.6514072,-2.1920488,13.250481,3792144,-4.556474,25276.293,0.25
0.14999999,1.2845817,-1.1437279,921.784447144593,2.4759611e-11,-13.250481,58.329643,4115,-3.8035214,8.42407,,244,289,0.14999999,15938.025649309158,-3.75,,146.9515,,,4115,6.143728,-3.4232652,446.2057,-4.6516