InvPendulum_std0_higher,ReturnAbsMax,Regret,ActionIn1,IWMean,InvPendulum_mu0_higher,IWLastEpisode,Regret/t,TimestepsSoFar,InvPendulum_std1_higher,ReturnLastEpisode,IWMin,TimeElapsed,DenMISELogLast,InvPendulum_mu2_higher,Delta,InvPendulum_std2_higher,NumTrainableParams,MinEpLen,InvPendulum_mu1_higher,NumTrajectories,ReturnMax,DenMISELogFirst,Bound,Iteration,IWMax,IWFirstEpisode,AvgEpLen,GridSize,BoundBonus,InvPendulum_mu3_higher,BoundMISE,ReturnMean,DenMISEMeanLog,ReturnMin,ReturnStepMax,InvPendulum_std3_higher
0.0009999999,152.30708,157.30708,-0.79791033,,-0.2,,157.30708,80,0.0009999999,-152.30708,,0.13651347160339355,23.053165,-0.2,0.060792707,0.0009999999,4,80,-0.2,1,,23.053165,inf,1,,,80.0,1,inf,-0.2,,-152.30708,23.053165,-152.30708,152.30708,0.0009999999
0.0009999999,152.30708,279.32184,-0.4047471,,-0.2,,139.66092,109,0.0009999999,-117.01476,,0.5081546306610107,21.080347,-0.2,0.001788021,0.0009999999,,29,-0.2,2,,22.360018,inf,2,,,54.5,16,inf,0.2,,-134.66092,21.720182,-152.30708,152.30708,0.0009999999
0.0009999999,152.30708,417.42926,-0.3983019,,-0.2,,139.14308,146,0.0009999999,-133.1074,,0.7068960666656494,19.606514,0.2,0.000794676,0.0009999999,,29,-0.2,3,,21.954554,inf,3,,,48.666666666666664,16,inf,-0.2,,-134.14308,20.745316,-152.30708,152.30708,0.0009999999
0.0009999999,152.30708,531.79663,0.00039750338,,-0.2,,132.94916,212,0.0009999999,-109.367355,,0.9202916622161865,20.349218,0.2,0.00044700524,0.0009999999,,29,-0.2,4,,21.666872,inf,4,,,53.0,16,inf,0.2,,-127.94915,20.43053,-152.30708,152.30708,0.0009999999
0.0009999999,152.30708,674.94055,-0.40147984,,0.2,,134.98811,258,0.0009999999,-138.14395,,1.1079156398773193,18.424501,-0.2,0.00028608335,0.0009999999,,29,-0.2,5,,21.443727,inf,5,,,51.6,16,inf,-0.2,,-129.98811,19.85081,-152.30708,152.30708,0.0009999999
0.0009999999,152.30708,795.63086,0.0010887831,,0.2,,132.60513,288,0.0009999999,-115.690285,,1.2668743133544922,20.964888,-0.2,0.000198669,0.0009999999,,29,-0.2,6,,21.261406,inf,6,,,48.0,16,inf,0.2,,-127.60514,19.884554,-152.30708,152.30708,0.0009999999
0.0009999999,152.30708,919.2149,-0.0015013516,,0.2,,131.3164,310,0.0009999999,-118.58406,,1.4225900173187256,19.15541,0.2,0.00014596088,0.0009999999,,22,-0.2,7,,21.107256,inf,7,,,44.285714285714285,16,inf,-0.2,,-126.316414,19.648264,-152.30708,152.30708,0.0009999999
0.0009999999,152.30708,1033.0857,0.40231025,,0.2,,129.13571,332,0.0009999999,-108.87079,,1.5563445091247559,20.060568,0.2,0.00011175131,0.0009999999,,22,-0.2,8,,20.973724,inf,8,,,41.5,16,inf,0.2,,-124.13571,19.582962,-152.30708,152.30708,0.0009999999
0.0009999999,152.30708,1174.2085,-0.3991437,,-0.2,,130.46762,373,0.0009999999,-136.12282,,1.7045490741729736,18.896275,-0.2,8.829733e-05,0.0009999999,,22,0.2,9,,20.855942,inf,9,,,41.44444444444444,16,inf,-0.2,,-125.46761,19.401968,-152.30708,152.30708,0.0009999999
0.0009999999,152.30708,1299.7148,0.00013300776,,-0.2,,129.97148,418,0.0009999999,-120.50627,,1.893111228942871,19.623535,-0.2,7.152084e-05,0.0009999999,,22,0.2,10,,20.75058,inf,10,,,41.8,16,inf,0.2,,-124.97148,19.329296,-152.30708,152.30708,0.0009999999
0.0009999999,152.30708,1428.9231,-0.0015475005,,-0.2,,129.9021,452,0.0009999999,-124.20839,,2.0591044425964355,20.53152,0.2,5.9108123e-05,0.0009999999,,22,0.2,11,,20.65527,inf,11,,,41.09090909090909,16,inf,-0.2,,-124.9021,19.351946,-152.30708,152.30708,0.0009999999
0.0009999999,152.30708,1547.0894,0.40217,,-0.2,,128.9241,470,0.0009999999,-113.16614,,2.228458881378174,20.480143,0.2,4.966725e-05,0.0009999999,,18,0.2,12,,20.568258,inf,12,,,39.166666666666664,16,inf,0.2,,-123.92411,19.366201,-152.30708,152.30708,0.0009999999
0.0009999999,152.30708,1668.1685,0.0032460243,,0.2,,128.32065,490,0.0009999999,-116.07914,,2.3988826274871826,20.57504,-0.2,4.232002e-05,0.0009999999,,18,0.2,13,,20.488216,inf,13,,,37.69230769230769,16,inf,-0.2,,-123.32065,19.385303,-152.30708,152.30708,0.0009999999
0.0009999999,152.30708,1785.4001,0.4034195,,0.2,,127.52858,511,0.0009999999,-112.231735,,2.5326132774353027,19.637072,-0.2,3.649022e-05,0.0009999999,,18,0.2,14,,20.414108,inf,14,,,36.5,16,inf,0.2,,-122.52858,19.334473,-152.30708,152.30708,0.0009999999
0.0009999999,152.30708,1900.4773,0.40187937,,0.2,,126.69849,527,0.0009999999,-110.07708,,2.6592295169830322,16.62062,0.2,3.178704e-05,0.0009999999,,16,0.2,15,,20.345116,inf,15,,,35.13333333333333,16,inf,-0.2,,-121.69849,19.089155,-152.30708,152.30708,0.0009999999
0.0009999999,152.30708,2013.0981,0.80019635,,0.2,,125.818634,542,0.0009999999,-107.62096,,2.793342351913452,20.188528,0.2,2.7937827e-05,0.0009999999,,15,0.2,16,,20.280577,inf,16,,,33.875,16,inf,0.2,,-120.818634,19.09736,-152.30708,152.30708,0.0009999999
0.0009999999,152.30708,2135.4966,0.40083992,1.0000005,0.2,,125.61745,565,0.0009999999,-117.398476,,2.932232141494751,20.6499,0.2,2.4747693e-05,0.0009999999,,15,0.2,17,,20.219952,782.0116,17,17.000008,,33.23529411764706,16,866.84357,-0.2,-84.832,-120.61745,19.13163,-152.30708,152.30708,0.0009999999
0.0009999999,152.30708,2254.1006,-0.0011285543,0.9999996,0.2,,125.22781,583,0.0009999999,-113.60395,,3.0514590740203857,19.064299,0.2,2.2074333e-05,0.0009999999,,15,-0.2,18,,20.162794,785.6851,18,17.999992,,32.388888888888886,16,871.5023,-0.2,-85.81718,-120.22781,19.112413,-152.30708,152.30708,0.0009999999
0.0009999999,152.30708,2363.1128,-0.3977197,1.0,-0.2,,124.37436,606,0.0009999999,-104.01219,,3.176802396774292,20.257376,0.2,1.9811867e-05,0.0009999999,,15,-0.2,19,,20.108727,789.6777,19,19.0,,31.894736842105264,16,875.8863,-0.2,-86.208595,-119.37436,19.157934,-152.30708,152.30708,0.0009999999
0.0009999999,152.30708,2470.8486,0.39813542,0.99999905,0.2,,123.542435,625,0.0009999999,-102.73586,,3.3164594173431396,20.259933,-0.2,1.788021e-05,0.0009999999,,15,0.2,20,,20.057434,793.2572,20,19.99998,,31.25,16,880.02527,0.2,-86.76804,-118.542435,19.198963,-152.30708,152.30708,0.0009999999
0.0009999999,152.30708,2589.8262,5.2124262e-05,1.0000008,0.2,,123.32506,651,0.0009999999,-113.9775,,3.472933769226074,18.8508,-0.2,1.6217875e-05,0.0009999999,,15,0.2,21,,20.008642,795.4777,21,21.000017,,31.0,16,883.94415,-0.2,-88.46644,-118.32506,19.168924,-152.30708,152.30708,0.0009999999
0.0009999999,152.30708,2702.6167,-0.0016214252,0.9999991,-0.2,,122.846214,669,0.0009999999,-107.7905,,3.633575677871704,20.447943,0.2,1.4777031e-05,0.0009999999,,15,0.2,22,,19.962124,798.4617,22,21.99998,,30.40909090909091,16,887.6647,-0.2,-89.20298,-117.846214,19.214163,-152.30708,152.30708,0.0009999999
0.0009999999,152.30708,2813.0056,-0.39508158,1.0,0.2,,122.30459,689,0.0009999999,-105.38898,,3.7854413986206055,20.716154,-0.2,1.3520007e-05,0.0009999999,,15,-0.2,23,,19.917671,800.0126,23,23.0,,29.956521739130434,16,891.2052,-0.2,-91.192635,-117.30459,19.267084,-152.30708,152.30708,0.0009999999
0.0009999999,152.30708,2938.314,0.4015734,0.99999905,-0.2,,122.42975,713,0.0009999999,-120.308365,,3.96766996383667,15.152259,0.2,1.2416813e-05,0.0009999999,,15,0.2,24,,19.875113,803.0828,24,23.999977,,29.708333333333332,16,894.582,0.2,-91.499146,-117.42975,19.083729,-152.30708,152.30708,0.0009999999
0.0009999999,152.30708,3061.8813,-0.798535,1.0000001,-0.2,,122.47525,740,0.0009999999,-118.56731,,4.189981460571289,19.84091,-0.2,1.1443334e-05,0.0009999999,,15,-0.2,25,,19.83429,805.57227,25,25.000002,,29.6,16,897.8089,-0.2,-92.23665,-117.47525,19.102552,-152.30708,152.30708,0.0009999999
0.0009999999,152.30708,3194.7568,0.8022642,1.0000001,0.2,,122.87526,774,0.0009999999,-127.87552,,4.390136003494263,20.449217,0.2,1.0580005e-05,0.0009999999,,15,0.2,26,,19.795069,808.35925,26,26.000004,,29.76923076923077,16,900.8984,0.2,-92.53911,-117.87526,19.143293,-152.30708,152.30708,0.0009999999
0.0009999999,152.30708,3308.7422,0.0010214597,1.0000006,0.2,,122.546005,790,0.0009999999,-108.98523,,4.551502466201782,18.42558,-0.2,9.810813e-06,0.0009999999,,15,-0.2,27,,19.757328,810.3876,27,27.000015,,29.25925925925926,16,903.8612,0.2,-93.47365,-117.546005,19.106043,-152.30708,152.30708,0.0009999999
0.0009999999,152.30708,3430.9907,-0.40131292,1.0000004,-0.2,,122.535385,811,0.0009999999,-117.248604,,4.759583473205566,17.700918,-0.2,9.122555e-06,0.0009999999,,15,0.2,28,,19.72096,811.7184,28,28.00001,,28.964285714285715,16,906.7072,-0.2,-94.98883,-117.535385,19.045546,-152.30708,152.30708,0.0009999999
0.0009999999,152.30708,3542.7456,0.0018018782,1.0000004,-0.2,,122.16364,832,0.0009999999,-106.75493,,4.935290575027466,20.598415,-0.2,8.504261e-06,0.0009999999,,15,0.2,29,,19.68587,811.53784,29,29.000011,,28.689655172413794,16,909.4448,0.2,-97.90701,-117.16364,19.089113,-152.30708,152.30708,0.0009999999
0.0009999999,152.30708,3657.7202,-0.39972448,1.0000001,-0.2,,121.924,850,0.0009999999,-109.97442,,5.087808609008789,19.44175,-0.2,7.94676e-06,0.0009999999,,15,-0.2,30,,19.651968,807.1602,30,30.000002,,28.333333333333332,16,912.08185,0.2,-104.921646,-116.924,19.091204,-152.30708,152.30708,0.0009999999
0.0009999999,152.30708,3795.3057,0.40233403,0.99999946,0.2,,122.429214,888,0.0009999999,-132.5856,,5.335655212402344,20.152912,0.2,7.4423347e-06,0.0009999999,,15,-0.2,31,,19.619179,807.3266,31,30.999983,,28.64516129032258,16,914.6251,0.2,-107.29854,-117.429214,19.116077,-152.30708,152.30708,0.0009999999
0.0009999999,152.30708,3931.1953,0.0044440776,1.0000005,-0.2,,122.84985,921,0.0009999999,-130.88974,,5.484408617019653,19.549341,0.2,6.984457e-06,0.0009999999,,15,-0.2,32,,19.58743,808.1892,32,32.000015,,28.78125,16,917.08093,0.2,-108.89169,-117.84985,19.12052,-152.30708,152.30708,0.0009999999
0.0009999999,152.30708,4075.728,-0.59989643,,-0.2,,123.50691,965,0.0009999999,-139.53253,,5.634839296340942,18.096457,-0.2,1.3615693e-06,0.0009999999,,15,-0.2,33,,19.556658,inf,33,,,29.242424242424242,81,inf,,,-118.50691,19.080656,-152.30708,152.30708,0.0009999999
0.0009999999,152.30708,4215.6484,-0.6007149,,-0.2,,123.989655,1015,0.0009999999,-134.92017,,10.45030689239502,19.512775,,1.2826548e-06,0.0009999999,,15,-0.2,34,,19.526806,inf,34,,,29.852941176470587,81,inf,-0.2,,-118.989655,19.064388,-152.30708,152.30708,0.0009999999
0.0009999999,152.30708,4304.094,-0.40494823,,-0.2,,122.97412,1084,0.0009999999,-83.44614,,11.12575650215149,19.803862,,1.2104073e-06,0.0009999999,,15,-0.2,35,,19.497818,inf,35,,,30.97142857142857,81,inf,,,-117.97412,19.057356,-152.30708,152.30708,0.0009999999
0.0009999999,496.9749,4806.0693,-0.1993451,,-0.2,,133.50192,1584,0.0009999999,-496.9749,,12.481700420379639,15.293985,,1.1440965e-06,0.0009999999,,15,-0.2,36,,19.469646,inf,36,,,44.0,81,inf,0.2,,-128.50192,18.92543,-496.9749,496.9749,0.0009999999
0.0009999999,496.9749,5304.176,-0.20079683,,-0.2,,143.35611,2084,0.0009999999,-493.1066,,13.827280044555664,18.460073,0.2,1.0830892e-06,0.0009999999,,15,-0.2,37,,19.442247,inf,37,,,56.32432432432432,81,inf,,,-138.35611,18.886196,-496.9749,496.9749,0.0009999999
0.0009999999,496.9749,5451.7383,-0.5995144,,,,143.4668,2129,0.0009999999,-142.56206,,14.373253345489502,19.803549,-0.2,1.0268345e-06,0.0009999999,,15,-0.2,38,,19.415579,inf,38,,,56.026315789473685,81,inf,-0.2,,-138.4668,18.884369,-496.9749,496.9749,0.0009999999
0.0009999999,496.9749,5574.0137,-0.40286335,,,,142.92343,2152,0.0009999999,-117.275925,,14.896106719970703,17.524431,-0.2,9.748514e-07,0.0009999999,,15,-0.2,39,,19.389605,inf,39,,,55.17948717948718,81,inf,,,-137.92343,18.824188,-496.9749,496.9749,0.0009999999
0.0009999999,496.9749,5703.465,-0.20001927,,,,142.58662,2188,0.0009999999,-124.45134,,15.417887926101685,18.135122,-0.2,9.267181e-07,0.0009999999,,15,-0.2,40,,19.364286,inf,40,,,54.7,81,inf,0.2,,-137.58662,18.782278,-496.9749,496.9749,0.0009999999
0.0009999999,496.9749,5842.246,-0.39999157,,,,142.4938,2227,0.0009999999,-133.78117,,15.976800203323364,19.0759,,8.820637e-07,0.0009999999,,15,-0.2,41,,19.339594,inf,41,,,54.31707317073171,81,inf,-0.2,,-137.4938,18.765348,-496.9749,496.9749,0.0009999999
0.0009999999,496.9749,5933.064,-0.20004353,,,,141.26343,2296,0.0009999999,-85.81772,,16.57900047302246,17.069677,,8.405606e-07,0.0009999999,,15,-0.2,42,,19.315496,inf,42,,,54.666666666666664,81,inf,,,-136.26343,18.70145,-496.9749,496.9749,0.0009999999
0.0009999999,497.9289,6435.993,0.002348736,,,,149.67426,2796,0.0009999999,-497.9289,,17.718310832977295,19.499935,,8.019195e-07,0.0009999999,,15,-0.2,43,,19.291965,inf,43,,,65.02325581395348,81,inf,0.2,,-144.67426,18.697039,-497.9289,497.9289,0.0009999999
0.0009999999,498.95383,6939.9463,-0.20067632,,,,157.72606,3296,0.0009999999,-498.95383,,18.963441848754883,18.735779,0.2,7.658827e-07,0.0009999999,,15,-0.2,44,,19.268976,inf,44,,,74.9090909090909,81,inf,-0.2,,-152.72606,18.675453,-498.95383,498.95383,0.0009999999
0.0009999999,498.95383,7064.205,0.001568781,,,,156.98233,3327,0.0009999999,-119.25871,,19.557149410247803,19.966383,0.2,7.3222174e-07,0.0009999999,,15,-0.2,45,,19.246504,inf,45,,,73.93333333333334,81,inf,,,-151.98233,18.682165,-498.95383,498.95383,0.0009999999
0.0009999999,498.95383,7188.9365,0.20074296,,,,156.28123,3358,0.0009999999,-119.73069,,20.138997077941895,17.581469,0.2,7.0073213e-07,0.0009999999,,15,-0.2,46,,19.224524,inf,46,,,73.0,81,inf,0.2,,-151.28123,18.636736,-498.95383,498.95383,0.0009999999
0.0009999999,498.95383,7318.5176,-0.19880296,,0.2,,155.71313,3385,0.0009999999,-124.5815,,20.78599262237549,16.04692,-0.2,6.7123085e-07,0.0009999999,,15,-0.2,47,,19.203018,inf,47,,,72.02127659574468,81,inf,,,-150.71313,18.560585,-498.95383,498.95383,0.0009999999
0.0009999999,498.95383,7438.629,-0.19891931,,0.2,,154.97144,3407,0.0009999999,-115.110916,,21.299986839294434,18.885933,,6.435543e-07,0.0009999999,,15,-0.2,48,,19.181965,inf,48,,,70.97916666666667,81,inf,-0.2,,-149.97144,18.54675,-498.95383,498.95383,0.0009999999
0.0009999999,498.95383,7546.135,-0.001314669,,0.2,,154.00275,3435,0.0009999999,-102.50587,,21.877152681350708,17.230272,,6.175547e-07,0.0009999999,,15,-0.2,49,,19.161345,inf,49,,,70.10204081632654,81,inf,,,-149.00275,18.499683,-498.95383,498.95383,0.0009999999
0.0009999999,498.95383,7739.9077,0.20532753,,0.2,,154.79816,3526,0.0009999999,-188.77338,,22.504714727401733,16.725313,,5.930996e-07,0.0009999999,,15,-0.2,50,,19.141142,inf,50,,,70.52,81,inf,0.2,,-149.79816,18.444397,-498.95383,498.95383,0.0009999999
0.0009999999,498.95383,7917.535,0.19664122,,0.2,,155.24579,3600,0.0009999999,-172.62762,,23.07410764694214,16.416506,0.2,5.700688e-07,0.0009999999,,15,-0.2,51,,19.12134,inf,51,,,70.58823529411765,81,inf,,,-150.24579,18.38522,-498.95383,498.95383,0.0009999999
0.0009999999,498.95383,8038.238,-0.5977062,,-0.2,,154.5815,3622,0.0009999999,-115.70237,,23.65350914001465,16.72391,-0.2,5.483539e-07,0.0009999999,,15,,52,,19.101921,inf,52,,,69.65384615384616,81,inf,-0.2,,-149.5815,18.334227,-498.95383,498.95383,0.0009999999
0.0009999999,498.95383,8156.124,-0.3961906,,-0.2,,153.88913,3644,0.0009999999,-112.88646,,24.22403907775879,18.726337,-0.2,5.2785657e-07,0.0009999999,,15,,53,,19.082874,inf,53,,,68.75471698113208,81,inf,,,-148.88913,18.322937,-498.95383,498.95383,0.0009999999
0.0009999999,498.95383,8267.87,-0.19854882,,-0.2,,153.1087,3658,0.0009999999,-106.745476,,24.774425268173218,17.642063,-0.2,5.084873e-07,0.0009999999,,14,,54,,19.064182,inf,54,,,67.74074074074075,81,inf,0.2,,-148.1087,18.291983,-498.95383,498.95383,0.0009999999
0.0009999999,498.95383,8399.859,-0.4003983,,-0.2,,152.72473,3692,0.0009999999,-126.99038,,25.40192198753357,17.792065,,4.9016495e-07,0.0009999999,,14,,55,,19.045832,inf,55,,,67.12727272727273,81,inf,-0.2,,-147.72473,18.264877,-498.95383,498.95383,0.0009999999
0.0009999999,498.95383,8510.008,-0.19830574,,-0.2,,151.96443,3782,0.0009999999,-105.14796,,26.15330147743225,16.273506,,4.7281532e-07,0.0009999999,,14,,56,,19.027813,inf,56,,,67.53571428571429,81,inf,,,-146.96443,18.211618,-498.95383,498.95383,0.0009999999
0.0009999999,498.95383,8967.558,-0.0014726073,,-0.2,,157.32558,4282,0.0009999999,-452.54965,,27.47097110748291,19.104906,,4.563709e-07,0.0009999999,,14,,57,,19.010115,inf,57,,,75.12280701754386,81,inf,0.2,,-152.32558,18.209902,-498.95383,498.95383,0.0009999999
0.0009999999,498.95383,9139.544,-0.19717859,,-0.2,,157.57834,4356,0.0009999999,-166.98627,,28.047789096832275,19.063862,0.2,4.4076967e-07,0.0009999999,,14,,58,,18.992722,inf,58,,,75.10344827586206,81,inf,-0.2,,-152.57834,18.207535,-498.95383,498.95383,0.0009999999
0.0009999999,498.95383,9256.997,-0.0034128376,,-0.2,,156.89825,4379,0.0009999999,-112.45294,,28.605785846710205,18.486277,0.2,4.259549e-07,0.0009999999,,14,,59,,18.975628,inf,59,,,74.22033898305085,81,inf,,,-151.89825,18.195454,-498.95383,498.95383,0.0009999999
0.0009999999,498.95383,9368.082,0.20198107,,-0.2,,156.1347,4397,0.0009999999,-106.08525,,29.169068813323975,18.18152,0.2,4.1187477e-07,0.0009999999,,14,,60,,18.95882,inf,60,,,73.28333333333333,81,inf,0.2,,-151.1347,18.178694,-498.95383,498.95383,0.0009999999
0.0009999999,498.95383,9482.259,-0.40051055,,,,155.44687,4412,0.0009999999,-109.176865,,29.72915768623352,18.440472,-0.2,3.984813e-07,0.0009999999,,14,,61,,18.942291,inf,61,,,72.32786885245902,81,inf,-0.2,,-150.44687,18.166729,-498.95383,498.95383,0.0009999999
0.0009999999,498.95383,9593.778,-0.19920972,,,,154.73836,4429,0.0009999999,-106.51916,,30.253018140792847,18.288206,-0.2,3.8573074e-07,0.0009999999,,14,,62,,18.926031,inf,62,,,71.43548387096774,81,inf,,,-149.73836,18.152689,-498.95383,498.95383,0.0009999999
0.0009999999,498.95383,9705.561,0.0015653372,,,,154.05652,4451,0.0009999999,-106.78294,,30.78989887237549,17.333523,-0.2,3.735825e-07,0.0009999999,,14,,63,,18.91003,inf,63,,,70.65079365079364,81,inf,0.2,,-149.05652,18.12394,-498.95383,498.95383,0.0009999999
0.0009999999,498.95383,9831.703,-0.19654994,,,,153.62036,4478,0.0009999999,-121.14258,,31.320263862609863,18.796976,,3.6199927e-07,0.0009999999,,14,,64,,18.894283,inf,64,,,69.96875,81,inf,-0.2,,-148.62036,18.118954,-498.95383,498.95383,0.0009999999
0.0009999999,498.95383,9943.378,-0.001136113,,,,152.97505,4492,0.0009999999,-106.67439,,31.913108110427856,16.294579,,3.5094652e-07,0.0009999999,,14,,65,,18.878778,inf,65,,,69.1076923076923,81,inf,,,-147.97505,18.075623,-498.95383,498.95383,0.0009999999
0.0009999999,498.95383,10243.715,0.19832365,,,,155.2078,4693,0.0009999999,-295.33725,,32.814730405807495,18.502201,,3.4039232e-07,0.0009999999,,14,,66,,18.86351,inf,66,,,71.10606060606061,81,inf,0.2,,-150.2078,18.067049,-498.95383,498.95383,0.0009999999
0.0009999999,498.95383,10382.452,-0.0001898408,,,,154.96198,4728,0.0009999999,-133.73708,,33.347898721694946,14.420624,0.2,3.3030722e-07,0.0009999999,,14,,67,,18.848473,inf,67,,,70.56716417910448,81,inf,-0.2,,-149.96198,17.99781,-498.95383,498.95383,0.0009999999
0.0009999999,498.95383,10492.848,0.20150325,,,,154.30658,4743,0.0009999999,-105.39589,,33.89093041419983,19.295649,0.2,3.206637e-07,0.0009999999,,14,,68,,18.833658,inf,68,,,69.75,81,inf,,,-149.30658,18.002298,-498.95383,498.95383,0.0009999999
0.0009999999,498.95383,10606.705,0.40016437,,,,153.72037,4763,0.0009999999,-108.85605,,34.432493686676025,18.930155,0.2,3.1143645e-07,0.0009999999,,14,,69,,18.81906,inf,69,,,69.02898550724638,81,inf,0.2,,-148.72037,18.001358,-498.95383,498.95383,0.0009999999
0.0009999999,498.95383,10731.828,-0.19986548,,0.2,,153.31183,4790,0.0009999999,-120.12386,,34.99478626251221,18.648684,-0.2,3.0260182e-07,0.0009999999,,14,,70,,18.80467,inf,70,,,68.42857142857143,81,inf,-0.2,,-148.31183,17.996426,-498.95383,498.95383,0.0009999999
0.0009999999,498.95383,10849.71,-0.00058803085,,0.2,,152.81282,4809,0.0009999999,-112.881584,,35.593740940093994,17.633923,-0.2,2.9413786e-07,0.0009999999,,14,,71,,18.790485,inf,71,,,67.73239436619718,81,inf,,,-147.81282,17.977333,-498.95383,498.95383,0.0009999999
0.0009999999,498.95383,10968.533,0.20317015,,0.2,,152.34074,4837,0.0009999999,-113.823524,,36.120848417282104,19.059074,-0.2,2.8602412e-07,0.0009999999,,14,,72,,18.776499,inf,72,,,67.18055555555556,81,inf,0.2,,-147.34074,17.978563,-498.95383,498.95383,0.0009999999
0.0009999999,498.95383,11086.244,0.0013200939,,0.2,,151.86636,4857,0.0009999999,-112.71164,,36.695188999176025,18.049135,,2.7824152e-07,0.0009999999,,14,,73,,18.762707,inf,73,,,66.53424657534246,81,inf,-0.2,,-146.86636,17.965927,-498.95383,498.95383,0.0009999999
0.0009999999,498.95383,11215.812,0.19985792,,0.2,,151.56502,4884,0.0009999999,-124.56661,,37.248334884643555,18.315258,,2.707723e-07,0.0009999999,,14,,74,,18.7491,inf,74,,,66.0,81,inf,,,-146.56502,17.957226,-498.95383,498.95383,0.0009999999
0.0009999999,498.95383,11344.742,0.39824104,,0.2,,151.26323,4913,0.0009999999,-123.93029,,37.8196804523468,18.814886,,2.6359982e-07,0.0009999999,,14,,75,,18.735678,inf,75,,,65.50666666666666,81,inf,0.2,,-146.26323,17.95542,-498.95383,498.95383,0.0009999999
0.0009999999,498.95383,11467.865,0.19823863,,0.2,,150.89296,4934,0.0009999999,-118.12354,,38.36608099937439,12.218781,0.2,2.5670863e-07,0.0009999999,,14,,76,,18.722431,inf,76,,,64.92105263157895,81,inf,-0.2,,-145.89296,17.866863,-498.95383,498.95383,0.0009999999
0.0009999999,498.95383,11577.986,0.40101007,,0.2,,150.36346,4956,0.0009999999,-105.121735,,38.93929123878479,17.593708,0.2,2.5008418e-07,0.0009999999,,14,,77,,18.70936,inf,77,,,64.36363636363636,81,inf,,,-145.36346,17.850414,-498.95383,498.95383,0.0009999999
0.0009999999,498.95383,11700.454,0.6012327,,0.2,,150.00583,4977,0.0009999999,-117.46751,,39.4288694858551,18.519213,0.2,2.4371286e-07,0.0009999999,,14,,78,,18.696457,inf,78,,,63.80769230769231,81,inf,0.2,,-145.00583,17.846252,-498.95383,498.95383,0.0009999999
0.0009999999,498.95383,11824.932,-0.2000334,,-0.2,,149.68268,5004,0.0009999999,-119.47729,,39.99684286117554,18.324991,-0.2,2.3758197e-07,0.0009999999,,14,0.2,79,,18.683718,inf,79,,,63.34177215189873,81,inf,,,-144.68268,17.839733,-498.95383,498.95383,0.0009999999
0.0009999999,498.95383,11937.111,-0.20175415,,-0.2,,149.2139,5033,0.0009999999,-107.17947,,40.568368434906006,18.401594,,2.3167952e-07,0.0009999999,,14,0.2,80,,18.671139,inf,80,,,62.9125,81,inf,-0.2,,-144.2139,17.834335,-498.95383,498.95383,0.0009999999
0.0009999999,498.95383,12047.76,-0.0030218605,,-0.2,,148.73778,5046,0.0009999999,-105.648445,,41.13574743270874,17.549896,,2.2599437e-07,0.0009999999,,13,0.2,81,,18.658716,inf,81,,,62.2962962962963,81,inf,,,-143.73778,17.818556,-498.95383,498.95383,0.0009999999
0.0009999999,498.95383,12157.757,0.20179196,,-0.2,,148.26532,5065,0.0009999999,-104.99728,,41.7153639793396,16.874617,,2.2051593e-07,0.0009999999,,13,0.2,82,,18.646446,inf,82,,,61.76829268292683,81,inf,0.2,,-143.26532,17.794922,-498.95383,498.95383,0.0009999999
0.0009999999,498.95383,12296.37,0.2048761,,-0.2,,148.14903,5102,0.0009999999,-133.6135,,42.33072113990784,16.824476,0.2,2.1523427e-07,0.0009999999,,13,0.2,83,,18.634325,inf,83,,,61.46987951807229,81,inf,,,-143.14903,17.771255,-498.95383,498.95383,0.0009999999
0.0009999999,498.95383,12409.945,-0.1997365,,,,147.73744,5117,0.0009999999,-108.57511,,42.891706466674805,16.105232,-0.2,2.1014014e-07,0.0009999999,,13,0.2,84,,18.622349,inf,84,,,60.916666666666664,81,inf,-0.2,,-142.73744,17.739588,-498.95383,498.95383,0.0009999999
0.0009999999,498.95383,12523.094,0.0018893641,,,,147.33052,5133,0.0009999999,-108.14792,,43.576746702194214,17.876078,-0.2,2.052248e-07,0.0009999999,,13,0.2,85,,18.610514,inf,85,,,60.38823529411765,81,inf,,,-142.33052,17.729498,-498.95383,498.95383,0.0009999999
0.0009999999,498.95383,12637.096,0.19863777,,,,146.94298,5151,0.0009999999,-109.00228,,44.1776659488678,18.9089,-0.2,2.0047987e-07,0.0009999999,,13,0.2,86,,18.598818,inf,86,,,59.895348837209305,81,inf,0.2,,-141.94298,17.731653,-498.95383,498.95383,0.0009999999
0.0009999999,498.95383,12758.292,-0.0012086481,,,,146.64703,5174,0.0009999999,-116.196106,,44.75377416610718,15.441942,,1.9589761e-07,0.0009999999,,13,0.2,87,,18.587257,inf,87,,,59.47126436781609,81,inf,-0.2,,-141.64703,17.693907,-498.95383,498.95383,0.0009999999
0.0009999999,498.95383,12868.295,0.1969404,,,,146.23062,5189,0.0009999999,-105.002014,,45.408334493637085,17.21503,,1.9147068e-07,0.0009999999,,13,0.2,88,,18.575829,inf,88,,,58.96590909090909,81,inf,,,-141.23062,17.677166,-498.95383,498.95383,0.0009999999
0.0009999999,498.95383,13033.053,0.39438573,,,,146.4388,5253,0.0009999999,-159.75792,,46.240652561187744,18.145874,,1.8719217e-07,0.0009999999,,13,0.2,89,,18.56453,inf,89,,,59.02247191011236,81,inf,0.2,,-141.4388,17.67126,-498.95383,498.95383,0.0009999999
0.0009999999,498.95383,13148.414,0.1986045,,,,146.09349,5270,0.0009999999,-110.361595,,46.79542946815491,13.473442,0.2,1.8305543e-07,0.0009999999,,13,0.2,90,,18.553356,inf,90,,,58.55555555555556,81,inf,-0.2,,-141.09349,17.61357,-498.95383,498.95383,0.0009999999
0.0009999999,498.95383,13262.558,0.39892873,,,,145.74239,5292,0.0009999999,-109.143654,,47.35935354232788,18.83396,0.2,1.7905434e-07,0.0009999999,,13,0.2,91,,18.542307,inf,91,,,58.15384615384615,81,inf,,,-140.74239,17.61605,-498.95383,498.95383,0.0009999999
0.0009999999,498.95383,13383.138,0.599892,,,,145.46889,5313,0.0009999999,-115.58052,,47.96853518486023,18.193518,0.2,1.7518303e-07,0.0009999999,,13,0.2,92,,18.531378,inf,92,,,57.75,81,inf,0.2,,-140.46889,17.611517,-498.95383,498.95383,0.0009999999
0.0009999999,498.95383,13499.531,0.20442024,,0.2,,145.15625,5329,0.0009999999,-111.393936,,48.49099612236023,17.986162,-0.2,1.7143589e-07,0.0009999999,,13,0.2,93,,18.520565,inf,93,,,57.30107526881721,81,inf,,,-140.15625,17.604849,-498.95383,498.95383,0.0009999999
0.0009999999,498.95383,13610.529,0.19899161,,0.2,,144.79286,5341,0.0009999999,-105.99829,,49.05632209777832,13.696283,,1.6780771e-07,0.0009999999,,12,0.2,94,,18.50987,inf,94,,,56.819148936170215,81,inf,-0.2,,-139.79286,17.552689,-498.95383,498.95383,0.0009999999
0.0009999999,498.95383,13721.656,0.39851347,,0.2,,144.43849,5357,0.0009999999,-106.12714,,49.65271544456482,18.740696,,1.642935e-07,0.0009999999,,12,0.2,95,,18.499289,inf,95,,,56.38947368421053,81,inf,,,-139.43849,17.554724,-498.95383,498.95383,0.0009999999
0.0009999999,498.95383,13834.371,0.5998127,,0.2,,144.10803,5370,0.0009999999,-107.714226,,50.20845937728882,17.68445,,1.6088858e-07,0.0009999999,,12,0.2,96,,18.488817,inf,96,,,55.9375,81,inf,0.2,,-139.10803,17.545713,-498.95383,498.95383,0.0009999999
0.0009999999,498.95383,13960.379,0.59658134,,0.2,,143.92143,5395,0.0009999999,-121.00829,,50.885721921920776,17.479076,0.2,1.5758837e-07,0.0009999999,,12,0.2,97,,18.478455,inf,97,,,55.618556701030926,81,inf,,,-138.92143,17.53477,-498.95383,498.95383,0.0009999999
0.0009999999,498.95383,14072.139,-0.5987123,0.99999917,-0.2,,143.59325,5407,0.0009999999,-106.75861,,51.47826957702637,15.660909,,1.5438867e-07,0.0009999999,,12,-0.2,98,,18.468199,3387.368,98,97.999916,,55.173469387755105,81,3453.1443,-0.2,-65.77625,-138.59325,17.505497,-498.95383,498.95383,0.0009999999
0.0009999999,498.95383,14162.725,-0.400985,0.99999964,,,143.05783,5473,0.0009999999,-85.585815,,52.243191957473755,18.16573,,1.5128549e-07,0.0009999999,,12,-0.2,99,,18.458046,3387.7332,99,98.99996,,55.282828282828284,81,3455.379,-0.2,-67.645645,-138.05783,17.509117,-498.95383,498.95383,0.0009999999
0.0009999999,498.95383,14290.006,-0.19915749,0.9999991,0.2,,142.90005,5529,0.0009999999,-122.28164,,52.935898780822754,19.187025,,1.482749e-07,0.0009999999,,12,-0.2,100,,18.447996,3376.7893,100,99.99991,,55.29,81,3457.5894,-0.2,-80.80004,-137.90005,17.522879,-498.95383,498.95383,0.0009999999
0.0009999999,498.95383,14422.483,0.00031203555,0.9999994,-0.2,,142.79686,5563,0.0009999999,-127.47789,,53.54758381843567,18.760405,,1.453533e-07,0.0009999999,,12,0.2,101,,18.438046,3377.013,101,100.99994,,55.07920792079208,81,3459.7769,,-82.76389,-137.79686,17.53214,-498.95383,498.95383,0.0009999999
0.0009999999,498.95383,14541.885,-0.00035704672,1.0000005,,,142.5675,5581,0.0009999999,-114.40143,,54.09254264831543,17.13997,,1.425172e-07,0.0009999999,,12,0.2,102,,18.428192,3379.1738,102,102.000046,,54.71568627450981,81,3461.9414,-0.2,-82.767624,-137.5675,17.525337,-498.95383,498.95383,0.0009999999
0.0009999999,498.95383,14654.574,0.20072412,1.0000005,0.2,,142.27742,5597,0.0009999999,-107.68915,,54.68012046813965,19.38263,0.2,1.3976332e-07,0.0009999999,,12,,103,,18.418436,3381.2212,103,103.000046,,54.33980582524272,81,3464.0833,-0.2,-82.862,-137.27742,17.540436,-498.95383,498.95383,0.0009999999
0.0009999999,498.95383,14767.76,-0.39774096,1.0000001,-0.2,,141.9977,5619,0.0009999999,-108.18585,,55.296140909194946,18.545431,,1.3708848e-07,0.0009999999,,12,,104,,18.408775,3383.3206,104,104.000015,,54.02884615384615,81,3466.2031,-0.2,-82.88266,-136.9977,17.547195,-498.95383,498.95383,0.0009999999
0.0009999999,498.95383,14870.738,0.0001424998,1.0000008,,,141.62608,5773,0.0009999999,-97.97781,,56.10037684440613,16.613573,0.2,1.344897e-07,0.0009999999,,12,,105,,18.399204,3385.2234,105,105.00009,,54.98095238095238,81,3468.3015,-0.2,-83.078094,-136.62608,17.535427,-498.95383,498.95383,0.0009999999
0.0009999999,498.95383,14985.655,-0.19882993,0.9999997,-0.2,,141.3741,5793,0.0009999999,-109.91711,,56.741605043411255,18.002888,,1.3196414e-07,0.0009999999,,12,0.2,106,,18.389727,3387.1016,106,105.99997,,54.65094339622642,81,3470.3787,-0.2,-83.27717,-136.3741,17.536987,-498.95383,498.95383,0.0009999999
0.0009999999,498.95383,15098.616,0.19930573,0.9999999,0.2,,141.10857,5814,0.0009999999,-107.9611,,57.35193991661072,18.66017,-0.2,1.2950903e-07,0.0009999999,,12,0.2,107,,18.380337,3388.882,107,106.999985,,54.33644859813084,81,3472.435,,-83.55295,-136.10857,17.54466,-498.95383,498.95383,0.0009999999
0.0009999999,498.95383,15216.795,-0.00092299544,0.9999996,-0.2,,140.89626,5834,0.0009999999,-113.178894,,57.98623299598694,18.534536,0.2,1.2712182e-07,0.0009999999,,12,,108,,18.371035,3390.8499,108,107.999954,,54.01851851851852,81,3474.4714,,-83.62148,-135.89626,17.551027,-498.95383,498.95383,0.0009999999
0.0009999999,498.95383,15326.429,0.19813919,0.9999992,0.2,,140.60944,5864,0.0009999999,-104.63362,,58.607675075531006,19.03749,,1.2480002e-07,0.0009999999,,12,0.2,109,,18.361818,3392.833,109,108.999916,,53.79816513761468,81,3476.4875,-0.2,-83.6545,-135.60944,17.561892,-498.95383,498.95383,0.0009999999
0.0009999999,498.95383,15439.197,-0.40190113,0.99999917,,,140.35634,5878,0.0009999999,-107.76816,,59.20276665687561,18.6233,-0.2,1.2254124e-07,0.0009999999,,12,,110,,18.352686,3394.5205,110,109.99991,,53.43636363636364,81,3478.4841,-0.2,-83.96351,-135.35634,17.568792,-498.95383,498.95383,0.0009999999
0.0009999999,498.95383,15555.744,-0.19858983,0.99999964,,,140.14185,5895,0.0009999999,-111.54754,,59.89463973045349,18.704123,,1.2034323e-07,0.0009999999,,12,,111,,18.343636,3396.3757,111,110.99996,,53.108108108108105,81,3480.4617,-0.2,-84.08588,-135.14185,17.576298,-498.95383,498.95383,0.0009999999
0.0009999999,498.95383,15639.284,-0.39801058,0.99999934,-0.2,,139.63646,6133,0.0009999999,-78.53942,,60.91794490814209,15.32167,-0.2,1.1820383e-07,0.0009999999,,12,,112,,18.334667,3398.2783,112,111.99992,,54.75892857142857,81,3482.4202,,-84.14191,-134.63646,17.553467,-498.95383,498.95383,0.0009999999
0.0009999999,498.95383,15749.971,0.5970283,0.9999996,0.2,,139.38026,6148,0.0009999999,-105.685974,,61.565807580947876,18.806402,0.2,1.1612101e-07,0.0009999999,,12,0.2,113,,18.325777,3400.2078,113,112.999954,,54.4070796460177,81,3484.36,,-84.15226,-134.38026,17.561878,-498.95383,498.95383,0.0009999999
0.0009999999,498.95383,15870.898,-0.20120257,1.0,,,139.21841,6168,0.0009999999,-115.92889,,62.237271785736084,16.952,-0.2,1.1409273e-07,0.0009999999,,12,,114,,18.316967,3402.1108,114,114.0,,54.10526315789474,81,3486.2822,,-84.17145,-134.21841,17.553875,-498.95383,498.95383,0.0009999999
0.0009999999,498.95383,15983.971,-0.1985853,1.0000001,-0.2,,138.99104,6186,0.0009999999,-108.07171,,62.92968010902405,17.37394,-0.2,1.1211712e-07,0.0009999999,,12,0.2,115,,18.308233,3403.7021,115,115.00001,,53.791304347826085,81,3488.186,,-84.484,-133.99104,17.54968,-498.95383,498.95383,0.0009999999
0.0009999999,498.95383,16095.832,0.39822724,0.99999946,0.2,,138.75717,6200,0.0009999999,-106.861496,,63.60069799423218,17.279716,,1.1019242e-07,0.0009999999,,12,0.2,116,,18.299576,3405.1675,116,115.99994,,53.44827586206897,81,3490.073,,-84.905525,-133.75717,17.544744,-498.95383,498.95383,0.0009999999
0.0009999999,498.95383,16217.02,-0.19696666,1.0000006,,,138.60701,6219,0.0009999999,-116.18667,,64.27511787414551,18.38218,-0.2,1.0831683e-07,0.0009999999,,12,0.2,117,,18.29099,3406.6953,117,117.00008,,53.15384615384615,81,3491.9426,-0.2,-85.247375,-133.60701,17.549316,-498.95383,498.95383,0.0009999999
0.0009999999,498.95383,16328.377,0.2008706,0.9999996,-0.2,,138.37608,6232,0.0009999999,-106.35807,,64.97299647331238,17.680256,0.2,1.0648873e-07,0.0009999999,,12,0.2,118,,18.28248,3408.2107,118,117.999954,,52.813559322033896,81,3493.795,,-85.584114,-133.37608,17.547861,-498.95383,498.95383,0.0009999999
0.0009999999,498.95383,16446.979,0.19882652,0.9999998,,,138.2099,6257,0.0009999999,-113.601814,,65.62216281890869,18.812614,0.2,1.0470651e-07,0.0009999999,,12,,119,,18.274042,3409.8254,119,118.99998,,52.57983193277311,81,3495.631,,-85.805565,-133.2099,17.555946,-498.95383,498.95383,0.0009999999
0.0009999999,498.95383,16569.225,-0.0013492112,0.9999991,,,138.07687,6281,0.0009999999,-117.24605,,66.25692200660706,19.356766,-0.2,1.0296869e-07,0.0009999999,,12,0.2,120,,18.265675,3411.5295,120,119.99989,,52.34166666666667,81,3497.4504,,-85.92083,-133.07687,17.568432,-498.95383,498.95383,0.0009999999
0.0009999999,498.95383,16690.617,0.20244218,0.99999917,,,137.93898,6304,0.0009999999,-116.39113,,66.93476748466492,18.717358,0.2,1.0127375e-07,0.0009999999,,12,0.2,121,,18.257376,3413.222,121,120.9999,,52.099173553719005,81,3499.2542,-0.2,-86.03227,-132.93898,17.575426,-498.95383,498.95383,0.0009999999
0.0009999999,498.95383,16804.027,0.2002314,1.0000008,-0.2,,137.73792,6318,0.0009999999,-108.41012,,67.57768392562866,16.090853,0.2,9.962032e-08,0.0009999999,,12,,122,,18.249144,3414.9832,122,122.0001,,51.78688524590164,81,3501.0415,0.2,-86.05845,-132.73792,17.560776,-498.95383,498.95383,0.0009999999
0.0009999999,498.95383,16939.09,0.40007037,1.0,,,137.71617,6354,0.0009999999,-130.06255,,68.2357771396637,19.057573,,9.800708e-08,0.0009999999,,12,0.2,123,,18.240982,3415.8218,123,123.0,,51.65853658536585,81,3502.814,0.2,-86.99231,-132.71617,17.570482,-498.95383,498.95383,0.0009999999
0.0009999999,498.95383,17056.887,0.59814227,1.0000005,,,137.55554,6372,0.0009999999,-112.79825,,68.87944555282593,19.682474,0.2,9.6432686e-08,0.0009999999,,12,0.2,124,,18.232883,3416.765,124,124.00005,,51.38709677419355,81,3504.571,0.2,-87.80605,-132.55554,17.585073,-498.95383,498.95383,0.0009999999
0.0009999999,498.95383,17173.463,-0.19684102,1.0000001,-0.2,,137.38771,6388,0.0009999999,-111.576805,,69.54124331474304,18.177595,0.2,9.489594e-08,0.0009999999,,12,,125,,18.224852,3417.6724,125,125.00001,,51.104,81,3506.3132,-0.2,-88.640816,-132.38771,17.58739,-498.95383,498.95383,0.0009999999
0.0009999999,498.95383,17290.68,0.19925702,1.0000008,0.2,,137.22762,6405,0.0009999999,-112.21646,,70.17760920524597,18.162209,-0.2,9.339563e-08,0.0009999999,,12,,126,,18.216883,3419.1956,126,126.00011,,50.833333333333336,81,3508.0403,0.2,-88.84473,-132.22762,17.58955,-498.95383,498.95383,0.0009999999
0.0009999999,498.95383,17409.434,-0.19681653,0.9999997,0.2,,137.08215,6423,0.0009999999,-113.7548,,70.84536170959473,19.017405,-0.2,9.193063e-08,0.0009999999,,12,,127,,18.208979,3420.775,127,126.99996,,50.574803149606296,81,3509.7537,-0.2,-88.97868,-132.08215,17.598408,-498.95383,498.95383,0.0009999999
0.0009999999,498.95383,17520.105,-0.595308,0.9999995,-0.2,,136.87582,6443,0.0009999999,-105.671936,,71.5124831199646,16.8826,-0.2,9.049982e-08,0.0009999999,,12,,128,,18.201136,3422.4697,128,127.99994,,50.3359375,81,3511.4521,-0.2,-88.98253,-131.87582,17.590448,-498.95383,498.95383,0.0009999999
0.0009999999,498.95383,17631.879,-0.00010912417,0.9999994,0.2,,136.68123,6462,0.0009999999,-106.77155,,72.19233798980713,14.807176,-0.2,8.910215e-08,0.0009999999,,12,,129,,18.193354,3423.4153,129,128.99992,,50.093023255813954,81,3513.1365,,-89.72117,-131.68123,17.566525,-498.95383,498.95383,0.0009999999
0.0009999999,498.95383,17747.918,-0.19913633,1.0000002,0.2,,136.52245,6478,0.0009999999,-111.03925,,72.82069039344788,19.13376,-0.2,8.773663e-08,0.0009999999,,12,-0.2,130,,18.18563,3424.0715,130,130.00003,,49.83076923076923,81,3514.8074,,-90.73595,-131.52245,17.576246,-498.95383,498.95383,0.0009999999
0.0009999999,498.95383,17864.645,0.40089467,0.99999917,,,136.37134,6499,0.0009999999,-111.728615,,73.45156383514404,19.002054,0.2,8.640225e-08,0.0009999999,,12,0.2,131,,18.177969,3425.3582,131,130.9999,,49.61068702290076,81,3516.4644,,-91.10612,-131.37134,17.58482,-498.95383,498.95383,0.0009999999
0.0009999999,498.95383,17975.316,0.20038654,1.0000001,0.2,,136.17664,6515,0.0009999999,-105.67184,,74.04578518867493,18.41709,0.2,8.509808e-08,0.0009999999,,12,-0.2,132,,18.170364,3426.9062,132,132.00002,,49.35606060606061,81,3518.1084,,-91.20216,-131.17664,17.58883,-498.95383,498.95383,0.0009999999
0.0009999999,498.95383,18116.928,0.19862325,1.0000002,,,136.2175,6554,0.0009999999,-136.60962,,74.71232533454895,18.999529,-0.2,8.382322e-08,0.0009999999,,12,0.2,133,,18.162817,3428.1477,133,133.00003,,49.278195488721806,81,3519.739,0.2,-91.59135,-131.2175,17.597157,-498.95383,498.95383,0.0009999999
0.0009999999,498.95383,18224.059,-0.59807867,1.0000007,,,136.00044,6565,0.0009999999,-102.130775,,75.32690811157227,18.1651,-0.2,8.2576804e-08,0.0009999999,,11,-0.2,134,,18.155325,3428.914,134,134.00009,,48.992537313432834,81,3521.3567,-0.2,-92.44251,-131.00044,17.599133,-498.95383,498.95383,0.0009999999
0.0009999999,498.95383,18332.5,0.4022367,1.0000006,0.2,,135.7963,6586,0.0009999999,-103.44116,,75.99118494987488,16.494827,0.2,8.135797e-08,0.0009999999,,11,,135,,18.14789,3430.3682,135,135.00008,,48.785185185185185,81,3522.9617,,-92.59353,-130.7963,17.588707,-498.95383,498.95383,0.0009999999
0.0009999999,498.95383,18453.395,0.39753118,1.0,0.2,,135.68672,6605,0.0009999999,-115.89524,,76.6743950843811,18.080404,,8.0165925e-08,0.0009999999,,11,,136,,18.14051,3431.443,136,136.0,,48.56617647058823,81,3524.5537,0.2,-93.11065,-130.68672,17.590096,-498.95383,498.95383,0.0009999999
0.0009999999,498.95383,18577.156,-0.19885947,1.0000001,,,135.59969,6628,0.0009999999,-118.761734,,77.30201268196106,18.527605,0.2,7.8999896e-08,0.0009999999,,11,-0.2,137,,18.133184,3432.1282,137,137.00002,,48.37956204379562,81,3526.1335,-0.2,-94.00544,-130.59969,17.594725,-498.95383,498.95383,0.0009999999
0.0009999999,498.95383,18688.018,0.600337,1.0,0.2,,135.42041,6649,0.0009999999,-105.86012,,77.84493088722229,19.231398,0.2,7.785911e-08,0.0009999999,,11,,138,,18.125912,3433.5237,138,138.0,,48.18115942028985,81,3527.7014,0.2,-94.17773,-130.42041,17.604385,-498.95383,498.95383,0.0009999999
0.0009999999,498.95383,18810.193,-0.00033556222,0.9999991,,,135.32513,6670,0.0009999999,-117.17657,,78.37553143501282,17.330252,0.2,7.6742865e-08,0.0009999999,,11,-0.2,139,,18.118692,3434.88,139,138.99988,,47.985611510791365,81,3529.2573,,-94.37747,-130.32513,17.600233,-498.95383,498.95383,0.0009999999
0.0009999999,498.95383,18947.36,0.4013226,1.0000004,,,135.33829,6705,0.0009999999,-132.16647,,79.07806706428528,16.054605,0.2,7.5650455e-08,0.0009999999,,11,,140,,18.111523,3436.1135,140,140.00005,,47.892857142857146,81,3530.801,0.2,-94.68739,-130.33829,17.587027,-498.95383,498.95383,0.0009999999
0.0009999999,498.95383,19073.34,0.597512,0.9999991,0.2,,135.27191,6731,0.0009999999,-120.97872,,79.68212008476257,16.481876,,7.458121e-08,0.0009999999,,11,0.2,141,,18.104406,3436.9492,141,140.99988,,47.737588652482266,81,3532.3337,0.2,-95.384544,-130.27191,17.577038,-498.95383,498.95383,0.0009999999
0.0009999999,498.95383,19193.832,0.00071793795,1.0000006,,,135.16783,6750,0.0009999999,-115.49398,,80.32435584068298,18.364744,-0.2,7.3534466e-08,0.0009999999,,11,,142,,18.097338,3438.364,142,142.00009,,47.53521126760563,81,3533.8545,0.2,-95.490395,-130.16783,17.580448,-498.95383,498.95383,0.0009999999
0.0009999999,498.95383,19316.379,0.19981983,1.0000002,0.2,,135.07957,6772,0.0009999999,-117.54536,,80.90082335472107,18.977694,,7.250961e-08,0.0009999999,,11,,143,,18.09032,3437.676,143,143.00003,,47.35664335664335,81,3535.3638,,-97.687805,-130.07957,17.588097,-498.95383,498.95383,0.0009999999
0.0009999999,498.95383,19449.043,-0.39981648,0.99999905,,,135.0628,6802,0.0009999999,-127.66559,,81.52237439155579,19.51042,-0.2,7.150603e-08,0.0009999999,,11,-0.2,144,,18.083353,3438.7632,144,143.99986,,47.236111111111114,81,3536.8618,,-98.09852,-130.0628,17.599342,-498.95383,498.95383,0.0009999999
0.0009999999,498.95383,19574.582,-0.0005559623,1.0000005,0.2,,134.99712,6825,0.0009999999,-120.538765,,82.18501019477844,18.283108,,7.052314e-08,0.0009999999,,11,,145,,18.076431,3440.1602,145,145.00006,,47.06896551724138,81,3538.3496,-0.2,-98.189384,-129.99712,17.601965,-498.95383,498.95383,0.0009999999
0.0009999999,498.95383,19687.133,0.19772188,0.9999997,,,134.84337,6842,0.0009999999,-107.551216,,82.75993156433105,18.792917,0.2,6.956038e-08,0.0009999999,,11,-0.2,146,,18.06956,3441.6248,146,145.99995,,46.863013698630134,81,3539.826,0.2,-98.20111,-129.84337,17.608044,-498.95383,498.95383,0.0009999999
0.0009999999,498.95383,19809.15,-0.19643804,1.0000002,-0.2,,134.75612,6861,0.0009999999,-117.01767,,83.37123203277588,18.56528,-0.2,6.861719e-08,0.0009999999,,11,,147,,18.062733,3441.1917,147,147.00003,,46.673469387755105,81,3541.2915,0.2,-100.09991,-129.75612,17.612492,-498.95383,498.95383,0.0009999999
0.0009999999,498.95383,19937.832,0.20343548,0.99999917,-0.2,,134.71509,6890,0.0009999999,-123.68208,,84.00189638137817,17.340326,,6.769307e-08,0.0009999999,,11,0.2,148,,18.055954,3437.4263,148,147.99988,,46.554054054054056,81,3542.7468,0.2,-105.32057,-129.71509,17.6086,-498.95383,498.95383,0.0009999999
0.0009999999,498.95383,20057.754,0.19960776,1.0,,,134.6158,6910,0.0009999999,-114.92062,,84.65094590187073,15.975185,,6.6787486e-08,0.0009999999,,11,,149,,18.04922,3438.7737,149,149.0,,46.375838926174495,81,3544.1917,0.2,-105.417984,-129.6158,17.595602,-498.95383,498.95383,0.0009999999
0.0009999999,498.95383,20179.686,-0.20207494,1.0000001,,,134.53123,6930,0.0009999999,-116.93151,,85.2210009098053,19.162909,-0.2,6.5899954e-08,0.0009999999,,11,-0.2,150,,18.04253,3440.1738,150,150.00002,,46.2,81,3545.6265,0.2,-105.45274,-129.53123,17.604027,-498.95383,498.95383,0.0009999999
0.0009999999,498.95383,20313.5,-0.5995217,1.0000007,-0.2,,134.52649,6963,0.0009999999,-128.81425,,85.86759519577026,16.43934,-0.2,6.503e-08,0.0009999999,,11,-0.2,151,,18.035885,3440.7002,151,151.0001,,46.11258278145695,81,3547.0508,,-106.350555,-129.52649,17.594303,-498.95383,498.95383,0.0009999999
0.0009999999,498.95383,20458.223,-0.19950183,0.9999995,-0.2,,134.59357,7006,0.0009999999,-139.72318,,86.48156332969666,18.53899,0.2,6.417716e-08,0.0009999999,,11,-0.2,152,,18.029285,3436.091,152,151.99992,,46.0921052631579,81,3548.4653,,-112.37425,-129.59357,17.59852,-498.95383,498.95383,0.0009999999
0.0009999999,498.95383,20584.438,0.20021494,0.9999996,,,134.5388,7037,0.0009999999,-121.21474,,87.09048390388489,17.199701,,6.334098e-08,0.0009999999,,11,0.2,153,,18.022728,3423.9412,153,152.99994,,45.99346405228758,81,3549.87,,-125.928856,-129.5388,17.593931,-498.95383,498.95383,0.0009999999
0.0009999999,498.95383,20697.64,0.0028818548,1.0000004,-0.2,,134.40027,7051,0.0009999999,-108.20486,,87.68595743179321,18.755129,,6.2521046e-08,0.0009999999,,11,,154,,18.016212,3419.6387,154,154.00006,,45.785714285714285,81,3551.2651,0.2,-131.62659,-129.40027,17.5995,-498.95383,498.95383,0.0009999999
0.0009999999,498.95383,20862.445,0.19931273,0.9999995,0.2,,134.59642,7119,0.0009999999,-159.80417,,88.36615300178528,14.461322,,6.1716925e-08,0.0009999999,,11,-0.2,155,,18.00974,3416.5771,155,154.99992,,45.92903225806452,81,3552.6506,0.2,-136.07338,-129.59642,17.577293,-498.95383,498.95383,0.0009999999
0.0009999999,498.95383,21046.264,0.00100488,1.0000002,0.2,,134.91194,7199,0.0009999999,-178.8182,,89.04231381416321,18.834932,,6.0928215e-08,0.0009999999,,11,-0.2,156,,18.00331,3405.226,156,156.00003,,46.1474358974359,81,3554.0264,,-148.80025,-129.91194,17.583408,-498.95383,498.95383,0.0009999999
0.0009999999,498.95383,21176.693,-0.0002890682,1.0,,,134.88339,7233,0.0009999999,-125.428955,,89.67055678367615,18.021973,,6.015453e-08,0.0009999999,,11,,157,,17.99692,3322.594,157,157.0,,46.07006369426752,81,3555.393,,-232.799,-129.88339,17.584269,-498.95383,498.95383,0.0009999999
0.0009999999,498.95383,21477.828,-0.1992068,1.0000004,-0.2,,135.93562,7475,0.0009999999,-296.13458,,90.58128952980042,18.331295,,5.9395493e-08,0.0009999999,,11,,158,,17.99057,3200.029,158,158.00006,,47.31012658227848,81,3556.7505,,-356.72134,-130.93562,17.587072,-498.95383,498.95383,0.0009999999
0.0009999999,498.95383,21936.957,-0.20113195,1.0000007,-0.2,,137.96828,7975,0.0009999999,-454.12943,,91.93413376808167,19.00723,,5.8650723e-08,0.0009999999,,11,-0.2,159,,17.98426,3169.4092,159,159.0001,,50.15723270440252,81,3558.0994,0.2,-388.69028,-132.96828,17.594097,-498.95383,498.95383,0.0009999999
0.0009999999,498.95383,22436.453,-0.3990982,0.9999995,-0.2,,140.22783,8475,0.0009999999,-494.4952,,93.3005862236023,18.81916,,5.791988e-08,0.0009999999,,11,-0.2,160,,17.977991,3167.699,160,159.99992,,52.96875,81,3559.4385,,-391.73947,-135.22783,17.599854,-498.95383,498.95383,0.0009999999
0.0009999999,498.95383,22911.97,-0.19847083,0.99999934,,,142.31038,8975,0.0009999999,-470.518,,94.65070700645447,16.025848,,5.7202616e-08,0.0009999999,,11,-0.2,161,,17.971762,3168.2776,161,160.9999,,55.745341614906835,81,3560.769,,-392.49146,-137.31038,17.58819,-498.95383,498.95383,0.0009999999
0.0009999999,498.95383,23396.043,-0.0013865978,1.0000006,,,144.42001,9475,0.0009999999,-479.0722,,96.07703924179077,18.695068,,5.6498592e-08,0.0009999999,,11,-0.2,162,,17.965569,3168.7917,162,162.00009,,58.48765432098765,81,3562.091,0.2,-393.29935,-139.42001,17.59315,-498.95383,498.95383,0.0009999999
0.0009999999,498.95383,23515.633,-0.59558576,0.99999934,-0.2,,144.26768,9499,0.0009999999,-114.58885,,96.72444415092468,17.61342,,5.5807487e-08,0.0009999999,,11,-0.2,163,,17.959415,2435.1912,163,81.49995,,58.2760736196319,81,2519.707,-0.2,-84.515915,-139.26768,17.59141,-498.95383,498.95383,0.0009999999
0.0009999999,498.95383,23629.91,-0.19840565,1.0,,,144.08482,9575,0.0009999999,-109.27905,,97.37153434753418,16.248558,,5.5128982e-08,0.0009999999,,11,,164,,17.953299,2428.0227,164,82.0,,58.38414634146341,81,2520.6296,-0.2,-92.6069,-139.08482,17.582088,-498.95383,498.95383,0.0009999999
0.0009999999,498.95383,23739.316,-0.4031607,0.99999964,-0.2,,143.87465,9593,0.0009999999,-104.40509,,97.98962831497192,16.021473,,5.4462774e-08,0.0009999999,,11,,165,,17.94722,2419.984,165,82.49997,,58.13939393939394,81,2521.5466,-0.2,-101.56284,-138.87465,17.571503,-498.95383,498.95383,0.0009999999
0.0009999999,498.95383,23836.41,-0.39950645,0.9999998,,,143.59283,9774,0.0009999999,-92.09258,,98.890465259552,16.262323,,5.3808566e-08,0.0009999999,,11,-0.2,166,,17.941177,2418.4077,166,82.999985,,58.87951807228916,81,2522.4573,-0.2,-104.04965,-138.59283,17.562494,-498.95383,498.95383,0.0009999999
0.0009999999,498.95383,23944.658,0.0011331383,1.0,-0.2,,143.38118,9856,0.0009999999,-103.2487,,99.61036515235901,19.038912,0.2,5.3166087e-08,0.0009999999,,11,,167,,17.935171,2418.0027,167,83.5,,59.01796407185629,81,2523.362,,-105.359436,-138.38118,17.57022,-498.95383,498.95383,0.0009999999
0.0009999999,498.95383,24068.152,-0.4014006,0.9999998,-0.2,,143.26282,9887,0.0009999999,-118.494514,,100.32578611373901,19.725565,0.2,5.2535036e-08,0.0009999999,,11,-0.2,168,,17.929201,2418.2097,168,83.999985,,58.851190476190474,81,2524.2612,-0.2,-106.0516,-138.26282,17.581944,-498.95383,498.95383,0.0009999999
0.0009999999,498.95383,24188.7,-0.39908168,1.0000007,-0.2,,143.1284,9922,0.0009999999,-115.54781,,100.97927498817444,17.143229,-0.2,5.1915162e-08,0.0009999999,,11,,169,,17.923267,2418.9392,169,84.50006,,58.710059171597635,81,2525.155,,-106.215805,-138.1284,17.578245,-498.95383,498.95383,0.0009999999
0.0009999999,498.95383,24307.004,-0.0007118434,1.0000005,,,142.98238,9943,0.0009999999,-113.30226,,101.64062857627869,17.686352,,5.13062e-08,0.0009999999,,11,0.2,170,,17.917368,2419.697,170,85.00004,,58.48823529411764,81,2526.0427,-0.2,-106.345634,-137.98238,17.577787,-498.95383,498.95383,0.0009999999
0.0009999999,498.95383,24416.488,-0.00069989264,1.0000005,0.2,,142.78648,9955,0.0009999999,-104.484436,,102.22619557380676,19.013145,0.2,5.070788e-08,0.0009999999,,11,-0.2,171,,17.911503,2420.484,171,85.50004,,58.21637426900585,81,2526.9255,-0.2,-106.44154,-137.78648,17.585093,-498.95383,498.95383,0.0009999999
0.0009999999,498.95383,24548.0,0.2019807,1.0000004,0.2,,142.72093,9986,0.0009999999,-126.513115,,102.83884906768799,18.527388,0.2,5.011997e-08,0.0009999999,,11,,172,,17.90567,2421.1487,172,86.00003,,58.05813953488372,81,2527.8025,-0.2,-106.65383,-137.72093,17.589487,-498.95383,498.95383,0.0009999999
0.0009999999,498.95383,24661.848,-0.19782078,0.99999964,-0.2,,142.55403,10001,0.0009999999,-108.84598,,103.4276020526886,19.188446,,4.9542216e-08,0.0009999999,,11,0.2,173,,17.899874,2421.8694,173,86.49997,,57.809248554913296,81,2528.674,-0.2,-106.80473,-137.55403,17.597654,-498.95383,498.95383,0.0009999999
0.0009999999,498.95383,24775.004,0.2013751,0.99999994,0.2,,142.38509,10018,0.0009999999,-108.158,,104.08993315696716,19.118801,,4.8974403e-08,0.0009999999,,11,0.2,174,,17.89411,2422.5928,174,86.99999,,57.57471264367816,81,2529.5405,-0.2,-106.94764,-137.38509,17.605328,-498.95383,498.95383,0.0009999999
0.0009999999,498.95383,24886.137,-0.20270139,1.0000008,-0.2,,142.2065,10032,0.0009999999,-106.13437,,104.67929530143738,18.305096,-0.2,4.8416293e-08,0.0009999999,,11,0.2,175,,17.88838,2423.381,175,87.50008,,57.325714285714284,81,2530.4016,,-107.020584,-137.2065,17.608261,-498.95383,498.95383,0.0009999999
0.0009999999,498.95383,24995.72,-0.20203674,1.0000001,,,142.02113,10056,0.0009999999,-104.58351,,105.3319411277771,18.371096,-0.2,4.786767e-08,0.0009999999,,11,0.2,176,,17.88268,2424.0046,176,88.00001,,57.13636363636363,81,2531.2576,-0.2,-107.253,-137.02113,17.611538,-498.95383,498.95383,0.0009999999
0.0009999999,498.95383,25110.03,-0.20131451,0.99999917,,,141.86458,10073,0.0009999999,-109.30889,,105.93982195854187,17.57146,-0.2,4.7328328e-08,0.0009999999,,11,,177,,17.877016,2424.681,177,88.49992,,56.909604519774014,81,2532.1082,,-107.42724,-136.86458,17.610258,-498.95383,498.95383,0.0009999999
0.0009999999,498.95383,25224.723,-0.00061039627,0.99999964,,,141.71193,10088,0.0009999999,-109.69288,,106.5581283569336,17.348532,0.2,4.6798043e-08,0.0009999999,,11,,178,,17.871382,2425.2974,178,88.99997,,56.674157303370784,81,2532.9539,-0.2,-107.656456,-136.71193,17.607742,-498.95383,498.95383,0.0009999999
0.0009999999,498.95383,25340.125,0.20160392,0.99999964,,,141.56494,10124,0.0009999999,-110.400955,,107.19168877601624,16.748482,0.2,4.6276615e-08,0.0009999999,,11,0.2,179,,17.86578,2425.0176,179,89.500015,,56.55865921787709,81,2533.7944,-0.2,-108.776855,-136.56494,17.6019,-498.95383,498.95383,0.0009999999
0.0009999999,498.95383,25448.977,-0.3991315,0.9999996,,,141.38321,10135,0.0009999999,-103.853455,,107.7916054725647,18.252125,-0.2,4.576386e-08,0.0009999999,,11,,180,,17.860209,2425.5972,180,89.99996,,56.30555555555556,81,2534.6304,-0.2,-109.0333,-136.38321,17.60448,-498.95383,498.95383,0.0009999999
0.0009999999,498.95383,25565.426,0.19972187,1.0000002,,,141.24545,10153,0.0009999999,-111.448814,,108.34288835525513,19.00359,-0.2,4.525958e-08,0.0009999999,,11,0.2,181,,17.854668,2426.297,181,90.50002,,56.0939226519337,81,2535.4607,0.2,-109.16347,-136.24545,17.61118,-498.95383,498.95383,0.0009999999
0.0009999999,498.95383,25681.762,-0.20027745,1.000001,0.2,,141.10858,10170,0.0009999999,-111.3357,,109.03893947601318,18.304056,-0.2,4.4763585e-08,0.0009999999,,11,,182,,17.84916,2427.01,182,91.000084,,55.879120879120876,81,2536.2869,-0.2,-109.27686,-136.10858,17.613962,-498.95383,498.95383,0.0009999999
0.0009999999,498.95383,25793.307,-0.0012345165,0.99999934,-0.2,,140.94704,10186,0.0009999999,-106.5445,,109.6579897403717,17.188076,0.2,4.42757e-08,0.0009999999,,11,0.2,183,,17.84368,2427.8306,183,91.49994,,55.66120218579235,81,2537.1082,-0.2,-109.27748,-135.94704,17.610619,-498.95383,498.95383,0.0009999999
0.0009999999,498.95383,25914.59,0.20209356,1.0000005,0.2,,140.84016,10216,0.0009999999,-116.28266,,110.28034591674805,19.230074,-0.2,4.3795758e-08,0.0009999999,,11,0.2,184,,17.83823,2428.336,184,92.00009,,55.52173913043478,81,2537.9246,,-109.58865,-135.84016,17.618406,-498.95383,498.95383,0.0009999999
0.0009999999,498.95383,26027.758,0.0015564181,0.99999964,-0.2,,140.69058,10234,0.0009999999,-108.168755,,110.90278458595276,15.979514,,4.3323567e-08,0.0009999999,,11,0.2,185,,17.83281,2429.0369,185,92.49997,,55.31891891891892,81,2538.736,,-109.699326,-135.69058,17.608541,-498.95383,498.95383,0.0009999999
0.0009999999,498.95383,26143.266,-0.60105014,1.0000004,-0.2,,140.55519,10252,0.0009999999,-110.50921,,111.5108573436737,18.01753,-0.2,4.285897e-08,0.0009999999,,11,,186,,17.82742,2429.714,186,93.000084,,55.11827956989247,81,2539.5432,-0.2,-109.82905,-135.55519,17.609735,-498.95383,498.95383,0.0009999999
0.0009999999,498.95383,26267.648,0.0012979805,1.0000005,0.2,,140.4687,10275,0.0009999999,-119.38176,,112.12443494796753,18.211767,-0.2,4.2401812e-08,0.0009999999,,11,0.2,187,,17.822058,2430.3345,187,93.500046,,54.94652406417112,81,2540.3457,-0.2,-110.01118,-135.4687,17.61196,-498.95383,498.95383,0.0009999999
0.0009999999,498.95383,26377.875,-0.5992723,1.0000001,,,140.30785,10292,0.0009999999,-105.22641,,112.79463052749634,18.650043,-0.2,4.1951928e-08,0.0009999999,,11,-0.2,188,,17.816723,2430.7852,188,94.000015,,54.744680851063826,81,2541.1438,-0.2,-110.35857,-135.30785,17.61649,-498.95383,498.95383,0.0009999999
0.0009999999,498.95383,26492.594,0.40034807,0.99999934,0.2,,140.17245,10309,0.0009999999,-109.720505,,113.50529074668884,19.261988,0.2,4.1509164e-08,0.0009999999,,11,0.2,189,,17.811419,2431.3247,189,94.49994,,54.544973544973544,81,2541.937,-0.2,-110.61238,-135.17245,17.62421,-498.95383,498.95383,0.0009999999
0.0009999999,498.95383,26609.887,0.40357578,1.0,,,140.05203,10328,0.0009999999,-112.29323,,114.23316287994385,19.375647,0.2,4.1073374e-08,0.0009999999,,11,0.2,190,,17.80614,2432.1,190,95.0,,54.357894736842105,81,2542.7263,,-110.626175,-135.05203,17.632444,-498.95383,498.95383,0.0009999999
0.0009999999,498.95383,26721.027,0.19663587,0.9999997,-0.2,,139.90067,10343,0.0009999999,-106.13872,,114.93043565750122,17.62841,0.2,4.0644423e-08,0.0009999999,,11,0.2,191,,17.800892,2432.4224,191,95.49997,,54.15183246073298,81,2543.5107,,-111.08843,-134.90067,17.63145,-498.95383,498.95383,0.0009999999
0.0009999999,498.95383,26840.326,0.60054946,1.0,0.2,,139.79337,10362,0.0009999999,-114.299614,,115.55026364326477,17.992977,0.2,4.0222144e-08,0.0009999999,,11,0.2,192,,17.79567,2432.9475,192,96.0,,53.96875,81,2544.2913,,-111.34375,-134.79337,17.632362,-498.95383,498.95383,0.0009999999
0.0009999999,498.95383,26956.498,0.59722763,1.0000008,,,139.67097,10384,0.0009999999,-111.17173,,116.32243871688843,16.140255,0.2,3.9806412e-08,0.0009999999,,11,0.2,193,,17.790476,2433.5818,193,96.50008,,53.803108808290155,81,2545.0671,0.2,-111.48546,-134.67097,17.623663,-498.95383,498.95383,0.0009999999
0.0009999999,498.95383,27072.164,0.40046132,0.9999998,,,139.54724,10402,0.0009999999,-110.66675,,117.02085947990417,18.4955,,3.9397094e-08,0.0009999999,,11,0.2,194,,17.785307,2434.2593,194,96.999985,,53.618556701030926,81,2545.839,0.2,-111.57991,-134.54724,17.627195,-498.95383,498.95383,0.0009999999
0.0009999999,498.95383,27187.357,0.39705217,1.0000006,0.2,,139.42235,10418,0.0009999999,-110.192055,,117.63793659210205,18.549335,,3.8994052e-08,0.0009999999,,11,0.2,195,,17.780167,2434.656,195,97.50006,,53.42564102564103,81,2546.6064,,-111.95052,-134.42235,17.63097,-498.95383,498.95383,0.0009999999
0.0009999999,498.95383,27306.207,0.40097636,0.9999997,0.2,,139.31738,10438,0.0009999999,-113.84946,,118.32435870170593,17.542234,-0.2,3.8597168e-08,0.0009999999,,11,0.2,196,,17.775051,2435.3428,196,98.000015,,53.255102040816325,81,2547.37,0.2,-112.027245,-134.31738,17.629562,-498.95383,498.95383,0.0009999999
0.0009999999,498.95383,27418.379,-0.19697748,1.0000007,-0.2,,139.1796,10452,0.0009999999,-107.17284,,118.98817276954651,18.698835,0.2,3.8206313e-08,0.0009999999,,11,,197,,17.769962,2435.7947,197,98.50008,,53.055837563451774,81,2548.1294,-0.2,-112.334785,-134.1796,17.634045,-498.95383,498.95383,0.0009999999
0.0009999999,498.95383,27530.441,-0.0027016862,0.99999964,0.2,,139.04263,10470,0.0009999999,-107.062386,,119.70748043060303,15.777261,-0.2,3.7821373e-08,0.0009999999,,11,,198,,17.764898,2436.4534,198,98.99996,,52.878787878787875,81,2548.8848,,-112.43134,-134.04263,17.623726,-498.95383,498.95383,0.0009999999
0.0009999999,498.95383,27642.324,-0.20026511,0.9999991,,,138.90616,10484,0.0009999999,-106.8811,,120.39077639579773,18.656483,0.2,3.7442213e-08,0.0009999999,,11,-0.2,199,,17.759861,2437.0767,199,99.49991,,52.68341708542714,81,2549.636,-0.2,-112.55932,-133.90616,17.62798,-498.95383,498.95383,0.0009999999
0.0009999999,498.95383,27765.098,-0.001708999,0.9999991,,,138.82549,10520,0.0009999999,-117.773186,,121.08886480331421,17.1541,-0.2,3.7068727e-08,0.0009999999,,11,0.2,200,,17.754848,2437.6868,200,99.99991,,52.6,81,2550.3833,,-112.6966,-133.82549,17.624676,-498.95383,498.95383,0.0009999999
0.0009999999,498.95383,27883.2,0.19972445,0.9999992,,,138.72238,10549,0.0009999999,-113.102196,,121.79428958892822,19.25639,0.2,3.67008e-08,0.0009999999,,11,,201,,17.74986,2438.0754,201,100.49992,,52.482587064676615,81,2551.1265,,-113.05096,-133.72238,17.631865,-498.95383,498.95383,0.0009999999
0.0009999999,498.95383,27997.414,0.8018704,0.9999994,0.2,,138.60106,10568,0.0009999999,-109.21595,,122.47579407691956,18.527401,0.2,3.6338324e-08,0.0009999999,,11,0.2,202,,17.744898,2438.6738,202,100.99994,,52.31683168316832,81,2551.8657,0.2,-113.191795,-133.60106,17.635374,-498.95383,498.95383,0.0009999999
0.0009999999,498.95383,28112.785,0.19946802,0.9999992,0.2,,138.48663,10584,0.0009999999,-110.36948,,123.13059544563293,17.683502,-0.2,3.598119e-08,0.0009999999,,11,,203,,17.73996,2439.3682,203,101.49992,,52.13793103448276,81,2552.6013,0.2,-113.23313,-133.48663,17.634693,-498.95383,498.95383,0.0009999999
0.0009999999,498.95383,28258.756,-0.19918066,1.0000005,0.2,,138.52332,10634,0.0009999999,-140.97206,,123.82643866539001,19.320421,-0.2,3.56293e-08,0.0009999999,,11,-0.2,204,,17.735046,2439.9133,204,102.000046,,52.127450980392155,81,2553.3333,,-113.419815,-133.52332,17.642042,-498.95383,498.95383,0.0009999999
0.0009999999,498.95383,28377.799,-0.40098938,0.99999905,-0.2,,138.42828,10652,0.0009999999,-114.04263,,124.51164674758911,17.36071,-0.2,3.5282547e-08,0.0009999999,,11,0.2,205,,17.730156,2440.431,205,102.4999,,51.9609756097561,81,2554.0613,-0.2,-113.630486,-133.42828,17.639757,-498.95383,498.95383,0.0009999999
0.0009999999,498.95383,28487.125,-0.19991931,1.0000005,0.2,,138.28702,10673,0.0009999999,-104.32636,,125.14464163780212,19.54835,,3.494083e-08,0.0009999999,,11,-0.2,206,,17.725288,2439.7932,206,103.000046,,51.810679611650485,81,2554.7852,-0.2,-114.99193,-133.28702,17.648117,-498.95383,498.95383,0.0009999999
0.0009999999,498.95383,28612.06,-0.0014799535,1.0000005,0.2,,138.22252,10724,0.0009999999,-119.935555,,125.88553214073181,18.799618,,3.4604053e-08,0.0009999999,,11,,207,,17.720448,2439.4465,207,103.50005,,51.806763285024154,81,2555.5056,-0.2,-116.05897,-133.22252,17.65278,-498.95383,498.95383,0.0009999999
0.0009999999,498.95383,28733.492,0.39845708,0.99999917,0.2,,138.14178,10745,0.0009999999,-116.4303,,126.5618724822998,19.311909,0.2,3.427212e-08,0.0009999999,,11,,208,,17.715628,2439.5413,208,103.999916,,51.65865384615385,81,2556.2227,,-116.68128,-133.14178,17.659859,-498.95383,498.95383,0.0009999999
0.0009999999,498.95383,28852.465,-0.0033644587,1.0,-0.2,,138.05006,10764,0.0009999999,-113.972664,,127.22375798225403,18.143597,-0.2,3.3944943e-08,0.0009999999,,11,0.2,209,,17.71083,2439.8442,209,104.5,,51.50239234449761,81,2556.9355,0.2,-117.09141,-133.05006,17.66128,-498.95383,498.95383,0.0009999999
0.0009999999,498.95383,28980.293,0.40241772,1.0000008,-0.2,,138.00139,10796,0.0009999999,-122.828575,,127.85362410545349,18.148071,0.2,3.3622424e-08,0.0009999999,,11,0.2,210,,17.706059,2440.322,210,105.00009,,51.40952380952381,81,2557.6453,0.2,-117.323326,-133.00139,17.662706,-498.95383,498.95383,0.0009999999
0.0009999999,498.95383,29105.635,0.001936391,1.0,0.2,,137.94139,10826,0.0009999999,-120.3416,,128.53278517723083,18.934536,-0.2,3.330448e-08,0.0009999999,,11,-0.2,211,,17.701307,2440.4348,211,105.500046,,51.308056872037916,81,2558.351,0.2,-117.916336,-132.94139,17.66785,-498.95383,498.95383,0.0009999999
0.0009999999,498.95383,29238.36,-0.4019364,0.9999997,0.2,,137.9168,10856,0.0009999999,-127.724014,,129.21046662330627,18.018822,-0.2,3.2991036e-08,0.0009999999,,11,-0.2,212,,17.696579,2441.0542,212,105.99997,,51.20754716981132,81,2559.0535,-0.2,-117.99929,-132.9168,17.668627,-498.95383,498.95383,0.0009999999
0.0009999999,498.95383,29356.723,0.60126466,0.9999993,0.2,,137.82498,10884,0.0009999999,-113.363716,,129.90784883499146,18.108486,,3.2681985e-08,0.0009999999,,11,0.2,213,,17.691874,2441.5017,213,106.49992,,51.098591549295776,81,2559.7527,0.2,-118.25105,-132.82498,17.669815,-498.95383,498.95383,0.0009999999
0.0009999999,498.95383,29508.387,0.60034347,0.9999999,0.2,,137.88966,10934,0.0009999999,-146.66368,,130.52531790733337,18.227768,0.2,3.2377258e-08,0.0009999999,,11,,214,,17.68719,2442.121,214,106.999985,,51.09345794392523,81,2560.448,0.2,-118.32691,-132.88966,17.671549,-498.95383,498.95383,0.0009999999
0.0009999999,498.95383,29629.838,0.40030545,0.9999999,0.2,,137.8132,10955,0.0009999999,-116.45186,,131.14403176307678,18.671535,,3.2076777e-08,0.0009999999,,11,,215,,17.682528,2442.6975,215,107.50004,,50.95348837209303,81,2561.1401,0.2,-118.44263,-132.8132,17.675331,-498.95383,498.95383,0.0009999999
0.0009999999,498.95383,29756.082,0.0010229796,0.9999996,,,137.75964,10980,0.0009999999,-121.243866,,131.79683327674866,17.303577,-0.2,3.1780456e-08,0.0009999999,,11,,216,,17.677887,2442.4849,216,107.999954,,50.833333333333336,81,2561.8289,0.2,-119.34391,-132.75964,17.672745,-498.95383,498.95383,0.0009999999
0.0009999999,498.95383,29880.605,0.20441188,1.0000002,-0.2,,137.69864,11003,0.0009999999,-119.525085,,132.48089361190796,15.706605,0.2,3.1488224e-08,0.0009999999,,11,,217,,17.673267,2442.8945,217,108.50003,,50.705069124423964,81,2562.5142,0.2,-119.61974,-132.69864,17.662825,-498.95383,498.95383,0.0009999999
0.0009999999,498.95383,29999.312,0.3999908,0.9999992,,,137.61153,11022,0.0009999999,-113.70652,,133.1377453804016,16.394007,0.2,3.1200006e-08,0.0009999999,,11,,218,,17.66867,2442.645,218,108.999916,,50.559633027522935,81,2563.1963,0.2,-120.5512,-132.61153,17.656149,-498.95383,498.95383,0.0009999999
0.0009999999,498.95383,30123.834,0.1973846,1.0000002,,,137.55176,11045,0.0009999999,-119.52039,,133.78854846954346,17.532719,0.2,3.0915725e-08,0.0009999999,,11,-0.2,219,,17.664093,2443.0754,219,109.50002,,50.4337899543379,81,2563.875,0.2,-120.79961,-132.55176,17.654732,-498.95383,498.95383,0.0009999999
0.0009999999,498.95383,30252.832,-0.79892933,0.99999917,-0.2,,137.51288,11071,0.0009999999,-123.99786,,134.50148797035217,17.118929,-0.2,3.063531e-08,0.0009999999,,11,-0.2,220,,17.659538,2442.105,220,109.99991,,50.32272727272727,81,2564.55,-0.2,-122.44504,-132.51288,17.651445,-498.95383,498.95383,0.0009999999
0.0009999999,498.95383,30361.234,-0.3997947,0.99999964,,,137.38115,11089,0.0009999999,-103.40161,,135.19489693641663,19.143568,-0.2,3.0358695e-08,0.0009999999,,11,-0.2,221,,17.655003,2442.727,221,110.49996,,50.1764705882353,81,2565.2222,,-122.49502,-132.38115,17.657352,-498.95383,498.95383,0.0009999999
0.0009999999,498.95383,30484.379,0.19879906,0.99999964,-0.2,,137.31702,11126,0.0009999999,-118.14538,,135.88020849227905,18.741442,,3.0085808e-08,0.0009999999,,11,0.2,222,,17.650488,2441.6243,222,110.99996,,50.11711711711712,81,2565.8914,0.2,-124.26701,-132.31702,17.661394,-498.95383,498.95383,0.0009999999
0.0009999999,498.95383,30619.438,0.20111455,1.0000004,,,137.3069,11158,0.0009999999,-130.05898,,136.56452059745789,18.436352,,2.9816583e-08,0.0009999999,,11,,223,,17.645994,2441.2227,223,111.5001,,50.035874439461885,81,2566.557,0.2,-125.33434,-132.3069,17.664034,-498.95383,498.95383,0.0009999999
0.0009999999,498.95383,30743.334,-0.19931334,0.99999934,-0.2,,137.24702,11183,0.0009999999,-118.89554,,137.2304322719574,17.151188,-0.2,2.9550957e-08,0.0009999999,,11,,224,,17.64152,2441.8835,224,111.99992,,49.924107142857146,81,2567.2197,0.2,-125.33614,-132.24702,17.660908,-498.95383,498.95383,0.0009999999
0.0009999999,498.95383,30868.785,0.19999756,1.0000006,0.2,,137.1946,11211,0.0009999999,-120.45277,,137.90469002723694,16.287987,,2.928887e-08,0.0009999999,,11,,225,,17.637066,2442.081,225,112.50006,,49.82666666666667,81,2567.8792,,-125.798004,-132.1946,17.653976,-498.95383,498.95383,0.0009999999
0.0009999999,498.95383,31017.867,0.0019039337,1.0000001,,,137.2472,11260,0.0009999999,-144.08109,,138.63504838943481,17.520782,0.2,2.9030252e-08,0.0009999999,,11,-0.2,226,,17.632631,2442.587,226,113.00006,,49.823008849557525,81,2568.5354,,-125.948586,-132.2472,17.65256,-498.95383,498.95383,0.0009999999
0.0009999999,498.95383,31152.898,0.2003174,0.9999996,0.2,,137.23744,11296,0.0009999999,-130.03018,,139.34213757514954,18.870554,0.2,2.8775041e-08,0.0009999999,,11,-0.2,227,,17.628216,2443.033,227,113.500015,,49.76211453744494,81,2569.189,,-126.15594,-132.23744,17.657103,-498.95383,498.95383,0.0009999999
0.0009999999,498.95383,31278.445,-0.20214559,1.0,,,137.18616,11321,0.0009999999,-120.547455,,140.00956058502197,19.440983,-0.2,2.8523182e-08,0.0009999999,,11,-0.2,228,,17.62382,2438.5415,228,114.0,,49.65350877192982,81,2569.839,0.2,-131.29771,-132.18616,17.664108,-498.95383,498.95383,0.0009999999
0.0009999999,498.95383,31416.816,-0.19891709,1.0,-0.2,,137.19135,11362,0.0009999999,-133.37076,,140.76227641105652,16.615093,0.2,2.8274613e-08,0.0009999999,,11,-0.2,229,,17.619444,2438.5981,229,114.50011,,49.61572052401747,81,2570.4866,,-131.88841,-132.19135,17.65871,-498.95383,498.95383,0.0009999999
0.0009999999,498.95383,31547.283,-0.39740223,1.0000001,-0.2,,137.1621,11401,0.0009999999,-125.46647,,141.53375220298767,18.086441,-0.2,2.802928e-08,0.0009999999,,11,-0.2,230,,17.615086,2438.2847,230,115.00001,,49.56956521739131,81,2571.131,0.2,-132.84651,-132.1621,17.659758,-498.95383,498.95383,0.0009999999
0.0009999999,498.95383,31682.55,0.4024769,1.0000008,0.2,,137.1539,11434,0.0009999999,-130.26715,,142.2527413368225,17.451878,0.2,2.7787129e-08,0.0009999999,,11,-0.2,231,,17.610748,2438.2659,231,115.5001,,49.497835497835496,81,2571.7722,0.2,-133.5064,-132.1539,17.658049,-498.95383,498.95383,0.0009999999
0.0009999999,498.95383,31808.164,0.19798054,0.99999946,,,137.10416,11457,0.0009999999,-120.61516,,142.97805166244507,17.582111,,2.7548104e-08,0.0009999999,,11,0.2,232,,17.606428,2438.4292,232,115.99994,,49.383620689655174,81,2572.4104,,-133.98131,-132.10416,17.656916,-498.95383,498.95383,0.0009999999
0.0009999999,498.95383,31936.656,-0.5983039,0.9999994,-0.2,,137.0672,11487,0.0009999999,-123.48994,,143.71941351890564,14.0545635,-0.2,2.7312147e-08,0.0009999999,,11,-0.2,233,,17.602127,2435.7246,233,116.49993,,49.30042918454936,81,2573.0461,,-137.3216,-132.0672,17.64065,-498.95383,498.95383,0.0009999999
0.0009999999,498.95383,32076.08,-0.000785172,1.0000002,-0.2,,137.07727,11532,0.0009999999,-134.4254,,144.46908378601074,11.451268,0.2,2.7079208e-08,0.0009999999,,11,-0.2,234,,17.597845,2434.8403,234,117.00008,,49.282051282051285,81,2573.6787,0.2,-138.83827,-132.07727,17.613407,-498.95383,498.95383,0.0009999999
0.0009999999,498.95383,32211.258,0.004962173,0.9999997,0.2,,137.06918,11565,0.0009999999,-130.17722,,145.21192455291748,18.786987,,2.6849236e-08,0.0009999999,,11,-0.2,235,,17.59358,2417.2075,235,117.500015,,49.212765957446805,81,2574.3086,,-157.10114,-132.06918,17.6176,-498.95383,498.95383,0.0009999999
0.0009999999,498.95383,32359.887,-0.0018307865,1.0000001,-0.2,,137.11816,11610,0.0009999999,-143.62944,,145.98427057266235,14.37471,,2.6622182e-08,0.0009999999,,11,,236,,17.589334,2411.5403,236,118.00007,,49.19491525423729,81,2574.9355,0.2,-163.39523,-132.11816,17.60307,-498.95383,498.95383,0.0009999999
0.0009999999,498.95383,32570.18,0.19971147,1.0000004,0.2,,137.42693,11721,0.0009999999,-205.29451,,146.80456042289734,16.666502,,2.6397995e-08,0.0009999999,,11,-0.2,237,,17.585106,2399.837,237,118.5001,,49.45569620253165,81,2575.5598,0.2,-175.72298,-132.42693,17.598328,-498.95383,498.95383,0.0009999999
0.0009999999,498.95383,32720.922,0.0019424214,0.9999998,,,137.48286,11769,0.0009999999,-145.74213,,147.532883644104,16.882645,,2.6176627e-08,0.0009999999,,11,,238,,17.580894,2280.445,238,118.99998,,49.44957983193277,81,2576.181,,-295.73584,-132.48286,17.594534,-498.95383,498.95383,0.0009999999
0.0009999999,498.95383,32867.742,0.00050866604,0.9999993,,,137.52193,11813,0.0009999999,-141.81851,,148.27667880058289,18.18841,,2.5958036e-08,0.0009999999,,11,-0.2,239,,17.576702,2270.0288,239,119.499916,,49.42677824267783,81,2576.7998,0.2,-306.77112,-132.52193,17.59624,-498.95383,498.95383,0.0009999999
0.0009999999,499.83582,33372.58,-0.20124687,0.9999991,-0.2,,139.05241,12313,0.0009999999,-499.83582,,149.65450191497803,18.361292,,2.5742173e-08,0.0009999999,,11,,240,,17.572527,2128.6328,240,119.99989,,51.30416666666667,81,2581.972,,-453.33914,-134.05241,17.598644,-499.83582,499.83582,0.0009999999
0.0009999999,499.83582,33847.824,-0.4004738,1.0000001,-0.2,,140.4474,12813,0.0009999999,-470.24768,,150.84660243988037,17.82252,,2.5528987e-08,0.0009999999,,11,-0.2,241,,17.568369,2098.8394,241,120.50001,,53.16597510373444,81,2582.586,,-483.7465,-135.4474,17.598799,-499.83582,499.83582,0.0009999999
0.0009999999,499.83582,34335.53,-0.20060414,0.99999917,,,141.88235,13313,0.0009999999,-482.70724,,152.2320475578308,17.711168,,2.5318437e-08,0.0009999999,,11,-0.2,242,,17.564228,2094.6973,242,120.9999,,55.01239669421488,81,2583.1975,,-488.50012,-136.88235,17.598492,-499.83582,499.83582,0.0009999999
0.0009999999,499.83582,34838.76,-0.20184712,0.9999991,-0.2,,143.36938,13813,0.0009999999,-498.22803,,153.64782810211182,14.73971,,2.5110484e-08,0.0009999999,,11,-0.2,243,,17.560104,2090.0059,243,121.49989,,56.84362139917695,81,2583.8064,0.2,-493.80048,-138.36938,17.585958,-499.83582,499.83582,0.0009999999
0.0009999999,499.83582,35334.586,-0.6644553,,-0.2,,144.81387,14313,0.0009999999,-490.82516,,154.9681749343872,18.815262,-0.2,7.946369e-09,0.0009999999,,11,-0.2,244,,17.555998,inf,244,,,58.65983606557377,256,inf,-0.06666667,,-139.81387,17.590227,-499.83582,499.83582,0.0009999999
0.0009999999,499.83582,35480.906,-0.5285037,,-0.2,,144.82002,14359,0.0009999999,-141.32098,,244.71235418319702,17.777008,-0.2,7.881633e-09,0.0009999999,,11,-0.2,245,,17.551907,inf,245,,,58.608163265306125,256,inf,0.06666667,,-139.82002,17.586918,-499.83582,499.83582,0.0009999999
0.0009999999,499.83582,35607.58,-0.6667185,,-0.2,,144.74625,14386,0.0009999999,-121.669975,,246.4145896434784,14.049307,-0.06666667,7.817685e-09,0.0009999999,,11,-0.2,246,,17.547834,inf,246,,,58.479674796747965,256,inf,-0.2,,-139.74625,17.56848,-499.83582,499.83582,0.0009999999
0.0009999999,499.83582,35725.094,-0.53423727,,-0.2,,144.636,14438,0.0009999999,-112.51875,,248.07167100906372,14.995438,-0.06666667,7.754513e-09,0.0009999999,,11,-0.2,247,,17.543777,inf,247,,,58.45344129554656,256,inf,-0.06666667,,-139.636,17.554022,-499.83582,499.83582,0.0009999999
0.0009999999,499.83582,35899.316,-0.39770544,,-0.2,,144.75531,14938,0.0009999999,-169.22105,,250.5698959827423,16.059565,-0.06666667,7.692101e-09,0.0009999999,,11,-0.2,248,,17.539736,inf,248,,,60.233870967741936,256,inf,0.06666667,,-139.75531,17.543972,-499.83582,499.83582,0.0009999999
0.0009999999,499.83582,36403.055,-0.26776296,,-0.2,,146.197,15438,0.0009999999,-498.7369,,252.9698770046234,16.194317,-0.06666667,7.630442e-09,0.0009999999,,11,-0.2,249,,17.535713,inf,249,,,62.0,256,inf,0.2,,-141.197,17.534544,-499.83582,499.83582,0.0009999999
0.0009999999,499.83582,36901.89,-0.5354855,,-0.2,,147.60756,15938,0.0009999999,-493.83618,,255.27781224250793,17.882816,0.06666667,7.56952e-09,0.0009999999,,11,-0.2,250,,17.531704,inf,250,,,63.752,256,inf,-0.2,,-142.60756,17.531946,-499.83582,499.83582,0.0009999999
0.0009999999,499.83582,37023.625,-0.39881378,,-0.2,,147.50449,15996,0.0009999999,-116.73259,,257.1561563014984,17.611095,0.06666667,7.509326e-09,0.0009999999,,11,-0.2,251,,17.527712,inf,251,,,63.72908366533864,256,inf,-0.06666667,,-142.50449,17.528286,-499.83582,499.83582,0.0009999999
0.0009999999,499.83582,37302.613,-0.26497176,,-0.2,,148.02625,16496,0.0009999999,-273.99118,,259.6148569583893,16.554214,0.06666667,7.4498456e-09,0.0009999999,,11,-0.2,252,,17.523737,inf,252,,,65.46031746031746,256,inf,0.06666667,,-143.02625,17.52046,-499.83582,499.83582,0.0009999999
0.0009999999,499.83582,37795.47,-0.13528915,,-0.2,,149.3892,16996,0.0009999999,-487.85388,,261.93330430984497,15.888158,0.06666667,7.391071e-09,0.0009999999,,11,-0.2,253,,17.519775,inf,253,,,67.17786561264822,256,inf,0.2,,-144.3892,17.510063,-499.83582,499.83582,0.0009999999
0.0009999999,499.83582,38299.266,-0.2648146,,-0.2,,150.78452,17496,0.0009999999,-498.79892,,264.2846932411194,17.12282,0.2,7.332988e-09,0.0009999999,,11,-0.2,254,,17.515831,inf,254,,,68.88188976377953,256,inf,-0.06666667,,-145.78452,17.504608,-499.83582,499.83582,0.0009999999
0.0009999999,499.83582,38431.312,-0.13141337,,-0.2,,150.71103,17534,0.0009999999,-127.04541,,265.9334206581116,17.567883,0.2,7.2755864e-09,0.0009999999,,11,-0.2,255,,17.511902,inf,255,,,68.7607843137255,256,inf,0.06666667,,-145.71103,17.500942,-499.83582,499.83582,0.0009999999
0.0009999999,499.83582,38572.58,-0.6677598,,-0.06666667,,150.67413,17573,0.0009999999,-136.26872,,267.61296463012695,16.18174,-0.2,7.218857e-09,0.0009999999,,11,-0.2,256,,17.507988,inf,256,,,68.64453125,256,inf,-0.2,,-145.67413,17.49189,-499.83582,499.83582,0.0009999999
0.0009999999,499.83582,38700.484,-0.5321511,,-0.06666667,,150.58554,17609,0.0009999999,-122.904,,269.22242307662964,17.136913,-0.2,7.1627886e-09,0.0009999999,,11,-0.2,257,,17.50409,inf,257,,,68.51750972762646,256,inf,-0.06666667,,-145.58554,17.486628,-499.83582,499.83582,0.0009999999
0.0009999999,499.83582,38832.9,-0.39994168,,-0.06666667,,150.5151,17642,0.0009999999,-127.41526,,270.84422063827515,17.364115,-0.2,7.10737e-09,0.0009999999,,11,-0.2,258,,17.500206,inf,258,,,68.37984496124031,256,inf,0.06666667,,-145.5151,17.482283,-499.83582,499.83582,0.0009999999
0.0009999999,499.83582,38961.25,-0.2654778,,-0.06666667,,150.42953,17668,0.0009999999,-123.35474,,272.36916184425354,17.16115,-0.2,7.052593e-09,0.0009999999,,11,-0.2,259,,17.496338,inf,259,,,68.21621621621621,256,inf,0.2,,-145.42953,17.47719,-499.83582,499.83582,0.0009999999
0.0009999999,499.83582,39095.273,-0.5286342,,-0.06666667,,150.36644,17700,0.0009999999,-129.02335,,274.08510851860046,16.746733,-0.06666667,6.9984476e-09,0.0009999999,,11,-0.2,260,,17.492483,inf,260,,,68.07692307692308,256,inf,-0.2,,-145.36644,17.470541,-499.83582,499.83582,0.0009999999
0.0009999999,499.83582,39218.97,-0.3972625,,-0.06666667,,150.26425,17757,0.0009999999,-118.69087,,275.88814973831177,14.232247,-0.06666667,6.9449224e-09,0.0009999999,,11,-0.2,261,,17.488646,inf,261,,,68.03448275862068,256,inf,-0.06666667,,-145.26425,17.454311,-499.83582,499.83582,0.0009999999
0.0009999999,499.83582,39392.133,-0.26330897,,-0.06666667,,150.35165,17887,0.0009999999,-168.16623,,277.70814299583435,15.362059,-0.06666667,6.8920087e-09,0.0009999999,,11,-0.2,262,,17.484821,inf,262,,,68.27099236641222,256,inf,0.06666667,,-145.35165,17.442513,-499.83582,499.83582,0.0009999999
0.0009999999,499.83582,39635.484,-0.1327982,,-0.06666667,,150.70526,18027,0.0009999999,-238.34924,,279.49238896369934,16.167967,-0.06666667,6.8396973e-09,0.0009999999,,11,-0.2,263,,17.481012,inf,263,,,68.54372623574145,256,inf,0.2,,-145.70526,17.433874,-499.83582,499.83582,0.0009999999
0.0009999999,499.83582,39928.812,-0.39693406,,-0.06666667,,151.2455,18220,0.0009999999,-288.33026,,281.4652009010315,16.909256,0.06666667,6.787979e-09,0.0009999999,,11,-0.2,264,,17.477217,inf,264,,,69.01515151515152,256,inf,-0.2,,-146.2455,17.428106,-499.83582,499.83582,0.0009999999
0.0009999999,499.83582,40056.805,-0.2676766,,-0.06666667,,151.15776,18269,0.0009999999,-122.993195,,283.0802195072174,16.076824,0.06666667,6.7368457e-09,0.0009999999,,11,-0.2,265,,17.473436,inf,265,,,68.93962264150943,256,inf,-0.06666667,,-146.15776,17.41924,-499.83582,499.83582,0.0009999999
0.0009999999,499.83582,40268.543,-0.13381347,,-0.06666667,,151.3855,18400,0.0009999999,-206.73755,,284.91257429122925,14.783016,0.06666667,6.686288e-09,0.0009999999,,11,-0.2,266,,17.46967,inf,266,,,69.17293233082707,256,inf,0.06666667,,-146.3855,17.405577,-499.83582,499.83582,0.0009999999
0.0009999999,499.83582,40519.41,-0.0022321492,,-0.06666667,,151.75809,18548,0.0009999999,-245.86647,,286.7132980823517,17.387684,0.06666667,6.6362973e-09,0.0009999999,,11,-0.2,267,,17.465918,inf,267,,,69.46816479400749,256,inf,0.2,,-146.75809,17.401773,-499.83582,499.83582,0.0009999999
0.0009999999,499.83582,40757.508,-0.27058098,,-0.06666667,,152.08025,18683,0.0009999999,-233.09935,,288.4623169898987,17.30025,0.2,6.5868653e-09,0.0009999999,,11,-0.2,268,,17.46218,inf,268,,,69.71268656716418,256,inf,-0.2,,-147.08025,17.397669,-499.83582,499.83582,0.0009999999
0.0009999999,499.83582,40869.1,-0.13450429,,-0.06666667,,151.92975,18702,0.0009999999,-106.58909,,289.94657707214355,15.979864,0.2,6.537983e-09,0.0009999999,,11,-0.2,269,,17.458454,inf,269,,,69.52416356877323,256,inf,-0.06666667,,-146.92975,17.388687,-499.83582,499.83582,0.0009999999
0.0009999999,499.83582,41010.234,-0.0009046197,,-0.06666667,,151.88976,18741,0.0009999999,-136.13469,,291.5361797809601,16.005693,0.2,6.489644e-09,0.0009999999,,11,-0.2,270,,17.454744,inf,270,,,69.41111111111111,256,inf,0.06666667,,-146.88976,17.379868,-499.83582,499.83582,0.0009999999
0.0009999999,499.83582,41148.285,0.1352845,,-0.06666667,,151.83868,18780,0.0009999999,-133.05229,,293.0801351070404,17.808903,0.2,6.4418377e-09,0.0009999999,,11,-0.2,271,,17.451046,inf,271,,,69.2988929889299,256,inf,0.2,,-146.83868,17.377771,-499.83582,499.83582,0.0009999999
0.0009999999,499.83582,41266.29,-0.5363501,,0.06666667,,151.7143,18799,0.0009999999,-113.00411,,294.7897756099701,17.730417,-0.2,6.394558e-09,0.0009999999,,11,-0.2,272,,17.447363,inf,272,,,69.11397058823529,256,inf,-0.2,,-146.7143,17.375395,-499.83582,499.83582,0.0009999999
0.0009999999,499.83582,41381.586,-0.40168393,,0.06666667,,151.5809,18823,0.0009999999,-110.29976,,296.3567090034485,13.846275,-0.2,6.3477974e-09,0.0009999999,,11,-0.2,273,,17.443693,inf,273,,,68.94871794871794,256,inf,-0.06666667,,-146.5809,17.358812,-499.83582,499.83582,0.0009999999
0.0009999999,499.83582,41505.61,-0.26588356,,0.06666667,,151.48033,18851,0.0009999999,-119.01744,,298.0268723964691,17.757252,-0.2,6.301548e-09,0.0009999999,,11,-0.2,274,,17.440037,inf,274,,,68.7992700729927,256,inf,0.06666667,,-146.48033,17.356623,-499.83582,499.83582,0.0009999999
0.0009999999,499.83582,41625.516,-0.13484308,,0.06666667,,151.36551,18871,0.0009999999,-114.909424,,299.6090362071991,16.498909,-0.2,6.255802e-09,0.0009999999,,11,-0.2,275,,17.436394,inf,275,,,68.62181818181818,256,inf,0.2,,-146.36551,17.349876,-499.83582,499.83582,0.0009999999
0.0009999999,499.83582,41748.0,-0.4009677,,0.06666667,,151.26086,18891,0.0009999999,-117.48501,,301.2745039463043,17.251461,-0.06666667,6.2105525e-09,0.0009999999,,11,-0.2,276,,17.432764,inf,276,,,68.44565217391305,256,inf,-0.2,,-146.26086,17.345901,-499.83582,499.83582,0.0009999999
0.0009999999,499.83582,41880.734,-0.26727158,,0.06666667,,151.19398,18933,0.0009999999,-127.73457,,302.93271040916443,18.029602,-0.06666667,6.1657914e-09,0.0009999999,,11,-0.2,277,,17.429148,inf,277,,,68.35018050541517,256,inf,-0.06666667,,-146.19398,17.344765,-499.83582,499.83582,0.0009999999
0.0009999999,499.83582,42014.94,-0.1338593,,0.06666667,,151.13289,18967,0.0009999999,-129.20642,,304.51216101646423,16.974606,-0.06666667,6.1215126e-09,0.0009999999,,11,-0.2,278,,17.425545,inf,278,,,68.22661870503597,256,inf,0.06666667,,-146.13289,17.339844,-499.83582,499.83582,0.0009999999
0.0009999999,499.83582,42196.15,-0.0006991327,,0.06666667,,151.24068,19058,0.0009999999,-176.20712,,306.1960732936859,17.102169,-0.06666667,6.07771e-09,0.0009999999,,11,-0.2,279,,17.421953,inf,279,,,68.30824372759857,256,inf,0.2,,-146.24068,17.335413,-499.83582,499.83582,0.0009999999
0.0009999999,499.83582,42365.867,-0.26572305,,0.06666667,,151.30667,19125,0.0009999999,-164.71817,,307.8015067577362,16.225561,0.06666667,6.0343748e-09,0.0009999999,,11,-0.2,280,,17.418375,inf,280,,,68.30357142857143,256,inf,-0.2,,-146.30667,17.327885,-499.83582,499.83582,0.0009999999
0.0009999999,499.83582,42507.438,-0.13348758,,0.06666667,,151.27202,19186,0.0009999999,-136.57141,,309.4090540409088,16.40998,0.06666667,5.991503e-09,0.0009999999,,11,-0.2,281,,17.41481,inf,281,,,68.27758007117438,256,inf,-0.06666667,,-146.27202,17.321066,-499.83582,499.83582,0.0009999999
0.0009999999,499.83582,42652.863,-0.001590319,,0.06666667,,151.25128,19241,0.0009999999,-140.42413,,310.9675681591034,16.843609,0.06666667,5.9490852e-09,0.0009999999,,11,-0.2,282,,17.411259,inf,282,,,68.23049645390071,256,inf,0.06666667,,-146.25128,17.315834,-499.83582,499.83582,0.0009999999
0.0009999999,499.83582,42822.29,0.1382914,,0.06666667,,151.3155,19307,0.0009999999,-164.42575,,312.588721036911,16.3568,0.06666667,5.907116e-09,0.0009999999,,11,-0.2,283,,17.407719,inf,283,,,68.2226148409894,256,inf,0.2,,-146.3155,17.308918,-499.83582,499.83582,0.0009999999
0.0009999999,499.83582,42997.344,-0.13402629,,0.06666667,,151.3991,19380,0.0009999999,-170.0544,,314.2413260936737,13.176305,0.2,5.8655893e-09,0.0009999999,,11,-0.2,284,,17.404192,inf,284,,,68.2394366197183,256,inf,-0.2,,-146.3991,17.29085,-499.83582,499.83582,0.0009999999
0.0009999999,499.83582,43120.734,-0.0005538687,,0.06666667,,151.30083,19410,0.0009999999,-118.39151,,315.7032072544098,17.462833,0.2,5.8244995e-09,0.0009999999,,11,-0.2,285,,17.400677,inf,285,,,68.10526315789474,256,inf,-0.06666667,,-146.30083,17.28795,-499.83582,499.83582,0.0009999999
0.0009999999,499.83582,43249.89,0.1312621,,0.06666667,,151.22339,19449,0.0009999999,-124.15611,,317.3070728778839,13.780704,0.2,5.78384e-09,0.0009999999,,11,-0.2,286,,17.397173,inf,286,,,68.0034965034965,256,inf,0.06666667,,-146.22339,17.272198,-499.83582,499.83582,0.0009999999
0.0009999999,499.83582,43389.152,0.26481208,,0.06666667,,151.18172,19485,0.0009999999,-134.26184,,318.85200238227844,15.983382,0.2,5.7436047e-09,0.0009999999,,11,-0.2,287,,17.393682,inf,287,,,67.89198606271778,256,inf,0.2,,-146.18172,17.26423,-499.83582,499.83582,0.0009999999
0.0009999999,499.83582,43508.895,-0.26943824,,0.2,,151.07256,19504,0.0009999999,-114.74138,,320.4564461708069,16.450066,-0.2,5.7037886e-09,0.0009999999,,11,-0.2,288,,17.390205,inf,288,,,67.72222222222223,256,inf,-0.06666667,,-146.07256,17.257935,-499.83582,499.83582,0.0009999999
0.0009999999,499.83582,43619.96,-0.13497275,,0.2,,150.93413,19529,0.0009999999,-106.06744,,321.9616656303406,15.438577,-0.2,5.664384e-09,0.0009999999,,11,-0.2,289,,17.38674,inf,289,,,67.57439446366782,256,inf,0.06666667,,-145.93413,17.248188,-499.83582,499.83582,0.0009999999
0.0009999999,499.83582,43749.22,-0.26566622,,0.2,,150.85938,19555,0.0009999999,-124.256165,,323.640665769577,17.079424,-0.06666667,5.625387e-09,0.0009999999,,11,-0.2,290,,17.383284,inf,290,,,67.43103448275862,256,inf,-0.2,,-145.85938,17.244162,-499.83582,499.83582,0.0009999999
0.0009999999,499.83582,43878.023,-0.13349108,,0.2,,150.78358,19591,0.0009999999,-123.80685,,325.2716181278229,17.577333,-0.06666667,5.5867906e-09,0.0009999999,,11,-0.2,291,,17.379843,inf,291,,,67.32302405498282,256,inf,-0.06666667,,-145.78358,17.241877,-499.83582,499.83582,0.0009999999
0.0009999999,499.83582,44062.105,-0.003578946,,0.2,,150.89763,19716,0.0009999999,-179.08012,,326.96091079711914,17.377964,-0.06666667,5.5485905e-09,0.0009999999,,11,-0.2,292,,17.376411,inf,292,,,67.52054794520548,256,inf,0.06666667,,-145.89763,17.238924,-499.83582,499.83582,0.0009999999
0.0009999999,499.83582,44204.53,0.1331993,,0.2,,150.86871,19755,0.0009999999,-137.42918,,328.5222623348236,15.185584,-0.06666667,5.5107803e-09,0.0009999999,,11,-0.2,293,,17.372993,inf,293,,,67.42320819112628,256,inf,0.2,,-145.86871,17.22851,-499.83582,499.83582,0.0009999999
0.0009999999,499.83582,44339.6,-0.13204052,,0.2,,150.81497,19788,0.0009999999,-130.06755,,330.13548946380615,17.314919,0.06666667,5.4733555e-09,0.0009999999,,11,-0.2,294,,17.369585,inf,294,,,67.3061224489796,256,inf,-0.2,,-145.81497,17.225409,-499.83582,499.83582,0.0009999999
0.0009999999,499.83582,44459.113,-0.0006528646,,0.2,,150.70886,19821,0.0009999999,-114.51412,,331.72670674324036,15.560211,0.06666667,5.4363123e-09,0.0009999999,,11,-0.2,295,,17.36619,inf,295,,,67.18983050847457,256,inf,-0.06666667,,-145.70886,17.216377,-499.83582,499.83582,0.0009999999
0.0009999999,499.83582,44616.38,0.13376302,,0.2,,150.731,19882,0.0009999999,-152.26408,,333.3163604736328,17.752438,0.06666667,5.3996416e-09,0.0009999999,,11,-0.2,296,,17.362806,inf,296,,,67.16891891891892,256,inf,0.06666667,,-145.731,17.214817,-499.83582,499.83582,0.0009999999
0.0009999999,499.83582,44754.074,0.26901832,,0.2,,150.68712,19917,0.0009999999,-132.6943,,334.7885642051697,16.234186,0.06666667,5.3633418e-09,0.0009999999,,11,-0.2,297,,17.359434,inf,297,,,67.06060606060606,256,inf,0.2,,-145.68712,17.208157,-499.83582,499.83582,0.0009999999
0.0009999999,499.83582,44881.47,0.13390282,,0.2,,150.60896,19942,0.0009999999,-122.395706,,336.29613065719604,15.872895,0.2,5.3274065e-09,0.0009999999,,11,-0.2,298,,17.356071,inf,298,,,66.91946308724832,256,inf,-0.06666667,,-145.60896,17.200323,-499.83582,499.83582,0.0009999999
0.0009999999,499.83582,45003.92,0.2667995,,0.2,,150.51479,19966,0.0009999999,-117.45228,,337.8382189273834,16.931856,0.2,5.2918314e-09,0.0009999999,,11,-0.2,299,,17.352722,inf,299,,,66.77591973244147,256,inf,0.06666667,,-145.51479,17.196089,-499.83582,499.83582,0.0009999999
0.0009999999,499.83582,45123.07,-0.666786,,-0.2,,150.41023,19984,0.0009999999,-114.14808,,339.4677608013153,15.788726,-0.2,5.2566107e-09,0.0009999999,,11,-0.06666667,300,,17.349382,inf,300,,,66.61333333333333,256,inf,-0.2,,-145.41023,17.188066,-499.83582,499.83582,0.0009999999
0.0009999999,499.83582,45234.523,-0.5303008,,-0.2,,150.2808,20000,0.0009999999,-106.453835,,340.9805691242218,17.238485,-0.2,5.221742e-09,0.0009999999,,11,-0.06666667,301,,17.346056,inf,301,,,66.44518272425249,256,inf,-0.06666667,,-145.2808,17.18492,-499.83582,499.83582,0.0009999999
0.0009999999,499.83582,45356.35,-0.39899603,,-0.2,,150.1866,20022,0.0009999999,-116.8297,,342.5597574710846,16.79595,-0.2,5.1872178e-09,0.0009999999,,11,-0.06666667,302,,17.34274,inf,302,,,66.29801324503312,256,inf,0.06666667,,-145.1866,17.180325,-499.83582,499.83582,0.0009999999
0.0009999999,499.83582,45475.973,-0.26933375,,-0.2,,150.08572,20040,0.0009999999,-114.620415,,344.1300160884857,17.456291,-0.2,5.1530353e-09,0.0009999999,,11,-0.06666667,303,,17.339432,inf,303,,,66.13861386138613,256,inf,0.2,,-145.08572,17.17794,-499.83582,499.83582,0.0009999999
0.0009999999,499.83582,45606.78,-0.5332207,,-0.2,,150.02231,20071,0.0009999999,-125.81128,,345.6860637664795,15.134977,-0.06666667,5.1191895e-09,0.0009999999,,11,-0.06666667,304,,17.336138,inf,304,,,66.02302631578948,256,inf,-0.2,,-145.02231,17.167934,-499.83582,499.83582,0.0009999999
0.0009999999,499.83582,45718.168,-0.39836216,,-0.2,,149.89563,20090,0.0009999999,-106.38396,,347.28754568099976,17.868256,-0.06666667,5.0856763e-09,0.0009999999,,11,-0.06666667,305,,17.332853,inf,305,,,65.8688524590164,256,inf,-0.06666667,,-144.89563,17.166958,-499.83582,499.83582,0.0009999999
0.0009999999,499.83582,45789.273,-0.26485178,,-0.2,,149.63815,20590,0.0009999999,-66.108604,,349.66564869880676,17.191853,-0.06666667,5.0524904e-09,0.0009999999,,11,-0.06666667,306,,17.32958,inf,306,,,67.2875816993464,256,inf,0.06666667,,-144.63815,17.163776,-499.83582,499.83582,0.0009999999
0.0009999999,499.83582,46281.754,-0.13535784,,-0.2,,150.7549,21090,0.0009999999,-487.47876,,351.946653842926,16.595556,-0.06666667,5.0196287e-09,0.0009999999,,11,-0.06666667,307,,17.326317,inf,307,,,68.6970684039088,256,inf,0.2,,-145.7549,17.158674,-499.83582,499.83582,0.0009999999
0.0009999999,499.83582,46780.93,-0.40017456,,-0.2,,151.88614,21590,0.0009999999,-494.17792,,354.1849002838135,15.645316,0.06666667,4.987087e-09,0.0009999999,,11,-0.06666667,308,,17.323065,inf,308,,,70.09740259740259,256,inf,-0.2,,-146.88614,17.15052,-499.83582,499.83582,0.0009999999
0.0009999999,499.83582,46886.62,-0.26578963,,-0.2,,151.73663,21674,0.0009999999,-100.688934,,355.85399103164673,16.858185,0.06666667,4.954861e-09,0.0009999999,,11,-0.06666667,309,,17.319824,inf,309,,,70.14239482200647,256,inf,-0.06666667,,-146.73663,17.146341,-499.83582,499.83582,0.0009999999
0.0009999999,499.83582,47011.867,-0.13378684,,-0.2,,151.65118,22174,0.0009999999,-120.24733,,357.96390533447266,17.660738,0.06666667,4.922945e-09,0.0009999999,,11,-0.06666667,310,,17.316593,inf,310,,,71.52903225806452,256,inf,0.06666667,,-146.65118,17.14478,-499.83582,499.83582,0.0009999999
0.0009999999,499.83582,47514.344,-0.0034058988,,-0.2,,152.77924,22674,0.0009999999,-497.47488,,360.1121790409088,17.248978,0.06666667,4.891337e-09,0.0009999999,,11,-0.06666667,311,,17.313372,inf,311,,,72.90675241157557,256,inf,0.2,,-147.77924,17.141907,-499.83582,499.83582,0.0009999999
0.0009999999,499.83582,48016.93,-0.26436257,,-0.2,,153.90042,23174,0.0009999999,-497.58694,,362.2356004714966,16.359066,0.2,4.8600324e-09,0.0009999999,,11,-0.06666667,312,,17.310162,inf,312,,,74.27564102564102,256,inf,-0.2,,-148.90042,17.136196,-499.83582,499.83582,0.0009999999
0.0009999999,499.83582,48138.812,-0.12846367,,-0.2,,153.79813,23207,0.0009999999,-116.88285,,363.6896390914917,16.310644,0.2,4.8290274e-09,0.0009999999,,11,-0.06666667,313,,17.306963,inf,313,,,74.14376996805112,256,inf,-0.06666667,,-148.79813,17.13037,-499.83582,499.83582,0.0009999999
0.0009999999,499.83582,48262.766,-0.00012518466,,-0.2,,153.70308,23242,0.0009999999,-118.95539,,365.17651653289795,14.058361,0.2,4.798318e-09,0.0009999999,,11,-0.06666667,314,,17.303772,inf,314,,,74.01910828025478,256,inf,0.06666667,,-148.70308,17.117407,-499.83582,499.83582,0.0009999999
0.0009999999,499.83582,48388.207,0.13413139,,-0.2,,153.61336,23279,0.0009999999,-120.438614,,366.6071894168854,17.72748,0.2,4.7679016e-09,0.0009999999,,11,-0.06666667,315,,17.300592,inf,315,,,73.9015873015873,256,inf,0.2,,-148.61336,17.116173,-499.83582,499.83582,0.0009999999
0.0009999999,499.83582,48506.77,-0.5325461,,-0.06666667,,153.50244,23298,0.0009999999,-113.56235,,368.0993070602417,17.846476,-0.2,4.737773e-09,0.0009999999,,11,-0.06666667,316,,17.297422,inf,316,,,73.72784810126582,256,inf,-0.2,,-148.50244,17.115326,-499.83582,499.83582,0.0009999999
0.0009999999,499.83582,48616.39,-0.40193468,,-0.06666667,,153.36401,23322,0.0009999999,-104.61975,,369.6368110179901,17.723919,-0.2,4.7079283e-09,0.0009999999,,11,-0.06666667,317,,17.294264,inf,317,,,73.57097791798107,256,inf,-0.06666667,,-148.36401,17.114094,-499.83582,499.83582,0.0009999999
0.0009999999,499.83582,48742.4,-0.26806262,,-0.06666667,,153.27798,23346,0.0009999999,-121.01059,,371.4273464679718,17.302456,-0.2,4.6783653e-09,0.0009999999,,11,-0.06666667,318,,17.291115,inf,318,,,73.41509433962264,256,inf,0.06666667,,-148.27798,17.111547,-499.83582,499.83582,0.0009999999
0.0009999999,499.83582,48864.375,-0.13360794,,-0.06666667,,153.17986,23380,0.0009999999,-116.975685,,373.42896914482117,12.207309,-0.2,4.64908e-09,0.0009999999,,11,-0.06666667,319,,17.287975,inf,319,,,73.29153605015674,256,inf,0.2,,-148.17986,17.093044,-499.83582,499.83582,0.0009999999
0.0009999999,499.83582,48985.207,-0.3992089,,-0.06666667,,153.07877,23399,0.0009999999,-115.83027,,375.4854836463928,17.845043,-0.06666667,4.6200688e-09,0.0009999999,,11,-0.06666667,320,,17.284845,inf,320,,,73.121875,256,inf,-0.2,,-148.07877,17.092274,-499.83582,499.83582,0.0009999999
0.0009999999,499.83582,49095.703,-0.26742044,,-0.06666667,,152.94612,23420,0.0009999999,-105.49763,,377.3185911178589,14.86852,-0.06666667,4.5913278e-09,0.0009999999,,11,-0.06666667,321,,17.281725,inf,321,,,72.9595015576324,256,inf,-0.06666667,,-147.94612,17.082237,-499.83582,499.83582,0.0009999999
0.0009999999,499.83582,49231.93,-0.1324965,,-0.06666667,,152.8942,23460,0.0009999999,-131.22675,,379.07344698905945,17.289549,-0.06666667,4.5628545e-09,0.0009999999,,11,-0.06666667,322,,17.278614,inf,322,,,72.85714285714286,256,inf,0.06666667,,-147.8942,17.079779,-499.83582,499.83582,0.0009999999
0.0009999999,499.83582,49384.25,0.0008533448,,-0.06666667,,152.89241,23509,0.0009999999,-147.31944,,380.73477005958557,17.371574,-0.06666667,4.5346455e-09,0.0009999999,,11,-0.06666667,323,,17.275513,inf,323,,,72.78328173374614,256,inf,0.2,,-147.89241,17.077589,-499.83582,499.83582,0.0009999999
0.0009999999,499.83582,49512.86,-0.26772708,,-0.06666667,,152.81747,23536,0.0009999999,-123.61131,,382.6288175582886,16.54427,0.06666667,4.5066972e-09,0.0009999999,,11,-0.06666667,324,,17.272423,inf,324,,,72.64197530864197,256,inf,-0.2,,-147.81747,17.072865,-499.83582,499.83582,0.0009999999
0.0009999999,499.83582,49621.367,-0.13605079,,-0.06666667,,152.68114,23555,0.0009999999,-103.50934,,384.36705231666565,16.294632,0.06666667,4.479006e-09,0.0009999999,,11,-0.06666667,325,,17.26934,inf,325,,,72.47692307692307,256,inf,-0.06666667,,-147.68114,17.067396,-499.83582,499.83582,0.0009999999
0.0009999999,499.83582,49766.668,-0.0006695464,,-0.06666667,,152.6585,23602,0.0009999999,-140.29832,,386.26550102233887,16.648996,0.06666667,4.4515702e-09,0.0009999999,,11,-0.06666667,326,,17.266268,inf,326,,,72.39877300613497,256,inf,0.06666667,,-147.6585,17.06305,-499.83582,499.83582,0.0009999999
0.0009999999,499.83582,49918.54,0.13275138,,-0.06666667,,152.65608,23652,0.0009999999,-146.8731,,388.06875348091125,15.080731,0.06666667,4.424385e-09,0.0009999999,,11,-0.06666667,327,,17.263205,inf,327,,,72.3302752293578,256,inf,0.2,,-147.65608,17.053936,-499.83582,499.83582,0.0009999999
0.0009999999,499.83582,50036.934,-0.1331357,,-0.06666667,,152.55162,23671,0.0009999999,-113.39357,,389.8873507976532,17.423908,0.2,4.3974477e-09,0.0009999999,,11,-0.06666667,328,,17.260153,inf,328,,,72.16768292682927,256,inf,-0.2,,-147.55162,17.05202,-499.83582,499.83582,0.0009999999
0.0009999999,499.83582,50159.094,-0.0028532892,,-0.06666667,,152.45926,23702,0.0009999999,-117.15981,,391.83264899253845,16.057495,0.2,4.370756e-09,0.0009999999,,11,-0.06666667,329,,17.257107,inf,329,,,72.04255319148936,256,inf,-0.06666667,,-147.45926,17.045961,-499.83582,499.83582,0.0009999999
0.0009999999,499.83582,50285.242,0.13363934,,-0.06666667,,152.37952,23727,0.0009999999,-121.146645,,393.86763048171997,13.610448,0.2,4.3443067e-09,0.0009999999,,11,-0.06666667,330,,17.254072,inf,330,,,71.9,256,inf,0.06666667,,-147.37952,17.032526,-499.83582,499.83582,0.0009999999
0.0009999999,499.83582,50412.035,0.26912403,,-0.06666667,,152.30222,23751,0.0009999999,-121.79329,,395.80876421928406,14.354925,0.2,4.3180974e-09,0.0009999999,,11,-0.06666667,331,,17.251047,inf,331,,,71.75528700906344,256,inf,0.2,,-147.30222,17.02142,-499.83582,499.83582,0.0009999999
0.0009999999,499.83582,50543.66,-0.39731032,,0.06666667,,152.23994,23781,0.0009999999,-126.62441,,397.7860095500946,17.036367,-0.2,4.292123e-09,0.0009999999,,11,-0.06666667,332,,17.24803,inf,332,,,71.62951807228916,256,inf,-0.2,,-147.23994,17.018456,-499.83582,499.83582,0.0009999999
0.0009999999,499.83582,50654.176,-0.26468945,,0.06666667,,152.11464,23796,0.0009999999,-105.51485,,399.66884422302246,16.174524,-0.2,4.2663837e-09,0.0009999999,,11,-0.06666667,333,,17.245024,inf,333,,,71.45945945945945,256,inf,-0.06666667,,-147.11464,17.012924,-499.83582,499.83582,0.0009999999
0.0009999999,499.83582,50777.324,-0.13153043,,0.06666667,,152.02792,23817,0.0009999999,-118.1492,,401.54493951797485,17.005316,-0.2,4.2408748e-09,0.0009999999,,11,-0.06666667,334,,17.242025,inf,334,,,71.30838323353294,256,inf,0.06666667,,-147.02792,17.009912,-499.83582,499.83582,0.0009999999
0.0009999999,499.83582,50898.766,-0.0010938644,,0.06666667,,151.93661,23846,0.0009999999,-116.442726,,403.36625051498413,9.376562,-0.2,4.2155937e-09,0.0009999999,,11,-0.06666667,335,,17.239035,inf,335,,,71.1820895522388,256,inf,0.2,,-146.93661,16.984144,-499.83582,499.83582,0.0009999999
0.0009999999,499.83582,51010.78,-0.2636489,,0.06666667,,151.8178,23859,0.0009999999,-107.01586,,405.0815851688385,17.140005,-0.06666667,4.190538e-09,0.0009999999,,11,-0.06666667,336,,17.236053,inf,336,,,71.00892857142857,256,inf,-0.2,,-146.8178,16.981636,-499.83582,499.83582,0.0009999999
0.0009999999,499.83582,51138.68,-0.13077894,,0.06666667,,151.74683,23890,0.0009999999,-122.89945,,406.89434361457825,16.029139,-0.06666667,4.165705e-09,0.0009999999,,11,-0.06666667,337,,17.233082,inf,337,,,70.89020771513353,256,inf,-0.06666667,,-146.74683,16.975847,-499.83582,499.83582,0.0009999999
0.0009999999,499.83582,51279.22,-0.0027655289,,0.06666667,,151.71367,23928,0.0009999999,-135.53882,,408.7930955886841,16.759436,-0.06666667,4.1410924e-09,0.0009999999,,11,-0.06666667,338,,17.23012,inf,338,,,70.79289940828403,256,inf,0.06666667,,-146.71367,16.972254,-499.83582,499.83582,0.0009999999
0.0009999999,499.83582,51430.92,0.12872255,,0.06666667,,151.71364,23988,0.0009999999,-146.70345,,410.70415472984314,13.213018,-0.06666667,4.116697e-09,0.0009999999,,11,-0.06666667,339,,17.227165,inf,339,,,70.76106194690266,256,inf,0.2,,-146.71364,16.958216,-499.83582,499.83582,0.0009999999
0.0009999999,499.83582,51587.082,-0.13437936,,0.06666667,,151.72672,24043,0.0009999999,-151.15858,,412.6184639930725,13.764811,0.06666667,4.092518e-09,0.0009999999,,11,-0.06666667,340,,17.22422,inf,340,,,70.71470588235294,256,inf,-0.2,,-146.72672,16.94589,-499.83582,499.83582,0.0009999999
0.0009999999,499.83582,51699.344,-0.0010976568,,0.06666667,,151.61098,24063,0.0009999999,-107.26084,,414.4437780380249,16.6488,0.06666667,4.0685495e-09,0.0009999999,,11,-0.06666667,341,,17.221283,inf,341,,,70.56598240469208,256,inf,-0.06666667,,-146.61098,16.942087,-499.83582,499.83582,0.0009999999
0.0009999999,499.83582,51815.234,0.13581948,,0.06666667,,151.50653,24090,0.0009999999,-110.89326,,416.3302872180939,17.521938,0.06666667,4.044792e-09,0.0009999999,,11,-0.06666667,342,,17.218355,inf,342,,,70.43859649122807,256,inf,0.06666667,,-146.50653,16.940865,-499.83582,499.83582,0.0009999999
0.0009999999,499.83582,51948.66,0.26578593,,0.06666667,,151.45383,24120,0.0009999999,-128.42519,,418.12025451660156,13.954674,0.06666667,4.021241e-09,0.0009999999,,11,-0.06666667,343,,17.215435,inf,343,,,70.32069970845481,256,inf,0.2,,-146.45383,16.929247,-499.83582,499.83582,0.0009999999
0.0009999999,499.83582,52117.1,0.00028462708,,0.06666667,,151.5032,24188,0.0009999999,-163.44133,,420.0719678401947,17.443638,0.2,3.9978962e-09,0.0009999999,,11,-0.06666667,344,,17.212524,inf,344,,,70.31395348837209,256,inf,-0.2,,-146.5032,16.927841,-499.83582,499.83582,0.0009999999
0.0009999999,499.83582,52234.824,0.132366,,0.06666667,,151.40529,24216,0.0009999999,-112.72287,,421.7447998523712,16.639053,0.2,3.9747534e-09,0.0009999999,,11,-0.06666667,345,,17.209621,inf,345,,,70.19130434782609,256,inf,-0.06666667,,-146.40529,16.924109,-499.83582,499.83582,0.0009999999
0.0009999999,499.83582,52358.36,0.2640319,,0.06666667,,151.32474,24238,0.0009999999,-118.53588,,423.53449988365173,13.691398,0.2,3.9518113e-09,0.0009999999,,11,-0.06666667,346,,17.206726,inf,346,,,70.05202312138728,256,inf,0.06666667,,-146.32474,16.91188,-499.83582,499.83582,0.0009999999
0.0009999999,499.83582,52480.75,0.40236437,,0.06666667,,151.24135,24265,0.0009999999,-117.3885,,425.4134352207184,16.97829,0.2,3.929067e-09,0.0009999999,,11,-0.06666667,347,,17.20384,inf,347,,,69.92795389048992,256,inf,0.2,,-146.24135,16.909191,-499.83582,499.83582,0.0009999999
0.0009999999,499.83582,52595.957,-0.26493734,,0.2,,151.1378,24281,0.0009999999,-110.20701,,426.9809482097626,16.33408,-0.2,3.906518e-09,0.0009999999,,11,-0.06666667,348,,17.200962,inf,348,,,69.77298850574712,256,inf,-0.2,,-146.1378,16.90467,-499.83582,499.83582,0.0009999999
0.0009999999,499.83582,52712.016,-0.13594288,,0.2,,151.0373,24297,0.0009999999,-111.06059,,428.76763582229614,15.377697,-0.2,3.8841637e-09,0.0009999999,,11,-0.06666667,349,,17.198093,inf,349,,,69.6189111747851,256,inf,-0.06666667,,-146.0373,16.897432,-499.83582,499.83582,0.0009999999
0.0009999999,499.83582,52839.973,0.002794139,,0.2,,150.97134,24326,0.0009999999,-122.95687,,430.93397760391235,16.949623,-0.2,3.862e-09,0.0009999999,,11,-0.06666667,350,,17.195232,inf,350,,,69.50285714285714,256,inf,0.06666667,,-145.97134,16.894732,-499.83582,499.83582,0.0009999999
0.0009999999,499.83582,52956.43,0.13299173,,0.2,,150.87302,24343,0.0009999999,-111.45787,,433.0300509929657,16.493893,-0.2,3.8400256e-09,0.0009999999,,11,-0.06666667,351,,17.192379,inf,351,,,69.35327635327636,256,inf,0.2,,-145.87302,16.890745,-499.83582,499.83582,0.0009999999
0.0009999999,499.83582,53076.035,-0.13401832,,0.2,,150.7842,24364,0.0009999999,-114.60456,,434.97920083999634,12.401965,-0.06666667,3.818238e-09,0.0009999999,,11,-0.06666667,352,,17.189535,inf,352,,,69.2159090909091,256,inf,-0.2,,-145.7842,16.875156,-499.83582,499.83582,0.0009999999
0.0009999999,499.83582,53189.83,0.0016432256,,0.2,,150.6794,24389,0.0009999999,-108.79084,,437.0375466346741,17.044384,-0.06666667,3.7966363e-09,0.0009999999,,11,-0.06666667,353,,17.186697,inf,353,,,69.09065155807366,256,inf,-0.06666667,,-145.6794,16.872803,-499.83582,499.83582,0.0009999999
0.0009999999,499.83582,53319.98,0.13264124,,0.2,,150.62141,24416,0.0009999999,-125.152794,,439.15767192840576,16.977818,-0.06666667,3.7752166e-09,0.0009999999,,11,-0.06666667,354,,17.183868,inf,354,,,68.97175141242938,256,inf,0.06666667,,-145.62141,16.87028,-499.83582,499.83582,0.0009999999
0.0009999999,499.83582,53442.06,0.2659452,,0.2,,150.54102,24437,0.0009999999,-117.07841,,441.0909152030945,15.695021,-0.06666667,3.753978e-09,0.0009999999,,11,-0.06666667,355,,17.181047,inf,355,,,68.83661971830986,256,inf,0.2,,-145.54102,16.864157,-499.83582,499.83582,0.0009999999
0.0009999999,499.83582,53605.508,0.00023251772,,0.2,,150.57727,24498,0.0009999999,-158.44847,,443.30009365081787,16.203396,0.06666667,3.7329175e-09,0.0009999999,,11,-0.06666667,356,,17.178234,inf,356,,,68.81460674157303,256,inf,-0.2,,-145.57727,16.859495,-499.83582,499.83582,0.0009999999
0.0009999999,499.83582,53727.47,0.13296345,,0.2,,150.49712,24528,0.0009999999,-116.960106,,445.23048305511475,16.461678,0.06666667,3.7120342e-09,0.0009999999,,11,-0.06666667,357,,17.17543,inf,357,,,68.70588235294117,256,inf,-0.06666667,,-145.49712,16.855587,-499.83582,499.83582,0.0009999999
0.0009999999,499.83582,53851.582,0.26685745,,0.2,,150.42342,24552,0.0009999999,-119.11501,,447.0799889564514,17.43825,0.06666667,3.6913255e-09,0.0009999999,,11,-0.06666667,358,,17.172632,inf,358,,,68.58100558659218,256,inf,0.06666667,,-145.42342,16.854424,-499.83582,499.83582,0.0009999999
0.0009999999,499.83582,53997.36,0.4004069,,0.2,,150.41048,24602,0.0009999999,-140.77629,,449.05953669548035,17.408615,0.06666667,3.6707897e-09,0.0009999999,,11,-0.06666667,359,,17.169844,inf,359,,,68.5292479108635,256,inf,0.2,,-145.41048,16.853186,-499.83582,499.83582,0.0009999999
0.0009999999,499.83582,54175.5,0.13319167,,0.2,,150.4875,24678,0.0009999999,-173.145,,451.2271966934204,16.26553,0.2,3.6504246e-09,0.0009999999,,11,-0.06666667,360,,17.16706,inf,360,,,68.55,256,inf,-0.2,,-145.4875,16.84878,-499.83582,499.83582,0.0009999999
0.0009999999,499.83582,54298.945,0.2697377,,0.2,,150.4126,24705,0.0009999999,-118.4439,,453.20275473594666,16.047222,0.2,3.6302288e-09,0.0009999999,,11,-0.06666667,361,,17.164288,inf,361,,,68.43490304709141,256,inf,-0.06666667,,-145.4126,16.843792,-499.83582,499.83582,0.0009999999
0.0009999999,499.83582,54417.4,0.40020698,,0.2,,150.32431,24726,0.0009999999,-113.45079,,455.105144739151,16.417295,0.2,3.6102e-09,0.0009999999,,11,-0.06666667,362,,17.161522,inf,362,,,68.30386740331491,256,inf,0.06666667,,-145.32431,16.839855,-499.83582,499.83582,0.0009999999
0.0009999999,499.83582,54533.188,0.53222907,,0.2,,150.22917,24743,0.0009999999,-110.788025,,457.07458782196045,12.78048,0.2,3.590336e-09,0.0009999999,,11,-0.06666667,363,,17.158762,inf,363,,,68.1625344352617,256,inf,0.2,,-145.22917,16.825922,-499.83582,499.83582,0.0009999999
0.0009999999,499.83582,54665.098,-0.52948207,,-0.2,,150.17883,24773,0.0009999999,-126.912,,459.04797744750977,15.52433,-0.2,3.570636e-09,0.0009999999,,11,0.06666667,364,,17.156012,inf,364,,,68.0576923076923,256,inf,-0.2,,-145.17883,16.819601,-499.83582,499.83582,0.0009999999
0.0009999999,499.83582,54772.98,-0.4008003,,-0.2,,150.06296,24797,0.0009999999,-102.88207,,461.0178301334381,16.10195,-0.2,3.5510974e-09,0.0009999999,,11,0.06666667,365,,17.153269,inf,365,,,67.93698630136986,256,inf,-0.06666667,,-145.06296,16.8149,-499.83582,499.83582,0.0009999999
0.0009999999,499.83582,54885.277,-0.26858968,,-0.2,,149.95978,24811,0.0009999999,-107.29519,,462.9916088581085,13.6848545,-0.2,3.5317194e-09,0.0009999999,,11,0.06666667,366,,17.150532,inf,366,,,67.7896174863388,256,inf,0.06666667,,-144.95978,16.80362,-499.83582,499.83582,0.0009999999
0.0009999999,499.83582,55001.625,-0.13633741,,-0.2,,149.8682,24829,0.0009999999,-111.351204,,464.9996371269226,16.60289,-0.2,3.5124996e-09,0.0009999999,,11,0.06666667,367,,17.147804,inf,367,,,67.65395095367847,256,inf,0.2,,-144.8682,16.800352,-499.83582,499.83582,0.0009999999
0.0009999999,499.83582,55123.094,-0.3953123,,-0.2,,149.79102,24849,0.0009999999,-116.46637,,467.0493018627167,15.094547,-0.06666667,3.493436e-09,0.0009999999,,11,0.06666667,368,,17.145082,inf,368,,,67.52445652173913,256,inf,-0.2,,-144.79102,16.793003,-499.83582,499.83582,0.0009999999
0.0009999999,499.83582,55234.02,-0.26412806,,-0.2,,149.68568,24872,0.0009999999,-105.92795,,469.01307940483093,12.719449,-0.06666667,3.474527e-09,0.0009999999,,11,0.06666667,369,,17.142368,inf,369,,,67.40379403794039,256,inf,-0.06666667,,-144.68568,16.779255,-499.83582,499.83582,0.0009999999
0.0009999999,499.83582,55356.586,-0.13454947,,-0.2,,149.6124,24894,0.0009999999,-117.56306,,471.0657844543457,12.321506,-0.06666667,3.455771e-09,0.0009999999,,11,0.06666667,370,,17.139662,inf,370,,,67.28108108108108,256,inf,0.06666667,,-144.6124,16.764511,-499.83582,499.83582,0.0009999999
0.0009999999,499.83582,55488.625,0.004141614,,-0.2,,149.56503,24935,0.0009999999,-127.04222,,473.0087637901306,15.326977,-0.06666667,3.4371666e-09,0.0009999999,,11,0.06666667,371,,17.136963,inf,371,,,67.21024258760107,256,inf,0.2,,-144.56503,16.757942,-499.83582,499.83582,0.0009999999
0.0009999999,499.83582,55638.914,-0.2681465,,-0.2,,149.56697,24987,0.0009999999,-145.28514,,475.17588996887207,15.314011,0.06666667,3.418712e-09,0.0009999999,,11,0.06666667,372,,17.134272,inf,372,,,67.16935483870968,256,inf,-0.2,,-144.56697,16.751379,-499.83582,499.83582,0.0009999999
0.0009999999,499.83582,55752.258,-0.13509016,,-0.2,,149.46986,25008,0.0009999999,-108.34866,,477.0633006095886,15.870816,0.06666667,3.4004055e-09,0.0009999999,,11,0.06666667,373,,17.131588,inf,373,,,67.0455764075067,256,inf,-0.06666667,,-144.46986,16.74634,-499.83582,499.83582,0.0009999999
0.0009999999,499.83582,55877.656,-0.00015411526,,-0.2,,149.4055,25064,0.0009999999,-120.397415,,479.30190539360046,17.0706,0.06666667,3.3822458e-09,0.0009999999,,11,0.06666667,374,,17.12891,inf,374,,,67.01604278074866,256,inf,0.06666667,,-144.4055,16.744535,-499.83582,499.83582,0.0009999999
0.0009999999,499.83582,56019.055,0.13174075,,-0.2,,149.38414,25103,0.0009999999,-136.39903,,481.2866225242615,17.239302,0.06666667,3.3642311e-09,0.0009999999,,11,0.06666667,375,,17.12624,inf,375,,,66.94133333333333,256,inf,0.2,,-144.38414,16.743193,-499.83582,499.83582,0.0009999999
0.0009999999,499.83582,56233.734,-0.13046876,,-0.2,,149.5578,25216,0.0009999999,-209.67796,,483.63704085350037,14.593204,0.2,3.3463599e-09,0.0009999999,,11,0.06666667,376,,17.123577,inf,376,,,67.06382978723404,256,inf,-0.2,,-144.5578,16.73482,-499.83582,499.83582,0.0009999999
0.0009999999,499.83582,56344.5,-0.00049337,,-0.2,,149.45491,25234,0.0009999999,-105.764465,,485.7743864059448,13.001936,0.2,3.3286311e-09,0.0009999999,,11,0.06666667,377,,17.12092,inf,377,,,66.93368700265252,256,inf,-0.06666667,,-144.45491,16.722267,-499.83582,499.83582,0.0009999999
0.0009999999,499.83582,56458.805,0.134055,,-0.2,,149.36192,25249,0.0009999999,-109.3051,,487.8711769580841,17.022747,0.2,3.3110423e-09,0.0009999999,,11,0.06666667,378,,17.11827,inf,378,,,66.79629629629629,256,inf,0.06666667,,-144.36192,16.72042,-499.83582,499.83582,0.0009999999
0.0009999999,499.83582,56578.695,0.27007288,,-0.2,,149.28415,25269,0.0009999999,-114.89183,,489.8698923587799,17.487856,0.2,3.2935932e-09,0.0009999999,,11,0.06666667,379,,17.11563,inf,379,,,66.67282321899737,256,inf,0.2,,-144.28415,16.719809,-499.83582,499.83582,0.0009999999
0.0009999999,499.83582,56708.367,-0.39672562,,-0.06666667,,149.23254,25303,0.0009999999,-124.67421,,491.9504075050354,14.690557,-0.2,3.2762808e-09,0.0009999999,,11,0.06666667,380,,17.112995,inf,380,,,66.58684210526316,256,inf,-0.2,,-144.23254,16.711842,-499.83582,499.83582,0.0009999999
0.0009999999,499.83582,56820.96,-0.26824892,,-0.06666667,,149.13638,25317,0.0009999999,-107.59403,,494.14543747901917,15.613639,-0.2,3.2591059e-09,0.0009999999,,11,0.06666667,381,,17.110367,inf,381,,,66.44881889763779,256,inf,-0.06666667,,-144.13638,16.706339,-499.83582,499.83582,0.0009999999
0.0009999999,499.83582,56937.664,-0.13299064,,-0.06666667,,149.05148,25339,0.0009999999,-111.70349,,496.3572325706482,17.654505,-0.2,3.2420646e-09,0.0009999999,,11,0.06666667,382,,17.107744,inf,382,,,66.33246073298429,256,inf,0.06666667,,-144.05148,16.706207,-499.83582,499.83582,0.0009999999
0.0009999999,499.83582,57056.773,-0.0013611466,,-0.06666667,,148.9733,25359,0.0009999999,-114.103455,,498.61786556243896,16.939295,-0.2,3.2251568e-09,0.0009999999,,11,0.06666667,383,,17.105131,inf,383,,,66.21148825065274,256,inf,0.2,,-143.9733,16.704206,-499.83582,499.83582,0.0009999999
0.0009999999,499.83582,57176.254,-0.26790306,,-0.06666667,,148.8965,25378,0.0009999999,-114.48302,,500.75744366645813,17.01199,-0.06666667,3.2083811e-09,0.0009999999,,11,0.06666667,384,,17.102524,inf,384,,,66.08854166666667,256,inf,-0.2,,-143.8965,16.70241,-499.83582,499.83582,0.0009999999
0.0009999999,499.83582,57299.543,-0.13354646,,-0.06666667,,148.82999,25440,0.0009999999,-118.2899,,503.0392792224884,15.690863,-0.06666667,3.1917358e-09,0.0009999999,,11,0.06666667,385,,17.099922,inf,385,,,66.07792207792208,256,inf,-0.06666667,,-143.82999,16.697186,-499.83582,499.83582,0.0009999999
0.0009999999,499.83582,57432.562,0.0027533695,,-0.06666667,,148.78902,25477,0.0009999999,-128.02045,,505.1871998310089,15.452013,-0.06666667,3.1752196e-09,0.0009999999,,11,0.06666667,386,,17.097328,inf,386,,,66.00259067357513,256,inf,0.06666667,,-143.78902,16.691374,-499.83582,499.83582,0.0009999999
0.0009999999,499.83582,57553.36,0.13158028,,-0.06666667,,148.71669,25498,0.0009999999,-115.796295,,507.26973390579224,16.800182,-0.06666667,3.1588312e-09,0.0009999999,,11,0.06666667,387,,17.09474,inf,387,,,65.88630490956072,256,inf,0.2,,-143.71669,16.689075,-499.83582,499.83582,0.0009999999
0.0009999999,499.83582,57717.016,-0.13530508,,-0.06666667,,148.75519,25562,0.0009999999,-158.6575,,509.565447807312,16.516176,0.06666667,3.1425695e-09,0.0009999999,,11,0.06666667,388,,17.09216,inf,388,,,65.88144329896907,256,inf,-0.2,,-143.75519,16.686056,-499.83582,499.83582,0.0009999999
0.0009999999,499.83582,57826.758,-0.00081795454,,-0.06666667,,148.6549,25584,0.0009999999,-104.7411,,511.7492563724518,16.742647,0.06666667,3.1264333e-09,0.0009999999,,11,0.06666667,389,,17.089586,inf,389,,,65.76863753213368,256,inf,-0.06666667,,-143.6549,16.683634,-499.83582,499.83582,0.0009999999
0.0009999999,499.83582,57957.484,0.12991852,,-0.06666667,,148.60893,25626,0.0009999999,-125.728294,,513.9723131656647,17.464499,0.06666667,3.1104208e-09,0.0009999999,,11,0.06666667,390,,17.087019,inf,390,,,65.70769230769231,256,inf,0.06666667,,-143.60893,16.683073,-499.83582,499.83582,0.0009999999
0.0009999999,499.83582,58088.64,0.2637399,,-0.06666667,,148.5643,25662,0.0009999999,-126.151474,,516.2208428382874,16.485031,0.06666667,3.094531e-09,0.0009999999,,11,0.06666667,391,,17.084457,inf,391,,,65.63171355498721,256,inf,0.2,,-143.5643,16.680014,-499.83582,499.83582,0.0009999999
0.0009999999,499.83582,58247.312,0.0006824136,,-0.06666667,,148.59009,25719,0.0009999999,-153.67271,,518.6769821643829,14.130318,0.2,3.0787626e-09,0.0009999999,,11,0.06666667,392,,17.081903,inf,392,,,65.60969387755102,256,inf,-0.2,,-143.59009,16.670961,-499.83582,499.83582,0.0009999999
0.0009999999,499.83582,58358.08,0.1327382,,-0.06666667,,148.49384,25733,0.0009999999,-105.76463,,520.8185324668884,16.926397,0.2,3.0631144e-09,0.0009999999,,11,0.06666667,393,,17.079355,inf,393,,,65.47837150127226,256,inf,-0.06666667,,-143.49384,16.66907,-499.83582,499.83582,0.0009999999
0.0009999999,499.83582,58482.266,0.26883826,,-0.06666667,,148.43214,25760,0.0009999999,-119.19073,,522.9129467010498,17.209707,0.2,3.0475853e-09,0.0009999999,,11,0.06666667,394,,17.076815,inf,394,,,65.38071065989848,256,inf,0.06666667,,-143.43214,16.667908,-499.83582,499.83582,0.0009999999
0.0009999999,499.83582,58601.703,0.4007332,,-0.06666667,,148.35875,25778,0.0009999999,-114.43312,,525.1160705089569,14.7753105,0.2,3.0321747e-09,0.0009999999,,11,0.06666667,395,,17.07428,inf,395,,,65.26075949367089,256,inf,0.2,,-143.35875,16.66059,-499.83582,499.83582,0.0009999999
0.0009999999,499.83582,58729.35,-0.266509,,0.06666667,,148.30644,25808,0.0009999999,-122.64855,,527.4221005439758,17.015495,-0.2,3.0168799e-09,0.0009999999,,11,0.06666667,396,,17.07175,inf,396,,,65.17171717171718,256,inf,-0.2,,-143.30644,16.658962,-499.83582,499.83582,0.0009999999
0.0009999999,499.83582,58842.8,-0.13334967,,0.06666667,,148.21864,25823,0.0009999999,-108.451294,,529.7698726654053,17.59497,-0.2,3.0017004e-09,0.0009999999,,11,0.06666667,397,,17.06923,inf,397,,,65.04534005037783,256,inf,-0.06666667,,-143.21864,16.658804,-499.83582,499.83582,0.0009999999
0.0009999999,499.83582,58950.492,-0.002913013,,0.06666667,,148.11682,25834,0.0009999999,-102.69167,,532.1553952693939,17.110155,-0.2,2.9866356e-09,0.0009999999,,11,0.06666667,398,,17.066713,inf,398,,,64.90954773869346,256,inf,0.06666667,,-143.11682,16.657429,-499.83582,499.83582,0.0009999999
0.0009999999,499.83582,59060.61,0.13385326,,0.06666667,,148.02158,25846,0.0009999999,-105.1168,,534.3860554695129,14.979608,-0.2,2.9716838e-09,0.0009999999,,11,0.06666667,399,,17.064203,inf,399,,,64.77694235588973,256,inf,0.2,,-143.02158,16.65072,-499.83582,499.83582,0.0009999999
0.0009999999,499.83582,59194.633,-0.13292307,,0.06666667,,147.98659,25888,0.0009999999,-129.02783,,536.9668142795563,17.481695,-0.06666667,2.9568439e-09,0.0009999999,,11,0.06666667,400,,17.0617,inf,400,,,64.72,256,inf,-0.2,,-142.98659,16.650301,-499.83582,499.83582,0.0009999999
0.0009999999,499.83582,59308.062,-0.00059461594,,0.06666667,,147.9004,25905,0.0009999999,-108.428406,,539.3795609474182,17.473532,-0.06666667,2.9421148e-09,0.0009999999,,11,0.06666667,401,,17.059204,inf,401,,,64.60099750623442,256,inf,-0.06666667,,-142.9004,16.649864,-499.83582,499.83582,0.0009999999
0.0009999999,499.83582,59435.797,0.1349167,,0.06666667,,147.85023,25949,0.0009999999,-122.73013,,541.8198065757751,16.855492,-0.06666667,2.9274956e-09,0.0009999999,,11,0.06666667,402,,17.056713,inf,402,,,64.54975124378109,256,inf,0.06666667,,-142.85023,16.647888,-499.83582,499.83582,0.0009999999
0.0009999999,499.83582,59567.953,0.2678398,,0.06666667,,147.8113,25979,0.0009999999,-127.15781,,544.3081393241882,16.927425,-0.06666667,2.912985e-09,0.0009999999,,11,0.06666667,403,,17.05423,inf,403,,,64.46401985111663,256,inf,0.2,,-142.8113,16.646105,-499.83582,499.83582,0.0009999999
0.0009999999,499.83582,59709.29,0.0012254417,,0.06666667,,147.79527,26018,0.0009999999,-136.33855,,546.7213010787964,17.034767,0.06666667,2.8985823e-09,0.0009999999,,11,0.06666667,404,,17.05175,inf,404,,,64.4009900990099,256,inf,-0.2,,-142.79527,16.644594,-499.83582,499.83582,0.0009999999
0.0009999999,499.83582,59834.22,0.13115236,,0.06666667,,147.73882,26044,0.0009999999,-119.93023,,548.9145369529724,15.925556,0.06666667,2.884286e-09,0.0009999999,,11,0.06666667,405,,17.049278,inf,405,,,64.30617283950617,256,inf,-0.06666667,,-142.73882,16.640352,-499.83582,499.83582,0.0009999999
0.0009999999,499.83582,59967.184,0.2660734,,0.06666667,,147.70242,26078,0.0009999999,-127.96228,,551.4776980876923,16.545694,0.06666667,2.870095e-09,0.0009999999,,11,0.06666667,406,,17.046812,inf,406,,,64.23152709359606,256,inf,0.06666667,,-142.70242,16.637661,-499.83582,499.83582,0.0009999999
0.0009999999,499.83582,60089.043,0.4018011,,0.06666667,,147.63893,26103,0.0009999999,-116.85922,,553.9138340950012,17.161152,0.06666667,2.8560085e-09,0.0009999999,,11,0.06666667,407,,17.044352,inf,407,,,64.13513513513513,256,inf,0.2,,-142.63893,16.636494,-499.83582,499.83582,0.0009999999
0.0009999999,499.83582,60202.434,0.1293505,,0.06666667,,147.55498,26118,0.0009999999,-108.3903,,556.4156701564789,15.15258,0.2,2.8420255e-09,0.0009999999,,11,0.06666667,408,,17.041899,inf,408,,,64.01470588235294,256,inf,-0.2,,-142.55498,16.630407,-499.83582,499.83582,0.0009999999
0.0009999999,499.83582,60321.14,0.26823336,,0.06666667,,147.48445,26154,0.0009999999,-113.70999,,559.0196013450623,15.396558,0.2,2.8281457e-09,0.0009999999,,11,0.06666667,409,,17.03945,inf,409,,,63.946210268948654,256,inf,-0.06666667,,-142.48445,16.624949,-499.83582,499.83582,0.0009999999
0.0009999999,499.83582,60432.082,0.3993035,,0.06666667,,147.39532,26170,0.0009999999,-105.94005,,561.4266393184662,15.942261,0.2,2.8143667e-09,0.0009999999,,11,0.06666667,410,,17.037008,inf,410,,,63.829268292682926,256,inf,0.06666667,,-142.39532,16.620848,-499.83582,499.83582,0.0009999999
0.0009999999,499.83582,60548.133,0.53406936,,0.06666667,,147.31906,26194,0.0009999999,-111.04774,,563.9817655086517,16.209581,0.2,2.8006881e-09,0.0009999999,,11,0.06666667,411,,17.034573,inf,411,,,63.7323600973236,256,inf,0.2,,-142.31906,16.617416,-499.83582,499.83582,0.0009999999
0.0009999999,499.83582,60670.496,-0.1329724,,0.2,,147.25848,26216,0.0009999999,-117.36566,,566.5953366756439,15.410878,-0.2,2.7871092e-09,0.0009999999,,11,0.06666667,412,,17.032143,inf,412,,,63.63106796116505,256,inf,-0.2,,-142.25848,16.612064,-499.83582,499.83582,0.0009999999
0.0009999999,499.83582,60784.227,-0.00011524558,,0.2,,147.1773,26231,0.0009999999,-108.734116,,568.8297891616821,16.7427,-0.2,2.7736284e-09,0.0009999999,,11,0.06666667,413,,17.029718,inf,413,,,63.51331719128329,256,inf,-0.06666667,,-142.1773,16.609962,-499.83582,499.83582,0.0009999999
0.0009999999,499.83582,60899.047,0.12915604,,0.2,,147.09915,26246,0.0009999999,-109.81731,,571.2077779769897,17.003378,-0.2,2.7602454e-09,0.0009999999,,11,0.06666667,414,,17.0273,inf,414,,,63.39613526570049,256,inf,0.06666667,,-142.09915,16.6085,-499.83582,499.83582,0.0009999999
0.0009999999,499.83582,61013.31,0.2626945,,0.2,,147.02002,26260,0.0009999999,-109.25971,,572.8141055107117,15.29138,-0.2,2.7469589e-09,0.0009999999,,11,0.06666667,415,,17.024887,inf,415,,,63.27710843373494,256,inf,0.2,,-142.02002,16.60292,-499.83582,499.83582,0.0009999999
0.0009999999,499.83582,61144.734,0.00026789308,,0.2,,146.98253,26294,0.0009999999,-126.42424,,574.8811497688293,12.88451,-0.06666667,2.7337683e-09,0.0009999999,,11,0.06666667,416,,17.02248,inf,416,,,63.20673076923077,256,inf,-0.2,,-141.98253,16.591581,-499.83582,499.83582,0.0009999999
0.0009999999,499.83582,61256.336,0.1324183,,0.2,,146.89769,26322,0.0009999999,-106.60726,,577.2102854251862,16.550879,-0.06666667,2.7206724e-09,0.0009999999,,11,0.06666667,417,,17.020079,inf,417,,,63.12230215827338,256,inf,-0.06666667,,-141.89769,16.589087,-499.83582,499.83582,0.0009999999
0.0009999999,499.83582,61388.57,0.26470435,,0.2,,146.86261,26360,0.0009999999,-127.23462,,579.9269363880157,15.508653,-0.06666667,2.7076705e-09,0.0009999999,,11,0.06666667,418,,17.017685,inf,418,,,63.0622009569378,256,inf,0.06666667,,-141.86261,16.584112,-499.83582,499.83582,0.0009999999
0.0009999999,499.83582,61510.586,0.40086508,,0.2,,146.80331,26379,0.0009999999,-117.01568,,582.4235672950745,15.090247,-0.06666667,2.6947615e-09,0.0009999999,,11,0.06666667,419,,17.015295,inf,419,,,62.957040572792366,256,inf,0.2,,-141.80331,16.578163,-499.83582,499.83582,0.0009999999
0.0009999999,499.83582,61624.92,0.13383913,,0.2,,146.726,26394,0.0009999999,-109.3355,,584.9233582019806,16.991385,0.06666667,2.6819444e-09,0.0009999999,,11,0.06666667,420,,17.01291,inf,420,,,62.84285714285714,256,inf,-0.2,,-141.726,16.576769,-499.83582,499.83582,0.0009999999
0.0009999999,499.83582,61736.72,0.26471958,,0.2,,146.64304,26415,0.0009999999,-106.7903,,587.3646605014801,17.258274,0.06666667,2.6692186e-09,0.0009999999,,11,0.06666667,421,,17.010532,inf,421,,,62.74346793349169,256,inf,-0.06666667,,-141.64304,16.576015,-499.83582,499.83582,0.0009999999
0.0009999999,499.83582,61862.957,0.39821586,,0.2,,146.59468,26466,0.0009999999,-121.24085,,589.0574624538422,16.327333,0.06666667,2.6565832e-09,0.0009999999,,11,0.06666667,422,,17.00816,inf,422,,,62.71563981042654,256,inf,0.06666667,,-141.59468,16.57306,-499.83582,499.83582,0.0009999999
0.0009999999,499.83582,61976.75,0.5344342,,0.2,,146.51714,26479,0.0009999999,-108.79331,,590.8564784526825,15.427642,0.06666667,2.6440379e-09,0.0009999999,,11,0.06666667,423,,17.005793,inf,423,,,62.59810874704492,256,inf,0.2,,-141.51714,16.56799,-499.83582,499.83582,0.0009999999
0.0009999999,499.83582,62109.41,0.2620729,,0.2,,146.48445,26510,0.0009999999,-127.65983,,592.5532822608948,16.759956,0.2,2.6315807e-09,0.0009999999,,11,0.06666667,424,,17.003431,inf,424,,,62.52358490566038,256,inf,-0.2,,-141.48445,16.566088,-499.83582,499.83582,0.0009999999
0.0009999999,499.83582,62222.04,0.40385294,,0.2,,146.4048,26523,0.0009999999,-107.62722,,594.2554750442505,13.703622,0.2,2.6192115e-09,0.0009999999,,11,0.06666667,425,,17.001076,inf,425,,,62.40705882352941,256,inf,-0.06666667,,-141.4048,16.557003,-499.83582,499.83582,0.0009999999
0.0009999999,499.83582,62334.22,0.53319657,,0.2,,146.32446,26541,0.0009999999,-107.18333,,595.9809288978577,13.371519,0.2,2.606929e-09,0.0009999999,,11,0.06666667,426,,16.998726,inf,426,,,62.30281690140845,256,inf,0.06666667,,-141.32446,16.547178,-499.83582,499.83582,0.0009999999
0.0009999999,499.83582,62455.016,0.665135,,0.2,,146.26468,26563,0.0009999999,-115.79673,,597.7508039474487,16.641075,0.2,2.5947327e-09,0.0009999999,,11,0.06666667,427,,16.996382,inf,427,,,62.20843091334895,256,inf,0.2,,-141.26468,16.545061,-499.83582,499.83582,0.0009999999
0.0009999999,499.83582,62569.875,-0.26725972,,-0.2,,146.1913,26577,0.0009999999,-109.8618,,599.4016509056091,15.531552,-0.2,2.582622e-09,0.0009999999,,11,0.2,428,,16.994041,inf,428,,,62.095794392523366,256,inf,-0.06666667,,-141.1913,16.540358,-499.83582,499.83582,0.0009999999
0.0009999999,499.83582,62684.39,-0.13134177,,-0.2,,146.11746,26593,0.0009999999,-109.51191,,601.0433828830719,15.030764,-0.2,2.5705957e-09,0.0009999999,,11,0.2,429,,16.991709,inf,429,,,61.98834498834499,256,inf,0.06666667,,-141.11746,16.534512,-499.83582,499.83582,0.0009999999
0.0009999999,499.83582,62806.97,-0.2661009,,-0.2,,146.06271,26615,0.0009999999,-117.57976,,602.6706113815308,15.683651,-0.06666667,2.5586533e-09,0.0009999999,,11,0.2,430,,16.98938,inf,430,,,61.895348837209305,256,inf,-0.2,,-141.06271,16.53021,-499.83582,499.83582,0.0009999999
0.0009999999,499.83582,62920.08,-0.13491192,,-0.2,,145.98627,26630,0.0009999999,-108.10686,,604.4582045078278,16.456917,-0.06666667,2.546794e-09,0.0009999999,,11,0.2,431,,16.987057,inf,431,,,61.78654292343388,256,inf,-0.06666667,,-140.98627,16.527725,-499.83582,499.83582,0.0009999999
0.0009999999,499.83582,63039.477,-0.005197294,,-0.2,,145.92471,26665,0.0009999999,-114.396904,,606.7083556652069,15.587325,-0.06666667,2.5350169e-09,0.0009999999,,11,0.2,432,,16.98474,inf,432,,,61.72453703703704,256,inf,0.06666667,,-140.92471,16.523235,-499.83582,499.83582,0.0009999999
0.0009999999,499.83582,63163.39,0.13279772,,-0.2,,145.87389,26690,0.0009999999,-118.91999,,608.3408441543579,13.118635,-0.06666667,2.5233213e-09,0.0009999999,,11,0.2,433,,16.982428,inf,433,,,61.63972286374134,256,inf,0.2,,-140.87389,16.513063,-499.83582,499.83582,0.0009999999
0.0009999999,499.83582,63290.68,-0.13318172,,-0.2,,145.83105,26715,0.0009999999,-122.28447,,610.2685256004333,16.009893,0.06666667,2.5117064e-09,0.0009999999,,11,0.2,434,,16.980122,inf,434,,,61.555299539170505,256,inf,-0.2,,-140.83105,16.509604,-499.83582,499.83582,0.0009999999
0.0009999999,499.83582,63401.312,0.0023273602,,-0.2,,145.75014,26736,0.0009999999,-105.634834,,612.1011028289795,17.697931,0.06666667,2.5001716e-09,0.0009999999,,11,0.2,435,,16.97782,inf,435,,,61.46206896551724,256,inf,-0.06666667,,-140.75014,16.510038,-499.83582,499.83582,0.0009999999
0.0009999999,499.83582,63510.656,0.13248008,,-0.2,,145.66664,26752,0.0009999999,-104.34117,,613.8786611557007,16.084032,0.06666667,2.4887166e-09,0.0009999999,,11,0.2,436,,16.975523,inf,436,,,61.357798165137616,256,inf,0.06666667,,-140.66664,16.506771,-499.83582,499.83582,0.0009999999
0.0009999999,499.83582,63639.438,0.26591495,,-0.2,,145.628,26779,0.0009999999,-123.782776,,615.5941834449768,14.932148,0.06666667,2.4773394e-09,0.0009999999,,11,0.2,437,,16.973232,inf,437,,,61.279176201373,256,inf,0.2,,-140.628,16.500881,-499.83582,499.83582,0.0009999999
0.0009999999,499.83582,63760.438,0.13184753,,-0.2,,145.57178,26799,0.0009999999,-116.00212,,617.3072576522827,15.005492,0.2,2.4660403e-09,0.0009999999,,11,0.2,438,,16.970947,inf,438,,,61.18493150684932,256,inf,-0.06666667,,-140.57178,16.495188,-499.83582,499.83582,0.0009999999
0.0009999999,499.83582,63872.56,0.26613957,,-0.2,,145.49557,26815,0.0009999999,-107.12031,,619.0787196159363,15.924995,0.2,2.4548183e-09,0.0009999999,,11,0.2,439,,16.968666,inf,439,,,61.08200455580866,256,inf,0.06666667,,-140.49557,16.491613,-499.83582,499.83582,0.0009999999
0.0009999999,499.83582,63986.28,-0.26817423,,-0.06666667,,145.42337,26831,0.0009999999,-108.720024,,620.9222066402435,17.19892,-0.2,2.4436726e-09,0.0009999999,,11,0.2,440,,16.96639,inf,440,,,60.97954545454545,256,inf,-0.2,,-140.42337,16.49095,-499.83582,499.83582,0.0009999999
0.0009999999,499.83582,64096.33,-0.13387708,,-0.06666667,,145.34315,26846,0.0009999999,-105.04882,,622.7150053977966,16.444462,-0.2,2.4326028e-09,0.0009999999,,11,0.2,441,,16.96412,inf,441,,,60.87528344671202,256,inf,-0.06666667,,-140.34315,16.488579,-499.83582,499.83582,0.0009999999
0.0009999999,499.83582,64204.86,0.0048290044,,-0.06666667,,145.25986,26857,0.0009999999,-103.53355,,624.3111689090729,15.327476,-0.2,2.421608e-09,0.0009999999,,11,0.2,442,,16.961855,inf,442,,,60.762443438914026,256,inf,0.06666667,,-140.25986,16.483694,-499.83582,499.83582,0.0009999999
0.0009999999,499.83582,64315.11,0.13199565,,-0.06666667,,145.18083,26872,0.0009999999,-105.24884,,626.0956966876984,14.279689,-0.2,2.4106874e-09,0.0009999999,,11,0.2,443,,16.959597,inf,443,,,60.659142212189614,256,inf,0.2,,-140.18083,16.476463,-499.83582,499.83582,0.0009999999
0.0009999999,499.83582,64433.688,-0.12794527,,-0.06666667,,145.12091,26893,0.0009999999,-113.58127,,628.1969814300537,16.326761,-0.06666667,2.3998408e-09,0.0009999999,,11,0.2,444,,16.95734,inf,444,,,60.56981981981982,256,inf,-0.2,,-140.12091,16.473877,-499.83582,499.83582,0.0009999999
0.0009999999,499.83582,64548.914,0.0033707842,,-0.06666667,,145.05374,26909,0.0009999999,-110.226395,,629.8135466575623,10.937359,-0.06666667,2.389067e-09,0.0009999999,,11,0.2,445,,16.955091,inf,445,,,60.469662921348316,256,inf,-0.06666667,,-140.05374,16.45919,-499.83582,499.83582,0.0009999999
0.0009999999,499.83582,64675.336,0.13311416,,-0.06666667,,145.01196,26939,0.0009999999,-121.41917,,631.5250706672668,16.177801,-0.06666667,2.3783657e-09,0.0009999999,,11,0.2,446,,16.952847,inf,446,,,60.40134529147982,256,inf,0.06666667,,-140.01196,16.456318,-499.83582,499.83582,0.0009999999
0.0009999999,499.83582,64818.21,0.26885244,,-0.06666667,,145.00719,26985,0.0009999999,-137.87524,,633.3603658676147,17.798248,-0.06666667,2.3677362e-09,0.0009999999,,11,0.2,447,,16.950607,inf,447,,,60.369127516778526,256,inf,0.2,,-140.00719,16.457088,-499.83582,499.83582,0.0009999999
0.0009999999,499.83582,64954.89,0.0020045638,,-0.06666667,,144.9886,27021,0.0009999999,-131.68047,,635.0969624519348,16.75272,0.06666667,2.3571776e-09,0.0009999999,,11,0.2,448,,16.948372,inf,448,,,60.314732142857146,256,inf,-0.2,,-139.9886,16.455517,-499.83582,499.83582,0.0009999999
0.0009999999,499.83582,65069.938,0.13215798,,-0.06666667,,144.9219,27038,0.0009999999,-110.04584,,636.946958065033,16.274128,0.06666667,2.3466895e-09,0.0009999999,,11,0.2,449,,16.946142,inf,449,,,60.21826280623608,256,inf,-0.06666667,,-139.9219,16.452888,-499.83582,499.83582,0.0009999999
0.0009999999,499.83582,65181.055,0.27100515,,-0.06666667,,144.84679,27051,0.0009999999,-106.11683,,638.8397581577301,16.544176,0.06666667,2.3362718e-09,0.0009999999,,11,0.2,450,,16.943918,inf,450,,,60.11333333333334,256,inf,0.06666667,,-139.84679,16.45087,-499.83582,499.83582,0.0009999999
0.0009999999,499.83582,65315.16,0.40010524,,-0.06666667,,144.82297,27086,0.0009999999,-129.10605,,640.4541499614716,15.359842,0.06666667,2.325923e-09,0.0009999999,,11,0.2,451,,16.941698,inf,451,,,60.05764966740576,256,inf,0.2,,-139.82297,16.446238,-499.83582,499.83582,0.0009999999
0.0009999999,499.83582,65440.82,0.13156633,,-0.06666667,,144.78058,27109,0.0009999999,-120.66102,,642.3297657966614,16.13759,0.2,2.3156426e-09,0.0009999999,,11,0.2,452,,16.939484,inf,452,,,59.97566371681416,256,inf,-0.2,,-139.78058,16.443344,-499.83582,499.83582,0.0009999999
0.0009999999,499.83582,65556.14,0.26789817,,-0.06666667,,144.71555,27124,0.0009999999,-110.323975,,643.9719054698944,17.30112,0.2,2.3054303e-09,0.0009999999,,11,0.2,453,,16.937273,inf,453,,,59.87637969094923,256,inf,-0.06666667,,-139.71555,16.443033,-499.83582,499.83582,0.0009999999
0.0009999999,499.83582,65666.66,0.39901453,,-0.06666667,,144.64021,27137,0.0009999999,-105.509186,,646.077544927597,13.006411,0.2,2.2952855e-09,0.0009999999,,11,0.2,454,,16.935068,inf,454,,,59.77312775330397,256,inf,0.06666667,,-139.64021,16.433262,-499.83582,499.83582,0.0009999999
0.0009999999,499.83582,65778.016,0.52951515,,-0.06666667,,144.56706,27151,0.0009999999,-106.36304,,647.461480140686,16.008045,0.2,2.2852071e-09,0.0009999999,,11,0.2,455,,16.932869,inf,455,,,59.67252747252747,256,inf,0.2,,-139.56706,16.430132,-499.83582,499.83582,0.0009999999
0.0009999999,499.83582,65895.625,-0.133145,,0.06666667,,144.50797,27168,0.0009999999,-112.61263,,649.2440595626831,15.800302,-0.2,2.2751954e-09,0.0009999999,,11,0.2,456,,16.930674,inf,456,,,59.578947368421055,256,inf,-0.2,,-139.50797,16.426561,-499.83582,499.83582,0.0009999999
0.0009999999,499.83582,66009.96,-0.003354758,,0.06666667,,144.44193,27198,0.0009999999,-109.33222,,651.0013525485992,17.601866,-0.2,2.265249e-09,0.0009999999,,11,0.2,457,,16.928482,inf,457,,,59.51422319474836,256,inf,-0.06666667,,-139.44193,16.426949,-499.83582,499.83582,0.0009999999
0.0009999999,499.83582,66121.59,0.13676372,,0.06666667,,144.37029,27212,0.0009999999,-106.63154,,653.0493330955505,16.372402,-0.2,2.255368e-09,0.0009999999,,11,0.2,458,,16.926296,inf,458,,,59.414847161572055,256,inf,0.06666667,,-139.37029,16.424646,-499.83582,499.83582,0.0009999999
0.0009999999,499.83582,66243.91,0.26712376,,0.06666667,,144.32222,27236,0.0009999999,-117.30913,,655.0209271907806,15.409869,-0.2,2.2455515e-09,0.0009999999,,11,0.2,459,,16.924116,inf,459,,,59.33769063180828,256,inf,0.2,,-139.32222,16.42026,-499.83582,499.83582,0.0009999999
0.0009999999,499.83582,66378.24,0.00405322,,0.06666667,,144.30052,27274,0.0009999999,-129.33653,,656.9426031112671,16.7793,-0.06666667,2.2357987e-09,0.0009999999,,11,0.2,460,,16.92194,inf,460,,,59.291304347826085,256,inf,-0.2,,-139.30052,16.41887,-499.83582,499.83582,0.0009999999
0.0009999999,499.83582,66490.516,0.13139963,,0.06666667,,144.23105,27288,0.0009999999,-107.27396,,658.7106268405914,15.231459,-0.06666667,2.2261093e-09,0.0009999999,,11,0.2,461,,16.919767,inf,461,,,59.19305856832972,256,inf,-0.06666667,,-139.23105,16.414125,-499.83582,499.83582,0.0009999999
0.0009999999,499.83582,66605.59,0.2690526,,0.06666667,,144.16795,27308,0.0009999999,-110.077866,,660.7716279029846,16.63484,-0.06666667,2.216483e-09,0.0009999999,,11,0.2,462,,16.9176,inf,462,,,59.108225108225106,256,inf,0.06666667,,-139.16795,16.412443,-499.83582,499.83582,0.0009999999
0.0009999999,499.83582,66719.84,0.398484,,0.06666667,,144.10333,27324,0.0009999999,-109.249725,,662.6486446857452,15.204511,-0.06666667,2.2069189e-09,0.0009999999,,11,0.2,463,,16.915438,inf,463,,,59.01511879049676,256,inf,0.2,,-139.10333,16.407677,-499.83582,499.83582,0.0009999999
0.0009999999,499.83582,66846.4,0.13614415,,0.06666667,,144.06552,27350,0.0009999999,-121.553795,,664.5803549289703,16.365873,0.06666667,2.197417e-09,0.0009999999,,11,0.2,464,,16.91328,inf,464,,,58.94396551724138,256,inf,-0.2,,-139.06552,16.405432,-499.83582,499.83582,0.0009999999
0.0009999999,499.83582,66957.4,0.26610535,,0.06666667,,143.9944,27409,0.0009999999,-106.004616,,666.6562440395355,12.864535,0.06666667,2.1879756e-09,0.0009999999,,11,0.2,465,,16.911129,inf,465,,,58.94408602150538,256,inf,-0.06666667,,-138.9944,16.39567,-499.83582,499.83582,0.0009999999
0.0009999999,499.83582,67067.81,0.39636362,,0.06666667,,143.92235,27425,0.0009999999,-105.413025,,668.4809579849243,17.25058,0.06666667,2.1785953e-09,0.0009999999,,11,0.2,466,,16.90898,inf,466,,,58.851931330472105,256,inf,0.06666667,,-138.92235,16.395359,-499.83582,499.83582,0.0009999999
0.0009999999,499.83582,67237.33,0.5305031,,0.06666667,,143.97714,27491,0.0009999999,-164.51344,,670.1363089084625,11.639375,0.06666667,2.169275e-09,0.0009999999,,11,0.2,467,,16.906836,inf,467,,,58.86723768736617,256,inf,0.2,,-138.97714,16.383038,-499.83582,499.83582,0.0009999999
0.0009999999,499.83582,67365.55,0.26456314,,0.06666667,,143.94347,27518,0.0009999999,-123.214195,,671.557116985321,12.754238,0.2,2.1600146e-09,0.0009999999,,11,0.2,468,,16.904697,inf,468,,,58.7991452991453,256,inf,-0.2,,-138.94347,16.373148,-499.83582,499.83582,0.0009999999
0.0009999999,499.83582,67479.68,0.4017304,,0.06666667,,143.87991,27535,0.0009999999,-109.1359,,673.5276777744293,16.254911,0.2,2.150813e-09,0.0009999999,,11,0.2,469,,16.902563,inf,469,,,58.71002132196162,256,inf,-0.06666667,,-138.87991,16.370768,-499.83582,499.83582,0.0009999999
0.0009999999,499.83582,67592.95,0.538666,,0.06666667,,143.81479,27551,0.0009999999,-108.27118,,675.0090546607971,17.181044,0.2,2.1416704e-09,0.0009999999,,11,0.2,470,,16.900433,inf,470,,,58.61914893617021,256,inf,0.06666667,,-138.81479,16.370365,-499.83582,499.83582,0.0009999999
0.0009999999,499.83582,67715.12,0.66732895,,0.06666667,,143.76883,27573,0.0009999999,-117.17083,,676.2551984786987,11.807282,0.2,2.1325859e-09,0.0009999999,,11,0.2,471,,16.898308,inf,471,,,58.54140127388535,256,inf,0.2,,-138.76883,16.358557,-499.83582,499.83582,0.0009999999
0.0009999999,499.83582,67838.57,0.13180837,,0.2,,143.72578,27598,0.0009999999,-118.45213,,678.0768401622772,16.67755,-0.2,2.1235593e-09,0.0009999999,,11,0.2,472,,16.896187,inf,472,,,58.470338983050844,256,inf,-0.06666667,,-138.72578,16.357115,-499.83582,499.83582,0.0009999999
0.0009999999,499.83582,67957.34,0.267249,,0.2,,143.67303,27622,0.0009999999,-113.77129,,680.0822956562042,15.694651,-0.2,2.1145894e-09,0.0009999999,,11,0.2,473,,16.89407,inf,473,,,58.397463002114165,256,inf,0.06666667,,-138.67303,16.353601,-499.83582,499.83582,0.0009999999
0.0009999999,499.83582,68076.11,0.13243827,,0.2,,143.62048,27642,0.0009999999,-113.762825,,681.9585518836975,16.478643,-0.06666667,2.1056765e-09,0.0009999999,,11,0.2,474,,16.891958,inf,474,,,58.31645569620253,256,inf,-0.2,,-138.62048,16.35176,-499.83582,499.83582,0.0009999999
0.0009999999,499.83582,68206.14,0.26480892,,0.2,,143.59187,27669,0.0009999999,-125.03182,,683.5081052780151,16.401543,-0.06666667,2.0968198e-09,0.0009999999,,11,0.2,475,,16.88985,inf,475,,,58.25052631578947,256,inf,-0.06666667,,-138.59187,16.349762,-499.83582,499.83582,0.0009999999
0.0009999999,499.83582,68317.44,0.3978173,,0.2,,143.52403,27683,0.0009999999,-106.29642,,685.3164174556732,15.835595,-0.06666667,2.0880189e-09,0.0009999999,,11,0.2,476,,16.887747,inf,476,,,58.15756302521008,256,inf,0.06666667,,-138.52403,16.346582,-499.83582,499.83582,0.0009999999
0.0009999999,499.83582,68436.39,0.5321504,,0.2,,143.47252,27703,0.0009999999,-113.95952,,687.078067779541,14.692162,-0.06666667,2.0792732e-09,0.0009999999,,11,0.2,477,,16.885649,inf,477,,,58.077568134171905,256,inf,0.2,,-138.47252,16.341019,-499.83582,499.83582,0.0009999999
0.0009999999,499.83582,68566.35,0.26799795,,0.2,,143.44424,27734,0.0009999999,-124.956215,,689.0962264537811,17.382425,0.06666667,2.0705828e-09,0.0009999999,,11,0.2,478,,16.883554,inf,478,,,58.02092050209205,256,inf,-0.2,,-138.44424,16.341108,-499.83582,499.83582,0.0009999999
0.0009999999,499.83582,68677.37,0.4013886,,0.2,,143.37656,27749,0.0009999999,-106.01829,,691.5762364864349,16.06016,0.06666667,2.0619462e-09,0.0009999999,,11,0.2,479,,16.881464,inf,479,,,57.931106471816285,256,inf,-0.06666667,,-138.37656,16.338438,-499.83582,499.83582,0.0009999999
0.0009999999,499.83582,68795.516,0.5350007,,0.2,,143.32399,27771,0.0009999999,-113.144005,,694.1272633075714,16.45766,0.06666667,2.053364e-09,0.0009999999,,11,0.2,480,,16.87938,inf,480,,,57.85625,256,inf,0.06666667,,-138.32399,16.336605,-499.83582,499.83582,0.0009999999
0.0009999999,499.83582,68917.65,0.66491467,,0.2,,143.27994,27795,0.0009999999,-117.13552,,696.41756939888,16.018555,0.06666667,2.0448347e-09,0.0009999999,,11,0.2,481,,16.877298,inf,481,,,57.78586278586278,256,inf,0.2,,-138.27994,16.333866,-499.83582,499.83582,0.0009999999
0.0009999999,499.83582,69038.19,0.5360657,,0.2,,143.23276,27818,0.0009999999,-115.545616,,698.885068655014,15.970005,0.2,2.0363589e-09,0.0009999999,,11,0.2,482,,16.875221,inf,482,,,57.71369294605809,256,inf,-0.06666667,,-138.23276,16.33104,-499.83582,499.83582,0.0009999999
0.0009999999,499.83582,69151.016,0.66565365,,0.2,,143.1698,27831,0.0009999999,-107.82249,,701.0991232395172,15.301518,0.2,2.0279354e-09,0.0009999999,,11,0.2,483,,16.873148,inf,483,,,57.62111801242236,256,inf,0.06666667,,-138.1698,16.32684,-499.83582,499.83582,0.0009999999
0.0009999999,499.83582,69273.56,-0.39999217,1.0000001,-0.2,,143.1272,27859,0.0009999999,-117.55023,,703.4080514907837,16.553684,-0.06666667,2.019564e-09,0.0009999999,,11,-0.06666667,484,,16.87108,3856.2307,484,484.00006,,57.5599173553719,256,3908.3406,-0.06666667,-52.10998,-138.1272,16.325243,-499.83582,499.83582,0.0009999999
0.0009999999,499.83582,69312.83,-0.40208423,0.9999999,-0.2,,142.91304,28359,0.0009999999,-34.266018,,706.7467284202576,18.067757,0.06666667,2.0112445e-09,0.0009999999,,11,-0.06666667,485,,16.869017,3829.3755,485,484.99994,,58.47216494845361,256,3908.7434,-0.2,-79.36785,-137.91304,16.328207,-499.83582,499.83582,0.0009999999
0.0009999999,499.83582,69418.516,-0.12887959,1.0000001,0.06666667,,142.83646,28408,0.0009999999,-100.68079,,709.0658645629883,17.127592,-0.2,2.0029765e-09,0.0009999999,,11,0.06666667,486,,16.866957,3828.1992,486,486.00006,,58.452674897119344,256,3909.1458,-0.06666667,-80.94651,-137.83646,16.329222,-499.83582,499.83582,0.0009999999
0.0009999999,499.83582,69534.88,-0.5327754,0.99999976,-0.2,,142.7821,28435,0.0009999999,-111.371956,,711.3444261550903,15.141922,-0.2,1.994759e-09,0.0009999999,,11,0.06666667,487,,16.8649,3828.4502,487,486.99988,,58.38809034907597,256,3909.5469,-0.2,-81.09659,-137.7821,16.326155,-499.83582,499.83582,0.0009999999
0.0009999999,499.83582,69653.945,-0.26758528,0.9999999,-0.06666667,,142.73349,28458,0.0009999999,-114.06285,,713.5775845050812,17.773624,0.06666667,1.9865922e-09,0.0009999999,,11,-0.06666667,488,,16.86285,3828.356,488,487.99994,,58.3155737704918,256,3909.947,-0.2,-81.59103,-137.73349,16.328495,-499.83582,499.83582,0.0009999999
0.0009999999,499.83582,69780.85,-0.13639489,1.0000004,-0.06666667,,142.70113,28502,0.0009999999,-121.90416,,716.053854227066,15.415839,-0.2,1.9784754e-09,0.0009999999,,11,0.2,489,,16.860804,3828.7363,489,489.00015,,58.286298568507156,256,3910.3464,-0.06666667,-81.61011,-137.70113,16.326004,-499.83582,499.83582,0.0009999999
0.0009999999,499.83582,69894.375,-0.0021576434,1.0000002,-0.2,,142.64159,28516,0.0009999999,-108.5197,,718.5023834705353,16.322926,0.06666667,1.9704083e-09,0.0009999999,,11,0.2,490,,16.85876,3828.4983,490,490.0001,,58.19591836734694,256,3910.745,-0.06666667,-82.24672,-137.64159,16.325375,-499.83582,499.83582,0.0009999999
0.0009999999,499.83582,70007.91,-0.5322827,0.99999946,-0.06666667,,142.58229,28531,0.0009999999,-108.53061,,720.7903625965118,15.720971,-0.2,1.96239e-09,0.0009999999,,11,-0.06666667,491,,16.856722,3828.6765,491,490.99973,,58.10794297352342,256,3911.1428,-0.2,-82.46632,-137.58229,16.323517,-499.83582,499.83582,0.0009999999
0.0009999999,499.83582,70121.07,-0.13363838,1.0,-0.06666667,,142.5225,28551,0.0009999999,-108.16672,,723.1542670726776,16.595366,0.06666667,1.9544213e-09,0.0009999999,,11,0.06666667,492,,16.854687,3828.9778,492,492.0,,58.03048780487805,256,3911.5398,-0.2,-82.56196,-137.5225,16.32345,-499.83582,499.83582,0.0009999999
0.0009999999,499.83582,70233.17,-0.2651757,1.0000008,-0.06666667,,142.4608,28571,0.0009999999,-107.10316,,725.5620355606079,18.181953,-0.2,1.9465007e-09,0.0009999999,,11,0.2,493,,16.852655,3829.131,493,493.00043,,57.953346855983774,256,3911.9355,-0.2,-82.80452,-137.4608,16.326601,-499.83582,499.83582,0.0009999999
0.0009999999,499.83582,70347.5,-0.00048944354,1.0000001,0.06666667,,142.40384,28599,0.0009999999,-109.330765,,727.8278205394745,16.33455,-0.2,1.9386281e-09,0.0009999999,,11,0.06666667,494,,16.85063,3829.4727,494,494.00006,,57.892712550607285,256,3912.3308,0.06666667,-82.85811,-137.40384,16.325996,-499.83582,499.83582,0.0009999999
0.0009999999,499.83582,70459.34,0.0001256764,0.99999964,-0.06666667,,142.3421,28615,0.0009999999,-106.83865,,730.1004943847656,16.93505,-0.2,1.930803e-09,0.0009999999,,11,0.2,495,,16.848608,3829.763,495,494.99982,,57.80808080808081,256,3912.725,0.06666667,-82.96219,-137.3421,16.326609,-499.83582,499.83582,0.0009999999
0.0009999999,499.83582,70579.625,0.2678809,0.99999946,0.06666667,,142.29764,28634,0.0009999999,-115.28014,,732.3708565235138,16.49676,0.06666667,1.9230253e-09,0.0009999999,,11,0.2,496,,16.84659,3830.0273,496,495.99973,,57.729838709677416,256,3913.119,-0.06666667,-83.091606,-137.29764,16.326336,-499.83582,499.83582,0.0009999999
0.0009999999,499.83582,70698.83,-0.40043658,1.0000005,-0.06666667,,142.25116,28654,0.0009999999,-114.206856,,734.7049119472504,17.624989,-0.06666667,1.9152946e-09,0.0009999999,,11,-0.06666667,497,,16.844576,3830.3533,497,497.00024,,57.65392354124749,256,3913.5115,-0.2,-83.158295,-137.25116,16.328333,-499.83582,499.83582,0.0009999999
0.0009999999,499.83582,70816.88,0.2671793,0.9999998,-0.06666667,,142.20258,28703,0.0009999999,-113.05411,,737.1323249340057,17.86969,0.2,1.9076105e-09,0.0009999999,,11,0.2,498,,16.842566,3830.7356,498,497.9999,,57.636546184738954,256,3913.903,-0.06666667,-83.167404,-137.20258,16.330814,-499.83582,499.83582,0.0009999999
0.0009999999,499.83582,70934.266,-0.39857236,1.0000004,0.06666667,,142.15283,28720,0.0009999999,-112.38075,,739.3052880764008,18.206728,-0.2,1.8999724e-09,0.0009999999,,11,-0.06666667,499,,16.840559,3831.1223,499,499.00015,,57.55511022044088,256,3914.2942,-0.2,-83.17187,-137.15283,16.33396,-499.83582,499.83582,0.0009999999
0.0009999999,499.83582,71043.19,-0.13191445,0.99999917,-0.2,,142.08638,28733,0.0009999999,-103.92163,,741.5766816139221,17.630302,0.06666667,1.89238e-09,0.0009999999,,11,0.2,500,,16.838558,3831.4182,500,499.99957,,57.466,256,3914.6846,-0.2,-83.26646,-137.08638,16.335943,-499.83582,499.83582,0.0009999999
0.0009999999,499.83582,71154.97,-0.13563599,1.0000001,-0.2,,142.02588,28748,0.0009999999,-106.78958,,744.0281665325165,18.084871,0.2,1.884833e-09,0.0009999999,,11,0.06666667,501,,16.83656,3831.7053,501,501.00003,,57.3812375249501,256,3915.074,-0.2,-83.36863,-137.02588,16.338821,-499.83582,499.83582,0.0009999999
0.0009999999,499.83582,71271.43,0.003335163,0.9999992,-0.06666667,,141.97496,28790,0.0009999999,-111.45498,,746.4623930454254,16.374504,0.2,1.8773314e-09,0.0009999999,,11,0.06666667,502,,16.834566,3832.0938,502,501.9996,,57.35059760956175,256,3915.4624,-0.2,-83.36876,-136.97496,16.338284,-499.83582,499.83582,0.0009999999
0.0009999999,499.83582,71390.03,-0.40051275,1.0000005,-0.2,,141.9285,28827,0.0009999999,-113.59518,,748.8712882995605,15.473818,-0.06666667,1.8698743e-09,0.0009999999,,11,0.06666667,503,,16.832575,3832.3528,503,503.0002,,57.31013916500994,256,3915.8503,-0.2,-83.49749,-136.9285,16.335957,-499.83582,499.83582,0.0009999999
0.0009999999,499.83582,71498.45,0.26603144,0.9999999,0.06666667,,141.86201,28850,0.0009999999,-103.43013,,751.3665897846222,17.559679,0.2,1.8624614e-09,0.0009999999,,11,0.06666667,504,,16.83059,3832.7302,504,503.99994,,57.242063492063494,256,3916.2373,-0.06666667,-83.507034,-136.86201,16.337778,-499.83582,499.83582,0.0009999999
0.0009999999,499.83582,71619.234,0.13692537,1.0000005,0.06666667,,141.82027,28874,0.0009999999,-115.780716,,753.7695164680481,17.879215,0.06666667,1.8550925e-09,0.0009999999,,11,0.2,505,,16.828608,3833.0654,505,505.0002,,57.176237623762376,256,3916.6233,-0.2,-83.55793,-136.82027,16.340227,-499.83582,499.83582,0.0009999999
0.0009999999,499.83582,71729.92,0.2676133,0.99999917,0.2,,141.75874,28890,0.0009999999,-105.68876,,756.016800403595,16.71737,0.06666667,1.8477677e-09,0.0009999999,,11,0.2,506,,16.82663,3833.44,506,505.99957,,57.094861660079054,256,3917.0085,-0.2,-83.5687,-136.75874,16.340364,-499.83582,499.83582,0.0009999999
0.0009999999,499.83582,71840.75,-0.26947498,0.9999999,0.2,,141.69774,28903,0.0009999999,-105.826195,,758.3238673210144,17.170479,-0.2,1.8404858e-09,0.0009999999,,11,-0.2,507,,16.824654,3833.7861,507,506.99994,,57.00788954635109,256,3917.3936,-0.06666667,-83.607445,-136.69774,16.3414,-499.83582,499.83582,0.0009999999
0.0009999999,499.83582,71962.29,0.13305083,1.0000007,-0.06666667,,141.65805,28929,0.0009999999,-116.54347,,760.6408538818359,16.009146,0.06666667,1.833247e-09,0.0009999999,,11,0.2,508,,16.822683,3834.1306,508,508.00034,,56.946850393700785,256,3917.777,-0.06666667,-83.64638,-136.65805,16.340143,-499.83582,499.83582,0.0009999999
0.0009999999,499.83582,72079.18,0.26976255,0.9999996,0.2,,141.60939,28947,0.0009999999,-111.88699,,762.8700761795044,17.663988,-0.06666667,1.8260506e-09,0.0009999999,,11,0.2,509,,16.820717,3834.3723,509,508.9998,,56.87033398821218,256,3918.1602,-0.06666667,-83.78793,-136.60939,16.342144,-499.83582,499.83582,0.0009999999
0.0009999999,499.83582,72189.14,0.3982688,0.9999996,-0.06666667,,141.54733,28959,0.0009999999,-104.95951,,765.0437107086182,14.813829,0.2,1.8188966e-09,0.0009999999,,11,0.2,510,,16.818754,3834.702,510,509.9998,,56.78235294117647,256,3918.5422,0.06666667,-83.84045,-136.54733,16.338545,-499.83582,499.83582,0.0009999999
0.0009999999,499.83582,72300.5,-0.5329845,1.0000005,-0.2,,141.48825,28975,0.0009999999,-106.35993,,767.219330072403,16.84028,-0.06666667,1.8117847e-09,0.0009999999,,11,-0.06666667,511,,16.816795,3835.0667,511,511.00024,,56.702544031311156,256,3918.9236,-0.2,-83.85694,-136.48825,16.33893,-499.83582,499.83582,0.0009999999
0.0009999999,499.83582,72403.99,-0.6643827,1.0000005,-0.2,,141.41405,29051,0.0009999999,-98.49239,,769.5132839679718,14.48777,-0.2,1.8047143e-09,0.0009999999,,11,-0.06666667,512,,16.81484,3835.3923,512,512.00024,,56.740234375,256,3919.3044,-0.2,-83.912025,-136.41405,16.334719,-499.83582,499.83582,0.0009999999
0.0009999999,499.83582,72519.53,-0.26908922,0.9999995,-0.06666667,,141.3636,29072,0.0009999999,-110.53667,,771.8156228065491,16.043055,0.2,1.7976852e-09,0.0009999999,,11,-0.2,513,,16.81289,3835.6658,513,512.99976,,56.67056530214425,256,3919.6843,-0.2,-84.01864,-136.3636,16.333551,-499.83582,499.83582,0.0009999999
0.0009999999,499.83582,72628.56,0.0019251406,1.0000005,0.2,,141.3007,29094,0.0009999999,-104.03788,,774.1550512313843,17.368795,-0.06666667,1.7906971e-09,0.0009999999,,11,0.06666667,514,,16.810942,3836.0303,514,514.00024,,56.60311284046693,256,3920.0632,-0.2,-84.03296,-136.3007,16.33497,-499.83582,499.83582,0.0009999999
0.0009999999,499.83582,72746.25,0.0009884089,1.0000005,0.06666667,,141.25485,29114,0.0009999999,-112.67996,,776.4154016971588,16.0843,-0.2,1.7837497e-09,0.0009999999,,11,0.2,515,,16.808998,3836.3894,515,515.00024,,56.53203883495146,256,3920.4414,-0.06666667,-84.0521,-136.25485,16.333889,-499.83582,499.83582,0.0009999999
0.0009999999,499.83582,72854.95,0.1307117,1.0000004,0.2,,141.19177,29126,0.0009999999,-103.711685,,778.5564267635345,17.275227,0.06666667,1.7768425e-09,0.0009999999,,11,0.06666667,516,,16.807058,3836.6416,516,516.0002,,56.445736434108525,256,3920.8188,-0.2,-84.17724,-136.19177,16.33512,-499.83582,499.83582,0.0009999999
0.0009999999,499.83582,72964.72,0.0006569475,1.0000002,0.06666667,,141.13098,29146,0.0009999999,-104.76296,,780.8183665275574,15.858946,-0.2,1.7699756e-09,0.0009999999,,11,-0.06666667,517,,16.805122,3836.8408,517,517.0001,,56.375241779497095,256,3921.1958,0.2,-84.35504,-136.13098,16.333607,-499.83582,499.83582,0.0009999999
0.0009999999,499.83582,73082.945,0.1333741,1.0,-0.2,,141.08676,29163,0.0009999999,-113.22647,,782.982649564743,15.913726,0.2,1.7631483e-09,0.0009999999,,11,0.2,518,,16.80319,3837.1343,518,518.0,,56.2992277992278,256,3921.5715,-0.06666667,-84.43737,-136.08676,16.332209,-499.83582,499.83582,0.0009999999
0.0009999999,499.83582,73194.14,0.3973151,0.99999964,0.2,,141.02917,29178,0.0009999999,-106.190186,,785.1288855075836,17.411192,0.2,1.7563605e-09,0.0009999999,,11,0.06666667,519,,16.801262,3837.4597,519,518.9998,,56.21965317919075,256,3921.9468,-0.06666667,-84.48704,-136.02917,16.333698,-499.83582,499.83582,0.0009999999
0.0009999999,499.83582,73306.6,-0.13795952,0.9999993,0.06666667,,140.97423,29198,0.0009999999,-107.46455,,787.1890506744385,16.398495,0.06666667,1.7496119e-09,0.0009999999,,11,-0.06666667,520,,16.799337,3837.7732,520,519.99963,,56.15,256,3922.3213,-0.2,-84.54814,-135.97423,16.333235,-499.83582,499.83582,0.0009999999
0.0009999999,499.83582,73416.25,-0.0017866939,0.99999964,0.06666667,,140.91411,29213,0.0009999999,-104.64901,,789.4498574733734,15.42061,-0.06666667,1.7429019e-09,0.0009999999,,11,0.2,521,,16.797415,3838.1367,521,520.9998,,56.07101727447217,256,3922.6953,-0.2,-84.55848,-135.91411,16.330894,-499.83582,499.83582,0.0009999999
0.0009999999,499.83582,73543.1,-0.3970747,1.0,-0.2,,140.88716,29253,0.0009999999,-121.85037,,791.5779628753662,17.776651,-0.2,1.7362306e-09,0.0009999999,,11,0.06666667,522,,16.795498,3838.4927,522,522.0,,56.04022988505747,256,3923.0679,-0.06666667,-84.57521,-135.88716,16.333078,-499.83582,499.83582,0.0009999999
0.0009999999,499.83582,73655.55,-0.40332133,1.0000001,-0.06666667,,140.83278,29269,0.0009999999,-107.44355,,793.6203148365021,16.447157,-0.2,1.7295974e-09,0.0009999999,,11,0.06666667,523,,16.793585,3838.6296,523,523.00006,,55.96367112810707,256,3923.4404,-0.2,-84.81078,-135.83278,16.33271,-499.83582,499.83582,0.0009999999
0.0009999999,499.83582,73767.58,0.26905948,1.0000001,0.2,,140.77782,29290,0.0009999999,-107.02575,,795.7715516090393,16.259466,0.2,1.7230022e-09,0.0009999999,,11,0.06666667,524,,16.791674,3838.9746,524,524.00006,,55.896946564885496,256,3923.8115,-0.2,-84.836945,-135.77782,16.331991,-499.83582,499.83582,0.0009999999
0.0009999999,499.83582,73878.56,0.52932966,0.9999999,0.2,,140.72107,29303,0.0009999999,-105.996666,,797.8895831108093,16.133808,0.2,1.7164445e-09,0.0009999999,,11,0.2,525,,16.789766,3839.1912,525,524.99994,,55.815238095238094,256,3924.1821,-0.06666667,-84.99086,-135.72107,16.331026,-499.83582,499.83582,0.0009999999
0.0009999999,499.83582,73998.12,-0.26818845,0.9999995,-0.2,,140.68083,29321,0.0009999999,-114.551605,,799.9954235553741,14.014436,-0.06666667,1.7099243e-09,0.0009999999,,11,0.2,526,,16.787865,3839.3374,526,525.99976,,55.743346007604565,256,3924.5525,-0.2,-85.21501,-135.68083,16.326042,-499.83582,499.83582,0.0009999999
0.0009999999,499.83582,74108.305,0.3988671,0.9999999,0.06666667,,140.62297,29337,0.0009999999,-105.18679,,802.1528480052948,14.306943,0.2,1.7034413e-09,0.0009999999,,11,0.2,527,,16.785965,3839.577,527,526.99994,,55.66793168880455,256,3924.9214,-0.06666667,-85.344536,-135.62297,16.321632,-499.83582,499.83582,0.0009999999
0.0009999999,499.83582,74229.88,-0.2664722,1.0000001,-0.2,,140.5869,29359,0.0009999999,-116.57783,,804.2785212993622,14.441538,0.06666667,1.6969948e-09,0.0009999999,,11,0.06666667,528,,16.78407,3839.8845,528,528.00006,,55.604166666666664,256,3925.29,-0.2,-85.405624,-135.5869,16.31749,-499.83582,499.83582,0.0009999999
0.0009999999,499.83582,74344.56,0.39821267,1.0,0.06666667,,140.53792,29458,0.0009999999,-109.68388,,806.46360206604,17.778717,0.06666667,1.690585e-09,0.0009999999,,11,0.06666667,529,,16.782177,3840.2195,529,529.0,,55.68620037807183,256,3925.658,0.2,-85.43843,-135.53792,16.319675,-499.83582,499.83582,0.0009999999
0.0009999999,499.83582,74464.25,-0.13616082,0.99999976,0.06666667,,140.49858,29476,0.0009999999,-114.68277,,808.4473674297333,16.808151,-0.06666667,1.6842114e-09,0.0009999999,,11,0.06666667,530,,16.780289,3840.5564,530,529.9999,,55.615094339622644,256,3926.025,-0.2,-85.46847,-135.49858,16.320019,-499.83582,499.83582,0.0009999999
0.0009999999,499.83582,74575.29,-0.2649564,0.9999992,0.06666667,,140.4431,29492,0.0009999999,-106.037605,,810.5042176246643,15.296672,-0.2,1.6778738e-09,0.0009999999,,11,0.06666667,531,,16.778404,3840.9048,531,530.9996,,55.54048964218456,256,3926.3914,-0.2,-85.48652,-135.4431,16.317516,-499.83582,499.83582,0.0009999999
0.0009999999,499.83582,74687.95,0.26480263,1.0000002,-0.2,,140.39088,29506,0.0009999999,-107.66362,,812.511570930481,15.568157,0.2,1.671572e-09,0.0009999999,,11,0.2,532,,16.776522,3841.0583,532,532.0001,,55.462406015037594,256,3926.7566,0.06666667,-85.69834,-135.39088,16.315533,-499.83582,499.83582,0.0009999999
0.0009999999,499.83582,74797.01,-0.13178302,0.9999992,0.2,,140.33209,29531,0.0009999999,-104.05391,,814.5187931060791,17.695919,-0.2,1.6653058e-09,0.0009999999,,11,0.06666667,533,,16.774645,3841.412,533,532.9996,,55.405253283302066,256,3927.1216,-0.2,-85.70945,-135.33209,16.317549,-499.83582,499.83582,0.0009999999
0.0009999999,499.83582,74910.16,-0.13552311,0.99999964,0.2,,140.28119,29547,0.0009999999,-108.149765,,816.5510990619659,17.386097,-0.06666667,1.6590743e-09,0.0009999999,,11,-0.06666667,534,,16.77277,3841.7317,534,533.9998,,55.331460674157306,256,3927.4858,-0.2,-85.754166,-135.28119,16.318977,-499.83582,499.83582,0.0009999999
0.0009999999,499.83582,75021.88,0.39912468,0.9999999,0.2,,140.22781,29564,0.0009999999,-106.72727,,818.6169855594635,17.376387,0.06666667,1.6528782e-09,0.0009999999,,11,0.06666667,535,,16.770899,3842.093,535,534.99994,,55.259813084112146,256,3927.849,0.06666667,-85.75611,-135.22781,16.32038,-499.83582,499.83582,0.0009999999
0.0009999999,499.83582,75194.34,0.26251495,0.99999976,0.06666667,,140.28795,29638,0.0009999999,-167.46211,,820.9958374500275,17.268253,0.2,1.6467163e-09,0.0009999999,,11,0.2,536,,16.769032,3842.1858,536,535.9999,,55.29477611940298,256,3928.212,-0.2,-86.02615,-135.28795,16.32158,-499.83582,499.83582,0.0009999999
0.0009999999,499.83582,75318.0,0.26657718,1.0000002,0.06666667,,140.25699,29661,0.0009999999,-118.65223,,823.299153804779,15.221541,-0.06666667,1.6405891e-09,0.0009999999,,11,0.2,537,,16.767168,3842.4578,537,537.0001,,55.23463687150838,256,3928.5737,0.06666667,-86.115875,-135.25699,16.318962,-499.83582,499.83582,0.0009999999
0.0009999999,499.83582,75435.45,0.1318328,1.0000005,0.2,,140.2146,29679,0.0009999999,-112.4599,,825.5482604503632,17.548786,-0.2,1.6344958e-09,0.0009999999,,11,0.06666667,538,,16.765306,3842.8115,538,538.00024,,55.16542750929368,256,3928.9353,0.06666667,-86.12375,-135.2146,16.320679,-499.83582,499.83582,0.0009999999
0.0009999999,499.83582,75548.08,0.00030907243,0.9999992,-0.2,,140.1634,29702,0.0009999999,-107.617935,,827.7685298919678,16.733719,0.2,1.6284365e-09,0.0009999999,,11,0.06666667,539,,16.76345,3843.1367,539,538.9996,,55.105751391465674,256,3929.2961,-0.06666667,-86.15953,-135.1634,16.320875,-499.83582,499.83582,0.0009999999
0.0009999999,499.83582,75663.31,-0.13265651,0.99999964,0.06666667,,140.11725,29719,0.0009999999,-110.24041,,829.5509037971497,17.47442,-0.2,1.622411e-09,0.0009999999,,11,0.2,540,,16.761597,3843.475,540,539.9998,,55.035185185185185,256,3929.656,-0.2,-86.18091,-135.11725,16.322447,-499.83582,499.83582,0.0009999999
0.0009999999,499.83582,75786.26,0.39998603,0.9999995,0.2,,140.08551,29743,0.0009999999,-117.94579,,831.4461331367493,17.777628,-0.06666667,1.6164186e-09,0.0009999999,,11,0.06666667,541,,16.759747,3843.8313,541,540.99976,,54.97781885397412,256,3930.015,0.2,-86.183495,-135.08551,16.324572,-499.83582,499.83582,0.0009999999
0.0009999999,499.83582,75914.016,-0.2679901,1.0000001,-0.2,,140.06276,29769,0.0009999999,-122.758835,,833.4585392475128,16.376469,-0.2,1.6104594e-09,0.0009999999,,11,0.2,542,,16.7579,3844.051,542,542.00006,,54.92435424354244,256,3930.3735,-0.06666667,-86.32254,-135.06276,16.324102,-499.83582,499.83582,0.0009999999
0.0009999999,499.83582,76027.44,-0.00020970404,1.0000004,0.2,,140.0137,29787,0.0009999999,-108.41591,,835.6906685829163,17.665813,-0.2,1.6045332e-09,0.0009999999,,11,0.06666667,543,,16.756056,3844.1682,543,543.0002,,54.85635359116022,256,3930.7314,-0.06666667,-86.56328,-135.0137,16.32601,-499.83582,499.83582,0.0009999999
0.0009999999,499.83582,76141.7,0.6677959,1.0,0.2,,139.96637,29805,0.0009999999,-109.261986,,838.2027170658112,12.715293,0.2,1.5986396e-09,0.0009999999,,11,0.06666667,544,,16.754217,3844.49,544,544.0,,54.78860294117647,256,3931.0884,0.2,-86.59834,-134.96637,16.31881,-499.83582,499.83582,0.0009999999
0.0009999999,499.83582,76266.47,0.0017030537,0.99999934,-0.06666667,,139.93848,29829,0.0009999999,-119.77586,,840.148473739624,17.834497,0.06666667,1.5927784e-09,0.0009999999,,11,0.2,545,,16.75238,3844.7014,545,544.99963,,54.73211009174312,256,3931.4448,-0.2,-86.743416,-134.93848,16.321032,-499.83582,499.83582,0.0009999999
0.0009999999,499.83582,76402.67,0.13326813,1.000001,0.06666667,,139.93164,29872,0.0009999999,-131.19405,,842.0754096508026,16.541212,-0.06666667,1.5869493e-09,0.0009999999,,11,0.2,546,,16.750547,3845.032,546,546.00055,,54.71062271062271,256,3931.8005,-0.06666667,-86.768654,-134.93164,16.320873,-499.83582,499.83582,0.0009999999
0.0009999999,499.83582,76512.98,0.39841005,1.0000002,0.06666667,,139.87747,29886,0.0009999999,-105.308815,,843.7537870407104,16.583118,0.2,1.5811524e-09,0.0009999999,,11,-0.06666667,547,,16.748716,3845.2854,547,547.0001,,54.63619744058501,256,3932.1558,0.2,-86.87046,-134.87747,16.320795,-499.83582,499.83582,0.0009999999
0.0009999999,499.83582,76637.66,-0.13379566,1.0000001,-0.06666667,,139.84973,29909,0.0009999999,-119.68534,,845.9286131858826,16.208149,-0.06666667,1.575387e-09,0.0009999999,,11,0.2,548,,16.746891,3845.624,548,548.00006,,54.57846715328467,256,3932.5098,-0.2,-86.885735,-134.84973,16.320028,-499.83582,499.83582,0.0009999999
0.0009999999,499.83582,76748.516,-0.53378576,1.0000004,0.06666667,,139.79694,29923,0.0009999999,-105.860275,,848.2899870872498,16.41975,-0.2,1.5696531e-09,0.0009999999,,11,-0.2,549,,16.745068,3845.9204,549,549.0002,,54.50455373406193,256,3932.864,-0.2,-86.94357,-134.79694,16.319654,-499.83582,499.83582,0.0009999999
0.0009999999,499.83582,76859.29,0.13278888,0.9999991,-0.06666667,,139.74416,29936,0.0009999999,-105.77181,,850.6700053215027,17.491718,0.2,1.5639505e-09,0.0009999999,,11,0.2,550,,16.743248,3846.2542,550,549.9995,,54.42909090909091,256,3933.2168,-0.2,-86.962654,-134.74416,16.321228,-499.83582,499.83582,0.0009999999
0.0009999999,499.83582,76969.555,0.39799476,1.0000004,0.2,,139.69066,29949,0.0009999999,-105.263016,,852.6931974887848,17.955153,0.2,1.558279e-09,0.0009999999,,11,-0.06666667,551,,16.74143,3846.2407,551,551.0002,,54.35390199637023,256,3933.569,0.06666667,-87.32844,-134.69066,16.323637,-499.83582,499.83582,0.0009999999
0.0009999999,499.83582,77085.97,-0.002583146,0.9999991,0.06666667,,139.6485,29968,0.0009999999,-111.41514,,855.2605805397034,17.26956,0.06666667,1.5526381e-09,0.0009999999,,11,-0.06666667,552,,16.739618,3846.5095,552,551.9995,,54.289855072463766,256,3933.921,-0.06666667,-87.411385,-134.6485,16.324799,-499.83582,499.83582,0.0009999999
0.0009999999,499.83582,77204.66,0.40213555,1.0000001,0.06666667,,139.6106,29990,0.0009999999,-113.68725,,857.8813648223877,17.045876,0.2,1.5470277e-09,0.0009999999,,11,0.06666667,553,,16.737808,3846.7385,553,553.00006,,54.23146473779385,256,3934.2717,0.06666667,-87.53316,-134.6106,16.325546,-499.83582,499.83582,0.0009999999
0.0009999999,499.83582,77325.84,-0.26856458,0.99999976,0.2,,139.57733,30015,0.0009999999,-116.182045,,860.1061341762543,13.658396,-0.2,1.5414479e-09,0.0009999999,,11,-0.06666667,554,,16.736,3847.079,554,553.9999,,54.17870036101083,256,3934.6223,-0.2,-87.5433,-134.57733,16.320183,-499.83582,499.83582,0.0009999999
0.0009999999,499.83582,77436.75,-0.26796603,0.99999964,-0.2,,139.52568,30026,0.0009999999,-105.9065,,862.3400864601135,16.636782,-0.2,1.5358982e-09,0.0009999999,,11,0.06666667,555,,16.734198,3847.1995,555,554.9998,,54.1009009009009,256,3934.972,0.06666667,-87.77236,-134.52568,16.320202,-499.83582,499.83582,0.0009999999
0.0009999999,499.83582,77548.77,-0.0029590055,1.0000001,0.2,,139.47621,30047,0.0009999999,-107.02801,,864.7081649303436,16.982878,-0.2,1.5303782e-09,0.0009999999,,11,-0.06666667,556,,16.732397,3847.4644,556,556.00006,,54.04136690647482,256,3935.3208,0.06666667,-87.85644,-134.47621,16.32084,-499.83582,499.83582,0.0009999999
0.0009999999,499.83582,77662.64,-0.27056062,0.99999976,-0.06666667,,139.43024,30062,0.0009999999,-108.87105,,866.9542331695557,14.0488405,-0.2,1.5248881e-09,0.0009999999,,11,0.06666667,557,,16.7306,3847.6191,557,556.9999,,53.97127468581687,256,3935.6692,-0.06666667,-88.05005,-134.43024,16.316214,-499.83582,499.83582,0.0009999999
0.0009999999,499.83582,77773.11,-0.6677118,1.0,-0.2,,139.37833,30073,0.0009999999,-105.46617,,869.2627153396606,15.340261,-0.06666667,1.5194275e-09,0.0009999999,,11,-0.2,558,,16.728807,3847.3242,558,558.0,,53.89426523297491,256,3936.0168,-0.2,-88.69268,-134.37833,16.313917,-499.83582,499.83582,0.0009999999
0.0009999999,499.83582,77878.19,0.5309302,1.0000005,-0.06666667,,139.31697,30140,0.0009999999,-100.07859,,871.8162341117859,17.414679,0.2,1.5139959e-09,0.0009999999,,11,0.2,559,,16.727016,3847.5977,559,559.00024,,53.917710196779964,256,3936.3643,0.2,-88.766685,-134.31697,16.315338,-499.83582,499.83582,0.0009999999
0.0009999999,499.83582,77994.95,-0.0008658618,0.99999934,0.06666667,,139.2767,30157,0.0009999999,-111.77002,,874.3649642467499,16.52049,0.2,1.5085937e-09,0.0009999999,,11,-0.06666667,560,,16.72523,3847.857,560,559.99963,,53.85178571428571,256,3936.7104,-0.2,-88.85358,-134.2767,16.315157,-499.83582,499.83582,0.0009999999
0.0009999999,499.83582,78119.336,0.13338193,1.0000006,-0.06666667,,139.25015,30181,0.0009999999,-119.37636,,876.7264983654022,16.0969,0.2,1.5032204e-09,0.0009999999,,11,-0.2,561,,16.723444,3847.9812,561,561.0003,,53.79857397504456,256,3937.0564,0.2,-89.075264,-134.25015,16.314224,-499.83582,499.83582,0.0009999999
0.0009999999,499.83582,78252.36,0.3985421,0.9999991,0.2,,139.23907,30211,0.0009999999,-128.01897,,879.1403231620789,18.160412,0.06666667,1.4978757e-09,0.0009999999,,11,0.2,562,,16.721664,3848.2158,562,561.9995,,53.756227758007114,256,3937.4014,-0.06666667,-89.18554,-134.23907,16.316965,-499.83582,499.83582,0.0009999999
0.0009999999,499.83582,78362.5,0.13097453,1.000001,-0.06666667,,139.1874,30228,0.0009999999,-105.13879,,881.6120312213898,15.426035,0.06666667,1.4925592e-09,0.0009999999,,11,-0.06666667,563,,16.719887,3848.3635,563,563.00055,,53.69094138543517,256,3937.7458,0.2,-89.382256,-134.1874,16.31484,-499.83582,499.83582,0.0009999999
0.0009999999,499.83582,78534.4,0.26208922,1.0000001,0.2,,139.24539,30298,0.0009999999,-166.9044,,884.1623883247375,16.99788,0.2,1.4872713e-09,0.0009999999,,11,-0.06666667,564,,16.718111,3848.6626,564,564.00006,,53.719858156028366,256,3938.0898,-0.06666667,-89.42736,-134.24539,16.315508,-499.83582,499.83582,0.0009999999
0.0009999999,499.83582,78660.06,0.13104858,1.0000006,-0.2,,139.22134,30325,0.0009999999,-120.66226,,886.3058798313141,15.613882,0.2,1.4820112e-09,0.0009999999,,11,-0.06666667,565,,16.71634,3848.9177,565,565.00037,,53.67256637168141,256,3938.433,0.2,-89.5153,-134.22134,16.313725,-499.83582,499.83582,0.0009999999
0.0009999999,499.83582,78792.734,0.13250722,1.0000004,-0.06666667,,139.20978,30356,0.0009999999,-127.67399,,888.5531167984009,16.0788,-0.2,1.476779e-09,0.0009999999,,11,0.2,566,,16.714571,3849.245,566,566.0002,,53.63250883392226,256,3938.7754,0.2,-89.530205,-134.20978,16.312767,-499.83582,499.83582,0.0009999999
0.0009999999,499.83582,78911.25,0.13303657,1.0000005,0.06666667,,139.17328,30374,0.0009999999,-113.51216,,890.9829723834991,16.989557,0.2,1.4715744e-09,0.0009999999,,11,0.06666667,567,,16.712807,3849.4858,567,567.00024,,53.569664902998234,256,3939.1174,-0.2,-89.631676,-134.17328,16.313423,-499.83582,499.83582,0.0009999999
0.0009999999,499.83582,79031.28,0.26747596,0.9999997,0.2,,139.13957,30400,0.0009999999,-115.03834,,893.4541275501251,17.185839,-0.2,1.4663973e-09,0.0009999999,,11,0.2,568,,16.711044,3849.7856,568,567.9998,,53.521126760563384,256,3939.459,0.06666667,-89.67332,-134.13957,16.314423,-499.83582,499.83582,0.0009999999
0.0009999999,499.83582,79143.04,0.13734038,1.0000002,0.2,,139.09146,30414,0.0009999999,-106.75248,,895.5409834384918,14.051843,-0.2,1.4612477e-09,0.0009999999,,11,0.2,569,,16.709286,3850.1194,569,569.0001,,53.45166959578207,256,3939.7993,-0.06666667,-89.67999,-134.09146,16.309906,-499.83582,499.83582,0.0009999999
0.0009999999,499.83582,79266.28,0.4009288,1.0,0.2,,139.06364,30443,0.0009999999,-118.24753,,897.8147892951965,13.974453,-0.06666667,1.4561249e-09,0.0009999999,,11,0.2,570,,16.70753,3850.311,570,570.0,,53.40877192982456,256,3940.1394,0.06666667,-89.82836,-134.06364,16.30527,-499.83582,499.83582,0.0009999999
0.0009999999,499.83582,79394.984,-0.13419858,1.0,-0.06666667,,139.0455,30469,0.0009999999,-123.69851,,900.2347614765167,17.281218,-0.2,1.4510291e-09,0.0009999999,,11,0.06666667,571,,16.705776,3850.537,571,571.0,,53.36077057793345,256,3940.479,0.06666667,-89.94182,-134.0455,16.306446,-499.83582,499.83582,0.0009999999
0.0009999999,499.83582,79509.0,0.26621923,1.0000002,0.2,,139.00175,30485,0.0009999999,-109.01981,,902.4478154182434,17.985067,0.2,1.44596e-09,0.0009999999,,11,-0.2,572,,16.704027,3850.8406,572,572.0001,,53.29545454545455,256,3940.8176,0.06666667,-89.977,-134.00175,16.308846,-499.83582,499.83582,0.0009999999
0.0009999999,499.83582,79634.38,-0.13431066,0.9999997,-0.2,,138.97798,30514,0.0009999999,-120.38362,,904.7945432662964,16.522263,-0.06666667,1.4409175e-09,0.0009999999,,11,0.2,573,,16.70228,3850.9827,573,572.9998,,53.25305410122164,256,3941.1558,-0.06666667,-90.17313,-133.97798,16.308681,-499.83582,499.83582,0.0009999999
0.0009999999,499.83582,79749.055,0.26972696,1.0000002,-0.06666667,,138.93564,30538,0.0009999999,-109.67503,,907.0996899604797,15.45729,0.2,1.4359012e-09,0.0009999999,,11,0.06666667,574,,16.700537,3851.2915,574,574.0001,,53.20209059233449,256,3941.4932,0.06666667,-90.201675,-133.93564,16.306665,-499.83582,499.83582,0.0009999999
0.0009999999,499.83582,79868.27,0.0008109957,1.0000001,-0.06666667,,138.90135,30556,0.0009999999,-114.218094,,909.3965442180634,16.31383,-0.2,1.4309112e-09,0.0009999999,,11,0.06666667,575,,16.698795,3851.589,575,575.00006,,53.14086956521739,256,3941.83,0.2,-90.24101,-133.90135,16.306149,-499.83582,499.83582,0.0009999999
0.0009999999,499.83582,79988.71,-0.13174295,1.0,0.2,,138.8693,30576,0.0009999999,-115.43382,,911.7147598266602,16.410324,0.06666667,1.4259471e-09,0.0009999999,,11,-0.2,576,,16.697058,3851.9011,576,576.0,,53.083333333333336,256,3942.1667,-0.2,-90.26553,-133.8693,16.305796,-499.83582,499.83582,0.0009999999
0.0009999999,499.83582,80095.77,0.13345619,1.0000002,0.2,,138.81416,30680,0.0009999999,-102.060074,,914.1283900737762,17.45022,-0.2,1.4210088e-09,0.0009999999,,11,-0.06666667,577,,16.695324,3852.1655,577,577.0001,,53.17157712305026,256,3942.5024,0.2,-90.336815,-133.81416,16.30725,-499.83582,499.83582,0.0009999999
0.0009999999,499.83582,80213.04,-0.39545816,0.99999946,-0.2,,138.77689,30697,0.0009999999,-112.26542,,916.3406934738159,16.346476,-0.2,1.416096e-09,0.0009999999,,11,-0.06666667,578,,16.693592,3852.4878,578,577.9997,,53.108996539792386,256,3942.8372,0.06666667,-90.34931,-133.77689,16.30679,-499.83582,499.83582,0.0009999999
0.0009999999,499.83582,80339.15,0.26239473,0.9999999,0.06666667,,138.755,30721,0.0009999999,-121.1082,,918.4299836158752,15.375113,0.2,1.4112087e-09,0.0009999999,,11,-0.2,579,,16.691862,3852.727,579,578.99994,,53.0587219343696,256,3943.1716,0.2,-90.444664,-133.755,16.304651,-499.83582,499.83582,0.0009999999
0.0009999999,499.83582,80470.53,0.13580143,0.99999946,-0.2,,138.7423,30750,0.0009999999,-126.38576,,920.5777409076691,14.222751,0.2,1.4063467e-09,0.0009999999,,11,0.06666667,580,,16.690138,3852.9426,580,579.9997,,53.01724137931034,256,3943.5059,0.06666667,-90.563255,-133.7423,16.300533,-499.83582,499.83582,0.0009999999
0.0009999999,499.83582,80592.47,-0.26515925,1.0000001,0.06666667,,138.71338,30772,0.0009999999,-116.933975,,922.8017597198486,14.679637,-0.2,1.4015097e-09,0.0009999999,,11,-0.2,581,,16.688416,3853.2617,581,581.00006,,52.963855421686745,256,3943.8389,0.06666667,-90.57713,-133.71338,16.297218,-499.83582,499.83582,0.0009999999
0.0009999999,499.83582,80722.62,0.66579026,0.9999999,0.2,,138.69865,30807,0.0009999999,-125.15081,,924.8505165576935,16.98333,0.06666667,1.3966976e-09,0.0009999999,,11,0.2,582,,16.686695,3853.0933,582,581.99994,,52.93298969072165,256,3944.1719,0.2,-91.0786,-133.69865,16.297873,-499.83582,499.83582,0.0009999999
0.0009999999,499.83582,80840.625,-0.0027840883,0.99999976,-0.06666667,,138.66316,30824,0.0009999999,-113.00414,,926.9053037166595,17.689074,-0.06666667,1.3919104e-09,0.0009999999,,11,0.06666667,583,,16.684978,3853.2275,583,582.9999,,52.871355060034304,256,3944.5037,0.06666667,-91.2762,-133.66316,16.299732,-499.83582,499.83582,0.0009999999
0.0009999999,499.83582,80968.99,0.5335772,1.0000006,0.2,,138.64554,30852,0.0009999999,-123.3698,,929.0431807041168,14.728952,0.2,1.3871476e-09,0.0009999999,,11,0.06666667,584,,16.683264,3853.5586,584,584.00037,,52.82876712328767,256,3944.8352,0.06666667,-91.27654,-133.64554,16.29652,-499.83582,499.83582,0.0009999999
0.0009999999,499.83582,81080.44,-0.13424177,1.0000007,-0.06666667,,138.59904,30865,0.0009999999,-106.44606,,931.1892948150635,17.15022,-0.2,1.3824092e-09,0.0009999999,,11,-0.06666667,585,,16.681553,3853.8635,585,585.0004,,52.76068376068376,256,3945.1665,0.2,-91.30298,-133.59904,16.297457,-499.83582,499.83582,0.0009999999
0.0009999999,499.83582,81206.01,0.26205623,0.9999998,-0.2,,138.57681,30890,0.0009999999,-120.57462,,933.2857558727264,16.603718,0.06666667,1.3776951e-09,0.0009999999,,11,0.2,586,,16.679846,3854.058,586,585.9999,,52.71331058020478,256,3945.4966,0.2,-91.43844,-133.57681,16.297455,-499.83582,499.83582,0.0009999999
0.0009999999,499.83582,81336.3,-0.13607308,1.0,0.06666667,,138.56268,30919,0.0009999999,-125.293396,,935.3101217746735,15.170848,-0.2,1.3730052e-09,0.0009999999,,11,-0.06666667,587,,16.67814,3854.0405,587,587.0,,52.67291311754685,256,3945.8262,0.06666667,-91.78574,-133.56268,16.295015,-499.83582,499.83582,0.0009999999
0.0009999999,499.83582,81456.61,-0.13290095,1.0000002,-0.2,,138.53165,30944,0.0009999999,-115.311745,,937.2889561653137,16.276304,-0.2,1.3683389e-09,0.0009999999,,11,0.06666667,588,,16.67644,3854.3508,588,588.0001,,52.625850340136054,256,3946.1553,0.2,-91.80438,-133.53165,16.294464,-499.83582,499.83582,0.0009999999
0.0009999999,499.83582,81580.875,-0.52967316,0.9999994,-0.2,,138.50743,30968,0.0009999999,-119.26257,,939.452228307724,17.587128,0.06666667,1.3636967e-09,0.0009999999,,11,-0.2,589,,16.67474,3854.4697,589,588.99963,,52.57724957555178,256,3946.484,-0.2,-92.01423,-133.50743,16.296139,-499.83582,499.83582,0.0009999999
0.0009999999,499.83582,81708.63,-0.53279185,1.0000006,-0.2,,138.48921,31071,0.0009999999,-122.75892,,941.6334760189056,15.824228,-0.2,1.3590781e-09,0.0009999999,,11,-0.06666667,590,,16.673042,3854.7212,590,590.00037,,52.66271186440678,256,3946.812,-0.06666667,-92.09077,-133.48921,16.294819,-499.83582,499.83582,0.0009999999
0.0009999999,499.83582,81823.94,0.26661628,1.0000008,0.06666667,,138.44998,31090,0.0009999999,-110.302246,,943.6641771793365,17.532354,0.06666667,1.3544825e-09,0.0009999999,,11,0.06666667,591,,16.671349,3855.025,591,591.0005,,52.60575296108291,256,3947.139,0.06666667,-92.11405,-133.44998,16.296394,-499.83582,499.83582,0.0009999999
0.0009999999,499.83582,81948.47,-0.26594406,1.0000001,-0.2,,138.42647,31117,0.0009999999,-119.53416,,945.6071627140045,17.93464,0.2,1.3499104e-09,0.0009999999,,11,-0.06666667,592,,16.669659,3855.3333,592,592.00006,,52.5625,256,3947.4658,-0.2,-92.132675,-133.42647,16.298643,-499.83582,499.83582,0.0009999999
0.0009999999,499.83582,82061.41,-0.0042147487,1.0000004,0.2,,138.38348,31158,0.0009999999,-107.931015,,947.5936288833618,15.778969,0.06666667,1.3453614e-09,0.0009999999,,11,-0.06666667,593,,16.66797,3855.5984,593,593.00024,,52.54300168634064,256,3947.792,-0.2,-92.193565,-133.38348,16.29725,-499.83582,499.83582,0.0009999999
0.0009999999,499.83582,82172.48,-0.26699317,0.9999996,-0.06666667,,138.33751,31184,0.0009999999,-106.07417,,949.5194890499115,15.302049,-0.2,1.3408354e-09,0.0009999999,,11,-0.06666667,594,,16.666286,3855.9119,594,593.99976,,52.4983164983165,256,3948.1177,0.06666667,-92.20586,-133.33751,16.295063,-499.83582,499.83582,0.0009999999
0.0009999999,499.83582,82288.54,0.2682129,0.9999998,0.2,,138.30006,31201,0.0009999999,-111.06583,,951.3726940155029,16.255531,-0.06666667,1.3363322e-09,0.0009999999,,11,0.06666667,595,,16.664604,3856.2053,595,594.9999,,52.438655462184876,256,3948.4426,0.06666667,-92.23737,-133.30006,16.294481,-499.83582,499.83582,0.0009999999
0.0009999999,499.83582,82408.17,0.13414448,1.0,0.2,,138.26874,31224,0.0009999999,-114.636795,,953.3027589321136,15.7440815,-0.06666667,1.3318516e-09,0.0009999999,,11,-0.06666667,596,,16.662926,3856.4802,596,596.0,,52.38926174496644,256,3948.767,0.06666667,-92.28682,-133.26874,16.293045,-499.83582,499.83582,0.0009999999
0.0009999999,499.83582,82599.89,0.53189546,1.0000001,0.2,,138.35828,31319,0.0009999999,-186.71016,,955.4588351249695,16.166878,0.06666667,1.3273935e-09,0.0009999999,,11,0.2,597,,16.66125,3856.7593,597,597.00006,,52.460636515912896,256,3949.091,0.06666667,-92.33184,-133.35828,16.292318,-499.83582,499.83582,0.0009999999
0.0009999999,499.83582,82723.79,-0.13697293,1.0000002,-0.06666667,,138.33409,31342,0.0009999999,-118.89942,,957.42764544487,17.660965,0.2,1.3229579e-09,0.0009999999,,11,-0.06666667,598,,16.659575,3857.0632,598,598.0001,,52.41137123745819,256,3949.4143,-0.2,-92.35098,-133.33409,16.294098,-499.83582,499.83582,0.0009999999
0.0009999999,499.83582,82839.59,0.5337552,1.0000002,0.06666667,,138.29648,31383,0.0009999999,-110.80377,,959.499728679657,14.081337,0.2,1.3185443e-09,0.0009999999,,11,0.2,599,,16.657904,3857.3774,599,599.0001,,52.39232053422371,256,3949.737,0.06666667,-92.35967,-133.29648,16.289894,-499.83582,499.83582,0.0009999999
0.0009999999,499.83582,82951.93,0.13711333,1.0000001,0.06666667,,138.25322,31400,0.0009999999,-107.33782,,961.4941456317902,13.456901,-0.2,1.3141527e-09,0.0009999999,,11,0.2,600,,16.656237,3857.5908,600,600.00006,,52.333333333333336,256,3950.0596,0.06666667,-92.46868,-133.25322,16.284662,-499.83582,499.83582,0.0009999999
0.0009999999,499.83582,83067.375,0.5314107,0.9999999,0.06666667,,138.21527,31418,0.0009999999,-110.44716,,963.4930367469788,12.776983,0.2,1.3097831e-09,0.0009999999,,11,0.06666667,601,,16.65457,3857.868,601,600.99994,,52.27620632279534,256,3950.381,0.2,-92.51325,-133.21527,16.278315,-499.83582,499.83582,0.0009999999
0.0009999999,499.83582,83185.125,0.26757532,0.9999997,0.06666667,,138.18127,31436,0.0009999999,-112.745544,,965.4613773822784,15.083501,0.2,1.3054355e-09,0.0009999999,,11,-0.06666667,602,,16.652908,3858.171,602,601.9998,,52.21926910299003,256,3950.7021,0.06666667,-92.53125,-133.18127,16.275822,-499.83582,499.83582,0.0009999999
0.0009999999,499.83582,83312.53,0.13665915,0.9999993,0.2,,138.1634,31463,0.0009999999,-122.40707,,967.4813542366028,17.906334,0.2,1.3011092e-09,0.0009999999,,11,-0.2,603,,16.651249,3858.4414,603,602.9996,,52.17744610281924,256,3951.023,-0.06666667,-92.58152,-133.1634,16.278017,-499.83582,499.83582,0.0009999999
0.0009999999,499.83582,83437.64,-0.13041681,0.9999998,0.06666667,,138.14178,31497,0.0009999999,-120.10624,,969.4532868862152,16.522589,-0.2,1.2968044e-09,0.0009999999,,11,-0.2,604,,16.649591,3858.7354,604,603.9999,,52.147350993377486,256,3951.3428,0.2,-92.60732,-133.14178,16.27792,-499.83582,499.83582,0.0009999999
0.0009999999,499.83582,83560.26,0.66662586,0.99999917,0.2,,138.11613,31518,0.0009999999,-117.62137,,971.3769528865814,16.433275,0.2,1.2925211e-09,0.0009999999,,11,0.2,605,,16.647938,3859.0037,605,604.9995,,52.09586776859504,256,3951.6624,0.06666667,-92.65874,-133.11613,16.27767,-499.83582,499.83582,0.0009999999
0.0009999999,499.83582,83675.72,-0.26523846,1.0000004,-0.2,,138.07875,31534,0.0009999999,-110.45846,,973.3230559825897,16.379738,-0.06666667,1.2882588e-09,0.0009999999,,11,0.06666667,606,,16.646286,3859.312,606,606.00024,,52.03630363036304,256,3951.981,-0.06666667,-92.668846,-133.07875,16.277334,-499.83582,499.83582,0.0009999999
0.0009999999,499.83582,83796.61,-0.129774,0.9999995,-0.2,,138.05043,31568,0.0009999999,-115.8951,,975.2368984222412,17.44702,-0.2,1.2840177e-09,0.0009999999,,11,0.2,607,,16.644636,3859.6177,607,606.9997,,52.00658978583196,256,3952.2996,0.06666667,-92.68201,-133.05043,16.278753,-499.83582,499.83582,0.0009999999
0.0009999999,499.83582,83908.625,-0.26303744,1.0000004,0.06666667,,138.00761,31582,0.0009999999,-107.01646,,977.1755304336548,14.942888,-0.2,1.2797974e-09,0.0009999999,,11,-0.06666667,608,,16.64299,3859.486,608,608.00024,,51.94407894736842,256,3952.617,-0.06666667,-93.130875,-133.00761,16.276056,-499.83582,499.83582,0.0009999999
0.0009999999,499.83582,84029.72,-0.26532423,1.0000002,-0.06666667,,137.97983,31602,0.0009999999,-116.092606,,979.0987412929535,15.061751,-0.06666667,1.2755978e-09,0.0009999999,,11,0.06666667,609,,16.641348,3859.6926,609,609.0001,,51.891625615763544,256,3952.9343,-0.2,-93.241776,-132.97983,16.273558,-499.83582,499.83582,0.0009999999
0.0009999999,499.83582,84137.58,-0.13302325,1.0000008,0.06666667,,137.93045,31624,0.0009999999,-102.85616,,981.0804369449615,16.422213,0.2,1.2714191e-09,0.0009999999,,11,-0.2,610,,16.639706,3859.9292,610,610.0005,,51.842622950819674,256,3953.251,-0.2,-93.32187,-132.93045,16.2733,-499.83582,499.83582,0.0009999999
0.0009999999,499.83582,84260.39,0.1300139,1.0000004,0.2,,137.90572,31653,0.0009999999,-117.81064,,983.0144386291504,16.862467,0.2,1.2672606e-09,0.0009999999,,11,-0.06666667,611,,16.63807,3860.2036,611,611.0002,,51.805237315875615,256,3953.567,-0.2,-93.363174,-132.90572,16.27376,-499.83582,499.83582,0.0009999999
0.0009999999,499.83582,84387.2,0.6683036,1.0000005,0.06666667,,137.88759,31681,0.0009999999,-121.818794,,984.9326908588409,15.067339,0.2,1.2631226e-09,0.0009999999,,11,0.2,612,,16.636433,3860.5132,612,612.0003,,51.76633986928105,256,3953.8828,0.2,-93.36966,-132.88759,16.271292,-499.83582,499.83582,0.0009999999
0.0009999999,499.83582,84505.19,0.13478483,0.9999996,0.06666667,,137.85512,31699,0.0009999999,-112.986824,,986.8759815692902,17.29326,0.2,1.2590049e-09,0.0009999999,,11,-0.06666667,613,,16.6348,3860.7617,613,612.99976,,51.711256117455136,256,3954.1975,-0.06666667,-93.43567,-132.85512,16.27246,-499.83582,499.83582,0.0009999999
0.0009999999,499.83582,84617.84,-0.5375203,1.0000004,-0.06666667,,137.81407,31715,0.0009999999,-107.65525,,988.8641002178192,17.689718,-0.06666667,1.2549072e-09,0.0009999999,,11,-0.2,614,,16.633171,3860.954,614,614.00024,,51.653094462540714,256,3954.512,-0.2,-93.557846,-132.81407,16.274267,-499.83582,499.83582,0.0009999999
0.0009999999,499.83582,84750.66,-0.0019447282,1.0,-0.2,,137.80594,31761,0.0009999999,-127.80611,,990.9041256904602,12.446142,-0.06666667,1.2508296e-09,0.0009999999,,11,0.2,615,,16.631544,3861.0876,615,615.0,,51.64390243902439,256,3954.8262,0.06666667,-93.73845,-132.80594,16.267546,-499.83582,499.83582,0.0009999999
0.0009999999,499.83582,84891.05,-0.13055395,1.0000004,-0.2,,137.81013,31801,0.0009999999,-135.39615,,992.8533885478973,16.823143,0.2,1.2467718e-09,0.0009999999,,11,-0.06666667,616,,16.62992,3861.3733,616,616.00024,,51.625,256,3955.1396,-0.06666667,-93.76635,-132.81013,16.267952,-499.83582,499.83582,0.0009999999
0.0009999999,499.83582,85013.08,-0.3988961,1.0000005,0.06666667,,137.78456,31837,0.0009999999,-117.02995,,994.8307077884674,15.202211,-0.2,1.2427337e-09,0.0009999999,,11,-0.2,617,,16.628296,3861.6375,617,617.0003,,51.59967585089141,256,3955.4526,-0.06666667,-93.815254,-132.78456,16.265726,-499.83582,499.83582,0.0009999999
0.0009999999,499.83582,85145.86,0.1357229,1.0000004,0.2,,137.77647,31867,0.0009999999,-127.77905,,996.8041281700134,16.563066,0.06666667,1.2387152e-09,0.0009999999,,11,-0.06666667,618,,16.626677,3861.8728,618,618.00024,,51.56472491909385,256,3955.765,-0.06666667,-93.89217,-132.77647,16.265717,-499.83582,499.83582,0.0009999999
0.0009999999,499.83582,85263.766,0.13269937,0.9999991,-0.06666667,,137.74437,31885,0.0009999999,-112.91232,,998.6967806816101,16.958216,0.2,1.2347161e-09,0.0009999999,,11,0.06666667,619,,16.625061,3862.1245,619,618.99945,,51.51050080775444,256,3956.0764,-0.06666667,-93.95185,-132.74437,16.266342,-499.83582,499.83582,0.0009999999
0.0009999999,499.83582,85388.42,-0.00040228665,1.0000004,0.06666667,,137.72327,31912,0.0009999999,-119.647095,,1000.630115032196,15.210842,0.06666667,1.2307363e-09,0.0009999999,,11,0.06666667,620,,16.623446,3861.8533,620,620.00024,,51.47096774193548,256,3956.388,-0.2,-94.53477,-132.72327,16.264145,-499.83582,499.83582,0.0009999999
0.0009999999,499.83582,85511.31,-0.26234964,1.0000006,-0.2,,137.69937,31934,0.0009999999,-117.88972,,1002.4592273235321,18.009356,0.06666667,1.2267757e-09,0.0009999999,,11,-0.06666667,621,,16.621834,3861.914,621,621.00037,,51.42351046698873,256,3956.6987,-0.06666667,-94.78471,-132.69937,16.266459,-499.83582,499.83582,0.0009999999
0.0009999999,499.83582,85643.67,-0.13225886,0.9999994,-0.2,,137.6908,32434,0.0009999999,-127.36159,,1004.9854891300201,14.631804,0.06666667,1.2228343e-09,0.0009999999,,11,0.06666667,622,,16.620226,3862.106,622,621.99963,,52.144694533762056,256,3957.009,-0.06666667,-94.90302,-132.6908,16.26334,-499.83582,499.83582,0.0009999999
0.0009999999,499.83582,85765.07,-0.00020491332,1.0000008,-0.2,,137.66464,32487,0.0009999999,-116.39851,,1006.9737348556519,17.525469,0.2,1.2189117e-09,0.0009999999,,11,-0.06666667,623,,16.618618,3862.3833,623,623.00055,,52.146067415730336,256,3957.3188,0.06666667,-94.93549,-132.66464,16.264875,-499.83582,499.83582,0.0009999999
0.0009999999,499.83582,85897.31,0.40038186,1.0000002,-0.06666667,,137.65594,32519,0.0009999999,-127.243774,,1008.8782773017883,14.956655,0.06666667,1.2150081e-09,0.0009999999,,11,0.2,624,,16.617016,3862.517,624,624.0001,,52.11378205128205,256,3957.628,0.2,-95.11081,-132.65594,16.26229,-499.83582,499.83582,0.0009999999
0.0009999999,499.83582,86015.53,-0.40270805,1.0000001,-0.06666667,,137.62485,32536,0.0009999999,-113.221275,,1010.6954526901245,18.118748,-0.2,1.2111232e-09,0.0009999999,,11,-0.06666667,625,,16.615414,3862.5503,625,625.00006,,52.0576,256,3957.9365,-0.06666667,-95.38635,-132.62485,16.26477,-499.83582,499.83582,0.0009999999
0.0009999999,499.83582,86138.016,-0.00034320354,0.9999998,-0.06666667,,137.60066,32558,0.0009999999,-117.48605,,1012.5899422168732,16.51697,0.2,1.2072569e-09,0.0009999999,,11,-0.06666667,626,,16.613815,3862.7512,626,625.9999,,52.00958466453674,256,3958.2449,-0.06666667,-95.4936,-132.60066,16.264685,-499.83582,499.83582,0.0009999999
0.0009999999,499.83582,86255.12,0.26619723,1.0,0.2,,137.56796,32587,0.0009999999,-112.09821,,1014.5935208797455,13.965469,0.06666667,1.2034092e-09,0.0009999999,,11,0.06666667,627,,16.612219,3862.9849,627,627.0,,51.972886762360446,256,3958.5527,-0.06666667,-95.567856,-132.56796,16.260529,-499.83582,499.83582,0.0009999999
0.0009999999,499.83582,86375.46,-0.0007167533,1.0,-0.06666667,,137.54054,32612,0.0009999999,-115.341805,,1016.7504980564117,14.939777,-0.06666667,1.1995795e-09,0.0009999999,,11,0.2,628,,16.610626,3863.1511,628,628.0,,51.92993630573248,256,3958.8596,-0.06666667,-95.70842,-132.54054,16.257936,-499.83582,499.83582,0.0009999999
0.0009999999,499.83582,86501.96,0.40106255,1.0000006,0.06666667,,137.523,32651,0.0009999999,-121.499695,,1019.170999288559,17.491732,-0.06666667,1.1957684e-09,0.0009999999,,11,0.2,629,,16.609034,3863.352,629,629.00037,,51.909379968203496,256,3959.1665,0.2,-95.81454,-132.523,16.25941,-499.83582,499.83582,0.0009999999
0.0009999999,499.83582,86616.75,-0.5320579,0.9999999,-0.2,,137.48691,32666,0.0009999999,-109.78622,,1021.2626805305481,17.218885,-0.2,1.1919754e-09,0.0009999999,,11,-0.2,630,,16.607445,3863.5662,630,629.99994,,51.85079365079365,256,3959.4722,0.06666667,-95.90612,-132.48691,16.260448,-499.83582,499.83582,0.0009999999
0.0009999999,499.83582,86752.94,0.13384944,0.9999998,-0.06666667,,137.48485,32703,0.0009999999,-131.18802,,1023.6372680664062,15.949264,0.2,1.1882004e-09,0.0009999999,,11,-0.06666667,631,,16.60586,3863.7747,631,630.9999,,51.82725832012678,256,3959.778,0.06666667,-96.00332,-132.48485,16.259468,-499.83582,499.83582,0.0009999999
0.0009999999,499.83582,86882.22,0.13792685,1.0000004,-0.2,,137.47186,32730,0.0009999999,-124.28733,,1025.8282823562622,17.2396,-0.06666667,1.1844432e-09,0.0009999999,,11,0.2,632,,16.604277,3863.6929,632,632.00024,,51.787974683544306,256,3960.0833,0.2,-96.39049,-132.47186,16.260536,-499.83582,499.83582,0.0009999999
0.0009999999,499.83582,87025.83,0.2656802,0.9999995,0.2,,137.48157,32779,0.0009999999,-138.61153,,1028.2474448680878,14.628993,0.06666667,1.1807039e-09,0.0009999999,,11,-0.2,633,,16.602695,3863.9094,633,632.9997,,51.783570300157976,256,3960.3877,0.2,-96.478165,-132.48157,16.257477,-499.83582,499.83582,0.0009999999
0.0009999999,499.83582,87191.984,0.39799356,1.0000002,-0.06666667,,137.5268,32843,0.0009999999,-161.15768,,1030.775863647461,17.102365,0.2,1.1769821e-09,0.0009999999,,11,0.06666667,634,,16.601116,3864.0144,634,634.0002,,51.80283911671924,256,3960.692,0.2,-96.677475,-132.5268,16.258327,-499.83582,499.83582,0.0009999999
0.0009999999,499.83582,87325.64,-0.0012845173,0.9999997,0.06666667,,137.52069,32881,0.0009999999,-128.65527,,1033.1246881484985,16.696062,-0.06666667,1.173278e-09,0.0009999999,,11,0.06666667,635,,16.59954,3864.2537,635,634.9998,,51.78110236220473,256,3960.9954,-0.06666667,-96.74178,-132.52069,16.258535,-499.83582,499.83582,0.0009999999
0.0009999999,499.83582,87440.66,-0.2654893,0.9999997,0.06666667,,137.4853,32909,0.0009999999,-110.00356,,1035.3671898841858,14.653211,-0.06666667,1.1695913e-09,0.0009999999,,11,-0.06666667,636,,16.597967,3864.4233,636,635.9998,,51.7437106918239,256,3961.2986,-0.2,-96.875244,-132.4853,16.25553,-499.83582,499.83582,0.0009999999
0.0009999999,499.83582,87553.25,-0.66498065,1.0000002,-0.06666667,,137.44623,32934,0.0009999999,-107.59888,,1037.816701412201,15.180532,-0.2,1.165922e-09,0.0009999999,,11,-0.2,637,,16.596395,3864.7222,637,637.0002,,51.70172684458399,256,3961.601,-0.2,-96.87883,-132.44623,16.25336,-499.83582,499.83582,0.0009999999
0.0009999999,499.83582,87664.375,-0.13152921,0.9999995,0.2,,137.40498,32959,0.0009999999,-106.1245,,1040.0410542488098,15.785987,-0.2,1.16227e-09,0.0009999999,,11,-0.06666667,638,,16.594828,3864.9832,638,637.9997,,51.65987460815047,256,3961.9036,-0.06666667,-96.92051,-132.40498,16.252148,-499.83582,499.83582,0.0009999999
0.0009999999,499.83582,87775.22,-0.39840347,1.0000002,-0.06666667,,137.3634,32978,0.0009999999,-105.84897,,1042.213184595108,17.536724,0.06666667,1.1586351e-09,0.0009999999,,11,-0.2,639,,16.593262,3865.2559,639,639.0001,,51.60876369327074,256,3962.205,-0.2,-96.94914,-132.3634,16.253677,-499.83582,499.83582,0.0009999999
0.0009999999,499.83582,87894.83,0.53346545,0.9999995,0.06666667,,137.33566,33023,0.0009999999,-114.60624,,1044.4891180992126,17.68911,0.06666667,1.1550172e-09,0.0009999999,,11,0.2,640,,16.591698,3865.3828,640,639.9997,,51.5984375,256,3962.506,0.2,-97.123344,-132.33566,16.255444,-499.83582,499.83582,0.0009999999
0.0009999999,499.83582,88031.11,-0.40452972,1.0000004,-0.06666667,,137.33403,33058,0.0009999999,-131.27917,,1046.8053894042969,16.221472,-0.2,1.1514161e-09,0.0009999999,,11,-0.2,641,,16.590136,3865.5723,641,641.00024,,51.57254290171607,256,3962.8064,0.06666667,-97.23412,-132.33403,16.254915,-499.83582,499.83582,0.0009999999
0.0009999999,499.83582,88159.94,0.0008210093,0.9999998,-0.06666667,,137.32077,33084,0.0009999999,-123.827965,,1049.0456535816193,14.031392,-0.06666667,1.1478319e-09,0.0009999999,,11,-0.06666667,642,,16.588577,3865.6704,642,641.9999,,51.532710280373834,256,3963.1067,0.2,-97.43637,-132.32077,16.250975,-499.83582,499.83582,0.0009999999
0.0009999999,499.83582,88329.336,0.12885188,0.9999998,-0.2,,137.37067,33154,0.0009999999,-164.40451,,1051.3082308769226,16.420418,0.06666667,1.1442645e-09,0.0009999999,,11,0.2,643,,16.58702,3865.8347,643,642.9999,,51.56143079315708,256,3963.4062,0.06666667,-97.571526,-132.37067,16.250761,-499.83582,499.83582,0.0009999999
0.0009999999,499.83582,88477.69,-0.2685709,1.0000004,0.2,,137.38771,33215,0.0009999999,-143.34889,,1053.61350440979,15.626038,-0.06666667,1.1407136e-09,0.0009999999,,11,-0.2,644,,16.585466,3866.1147,644,644.00024,,51.57608695652174,256,3963.7053,-0.2,-97.5905,-132.38771,16.249315,-499.83582,499.83582,0.0009999999
0.0009999999,499.83582,88593.37,0.001660049,1.0000004,0.06666667,,137.35406,33298,0.0009999999,-110.67595,,1056.0754227638245,14.823911,0.2,1.1371794e-09,0.0009999999,,11,-0.2,645,,16.583916,3866.1382,645,645.00024,,51.624806201550385,256,3964.004,-0.06666667,-97.86581,-132.35406,16.246634,-499.83582,499.83582,0.0009999999
0.0009999999,499.83582,88719.125,-0.13390294,1.000001,0.2,,137.3361,33326,0.0009999999,-120.7559,,1058.4702095985413,15.753223,-0.2,1.1336614e-09,0.0009999999,,11,-0.2,646,,16.582365,3866.3577,646,646.0006,,51.588235294117645,256,3964.3022,0.06666667,-97.94468,-132.3361,16.245394,-499.83582,499.83582,0.0009999999
0.0009999999,499.83582,88841.7,0.2683454,1.0,-0.2,,137.3133,33347,0.0009999999,-117.58037,,1060.775335073471,17.450052,0.2,1.1301597e-09,0.0009999999,,11,0.06666667,647,,16.58082,3866.3257,647,647.0,,51.54095826893354,256,3964.5999,0.2,-98.2742,-132.3133,16.246782,-499.83582,499.83582,0.0009999999
0.0009999999,499.83582,88971.99,0.5306905,0.99999964,0.2,,137.30246,33378,0.0009999999,-125.29166,,1063.191368818283,14.789182,-0.06666667,1.1266743e-09,0.0009999999,,11,0.2,648,,16.579275,3866.4006,648,647.99976,,51.50925925925926,256,3964.8972,0.2,-98.49648,-132.30246,16.244062,-499.83582,499.83582,0.0009999999
0.0009999999,499.83582,89085.26,0.13565189,1.0000007,0.2,,137.26543,33392,0.0009999999,-108.268906,,1065.5479159355164,12.557093,-0.06666667,1.1232049e-09,0.0009999999,,11,0.2,649,,16.577732,3866.6377,649,649.0004,,51.451463790446844,256,3965.1938,-0.2,-98.55608,-132.26543,16.237907,-499.83582,499.83582,0.0009999999
0.0009999999,499.83582,89196.164,0.0005070865,1.0000002,0.2,,137.22487,33407,0.0009999999,-105.90613,,1067.7976121902466,13.174917,-0.06666667,1.1197515e-09,0.0009999999,,11,-0.06666667,650,,16.576193,3866.8386,650,650.0001,,51.395384615384614,256,3965.49,-0.06666667,-98.65144,-132.22487,16.232723,-499.83582,499.83582,0.0009999999
0.0009999999,499.83582,89317.15,0.0023965389,1.0000002,-0.06666667,,137.19992,33432,0.0009999999,-115.98208,,1070.2512474060059,17.27555,0.06666667,1.116314e-09,0.0009999999,,11,0.06666667,651,,16.574656,3866.6807,651,651.0002,,51.354838709677416,256,3965.7856,-0.06666667,-99.10507,-132.19992,16.233856,-499.83582,499.83582,0.0009999999
0.0009999999,499.83582,89434.82,-0.26680642,0.9999998,-0.2,,137.16997,33460,0.0009999999,-112.6715,,1072.5676720142365,16.369928,-0.2,1.1128926e-09,0.0009999999,,11,-0.06666667,652,,16.57312,3866.9106,652,651.9999,,51.31901840490798,256,3966.081,0.2,-99.17049,-132.16997,16.233593,-499.83582,499.83582,0.0009999999
0.0009999999,499.83582,89548.21,0.13329414,0.9999998,-0.06666667,,137.13356,33475,0.0009999999,-108.39197,,1074.9083943367004,16.735548,0.06666667,1.1094865e-09,0.0009999999,,11,0.06666667,653,,16.571589,3866.9373,653,652.9999,,51.26339969372129,256,3966.376,0.06666667,-99.43865,-132.13356,16.233896,-499.83582,499.83582,0.0009999999
0.0009999999,499.83582,89693.57,0.26622215,1.0000002,0.2,,137.14613,33518,0.0009999999,-140.36142,,1077.254094839096,17.912073,-0.2,1.1060962e-09,0.0009999999,,11,0.06666667,654,,16.570059,3867.0168,654,654.0001,,51.25076452599389,256,3966.6704,0.2,-99.65365,-132.14613,16.235994,-499.83582,499.83582,0.0009999999
0.0009999999,499.83582,89818.18,0.26493892,0.99999917,-0.06666667,,137.127,33544,0.0009999999,-119.60943,,1079.6614327430725,17.202026,0.2,1.1027214e-09,0.0009999999,,11,-0.06666667,655,,16.568531,3867.1526,655,654.99945,,51.21221374045802,256,3966.964,0.2,-99.81144,-132.127,16.237003,-499.83582,499.83582,0.0009999999
0.0009999999,499.83582,89944.4,0.53126925,1.0000005,0.2,,137.11037,33568,0.0009999999,-121.21884,,1081.8653032779694,15.226136,0.2,1.0993619e-09,0.0009999999,,11,-0.06666667,656,,16.567005,3867.2197,656,656.0003,,51.170731707317074,256,3967.2578,0.2,-100.03813,-132.11037,16.234995,-499.83582,499.83582,0.0009999999
0.0009999999,499.83582,90082.43,-0.13389882,1.0000002,-0.2,,137.11177,33606,0.0009999999,-133.0298,,1084.167849779129,16.240677,-0.06666667,1.0960178e-09,0.0009999999,,11,0.06666667,657,,16.565481,3867.4097,657,657.0001,,51.15068493150685,256,3967.5505,0.06666667,-100.14078,-132.11177,16.234537,-499.83582,499.83582,0.0009999999
0.0009999999,499.83582,90205.25,-0.26761848,0.99999946,-0.2,,137.09004,33628,0.0009999999,-117.8134,,1086.3604850769043,17.343523,0.2,1.092689e-09,0.0009999999,,11,-0.2,658,,16.563961,3867.6997,658,657.99963,,51.1063829787234,256,3967.843,-0.06666667,-100.14329,-132.09004,16.235756,-499.83582,499.83582,0.0009999999
0.0009999999,499.83582,90352.95,0.13552296,0.99999917,0.06666667,,137.10616,33676,0.0009999999,-142.70612,,1088.591194152832,16.553074,-0.06666667,1.0893754e-09,0.0009999999,,11,0.06666667,659,,16.562443,3867.9028,659,658.99945,,51.101669195751136,256,3968.1348,0.06666667,-100.23189,-132.10616,16.235773,-499.83582,499.83582,0.0009999999
0.0009999999,499.83582,90482.48,0.13356146,1.0000002,0.2,,137.09467,33708,0.0009999999,-124.52546,,1090.9274110794067,15.876727,-0.06666667,1.0860767e-09,0.0009999999,,11,0.06666667,660,,16.560926,3868.134,660,660.0001,,51.07272727272727,256,3968.4265,-0.06666667,-100.292435,-132.09467,16.234764,-499.83582,499.83582,0.0009999999
0.0009999999,499.83582,90594.71,-0.5345273,0.99999964,-0.06666667,,137.05705,33728,0.0009999999,-107.23408,,1093.1397569179535,17.291586,-0.2,1.0827931e-09,0.0009999999,,11,-0.2,661,,16.559412,3868.2827,661,660.99976,,51.02571860816944,256,3968.7175,-0.06666667,-100.434814,-132.05705,16.235903,-499.83582,499.83582,0.0009999999
0.0009999999,499.83582,90723.59,0.5307454,1.0000004,0.2,,137.04471,33759,0.0009999999,-123.88102,,1095.320163488388,17.05926,0.06666667,1.0795244e-09,0.0009999999,,11,0.06666667,662,,16.5579,3868.3806,662,662.00024,,50.99546827794562,256,3969.0083,0.2,-100.62761,-132.04471,16.236683,-499.83582,499.83582,0.0009999999
0.0009999999,499.83582,90847.34,-0.3999487,0.9999997,0.06666667,,137.02466,33781,0.0009999999,-118.75007,,1097.5245497226715,16.987637,-0.06666667,1.0762701e-09,0.0009999999,,11,-0.2,663,,16.55639,3868.612,663,662.9998,,50.951734539969834,256,3969.2986,-0.2,-100.68652,-132.02466,16.237352,-499.83582,499.83582,0.0009999999
0.0009999999,499.83582,90975.78,0.1346753,0.99999934,0.06666667,,137.01172,33821,0.0009999999,-123.44059,,1099.8234632015228,17.19393,0.06666667,1.0730308e-09,0.0009999999,,11,0.06666667,664,,16.554884,3868.7222,664,663.9996,,50.93524096385542,256,3969.5881,-0.06666667,-100.86601,-132.01172,16.238335,-499.83582,499.83582,0.0009999999
0.0009999999,499.83582,91124.11,-0.13352257,1.0000002,-0.06666667,,137.02873,33876,0.0009999999,-143.32147,,1102.197254896164,16.36265,-0.06666667,1.0698061e-09,0.0009999999,,11,0.06666667,665,,16.55338,3868.9656,665,665.0002,,50.94135338345865,256,3969.8774,-0.06666667,-100.911865,-132.02873,16.238062,-499.83582,499.83582,0.0009999999
0.0009999999,499.83582,91258.02,0.13277969,0.9999997,0.06666667,,137.02406,33908,0.0009999999,-128.91809,,1104.5204842090607,16.036863,0.06666667,1.0665959e-09,0.0009999999,,11,-0.06666667,666,,16.551876,3868.9353,666,665.9998,,50.912912912912915,256,3970.1663,0.06666667,-101.23089,-132.02406,16.237295,-499.83582,499.83582,0.0009999999
0.0009999999,499.83582,91411.42,-0.26457942,1.0000004,-0.06666667,,137.04861,33959,0.0009999999,-148.39998,,1106.6686656475067,14.99617,-0.2,1.0634e-09,0.0009999999,,11,-0.2,667,,16.550375,3868.752,667,667.00024,,50.91304347826087,256,3970.4543,0.2,-101.7024,-132.04861,16.234978,-499.83582,499.83582,0.0009999999
0.0009999999,499.83582,91547.15,0.13310516,0.9999995,0.06666667,,137.04663,34002,0.0009999999,-130.72482,,1108.7017228603363,16.010328,-0.2,1.0602187e-09,0.0009999999,,11,0.06666667,668,,16.548878,3869.0361,668,667.9997,,50.90119760479042,256,3970.7422,0.2,-101.70593,-132.04663,16.234184,-499.83582,499.83582,0.0009999999
0.0009999999,499.83582,91666.13,0.2639883,1.0,-0.06666667,,137.01964,34021,0.0009999999,-113.983025,,1110.7608199119568,16.158903,0.06666667,1.0570513e-09,0.0009999999,,11,0.2,669,,16.547382,3869.262,669,669.0,,50.85351270553064,256,3971.0295,0.06666667,-101.76758,-132.01964,16.233614,-499.83582,499.83582,0.0009999999
0.0009999999,499.83582,91790.13,-0.26525903,1.0000007,0.06666667,,137.0002,34052,0.0009999999,-118.99865,,1112.8513882160187,16.747,-0.06666667,1.0538984e-09,0.0009999999,,11,-0.2,670,,16.545887,3869.4702,670,670.0005,,50.82388059701493,256,3971.317,-0.06666667,-101.8467,-132.0002,16.233923,-499.83582,499.83582,0.0009999999
0.0009999999,499.83582,91937.69,0.26794672,1.000001,0.06666667,,137.01593,34100,0.0009999999,-142.55435,,1114.8391606807709,17.5707,-0.2,1.0507595e-09,0.0009999999,,11,0.2,671,,16.544395,3869.654,671,671.0006,,50.81967213114754,256,3971.6033,0.2,-101.94926,-132.01593,16.235458,-499.83582,499.83582,0.0009999999
0.0009999999,499.83582,92050.06,0.13391003,0.99999934,0.2,,136.97926,34115,0.0009999999,-107.3776,,1116.8957061767578,16.740372,-0.06666667,1.0476345e-09,0.0009999999,,11,-0.2,672,,16.542908,3869.364,672,671.9996,,50.76636904761905,256,3971.8894,0.2,-102.52548,-131.97926,16.235756,-499.83582,499.83582,0.0009999999
0.0009999999,499.83582,92240.05,-0.26739967,1.0000002,-0.06666667,,137.05801,34204,0.0009999999,-184.98433,,1119.00967669487,17.37466,-0.06666667,1.0445235e-09,0.0009999999,,11,-0.06666667,673,,16.54142,3868.7358,673,673.0001,,50.82317979197622,256,3972.175,-0.06666667,-103.43922,-132.05801,16.236992,-499.83582,499.83582,0.0009999999
0.0009999999,499.83582,92396.734,0.26895547,0.9999993,-0.06666667,,137.08714,34258,0.0009999999,-151.6898,,1120.985916376114,17.482502,-0.06666667,1.0414263e-09,0.0009999999,,11,0.2,674,,16.539936,3868.6636,674,673.9995,,50.82789317507418,256,3972.4604,0.2,-103.79686,-132.08714,16.238386,-499.83582,499.83582,0.0009999999
0.0009999999,499.83582,92515.41,0.13209105,0.99999964,0.2,,137.05986,34276,0.0009999999,-113.67492,,1123.0902380943298,13.43379,0.06666667,1.0383429e-09,0.0009999999,,11,-0.2,675,,16.538452,3868.149,675,674.99976,,50.77925925925926,256,3972.7449,0.06666667,-104.596016,-132.05986,16.233776,-499.83582,499.83582,0.0009999999
0.0009999999,499.83582,92646.66,0.003480956,1.0000004,-0.06666667,,137.05127,34304,0.0009999999,-126.24206,,1125.1255214214325,15.340963,0.2,1.0352731e-09,0.0009999999,,11,-0.2,676,,16.536972,3868.1511,676,676.00024,,50.74556213017752,256,3973.0293,0.06666667,-104.878204,-132.05127,16.232002,-499.83582,499.83582,0.0009999999
0.0009999999,499.83582,92782.2,0.13172492,1.0000004,0.06666667,,137.04904,34339,0.0009999999,-130.55305,,1127.1179926395416,13.18129,0.2,1.032217e-09,0.0009999999,,11,-0.2,677,,16.535494,3867.4814,677,677.00024,,50.72230428360414,256,3973.313,0.06666667,-105.831635,-132.04904,16.227045,-499.83582,499.83582,0.0009999999
0.0009999999,499.83582,92913.44,-0.1326431,1.0000006,0.06666667,,137.04047,34371,0.0009999999,-126.22978,,1129.1403007507324,16.693378,-0.06666667,1.0291743e-09,0.0009999999,,11,-0.06666667,678,,16.534018,3866.7585,678,678.00037,,50.69469026548673,256,3973.5967,-0.06666667,-106.838196,-132.04047,16.227283,-499.83582,499.83582,0.0009999999
0.0009999999,499.83582,93039.46,-0.13195084,1.0000002,-0.06666667,,137.02425,34409,0.0009999999,-121.025085,,1131.1562905311584,17.889406,0.2,1.0261454e-09,0.0009999999,,11,-0.2,679,,16.532545,3866.5715,679,679.0001,,50.6759941089838,256,3973.8794,-0.06666667,-107.3079,-132.02425,16.22928,-499.83582,499.83582,0.0009999999
0.0009999999,499.83582,93168.16,-0.13188341,1.0,-0.2,,137.012,34435,0.0009999999,-123.69508,,1133.0726730823517,17.630217,0.2,1.0231295e-09,0.0009999999,,11,-0.2,680,,16.531073,3866.7483,680,680.0,,50.63970588235294,256,3974.1619,0.06666667,-107.41354,-132.012,16.23089,-499.83582,499.83582,0.0009999999
0.0009999999,499.83582,93308.13,0.26568827,0.99999917,0.06666667,,137.01634,34479,0.0009999999,-134.97818,,1135.0343613624573,15.058703,-0.06666667,1.0201269e-09,0.0009999999,,11,0.06666667,681,,16.529604,3866.9756,681,680.99945,,50.629955947136565,256,3974.444,0.2,-107.46859,-132.01634,16.22872,-499.83582,499.83582,0.0009999999
0.0009999999,499.83582,93465.18,-0.0020426512,1.0000006,-0.2,,137.04572,34534,0.0009999999,-152.04451,,1137.0805785655975,17.502928,0.06666667,1.0171374e-09,0.0009999999,,11,0.06666667,682,,16.528135,3867.2095,682,682.00037,,50.63636363636363,256,3974.7258,0.06666667,-107.516266,-132.04572,16.230139,-499.83582,499.83582,0.0009999999
0.0009999999,499.83582,93602.734,-0.26834527,1.0000001,0.06666667,,137.04646,34572,0.0009999999,-132.55083,,1139.0051782131195,16.665668,0.06666667,1.0141612e-09,0.0009999999,,11,-0.2,683,,16.52667,3867.3547,683,683.0001,,50.61786237188873,256,3975.0068,-0.2,-107.652145,-132.04646,16.230328,-499.83582,499.83582,0.0009999999
0.0009999999,499.83582,93710.484,0.0016631559,1.0,0.2,,137.00363,34594,0.0009999999,-102.752785,,1140.9947106838226,17.155218,-0.06666667,1.011198e-09,0.0009999999,,11,-0.2,684,,16.525208,3866.9597,684,684.0,,50.57602339181287,256,3975.288,0.06666667,-108.32827,-132.00363,16.231232,-499.83582,499.83582,0.0009999999
0.0009999999,499.83582,93884.945,0.13079122,1.0000001,-0.06666667,,137.05832,34665,0.0009999999,-169.46498,,1143.1004493236542,16.72536,-0.06666667,1.0082478e-09,0.0009999999,,11,0.2,685,,16.523746,3866.8884,685,685.00006,,50.605839416058394,256,3975.5684,0.06666667,-108.67989,-132.05832,16.231508,-499.83582,499.83582,0.0009999999
0.0009999999,499.83582,94003.86,-0.13375217,1.0000005,-0.06666667,,137.03186,34684,0.0009999999,-113.90949,,1145.1756749153137,16.32832,0.06666667,1.0053103e-09,0.0009999999,,11,-0.06666667,686,,16.522287,3865.2583,686,686.0003,,50.559766763848394,256,3975.8481,-0.06666667,-110.58987,-132.03186,16.231201,-499.83582,499.83582,0.0009999999
0.0009999999,499.83582,94130.66,-0.13089971,1.0,0.06666667,,137.01697,34740,0.0009999999,-121.80308,,1147.2317695617676,12.751576,0.06666667,1.0023857e-09,0.0009999999,,11,-0.2,687,,16.520832,3865.4387,687,687.0,,50.56768558951965,256,3976.1277,-0.06666667,-110.68903,-132.01697,16.225693,-499.83582,499.83582,0.0009999999
0.0009999999,499.83582,94284.26,0.26566628,0.9999998,0.2,,137.04108,34797,0.0009999999,-148.59775,,1149.3897368907928,17.198614,0.06666667,9.994741e-10,0.0009999999,,11,-0.06666667,688,,16.519377,3865.4402,688,687.9999,,50.57703488372093,256,3976.4067,0.06666667,-110.96664,-132.04108,16.226662,-499.83582,499.83582,0.0009999999
0.0009999999,499.83582,94408.93,-0.66828656,1.0000008,-0.2,,137.02312,34821,0.0009999999,-119.673744,,1151.536295890808,14.752792,-0.2,9.965749e-10,0.0009999999,,11,-0.2,689,,16.517923,3865.2893,689,689.00055,,50.53846153846154,256,3976.6853,-0.06666667,-111.39597,-132.02312,16.224077,-499.83582,499.83582,0.0009999999
0.0009999999,499.83582,94545.4,-0.0031726956,1.0000001,-0.2,,137.02232,34869,0.0009999999,-131.46762,,1153.5130274295807,17.206688,-0.06666667,9.936884e-10,0.0009999999,,11,0.06666667,690,,16.516474,3862.4429,690,690.00006,,50.53478260869565,256,3976.9636,0.2,-114.52072,-132.02232,16.225056,-499.83582,499.83582,0.0009999999
0.0009999999,499.83582,94688.53,0.0044460073,1.0000005,0.06666667,,137.03116,34913,0.0009999999,-138.13182,,1155.672467470169,16.555647,-0.06666667,9.908143e-10,0.0009999999,,11,-0.06666667,691,,16.515026,3861.6028,691,691.00037,,50.525325615050654,256,3977.2415,0.06666667,-115.6387,-132.03116,16.22509,-499.83582,499.83582,0.0009999999
0.0009999999,499.83582,94863.62,0.000423342,1.0000001,-0.06666667,,137.08615,34996,0.0009999999,-170.087,,1157.8382503986359,14.8826,0.06666667,9.879528e-10,0.0009999999,,11,-0.06666667,692,,16.51358,3861.7463,692,692.0001,,50.57225433526011,256,3977.5188,0.06666667,-115.77242,-132.08615,16.22271,-499.83582,499.83582,0.0009999999
0.0009999999,499.83582,95008.71,-0.13128157,1.0000008,-0.06666667,,137.0977,35038,0.0009999999,-140.0918,,1159.863044977188,16.936384,-0.06666667,9.851036e-10,0.0009999999,,11,-0.06666667,693,,16.512135,3861.6716,693,693.0006,,50.55988455988456,256,3977.796,0.06666667,-116.12425,-132.0977,16.223299,-499.83582,499.83582,0.0009999999
0.0009999999,499.83582,95168.19,0.13568774,0.99999994,0.06666667,,137.12996,35102,0.0009999999,-154.47678,,1161.948132276535,16.127464,-0.06666667,9.822667e-10,0.0009999999,,11,-0.06666667,694,,16.510693,3858.922,694,693.99994,,50.5792507204611,256,3978.0725,0.2,-119.15045,-132.12996,16.22272,-499.83582,499.83582,0.0009999999
0.0009999999,499.83582,95297.516,0.0013338476,0.9999991,0.2,,137.11873,35128,0.0009999999,-124.33292,,1163.9518275260925,13.510266,0.06666667,9.794421e-10,0.0009999999,,11,-0.2,695,,16.509254,3858.3267,695,694.9994,,50.54388489208633,256,3978.3486,-0.06666667,-120.02185,-132.11873,16.218374,-499.83582,499.83582,0.0009999999
0.0009999999,499.83582,95420.55,0.2674412,1.0000005,-0.06666667,,137.09848,35158,0.0009999999,-118.02412,,1166.0310082435608,17.590218,0.06666667,9.766296e-10,0.0009999999,,11,0.06666667,696,,16.507816,3857.4924,696,696.0003,,50.514367816091955,256,3978.6248,0.2,-121.13221,-132.09848,16.219904,-499.83582,499.83582,0.0009999999
0.0009999999,499.83582,95576.43,0.26779896,1.0,0.2,,137.12544,35218,0.0009999999,-150.88853,,1168.131760597229,10.135475,-0.06666667,9.738292e-10,0.0009999999,,11,-0.06666667,697,,16.50638,3854.003,697,697.0,,50.52797704447633,256,3978.8997,0.2,-124.8967,-132.12544,16.21074,-499.83582,499.83582,0.0009999999
0.0009999999,499.83582,95729.44,0.13181451,0.99999964,-0.06666667,,137.1482,35268,0.0009999999,-148.01097,,1170.1443424224854,17.426064,-0.06666667,9.710409e-10,0.0009999999,,11,0.06666667,698,,16.504946,3854.1133,698,697.99976,,50.52722063037249,256,3979.1748,0.2,-125.06145,-132.1482,16.212042,-499.83582,499.83582,0.0009999999
0.0009999999,499.83582,95869.47,0.26688603,0.99999946,0.06666667,,137.15231,35305,0.0009999999,-135.02992,,1172.207858800888,16.47928,0.06666667,9.682645e-10,0.0009999999,,11,-0.06666667,699,,16.503515,3850.6172,699,698.99963,,50.50786838340486,256,3979.4495,0.2,-128.8323,-132.15231,16.211985,-499.83582,499.83582,0.0009999999
0.0009999999,499.83582,95987.484,-0.0028067827,1.0000004,0.06666667,,137.12498,35324,0.0009999999,-113.00878,,1174.25519156456,16.697866,0.06666667,9.655e-10,0.0009999999,,11,-0.2,700,,16.502085,3850.1152,700,700.00024,,50.462857142857146,256,3979.7234,0.06666667,-129.60826,-132.12498,16.21224,-499.83582,499.83582,0.0009999999
0.0009999999,499.83582,96129.8,0.40174404,0.99999946,0.06666667,,137.13239,35368,0.0009999999,-137.31685,,1176.3604860305786,14.522258,0.06666667,9.627473e-10,0.0009999999,,11,0.2,701,,16.500658,3850.3196,701,700.99963,,50.45363766048502,256,3979.997,0.06666667,-129.6774,-132.13239,16.209394,-499.83582,499.83582,0.0009999999
0.0009999999,499.83582,96247.34,-0.0012538731,0.99999976,0.06666667,,137.10448,35388,0.0009999999,-112.54608,,1178.3763029575348,17.302084,-0.06666667,9.600064e-10,0.0009999999,,11,-0.2,702,,16.499231,3850.4314,702,701.9998,,50.41025641025641,256,3980.2703,0.2,-129.83876,-132.10448,16.210516,-499.83582,499.83582,0.0009999999
0.0009999999,499.83582,96401.69,-0.39946723,1.0000001,-0.06666667,,137.129,35439,0.0009999999,-149.3476,,1180.3062295913696,16.625523,-0.06666667,9.572771e-10,0.0009999999,,11,-0.2,703,,16.497808,3847.9866,703,703.00006,,50.41109530583215,256,3980.5432,-0.06666667,-132.5567,-132.129,16.210669,-499.83582,499.83582,0.0009999999
0.0009999999,499.83582,96551.73,-0.53058,0.99999964,-0.2,,137.14734,35558,0.0009999999,-145.03462,,1182.4710154533386,17.024588,-0.06666667,9.545595e-10,0.0009999999,,11,-0.2,704,,16.496387,3847.4272,704,703.99976,,50.50852272727273,256,3980.8154,-0.06666667,-133.38815,-132.14734,16.211393,-499.83582,499.83582,0.0009999999
0.0009999999,499.83582,96708.32,0.13043848,1.0000001,0.06666667,,137.17493,36058,0.0009999999,-151.59334,,1185.138014793396,15.846717,0.06666667,9.518534e-10,0.0009999999,,11,-0.2,705,,16.494968,3847.0427,705,705.0001,,51.14609929078014,256,3981.0876,0.2,-134.04503,-132.17493,16.21044,-499.83582,499.83582,0.0009999999
0.0009999999,499.83582,96858.76,0.40036118,0.99999994,0.2,,137.19371,36105,0.0009999999,-145.43895,,1187.1599321365356,15.818724,0.06666667,9.491591e-10,0.0009999999,,11,-0.06666667,706,,16.49355,3844.878,706,705.99994,,51.140226628895185,256,3981.3591,0.2,-136.48122,-132.19371,16.20945,-499.83582,499.83582,0.0009999999
0.0009999999,499.83582,96988.53,-0.13445766,1.0000007,0.06666667,,137.18321,36132,0.0009999999,-124.76825,,1189.037279844284,16.893911,-0.06666667,9.46476e-10,0.0009999999,,11,-0.2,707,,16.492134,3842.7356,707,707.0005,,51.106082036775106,256,3981.6306,0.06666667,-138.89491,-132.18321,16.209988,-499.83582,499.83582,0.0009999999
0.0009999999,499.83582,97124.69,-0.13277334,1.0000006,0.2,,137.18176,36169,0.0009999999,-131.15758,,1190.9540116786957,16.502966,-0.06666667,9.438041e-10,0.0009999999,,11,-0.2,708,,16.49072,3840.7417,708,708.0004,,51.086158192090394,256,3981.9014,-0.06666667,-141.15955,-132.18176,16.209967,-499.83582,499.83582,0.0009999999
0.0009999999,499.83582,97285.77,-0.2642452,0.99999964,-0.06666667,,137.21548,36246,0.0009999999,-156.08807,,1193.034541130066,16.77362,0.06666667,9.411437e-10,0.0009999999,,11,-0.2,709,,16.48931,3819.2112,709,708.99976,,51.122708039492245,256,3982.1716,-0.06666667,-162.96046,-132.21548,16.210331,-499.83582,499.83582,0.0009999999
0.0009999999,499.83582,97454.93,0.13481459,0.99999976,-0.2,,137.26047,36373,0.0009999999,-164.15395,,1195.1717400550842,15.741476,0.06666667,9.384945e-10,0.0009999999,,11,0.06666667,710,,16.4879,3817.1633,710,709.9998,,51.22957746478873,256,3982.4417,0.2,-165.27823,-132.26047,16.209238,-499.83582,499.83582,0.0009999999
0.0009999999,499.83582,97598.96,0.00030119717,1.0000008,-0.06666667,,137.26999,36426,0.0009999999,-139.03145,,1197.250411748886,16.26933,0.06666667,9.358564e-10,0.0009999999,,11,-0.2,711,,16.486492,3798.9714,711,711.0006,,51.232067510548525,256,3982.7114,0.2,-183.7401,-132.26999,16.208893,-499.83582,499.83582,0.0009999999
0.0009999999,499.83582,97869.734,-0.2646514,1.0000001,-0.06666667,,137.45749,36596,0.0009999999,-265.77936,,1199.915845155716,14.009564,-0.06666667,9.332294e-10,0.0009999999,,11,-0.2,712,,16.485088,3795.102,712,712.0001,,51.39887640449438,256,3982.9805,0.06666667,-187.87831,-132.45749,16.205374,-499.83582,499.83582,0.0009999999
0.0009999999,499.83582,98145.19,-0.13194375,0.99999946,-0.06666667,,137.65103,36780,0.0009999999,-270.45654,,1202.606211900711,17.272614,0.06666667,9.306135e-10,0.0009999999,,11,-0.2,713,,16.483685,3789.446,713,712.99963,,51.58485273492286,256,3983.2498,0.06666667,-193.80376,-132.65103,16.206442,-499.83582,499.83582,0.0009999999
0.0009999999,499.83582,98332.18,-0.39716116,0.9999998,-0.2,,137.72014,36868,0.0009999999,-181.98499,,1205.1652555465698,17.300018,0.06666667,9.2800856e-10,0.0009999999,,11,-0.2,714,,16.482283,3767.545,714,713.9999,,51.635854341736696,256,3983.5178,-0.06666667,-215.97299,-132.72014,16.207544,-499.83582,499.83582,0.0009999999
0.0009999999,499.83582,98565.625,-0.12956358,1.0000002,-0.06666667,,137.85402,37368,0.0009999999,-228.44447,,1208.3342962265015,15.387913,-0.06666667,9.2541447e-10,0.0009999999,,11,-0.2,715,,16.480883,3756.5105,715,715.0002,,52.26293706293706,256,3983.7861,0.2,-227.27574,-132.85402,16.20597,-499.83582,499.83582,0.0009999999
0.0009999999,499.83582,98800.2,-0.26736924,0.99999976,-0.2,,137.9891,37500,0.0009999999,-229.57794,,1210.784594297409,14.960455,-0.06666667,9.2283137e-10,0.0009999999,,11,-0.06666667,716,,16.479485,3599.7998,716,715.9998,,52.374301675977655,256,3984.054,0.06666667,-384.25415,-132.9891,16.203802,-499.83582,499.83582,0.0009999999
0.0009999999,499.83582,99302.125,-0.26686418,1.0000002,-0.2,,138.49669,38000,0.0009999999,-496.9236,,1213.7638883590698,12.626811,0.06666667,9.202591e-10,0.0009999999,,11,-0.2,717,,16.47809,3599.771,717,717.0002,,52.99860529986053,256,3984.3208,0.06666667,-384.54987,-133.49669,16.198387,-499.83582,499.83582,0.0009999999
0.0009999999,499.83582,99802.51,-0.26564297,0.9999998,-0.2,,139.0007,38500,0.0009999999,-495.38138,,1216.3696987628937,17.658375,-0.06666667,9.176974e-10,0.0009999999,,11,-0.2,718,,16.476696,3595.3225,718,717.9999,,53.62116991643454,256,3984.588,0.2,-389.2654,-134.0007,16.199993,-499.83582,499.83582,0.0009999999
0.0009999999,499.83582,100301.516,-0.13485214,1.0000005,-0.2,,139.50142,39000,0.0009999999,-494.0067,,1219.3257105350494,17.375938,-0.06666667,9.151464e-10,0.0009999999,,11,-0.06666667,719,,16.475304,3595.3198,719,719.0003,,54.24200278164117,256,3984.8545,0.2,-389.53476,-134.50142,16.201204,-499.83582,499.83582,0.0009999999
0.0009999999,499.83582,100803.34,-0.13479148,0.99999917,-0.2,,140.00464,39500,0.0009999999,-496.83115,,1222.5991065502167,16.38976,0.06666667,9.1260616e-10,0.0009999999,,11,-0.06666667,720,,16.473915,3592.987,720,719.9994,,54.861111111111114,256,3985.1206,0.06666667,-392.1336,-135.00464,16.201042,-499.83582,499.83582,0.0009999999
0.0009999999,499.83582,101301.11,0.00010535121,0.99999976,-0.2,,140.50084,40000,0.0009999999,-492.76242,,1225.5993964672089,16.446386,0.06666667,9.1007635e-10,0.0009999999,,11,-0.06666667,721,,16.472527,3593.1643,721,720.9998,,55.478502080443825,256,3985.3862,0.2,-392.22195,-135.50084,16.200954,-499.83582,499.83582,0.0009999999
0.0009999999,499.83582,101793.97,-0.40163863,1.0000005,-0.2,,140.98888,40500,0.0009999999,-487.86258,,1228.5344302654266,16.954266,-0.06666667,9.075572e-10,0.0009999999,,11,-0.2,722,,16.47114,3592.5232,722,722.0003,,56.094182825484765,256,3985.6516,0.06666667,-393.1284,-135.98888,16.201576,-499.83582,499.83582,0.0009999999
0.0009999999,499.83582,102294.266,-0.13447717,0.99999917,-0.2,,141.48584,41000,0.0009999999,-495.29703,,1231.4570004940033,17.486118,0.06666667,9.0504826e-10,0.0009999999,,11,-0.2,723,,16.469757,3592.7393,723,722.9994,,56.708160442600274,256,3985.9165,0.2,-393.17725,-136.48584,16.202929,-499.83582,499.83582,0.0009999999
0.0009999999,499.83582,102798.42,-0.40200135,0.99999934,-0.2,,141.98677,41500,0.0009999999,-499.15512,,1234.6341948509216,17.480154,-0.06666667,9.0255e-10,0.0009999999,,11,-0.06666667,724,,16.468374,2768.4685,724,361.99976,,57.32044198895028,256,2818.6558,-0.06666667,-50.18728,-136.98677,16.20427,-499.83582,499.83582,0.0009999999
0.0009999999,499.83582,102848.484,-0.39700493,1.0,-0.2,,141.85999,42000,0.0009999999,-45.06154,,1237.6337628364563,17.446537,0.06666667,9.000618e-10,0.0009999999,,11,-0.06666667,725,,16.466993,2718.1575,725,362.5,,57.93103448275862,256,2818.8423,-0.2,-100.68487,-136.85999,16.205725,-499.83582,499.83582,0.0009999999
0.0009999999,499.83582,102955.69,-0.53201044,1.0000001,-0.2,,141.81224,42089,0.0009999999,-102.20437,,1240.0628125667572,16.587114,-0.06666667,8.97584e-10,0.0009999999,,11,-0.06666667,726,,16.465616,2716.5908,726,363.00024,,57.97382920110193,256,2819.029,-0.2,-102.43819,-136.81224,16.20599,-499.83582,499.83582,0.0009999999
0.0009999999,499.83582,103072.016,-0.40068987,0.9999998,-0.2,,141.77719,42147,0.0009999999,-111.325325,,1242.383383989334,17.4071,-0.06666667,8.951164e-10,0.0009999999,,11,0.06666667,727,,16.46424,2714.5361,727,363.50012,,57.9738651994498,256,2819.215,-0.2,-104.67902,-136.77719,16.20738,-499.83582,499.83582,0.0009999999
0.0009999999,499.83582,103181.31,-0.39891237,1.0,0.06666667,,141.73257,42234,0.0009999999,-104.30202,,1244.9115533828735,16.207224,-0.2,8.92659e-10,0.0009999999,,11,-0.06666667,728,,16.462864,2714.683,728,364.0,,58.01373626373626,256,2819.4014,-0.2,-104.71823,-136.73257,16.207123,-499.83582,499.83582,0.0009999999
0.0009999999,499.83582,103298.33,-0.0049900487,1.0000006,0.06666667,,141.69867,42253,0.0009999999,-112.00818,,1247.3282296657562,17.804703,-0.2,8.9021174e-10,0.0009999999,,11,0.2,729,,16.461493,2714.4153,729,364.5002,,57.960219478738,256,2819.587,-0.06666667,-105.17167,-136.69867,16.209057,-499.83582,499.83582,0.0009999999
0.0009999999,499.83582,103412.09,-0.26524323,0.9999998,-0.06666667,,141.6604,42286,0.0009999999,-108.77058,,1249.7144739627838,13.245567,0.2,8.8777435e-10,0.0009999999,,11,-0.2,730,,16.460121,2714.459,730,365.0001,,57.92602739726028,256,2819.7725,-0.2,-105.31346,-136.6604,16.20474,-499.83582,499.83582,0.0009999999
0.0009999999,499.83582,103533.31,0.26484984,0.9999998,0.2,,141.63243,42320,0.0009999999,-116.21048,,1252.1392595767975,16.935007,-0.06666667,8.853471e-10,0.0009999999,,11,0.2,731,,16.458752,2714.3298,731,365.49994,,57.89329685362517,256,2819.9578,-0.06666667,-105.62795,-136.63243,16.205479,-499.83582,499.83582,0.0009999999
0.0009999999,499.83582,103653.2,0.13285723,1.0000004,0.2,,141.60274,42348,0.0009999999,-114.8995,,1254.570826292038,16.157595,0.06666667,8.8292984e-10,0.0009999999,,11,0.06666667,732,,16.457384,2714.3657,732,366.00012,,57.85245901639344,256,2820.1423,-0.2,-105.77666,-136.60274,16.205156,-499.83582,499.83582,0.0009999999
0.0009999999,499.83582,103763.18,0.13262063,1.0000004,0.06666667,,141.55959,42368,0.0009999999,-104.97432,,1256.8159906864166,16.960602,0.06666667,8.805224e-10,0.0009999999,,11,0.2,733,,16.45602,2714.4807,733,366.5003,,57.80081855388813,256,2820.3274,-0.2,-105.84671,-136.55959,16.205933,-499.83582,499.83582,0.0009999999
0.0009999999,499.83582,103881.42,-0.13165542,0.99999934,-0.06666667,,141.52782,42388,0.0009999999,-113.24701,,1259.1895062923431,15.888779,0.06666667,8.781249e-10,0.0009999999,,11,0.06666667,734,,16.454657,2714.5896,734,366.99976,,57.74931880108992,256,2820.5117,-0.2,-105.92206,-136.52782,16.205242,-499.83582,499.83582,0.0009999999
0.0009999999,499.83582,103991.82,0.26626575,0.99999964,0.2,,141.48547,42408,0.0009999999,-105.394745,,1261.6151537895203,17.245708,0.06666667,8.7573704e-10,0.0009999999,,11,0.2,735,,16.453295,2714.7737,735,367.49988,,57.69795918367347,256,2820.6958,-0.2,-105.9222,-136.48547,16.206404,-499.83582,499.83582,0.0009999999
0.0009999999,499.83582,104100.97,-0.12969843,1.0,0.06666667,,141.44153,42423,0.0009999999,-104.14966,,1263.9855682849884,17.85228,0.06666667,8.73359e-10,0.0009999999,,11,-0.06666667,736,,16.451935,2714.9248,736,368.0,,57.639945652173914,256,2820.8796,-0.2,-105.95493,-136.44153,16.208382,-499.83582,499.83582,0.0009999999
0.0009999999,499.83582,104214.33,-0.0035381094,1.0000004,0.06666667,,141.40343,42466,0.0009999999,-108.35973,,1266.4269490242004,16.475586,-0.2,8.709905e-10,0.0009999999,,11,0.06666667,737,,16.450577,2715.0854,737,368.50012,,57.620081411126186,256,2821.0632,0.06666667,-105.97776,-136.40343,16.208487,-499.83582,499.83582,0.0009999999
0.0009999999,499.83582,104333.32,-0.1332218,1.0,-0.06666667,,141.37306,42490,0.0009999999,-113.99459,,1268.691882610321,14.484612,-0.2,8.686318e-10,0.0009999999,,11,0.2,738,,16.449223,2715.2197,738,369.00018,,57.57452574525745,256,2821.2463,-0.06666667,-106.02663,-136.37306,16.205896,-499.83582,499.83582,0.0009999999
0.0009999999,499.83582,104451.25,-0.13239628,1.0000007,-0.2,,141.34134,42507,0.0009999999,-112.93572,,1271.0503406524658,16.506704,0.06666667,8.6628255e-10,0.0009999999,,11,0.2,739,,16.447868,2715.2173,739,369.50024,,57.51962110960758,256,2821.4297,-0.2,-106.21228,-136.34134,16.206049,-499.83582,499.83582,0.0009999999
0.0009999999,499.83582,104561.555,-0.6672044,1.0000001,-0.2,,141.2994,42522,0.0009999999,-105.297874,,1273.384309053421,15.7846775,-0.06666667,8.6394275e-10,0.0009999999,,11,-0.2,740,,16.446516,2715.314,740,370.00024,,57.462162162162166,256,2821.6125,-0.2,-106.29869,-136.2994,16.205225,-499.83582,499.83582,0.0009999999
0.0009999999,499.83582,104672.836,0.399512,1.0000007,-0.06666667,,141.25888,42601,0.0009999999,-106.28168,,1275.6978747844696,16.507845,0.2,8.616124e-10,0.0009999999,,11,0.2,741,,16.445166,2715.4336,741,370.50024,,57.49122807017544,256,2821.7952,0.06666667,-106.36155,-136.25888,16.20538,-499.83582,499.83582,0.0009999999
0.0009999999,499.83582,104795.86,0.26888987,1.0000005,-0.2,,141.23431,42626,0.0009999999,-118.0232,,1277.9723331928253,17.346123,0.2,8.5929164e-10,0.0009999999,,11,0.2,742,,16.443817,2715.5906,742,371.00018,,57.44743935309973,256,2821.9775,0.06666667,-106.387024,-136.23431,16.206665,-499.83582,499.83582,0.0009999999
0.0009999999,499.83582,104910.92,-0.5318166,1.0000004,-0.06666667,,141.19908,42645,0.0009999999,-110.0655,,1280.1167221069336,17.4107,-0.2,8.5698015e-10,0.0009999999,,11,-0.06666667,743,,16.442469,2715.766,743,371.50012,,57.395693135935396,256,2822.1594,-0.2,-106.39327,-136.19908,16.20803,-499.83582,499.83582,0.0009999999
0.0009999999,499.83582,105027.53,-0.00063505024,1.0,-0.2,,141.16603,42669,0.0009999999,-111.60372,,1282.325786113739,17.294436,0.06666667,8.54678e-10,0.0009999999,,11,0.2,744,,16.441124,2715.9055,744,372.0,,57.350806451612904,256,2822.3413,-0.06666667,-106.43588,-136.16603,16.20924,-499.83582,499.83582,0.0009999999
0.0009999999,499.83582,105150.83,-0.2662009,0.9999995,-0.2,,141.14204,42695,0.0009999999,-118.29946,,1284.486294746399,18.292025,-0.06666667,8.5238505e-10,0.0009999999,,11,0.2,745,,16.439781,2715.8762,745,372.49982,,57.308724832214764,256,2822.523,-0.2,-106.64677,-136.14204,16.21178,-499.83582,499.83582,0.0009999999
0.0009999999,499.83582,105260.83,0.1305019,1.0,-0.2,,141.10031,42710,0.0009999999,-105.00364,,1286.7044298648834,17.455359,0.2,8.501014e-10,0.0009999999,,11,0.2,746,,16.43844,2716.0488,746,373.00037,,57.25201072386059,256,2822.704,-0.06666667,-106.65524,-136.10031,16.213194,-499.83582,499.83582,0.0009999999
0.0009999999,499.83582,105374.13,0.2648452,1.0000004,0.2,,141.0631,42724,0.0009999999,-108.30171,,1288.9087615013123,16.839622,0.2,8.478268e-10,0.0009999999,,11,0.06666667,747,,16.4371,2716.0732,747,373.50012,,57.194109772423026,256,2822.8853,-0.2,-106.81197,-136.0631,16.213781,-499.83582,499.83582,0.0009999999
0.0009999999,499.83582,105485.73,-0.13592812,0.9999996,0.06666667,,141.0237,42737,0.0009999999,-106.59374,,1290.9860949516296,14.876077,-0.2,8.4556145e-10,0.0009999999,,11,0.06666667,748,,16.435762,2716.0342,748,373.99985,,57.13502673796791,256,2823.066,-0.06666667,-107.03177,-136.0237,16.211742,-499.83582,499.83582,0.0009999999
0.0009999999,499.83582,105596.484,-0.2644386,1.0000001,-0.06666667,,140.98329,42752,0.0009999999,-105.75763,,1293.1040952205658,16.103558,-0.2,8.4330504e-10,0.0009999999,,11,0.2,749,,16.434427,2716.0566,749,374.50024,,57.07877169559413,256,2823.2466,-0.2,-107.18982,-135.98329,16.211344,-499.83582,499.83582,0.0009999999
0.0009999999,499.83582,105705.89,-0.13224673,0.9999997,0.06666667,,140.9412,42772,0.0009999999,-104.40552,,1295.3022801876068,15.227519,-0.06666667,8.410578e-10,0.0009999999,,11,0.06666667,750,,16.433092,2716.1938,750,374.99988,,57.029333333333334,256,2823.4268,-0.2,-107.23298,-135.9412,16.20978,-499.83582,499.83582,0.0009999999
0.0009999999,499.83582,105819.234,-0.39989138,1.0000005,-0.06666667,,140.90443,42787,0.0009999999,-108.34105,,1297.316886663437,16.433548,-0.2,8.3881946e-10,0.0009999999,,11,0.06666667,751,,16.431759,2716.2966,751,375.50018,,56.973368841544605,256,2823.6067,-0.2,-107.309944,-135.90443,16.209827,-499.83582,499.83582,0.0009999999
0.0009999999,499.83582,105928.23,0.39937997,0.9999997,0.2,,140.862,42801,0.0009999999,-103.99671,,1299.4813895225525,17.106195,0.2,8.3658996e-10,0.0009999999,,11,0.06666667,752,,16.43043,2716.4626,752,376.00006,,56.91622340425532,256,2823.7866,-0.06666667,-107.323906,-135.862,16.210772,-499.83582,499.83582,0.0009999999
0.0009999999,499.83582,106062.31,-0.4011794,0.9999997,-0.2,,140.85301,42838,0.0009999999,-129.08417,,1301.7708194255829,16.84812,-0.2,8.3436946e-10,0.0009999999,,11,0.06666667,753,,16.4291,2716.5967,753,376.49988,,56.88977423638778,256,2823.966,-0.06666667,-107.36933,-135.85301,16.211365,-499.83582,499.83582,0.0009999999
0.0009999999,499.83582,106188.64,0.13635744,1.0000001,0.06666667,,140.83374,42865,0.0009999999,-121.32511,,1303.8852620124817,14.330962,-0.06666667,8.321578e-10,0.0009999999,,11,0.2,754,,16.427773,2716.4521,754,377.00003,,56.850132625994696,256,2824.1455,-0.06666667,-107.693344,-135.83374,16.208624,-499.83582,499.83582,0.0009999999
0.0009999999,499.83582,106314.39,-0.13310848,1.0000004,0.2,,140.81377,42890,0.0009999999,-120.74832,,1305.9096460342407,16.213951,-0.06666667,8.2995477e-10,0.0009999999,,11,-0.06666667,755,,16.426447,2716.5654,755,377.50012,,56.80794701986755,256,2824.3245,-0.2,-107.75909,-135.81377,16.20838,-499.83582,499.83582,0.0009999999
0.0009999999,499.83582,106422.5,0.13320903,1.0000004,-0.06666667,,140.77051,42913,0.0009999999,-103.109535,,1308.04363489151,16.82452,0.2,8.277606e-10,0.0009999999,,11,0.2,756,,16.425123,2716.7097,756,378.00012,,56.76322751322751,256,2824.5032,-0.2,-107.793526,-135.77051,16.208946,-499.83582,499.83582,0.0009999999
0.0009999999,499.83582,106536.84,-0.5331023,1.0000004,0.06666667,,140.7356,42927,0.0009999999,-109.35504,,1310.072677373886,17.57247,-0.2,8.255751e-10,0.0009999999,,11,-0.2,757,,16.423801,2716.646,757,378.50012,,56.70673712021136,256,2824.682,-0.2,-108.03582,-135.7356,16.210499,-499.83582,499.83582,0.0009999999
0.0009999999,499.83582,106646.85,-0.13262811,1.0,-0.06666667,,140.69505,42945,0.0009999999,-105.00319,,1312.17826461792,18.237185,-0.06666667,8.233983e-10,0.0009999999,,11,0.2,758,,16.422482,2716.8167,758,379.0,,56.655672823219,256,2824.8599,-0.2,-108.04333,-135.69505,16.212921,-499.83582,499.83582,0.0009999999
0.0009999999,499.83582,106758.43,-0.2694185,0.9999997,0.06666667,,140.6567,42961,0.0009999999,-106.57643,,1314.3347299098969,16.002266,-0.2,8.2123e-10,0.0009999999,,11,0.06666667,759,,16.421164,2716.9807,759,379.49988,,56.60210803689065,256,2825.038,-0.2,-108.05743,-135.6567,16.212397,-499.83582,499.83582,0.0009999999
0.0009999999,499.83582,106870.766,-0.13219321,0.9999995,0.2,,140.61943,42975,0.0009999999,-107.33176,,1316.384165763855,17.287796,0.06666667,8.190702e-10,0.0009999999,,11,-0.2,760,,16.419847,2716.9287,760,380.0,,56.546052631578945,256,2825.2158,-0.2,-108.28705,-135.61943,16.213564,-499.83582,499.83582,0.0009999999
0.0009999999,499.83582,107012.83,0.13646486,1.0000001,0.2,,140.62132,43056,0.0009999999,-137.06526,,1318.5492994785309,18.18616,-0.2,8.1691903e-10,0.0009999999,,11,0.06666667,761,,16.418531,2716.9546,761,380.50006,,56.57818659658344,256,2825.3936,0.06666667,-108.43884,-135.62132,16.215912,-499.83582,499.83582,0.0009999999
0.0009999999,499.83582,107126.38,-0.13220753,0.9999992,0.2,,140.5858,43070,0.0009999999,-108.55731,,1320.589694261551,15.697329,-0.2,8.1477647e-10,0.0009999999,,11,0.06666667,762,,16.41722,2717.129,762,380.9997,,56.52230971128609,256,2825.5708,-0.2,-108.44185,-135.5858,16.21498,-499.83582,499.83582,0.0009999999
0.0009999999,499.83582,107239.44,-0.5342096,1.0,-0.2,,140.54973,43092,0.0009999999,-108.055084,,1322.6359181404114,17.9458,-0.2,8.126421e-10,0.0009999999,,11,0.06666667,763,,16.415907,2717.2754,763,381.5,,56.477064220183486,256,2825.7478,-0.2,-108.47246,-135.54973,16.217003,-499.83582,499.83582,0.0009999999
0.0009999999,499.83582,107352.234,-0.2653411,1.0000001,0.2,,140.5134,43110,0.0009999999,-107.795906,,1324.7426316738129,18.161753,-0.2,8.1051615e-10,0.0009999999,,11,-0.06666667,764,,16.414598,2717.441,764,382.00024,,56.42670157068063,256,2825.9246,-0.2,-108.48356,-135.5134,16.219303,-499.83582,499.83582,0.0009999999
0.0009999999,499.83582,107471.54,-0.6673696,0.9999996,-0.2,,140.48567,43139,0.0009999999,-114.30161,,1326.964415550232,18.07727,-0.2,8.0839857e-10,0.0009999999,,11,-0.06666667,765,,16.41329,2717.6062,765,382.50003,,56.39084967320262,256,2826.1013,-0.2,-108.4952,-135.48567,16.221485,-499.83582,499.83582,0.0009999999
0.0009999999,499.83582,107580.76,-0.26771018,0.9999998,-0.06666667,,140.44485,43159,0.0009999999,-104.2204,,1329.0028147697449,15.990242,-0.2,8.062892e-10,0.0009999999,,11,0.06666667,766,,16.411983,2717.6926,766,383.00012,,56.34334203655352,256,2826.2773,-0.06666667,-108.584816,-135.44485,16.220934,-499.83582,499.83582,0.0009999999
0.0009999999,499.83582,107704.875,-0.12913963,1.0000002,-0.2,,140.42357,43182,0.0009999999,-119.11969,,1331.069923877716,18.022167,0.2,8.0418816e-10,0.0009999999,,11,0.06666667,767,,16.410679,2717.8438,767,383.5001,,56.29986962190352,256,2826.4536,-0.2,-108.60975,-135.42357,16.223042,-499.83582,499.83582,0.0009999999
0.0009999999,499.83582,107814.4,0.2718231,0.9999995,-0.06666667,,140.38333,43196,0.0009999999,-104.52113,,1333.1978240013123,15.897959,0.2,8.020953e-10,0.0009999999,,11,0.2,768,,16.409376,2717.6846,768,384.0,,56.244791666666664,256,2826.6294,-0.06666667,-108.944916,-135.38333,16.222372,-499.83582,499.83582,0.0009999999
0.0009999999,499.83582,107927.43,-0.2666069,1.0000001,-0.2,,140.34776,43213,0.0009999999,-108.02949,,1335.367642879486,13.605787,-0.2,8.0001056e-10,0.0009999999,,11,0.2,769,,16.408075,2717.841,769,384.5002,,56.19375812743823,256,2826.805,-0.06666667,-108.96391,-135.34776,16.218721,-499.83582,499.83582,0.0009999999
0.0009999999,499.83582,108044.17,0.13287082,0.99999994,-0.06666667,,140.31711,43231,0.0009999999,-111.740974,,1337.581535100937,16.879467,0.06666667,7.9793394e-10,0.0009999999,,11,0.2,770,,16.406775,2717.9785,770,384.99997,,56.14415584415585,256,2826.9805,-0.06666667,-109.00191,-135.31711,16.219337,-499.83582,499.83582,0.0009999999
0.0009999999,499.83582,108154.65,-0.26574913,0.9999995,-0.2,,140.2784,43249,0.0009999999,-105.47695,,1339.8684124946594,15.904423,0.06666667,7.9586543e-10,0.0009999999,,11,0.06666667,771,,16.405478,2718.1394,771,385.5,,56.094682230869005,256,2827.1555,-0.2,-109.01622,-135.2784,16.218683,-499.83582,499.83582,0.0009999999
0.0009999999,499.83582,108263.07,0.39980572,0.9999998,0.2,,140.23714,43338,0.0009999999,-103.42266,,1342.1030831336975,16.88248,0.06666667,7.938049e-10,0.0009999999,,11,0.2,772,,16.40418,2718.189,772,385.99994,,56.137305699481864,256,2827.3303,-0.06666667,-109.14137,-135.23714,16.2193,-499.83582,499.83582,0.0009999999
0.0009999999,499.83582,108374.06,-0.26244462,1.0000005,-0.2,,140.19931,43357,0.0009999999,-105.995575,,1344.2354335784912,17.618366,-0.2,7.9175244e-10,0.0009999999,,11,0.06666667,773,,16.402887,2718.3154,773,386.50018,,56.089262613195345,256,2827.5051,0.06666667,-109.18966,-135.19931,16.220865,-499.83582,499.83582,0.0009999999
0.0009999999,499.83582,108490.83,-0.39921325,1.0000004,-0.06666667,,140.16902,43384,0.0009999999,-111.765335,,1346.3791556358337,14.4604,-0.06666667,7.897078e-10,0.0009999999,,11,-0.06666667,774,,16.401594,2718.4038,774,387.00034,,56.05167958656331,256,2827.6797,-0.2,-109.2759,-135.16902,16.218346,-499.83582,499.83582,0.0009999999
0.0009999999,499.83582,108606.31,-0.0003259331,0.9999995,0.2,,140.13718,43459,0.0009999999,-110.480804,,1348.4927921295166,17.411839,-0.2,7.876712e-10,0.0009999999,,11,0.06666667,775,,16.400303,2718.3142,775,387.5,,56.076129032258066,256,2827.8538,-0.06666667,-109.5396,-135.13718,16.219646,-499.83582,499.83582,0.0009999999
0.0009999999,499.83582,108717.625,-0.0010561049,1.0000004,0.2,,140.10004,43473,0.0009999999,-106.309746,,1350.6503639221191,17.62365,-0.06666667,7.856424e-10,0.0009999999,,11,0.06666667,776,,16.399014,2718.3843,776,388.0003,,56.021907216494846,256,2828.0278,-0.2,-109.64365,-135.10004,16.221212,-499.83582,499.83582,0.0009999999
0.0009999999,499.83582,108828.234,0.002925083,1.0000005,-0.06666667,,140.06207,43488,0.0009999999,-105.610405,,1352.9057478904724,14.072925,0.2,7.8362145e-10,0.0009999999,,11,0.06666667,777,,16.397726,2718.5212,777,388.50018,,55.96911196911197,256,2828.2012,-0.2,-109.67996,-135.06207,16.218203,-499.83582,499.83582,0.0009999999
0.0009999999,499.83582,108937.79,-0.002722256,0.9999998,-0.2,,140.02286,43501,0.0009999999,-104.56042,,1355.1976609230042,16.476871,0.2,7.8160833e-10,0.0009999999,,11,0.06666667,778,,16.396439,2718.6023,778,388.99994,,55.91388174807198,256,2828.375,-0.06666667,-109.772736,-135.02286,16.218294,-499.83582,499.83582,0.0009999999
0.0009999999,499.83582,109057.875,0.2662857,1.0000008,0.06666667,,139.99727,43527,0.0009999999,-115.08536,,1357.2649018764496,16.198349,0.06666667,7.7960294e-10,0.0009999999,,11,0.2,779,,16.395155,2718.738,779,389.50034,,55.87548138639281,256,2828.548,-0.06666667,-109.810036,-134.99727,16.218025,-499.83582,499.83582,0.0009999999
0.0009999999,499.83582,109181.55,-0.0022038072,0.99999976,0.06666667,,139.97635,43549,0.0009999999,-118.66653,,1359.4694619178772,16.640614,-0.2,7.776052e-10,0.0009999999,,11,-0.06666667,780,,16.393871,2718.6,780,389.9999,,55.83205128205128,256,2828.7212,0.2,-110.12113,-134.97635,16.218327,-499.83582,499.83582,0.0009999999
0.0009999999,499.83582,109312.234,0.0046663806,1.0000002,0.2,,139.96445,43580,0.0009999999,-125.683754,,1361.5893948078156,17.504982,-0.2,7.756151e-10,0.0009999999,,11,-0.06666667,781,,16.39259,2718.7292,781,390.5001,,55.80025608194622,256,2828.8938,0.06666667,-110.16448,-134.96445,16.21973,-499.83582,499.83582,0.0009999999
0.0009999999,499.83582,109428.19,0.26305267,1.0,0.2,,139.93375,43597,0.0009999999,-110.95412,,1363.6334762573242,13.476097,-0.2,7.7363277e-10,0.0009999999,,11,0.2,782,,16.391312,2718.8088,782,391.00018,,55.750639386189256,256,2829.0664,0.06666667,-110.25765,-134.93375,16.215984,-499.83582,499.83582,0.0009999999
0.0009999999,499.83582,109538.34,0.0032380745,1.0,-0.06666667,,139.8957,43613,0.0009999999,-105.16308,,1365.728596687317,16.603006,-0.2,7.7165796e-10,0.0009999999,,11,0.2,783,,16.390034,2718.9744,783,391.50018,,55.699872286079184,256,2829.2388,0.06666667,-110.264496,-134.8957,16.216236,-499.83582,499.83582,0.0009999999
0.0009999999,499.83582,109653.234,-0.26796788,1.0000001,-0.06666667,,139.86382,43631,0.0009999999,-109.882996,,1367.7083332538605,16.466217,-0.06666667,7.6969064e-10,0.0009999999,,11,0.06666667,784,,16.388756,2718.8376,784,392.00006,,55.651785714285715,256,2829.4106,-0.2,-110.573044,-134.86382,16.216316,-499.83582,499.83582,0.0009999999
0.0009999999,499.83582,109764.375,0.26799643,0.9999995,0.06666667,,139.82722,43648,0.0009999999,-106.13934,,1369.569923877716,16.251923,-0.06666667,7.6773093e-10,0.0009999999,,11,0.2,785,,16.387482,2718.728,785,392.49982,,55.60254777070064,256,2829.5828,0.06666667,-110.85476,-134.82722,16.216122,-499.83582,499.83582,0.0009999999
0.0009999999,499.83582,109910.45,0.26843017,1.0000001,0.06666667,,139.83517,43694,0.0009999999,-141.08846,,1371.6220195293427,16.092175,0.2,7.657786e-10,0.0009999999,,11,0.06666667,786,,16.38621,2718.894,786,393.00024,,55.590330788804074,256,2829.7544,-0.06666667,-110.860405,-134.83517,16.215723,-499.83582,499.83582,0.0009999999
0.0009999999,499.83582,110023.03,0.39991042,0.99999994,0.2,,139.80055,43712,0.0009999999,-107.57066,,1373.661050081253,16.92872,0.2,7.638338e-10,0.0009999999,,11,-0.06666667,787,,16.384937,2718.824,787,393.50015,,55.5425667090216,256,2829.9255,0.06666667,-111.10157,-134.80055,16.21639,-499.83582,499.83582,0.0009999999
0.0009999999,499.83582,110142.53,0.5358299,0.9999998,0.2,,139.77478,43732,0.0009999999,-114.50017,,1375.6668989658356,16.848671,0.2,7.618963e-10,0.0009999999,,11,0.06666667,788,,16.383667,2718.9756,788,393.99994,,55.49746192893401,256,2830.097,0.06666667,-111.12138,-134.77478,16.216951,-499.83582,499.83582,0.0009999999
0.0009999999,499.83582,110257.16,0.5353782,1.0,0.2,,139.7429,43750,0.0009999999,-109.63206,,1377.669277191162,16.941078,0.2,7.599665e-10,0.0009999999,,11,0.2,789,,16.382399,2719.0808,789,394.5,,55.449936628643854,256,2830.2678,-0.06666667,-111.18704,-134.7429,16.21763,-499.83582,499.83582,0.0009999999
0.0009999999,499.83582,110369.266,-0.26541936,0.99999994,0.2,,139.70793,43763,0.0009999999,-107.11195,,1380.201040506363,13.615052,-0.2,7.580437e-10,0.0009999999,,11,-0.2,790,,16.381132,2719.1333,790,394.99997,,55.39620253164557,256,2830.4387,-0.06666667,-111.30544,-134.70793,16.2141,-499.83582,499.83582,0.0009999999
0.0009999999,499.83582,110496.8,-0.0005296916,0.99999994,0.2,,139.69254,43788,0.0009999999,-122.52256,,1382.4877495765686,17.268862,0.06666667,7.5612816e-10,0.0009999999,,11,-0.06666667,791,,16.379868,2719.092,791,395.50015,,55.35777496839444,256,2830.6091,-0.2,-111.51713,-134.69254,16.215195,-499.83582,499.83582,0.0009999999
0.0009999999,499.83582,110605.89,0.39851373,1.0000001,0.06666667,,139.6539,43810,0.0009999999,-104.09398,,1384.772554397583,17.79352,0.06666667,7.5421996e-10,0.0009999999,,11,0.06666667,792,,16.378605,2719.2427,792,396.00024,,55.31565656565657,256,2830.7793,0.2,-111.53656,-134.6539,16.21695,-499.83582,499.83582,0.0009999999
0.0009999999,499.83582,110756.42,-0.13102534,0.9999995,-0.06666667,,139.66762,43858,0.0009999999,-145.53183,,1387.1930284500122,16.01015,-0.2,7.52319e-10,0.0009999999,,11,0.06666667,793,,16.377342,2719.388,793,396.49982,,55.306431273644385,256,2830.9495,0.06666667,-111.561584,-134.66762,16.216452,-499.83582,499.83582,0.0009999999
0.0009999999,499.83582,110880.6,-0.13196753,1.0,-0.2,,139.64812,43884,0.0009999999,-119.18023,,1389.4792058467865,15.952498,-0.06666667,7.504251e-10,0.0009999999,,11,0.2,794,,16.376081,2719.0835,794,397.0,,55.269521410579344,256,2831.1194,-0.06666667,-112.03597,-134.64812,16.215881,-499.83582,499.83582,0.0009999999
0.0009999999,499.83582,110998.66,0.5384159,1.0000002,-0.06666667,,139.62096,43902,0.0009999999,-113.05195,,1391.6821851730347,17.72425,0.2,7.485385e-10,0.0009999999,,11,0.2,795,,16.374823,2719.0977,795,397.5001,,55.22264150943396,256,2831.289,0.2,-112.19135,-134.62096,16.21754,-499.83582,499.83582,0.0009999999
0.0009999999,499.83582,111113.914,0.5315658,1.0000001,0.06666667,,139.59035,43921,0.0009999999,-110.26293,,1394.2379231452942,11.448522,0.2,7.466589e-10,0.0009999999,,11,0.2,796,,16.373566,2719.2039,796,398.00006,,55.17713567839196,256,2831.4583,0.06666667,-112.25434,-134.59035,16.211315,-499.83582,499.83582,0.0009999999
0.0009999999,499.83582,111234.836,0.0015694872,0.9999997,0.06666667,,139.56693,43944,0.0009999999,-115.92088,,1396.5042281150818,14.846496,0.06666667,7.447864e-10,0.0009999999,,11,-0.06666667,797,,16.37231,2719.3372,797,398.49988,,55.13676286072773,256,2831.6274,-0.06666667,-112.29022,-134.56693,16.209364,-499.83582,499.83582,0.0009999999
0.0009999999,499.83582,111364.625,-0.13378394,0.9999998,-0.2,,139.55467,43991,0.0009999999,-124.7855,,1398.9283566474915,17.448093,-0.2,7.4292095e-10,0.0009999999,,11,0.2,798,,16.371058,2719.4983,798,398.99994,,55.1265664160401,256,2831.7964,0.06666667,-112.29809,-134.55467,16.21068,-499.83582,499.83582,0.0009999999
0.0009999999,499.83582,111477.85,-0.26433808,0.99999964,-0.2,,139.52171,44012,0.0009999999,-108.22622,,1401.5331223011017,16.524076,0.2,7.4106243e-10,0.0009999999,,11,-0.06666667,799,,16.369804,2719.5579,799,399.49985,,55.08385481852316,256,2831.9648,-0.2,-112.4069,-134.52171,16.210836,-499.83582,499.83582,0.0009999999
0.0009999999,499.83582,111592.22,0.39987445,1.0000001,0.06666667,,139.49028,44030,0.0009999999,-109.36577,,1404.1885480880737,14.662581,0.2,7.3921097e-10,0.0009999999,,11,0.2,800,,16.368553,2719.7092,800,400.00003,,55.0375,256,2832.1338,-0.06666667,-112.424515,-134.49028,16.208668,-499.83582,499.83582,0.0009999999
0.0009999999,499.83582,111703.234,-0.26916927,1.0000001,-0.06666667,,139.45473,44046,0.0009999999,-106.01953,,1406.7408337593079,17.357958,0.06666667,7.373664e-10,0.0009999999,,11,-0.06666667,801,,16.367304,2719.595,801,400.50006,,54.98876404494382,256,2832.3018,-0.2,-112.70677,-134.45473,16.209866,-499.83582,499.83582,0.0009999999
0.0009999999,499.83582,111814.34,0.13033068,0.99999994,0.06666667,,139.41939,44064,0.0009999999,-106.115845,,1409.2177822589874,16.995369,0.2,7.355287e-10,0.0009999999,,11,-0.06666667,802,,16.366056,2719.3745,802,400.99997,,54.942643391521194,256,2832.47,-0.06666667,-113.09556,-134.41939,16.210611,-499.83582,499.83582,0.0009999999
0.0009999999,499.83582,111925.3,0.13136575,0.99999976,0.2,,139.38393,44088,0.0009999999,-105.94746,,1411.8315842151642,16.209772,-0.2,7.336979e-10,0.0009999999,,11,-0.06666667,803,,16.36481,2719.2026,803,401.5001,,54.9041095890411,256,2832.6377,0.2,-113.43497,-134.38393,16.210373,-499.83582,499.83582,0.0009999999
0.0009999999,499.83582,112044.11,0.1321055,1.0000002,-0.06666667,,139.35834,44106,0.0009999999,-113.8223,,1414.1835134029388,16.25043,-0.2,7.318739e-10,0.0009999999,,11,0.2,804,,16.363565,2719.2588,804,402.0001,,54.85820895522388,256,2832.8054,0.2,-113.54674,-134.35834,16.21019,-499.83582,499.83582,0.0009999999
0.0009999999,499.83582,112163.0,-0.5307228,1.0000008,-0.2,,139.33292,44130,0.0009999999,-113.881805,,1416.3005356788635,17.61304,-0.2,7.300567e-10,0.0009999999,,11,-0.06666667,805,,16.362324,2719.4065,805,402.50034,,54.81987577639752,256,2832.9727,-0.06666667,-113.56607,-134.33292,16.211699,-499.83582,499.83582,0.0009999999
0.0009999999,499.83582,112289.08,0.40110454,0.9999995,0.06666667,,139.31647,44161,0.0009999999,-121.07621,,1418.7786219120026,17.085068,0.2,7.2824624e-10,0.0009999999,,11,0.06666667,806,,16.361082,2719.5251,806,403.00003,,54.79032258064516,256,2833.14,0.06666667,-113.614845,-134.31647,16.212547,-499.83582,499.83582,0.0009999999
0.0009999999,499.83582,112410.7,-0.13160308,1.000001,0.06666667,,139.29456,44181,0.0009999999,-116.63036,,1421.233169555664,16.861122,-0.2,7.264426e-10,0.0009999999,,11,0.2,807,,16.359842,2719.6675,807,403.50037,,54.74721189591078,256,2833.3066,-0.2,-113.639114,-134.29456,16.213118,-499.83582,499.83582,0.0009999999
0.0009999999,499.83582,112519.59,0.13260688,1.0000004,0.06666667,,139.25693,44200,0.0009999999,-103.88309,,1423.6356704235077,16.915571,-0.2,7.2464557e-10,0.0009999999,,11,0.2,808,,16.358603,2719.5952,808,404.00015,,54.7029702970297,256,2833.4734,0.06666667,-113.87819,-134.25693,16.213755,-499.83582,499.83582,0.0009999999
0.0009999999,499.83582,112640.8,0.26375324,1.0,0.06666667,,139.2346,44225,0.0009999999,-116.20251,,1426.1370170116425,17.892895,0.2,7.228552e-10,0.0009999999,,11,0.2,809,,16.357367,2719.746,809,404.50018,,54.66625463535229,256,2833.6401,-0.2,-113.894066,-134.2346,16.215595,-499.83582,499.83582,0.0009999999
0.0009999999,499.83582,112754.56,-0.13094063,1.0000001,-0.06666667,,139.20317,44241,0.0009999999,-108.766846,,1428.55304312706,15.115891,0.2,7.210715e-10,0.0009999999,,11,-0.06666667,810,,16.35613,2719.8247,810,405.00006,,54.61851851851852,256,2833.8064,-0.2,-113.98181,-134.20317,16.214005,-499.83582,499.83582,0.0009999999
0.0009999999,499.83582,112863.67,0.6666803,1.0000004,0.2,,139.16606,44264,0.0009999999,-104.11657,,1431.0782701969147,12.972497,0.2,7.1929435e-10,0.0009999999,,11,0.2,811,,16.354897,2719.9678,811,405.50015,,54.57953144266338,256,2833.9722,0.06666667,-114.004395,-134.16606,16.20978,-499.83582,499.83582,0.0009999999
0.0009999999,499.83582,112974.44,-0.26634204,1.0000002,-0.06666667,,139.13109,44276,0.0009999999,-105.760086,,1433.3361115455627,17.687904,-0.2,7.1752376e-10,0.0009999999,,11,-0.06666667,812,,16.353664,2720.1177,812,406.0001,,54.52709359605911,256,2834.1384,0.06666667,-114.02078,-134.13109,16.211369,-499.83582,499.83582,0.0009999999
0.0009999999,499.83582,113089.055,0.6688319,0.9999997,0.2,,139.10092,44291,0.0009999999,-109.62094,,1435.6764085292816,15.896384,0.06666667,7.157597e-10,0.0009999999,,11,0.2,813,,16.352434,2720.029,813,406.49988,,54.478474784747846,256,2834.304,0.2,-114.27485,-134.10092,16.210747,-499.83582,499.83582,0.0009999999
0.0009999999,499.83582,113203.266,0.2646495,0.9999997,-0.06666667,,139.07036,44306,0.0009999999,-109.208954,,1438.0181534290314,17.04248,0.2,7.1400214e-10,0.0009999999,,11,0.06666667,814,,16.351206,2720.1438,814,406.99988,,54.42997542997543,256,2834.4695,0.06666667,-114.32557,-134.07036,16.211536,-499.83582,499.83582,0.0009999999
0.0009999999,499.83582,113329.79,0.13405044,0.9999998,0.06666667,,139.05496,44332,0.0009999999,-121.52432,,1440.4417622089386,17.188236,0.2,7.122511e-10,0.0009999999,,11,0.06666667,815,,16.349977,2720.2605,815,407.50012,,54.39509202453988,256,2834.6345,-0.2,-114.37414,-134.05496,16.212505,-499.83582,499.83582,0.0009999999
0.0009999999,499.83582,113438.88,-0.13629134,0.9999995,0.2,,139.01823,44352,0.0009999999,-104.09809,,1442.84867978096,18.11718,-0.2,7.105064e-10,0.0009999999,,11,-0.06666667,816,,16.348751,2720.3967,816,407.99982,,54.35294117647059,256,2834.7996,-0.06666667,-114.40287,-134.01823,16.214607,-499.83582,499.83582,0.0009999999
0.0009999999,499.83582,113548.73,-0.6707196,0.9999998,-0.06666667,,138.98253,44376,0.0009999999,-104.84049,,1445.4157061576843,15.190657,-0.2,7.087683e-10,0.0009999999,,11,-0.2,817,,16.347527,2720.4504,817,408.50012,,54.31578947368421,256,2834.9646,-0.2,-114.51423,-133.98253,16.213123,-499.83582,499.83582,0.0009999999
0.0009999999,499.83582,113659.56,-7.586181e-05,1.0000001,0.06666667,,138.94812,44393,0.0009999999,-105.83686,,1447.792406797409,14.927578,-0.06666667,7.0703643e-10,0.0009999999,,11,0.2,818,,16.346304,2720.567,818,409.00024,,54.270171149144254,256,2835.1292,-0.2,-114.56217,-133.94812,16.211323,-499.83582,499.83582,0.0009999999
0.0009999999,499.83582,113778.484,0.66551167,1.0,0.2,,138.92368,44412,0.0009999999,-113.917755,,1450.128836631775,17.554209,0.2,7.053109e-10,0.0009999999,,11,0.06666667,819,,16.345081,2720.4746,819,409.50018,,54.227106227106226,256,2835.2935,0.2,-114.81883,-133.92368,16.21273,-499.83582,499.83582,0.0009999999
0.0009999999,499.83582,113894.305,0.39789748,1.0,0.06666667,,138.8955,44427,0.0009999999,-110.827034,,1452.4174242019653,17.713566,0.2,7.035917e-10,0.0009999999,,11,-0.06666667,820,,16.34386,2720.5112,820,410.0,,54.17926829268293,256,2835.4575,0.2,-114.94617,-133.8955,16.214333,-499.83582,499.83582,0.0009999999
0.0009999999,499.83582,114008.85,-0.0008942485,1.0,-0.06666667,,138.86583,44443,0.0009999999,-109.542244,,1454.8591749668121,15.982873,-0.2,7.018787e-10,0.0009999999,,11,0.06666667,821,,16.342642,2720.663,821,410.5,,54.13276492082826,256,2835.6216,0.2,-114.95841,-133.86583,16.21382,-499.83582,499.83582,0.0009999999
0.0009999999,499.83582,114131.48,0.53438485,0.99999964,0.06666667,,138.84608,44469,0.0009999999,-117.62303,,1457.1894612312317,18.185055,0.2,7.0017203e-10,0.0009999999,,11,0.06666667,822,,16.341425,2720.7297,822,410.99985,,54.0985401459854,256,2835.7854,0.2,-115.055565,-133.84608,16.215988,-499.83582,499.83582,0.0009999999
0.0009999999,499.83582,114259.67,-0.26333994,0.9999997,0.06666667,,138.83313,44497,0.0009999999,-123.197845,,1459.6268944740295,17.097288,-0.06666667,6.9847156e-10,0.0009999999,,11,-0.06666667,823,,16.34021,2720.6997,823,411.49988,,54.066828675577156,256,2835.9487,-0.2,-115.24913,-133.83313,16.21683,-499.83582,499.83582,0.0009999999
0.0009999999,499.83582,114370.02,0.13480787,0.99999994,0.2,,138.79857,44523,0.0009999999,-105.35459,,1461.985597372055,15.846703,-0.06666667,6.967773e-10,0.0009999999,,11,0.2,824,,16.338995,2720.6433,824,412.00018,,54.032766990291265,256,2836.1123,-0.2,-115.468956,-133.79857,16.216154,-499.83582,499.83582,0.0009999999
0.0009999999,499.83582,114488.41,0.3999747,0.9999997,0.06666667,,138.77382,44552,0.0009999999,-113.38801,,1464.3064346313477,17.187725,-0.06666667,6.9508915e-10,0.0009999999,,11,0.2,825,,16.337782,2720.6055,825,412.49988,,54.00242424242424,256,2836.2754,0.2,-115.669975,-133.77382,16.217102,-499.83582,499.83582,0.0009999999
0.0009999999,499.83582,114629.39,0.6646115,0.9999994,0.06666667,,138.7765,44594,0.0009999999,-135.9836,,1466.6237919330597,12.076439,0.2,6.934071e-10,0.0009999999,,11,0.2,826,,16.33657,2720.7188,826,412.99976,,53.987893462469735,256,2836.4382,0.2,-115.71941,-133.7765,16.211863,-499.83582,499.83582,0.0009999999
0.0009999999,499.83582,114752.09,0.26612943,0.9999997,0.2,,138.75706,44620,0.0009999999,-117.69944,,1468.7923200130463,16.17434,-0.06666667,6.917312e-10,0.0009999999,,11,0.06666667,827,,16.335361,2720.775,827,413.49988,,53.9540507859734,256,2836.601,0.06666667,-115.826195,-133.75706,16.211588,-499.83582,499.83582,0.0009999999
0.0009999999,499.83582,114878.91,-0.13646588,0.9999996,0.06666667,,138.74265,44646,0.0009999999,-121.815544,,1470.9664549827576,16.13868,-0.2,6.9006134e-10,0.0009999999,,11,-0.06666667,828,,16.334152,2720.8865,828,413.99982,,53.92028985507246,256,2836.7637,0.06666667,-115.87719,-133.74265,16.21127,-499.83582,499.83582,0.0009999999
0.0009999999,499.83582,115009.47,0.13045603,0.99999994,-0.2,,138.73277,44680,0.0009999999,-125.55639,,1473.1926710605621,16.728483,0.2,6.8839756e-10,0.0009999999,,11,0.06666667,829,,16.332945,2721.0132,829,414.49997,,53.8962605548854,256,2836.926,0.06666667,-115.912895,-133.73277,16.211666,-499.83582,499.83582,0.0009999999
0.0009999999,499.83582,115136.195,0.13435522,0.9999999,0.2,,138.7183,44705,0.0009999999,-121.7255,,1475.2690603733063,16.73209,-0.2,6.867397e-10,0.0009999999,,11,0.2,830,,16.33174,2721.0786,830,414.99994,,53.86144578313253,256,2837.088,-0.06666667,-116.00939,-133.7183,16.212069,-499.83582,499.83582,0.0009999999
0.0009999999,499.83582,115252.73,0.1325776,0.9999993,0.2,,138.6916,44729,0.0009999999,-111.52907,,1477.2807986736298,17.14568,0.06666667,6.850879e-10,0.0009999999,,11,-0.06666667,831,,16.330536,2721.2363,831,415.4997,,53.82551143200963,256,2837.25,-0.06666667,-116.01357,-133.6916,16.212965,-499.83582,499.83582,0.0009999999
0.0009999999,499.83582,115387.17,0.40084708,1.0000001,0.2,,138.68651,44769,0.0009999999,-129.44485,,1479.4765846729279,16.476171,-0.06666667,6.834421e-10,0.0009999999,,11,0.06666667,832,,16.329332,2721.3645,832,416.00006,,53.80889423076923,256,2837.4116,0.2,-116.04719,-133.68651,16.213055,-499.83582,499.83582,0.0009999999
0.0009999999,499.83582,115503.26,0.0009849817,1.0000001,0.06666667,,138.65938,44785,0.0009999999,-111.087364,,1481.584853887558,13.1361885,0.2,6.8180217e-10,0.0009999999,,11,-0.06666667,833,,16.328133,2721.5234,833,416.50024,,53.76350540216087,256,2837.573,-0.2,-116.04962,-133.65938,16.209135,-499.83582,499.83582,0.0009999999
0.0009999999,499.83582,115616.625,-0.0017038286,1.0000001,0.06666667,,138.62904,44807,0.0009999999,-108.37139,,1483.8487439155579,15.287939,-0.06666667,6.801681e-10,0.0009999999,,11,0.06666667,834,,16.326933,2721.3674,834,417.00024,,53.725419664268586,256,2837.7344,-0.06666667,-116.36686,-133.62904,16.207806,-499.83582,499.83582,0.0009999999
0.0009999999,499.83582,115727.836,0.5341125,1.0,0.2,,138.5962,44824,0.0009999999,-106.20593,,1486.009922504425,17.180042,-0.06666667,6.7853995e-10,0.0009999999,,11,0.2,835,,16.325733,2721.283,835,417.5,,53.6814371257485,256,2837.8955,0.2,-116.61256,-133.5962,16.20874,-499.83582,499.83582,0.0009999999
0.0009999999,499.83582,115862.82,0.0018017069,1.0,-0.06666667,,138.59189,44857,0.0009999999,-129.9847,,1488.166186094284,17.53943,0.2,6.7691763e-10,0.0009999999,,11,-0.06666667,836,,16.324537,2721.434,836,418.0,,53.6566985645933,256,2838.0564,-0.06666667,-116.62243,-133.59189,16.21011,-499.83582,499.83582,0.0009999999
0.0009999999,499.83582,115988.42,-0.26796767,1.0,-0.2,,138.57637,44884,0.0009999999,-120.60402,,1490.3714220523834,17.802961,-0.06666667,6.753011e-10,0.0009999999,,11,0.06666667,837,,16.323341,2721.488,837,418.50018,,53.62485065710872,256,2838.217,-0.06666667,-116.72907,-133.57637,16.211786,-499.83582,499.83582,0.0009999999
0.0009999999,499.83582,116125.25,0.397952,0.99999946,-0.06666667,,138.57428,44930,0.0009999999,-131.82776,,1492.5490307807922,17.109293,0.06666667,6.736904e-10,0.0009999999,,11,0.2,838,,16.322147,2721.4365,838,418.9998,,53.61575178997613,256,2838.3777,0.2,-116.941086,-133.57428,16.212633,-499.83582,499.83582,0.0009999999
0.0009999999,499.83582,116255.08,0.26566285,1.0000005,0.2,,138.56386,44959,0.0009999999,-124.82828,,1494.8251645565033,17.594164,0.2,6.7208533e-10,0.0009999999,,11,-0.06666667,839,,16.320955,2721.4812,839,419.50037,,53.586412395709175,256,2838.5378,-0.06666667,-117.05658,-133.56386,16.214056,-499.83582,499.83582,0.0009999999
0.0009999999,499.83582,116378.55,-0.26609802,0.9999999,-0.2,,138.54588,44987,0.0009999999,-118.47193,,1496.969022989273,17.678408,-0.2,6.704861e-10,0.0009999999,,11,-0.06666667,840,,16.319763,2721.5962,840,419.99994,,53.555952380952384,256,2838.6978,0.2,-117.10161,-133.54588,16.215574,-499.83582,499.83582,0.0009999999
0.0009999999,499.83582,116501.61,-0.2672345,1.0000002,0.06666667,,138.52748,45009,0.0009999999,-118.052765,,1499.102483510971,16.507841,-0.2,6.6889255e-10,0.0009999999,,11,-0.06666667,841,,16.318573,2721.7368,841,420.50012,,53.51843043995244,256,2838.8577,-0.06666667,-117.12093,-133.52748,16.215696,-499.83582,499.83582,0.0009999999
0.0009999999,499.83582,116613.14,0.13459206,1.0000002,0.2,,138.49542,45025,0.0009999999,-106.5405,,1501.2574677467346,16.567738,-0.06666667,6.6730466e-10,0.0009999999,,11,0.06666667,842,,16.317385,2721.7832,842,421.0001,,53.473871733966746,256,2839.0176,-0.06666667,-117.234375,-133.49542,16.215893,-499.83582,499.83582,0.0009999999
0.0009999999,499.83582,116721.66,-0.26496005,0.99999964,0.2,,138.45985,45037,0.0009999999,-103.51521,,1503.3343751430511,15.657094,-0.06666667,6.657224e-10,0.0009999999,,11,-0.2,843,,16.316198,2721.9355,843,421.49985,,53.42467378410439,256,2839.177,-0.2,-117.241356,-133.45985,16.215006,-499.83582,499.83582,0.0009999999
0.0009999999,499.83582,116831.34,0.2675417,1.0000005,0.2,,138.42577,45077,0.0009999999,-104.68695,,1505.523235797882,17.314814,0.2,6.641458e-10,0.0009999999,,11,-0.2,844,,16.315014,2722.0706,844,422.00018,,53.40876777251185,256,2839.3364,0.06666667,-117.2659,-133.42577,16.216085,-499.83582,499.83582,0.0009999999
0.0009999999,499.83582,116969.82,-0.12954748,1.0000008,0.06666667,,138.42583,45123,0.0009999999,-133.48091,,1507.7220108509064,17.97297,-0.2,6.6257494e-10,0.0009999999,,11,-0.2,845,,16.31383,2721.9421,845,422.50034,,53.4,256,2839.4954,0.2,-117.55328,-133.42583,16.217941,-499.83582,499.83582,0.0009999999
0.0009999999,499.83582,117090.15,-0.39405257,1.0000001,-0.2,,138.40443,45142,0.0009999999,-115.32669,,1509.7796502113342,15.352264,-0.2,6.6100947e-10,0.0009999999,,11,-0.06666667,846,,16.312647,2721.7903,846,423.00027,,53.35933806146572,256,2839.6545,0.06666667,-117.86433,-133.40443,16.216696,-499.83582,499.83582,0.0009999999
0.0009999999,499.83582,117211.88,-0.13350241,0.99999994,-0.2,,138.38475,45174,0.0009999999,-116.73128,,1511.8743288516998,12.832089,-0.2,6.5944955e-10,0.0009999999,,11,0.06666667,847,,16.311464,2721.9487,847,423.49997,,53.33412042502952,256,2839.8132,0.2,-117.86446,-133.38475,16.212475,-499.83582,499.83582,0.0009999999
0.0009999999,499.83582,117323.5,-0.13521254,0.9999997,-0.2,,138.35318,45188,0.0009999999,-106.61804,,1513.958903312683,18.249418,0.2,6.578952e-10,0.0009999999,,11,-0.06666667,848,,16.310286,2721.979,848,423.99988,,53.2877358490566,256,2839.9717,-0.06666667,-117.99264,-133.35318,16.214657,-499.83582,499.83582,0.0009999999
0.0009999999,499.83582,117452.805,0.5301146,1.0000008,0.2,,138.34253,45222,0.0009999999,-124.29894,,1516.0875799655914,15.917278,0.06666667,6.563463e-10,0.0009999999,,11,0.2,849,,16.309107,2722.112,849,424.50037,,53.265017667844525,256,2840.1296,0.06666667,-118.01758,-133.34253,16.214085,-499.83582,499.83582,0.0009999999
0.0009999999,499.83582,117568.55,-0.12971966,1.0000005,0.06666667,,138.31593,45236,0.0009999999,-110.744484,,1518.2470960617065,15.244232,0.2,6.548029e-10,0.0009999999,,11,-0.2,850,,16.30793,2722.1868,850,425.0002,,53.218823529411765,256,2840.2878,-0.2,-118.10114,-133.31593,16.21272,-499.83582,499.83582,0.0009999999
0.0009999999,499.83582,117678.664,0.26666343,0.9999997,0.06666667,,138.2828,45252,0.0009999999,-105.11686,,1520.4444224834442,15.946261,0.06666667,6.5326483e-10,0.0009999999,,11,0.06666667,851,,16.306753,2722.249,851,425.49988,,53.17508813160987,256,2840.4458,0.06666667,-118.19666,-133.2828,16.212187,-499.83582,499.83582,0.0009999999
0.0009999999,499.83582,117797.86,-0.1301507,1.0000002,-0.06666667,,138.26039,45270,0.0009999999,-114.196266,,1522.6597349643707,17.73831,-0.2,6.517322e-10,0.0009999999,,11,-0.06666667,852,,16.305578,2722.4011,852,426.0001,,53.13380281690141,256,2840.6035,0.2,-118.20248,-133.26039,16.213757,-499.83582,499.83582,0.0009999999
0.0009999999,499.83582,117925.14,0.26761597,1.0000002,0.2,,138.24753,45295,0.0009999999,-122.280716,,1524.8881928920746,15.252307,0.06666667,6.5020506e-10,0.0009999999,,11,0.06666667,853,,16.304405,2722.47,853,426.5001,,53.10082063305979,256,2840.7612,-0.06666667,-118.29135,-133.24753,16.21241,-499.83582,499.83582,0.0009999999
0.0009999999,499.83582,118035.305,0.26451087,0.99999964,0.06666667,,138.21465,45313,0.0009999999,-105.16894,,1527.1345388889313,15.637584,-0.2,6.4868316e-10,0.0009999999,,11,0.2,854,,16.303234,2722.5615,854,426.99985,,53.059718969555036,256,2840.9185,0.2,-118.357025,-133.21465,16.211514,-499.83582,499.83582,0.0009999999
0.0009999999,499.83582,118152.945,-0.13199472,1.0000005,-0.2,,138.19058,45334,0.0009999999,-112.63735,,1529.3275036811829,17.194378,0.06666667,6.4716665e-10,0.0009999999,,11,0.06666667,855,,16.302065,2722.6775,855,427.5002,,53.022222222222226,256,2841.0754,-0.06666667,-118.398026,-133.19058,16.212442,-499.83582,499.83582,0.0009999999
0.0009999999,499.83582,118293.1,0.1307118,1.0000008,0.2,,138.19287,45465,0.0009999999,-135.15154,,1531.7371990680695,17.799217,0.2,6.456555e-10,0.0009999999,,11,-0.2,856,,16.300896,2722.4531,856,428.00034,,53.11331775700935,256,2841.2324,-0.06666667,-118.77935,-133.19287,16.214077,-499.83582,499.83582,0.0009999999
0.0009999999,499.83582,118419.945,-0.40051004,1.0000001,-0.06666667,,138.17963,45491,0.0009999999,-121.84685,,1533.8742640018463,16.623114,0.06666667,6.4414957e-10,0.0009999999,,11,-0.2,857,,16.299728,2722.5894,857,428.50024,,53.081680280046676,256,2841.3892,-0.2,-118.79972,-133.17963,16.214336,-499.83582,499.83582,0.0009999999
0.0009999999,499.83582,118526.69,0.3995377,0.9999997,0.2,,138.14299,45513,0.0009999999,-101.740005,,1536.0629563331604,17.291693,-0.06666667,6.4264893e-10,0.0009999999,,11,0.2,858,,16.298561,2722.7168,858,428.99988,,53.04545454545455,256,2841.546,0.06666667,-118.82898,-133.14299,16.21537,-499.83582,499.83582,0.0009999999
0.0009999999,499.83582,118636.16,-0.00039932132,1.0000002,0.06666667,,138.1096,45525,0.0009999999,-104.4766,,1538.3943660259247,12.119962,0.06666667,6.411535e-10,0.0009999999,,11,0.06666667,859,,16.297396,2722.7922,859,429.50012,,52.9976717112922,256,2841.7021,-0.2,-118.91,-133.1096,16.210384,-499.83582,499.83582,0.0009999999
0.0009999999,499.83582,118752.61,-0.004022464,1.0000004,-0.06666667,,138.08443,45543,0.0009999999,-111.447464,,1540.7072217464447,16.878683,0.06666667,6.396633e-10,0.0009999999,,11,0.06666667,860,,16.296232,2722.6584,860,430.00015,,52.95697674418604,256,2841.8584,-0.06666667,-119.19994,-133.08443,16.210941,-499.83582,499.83582,0.0009999999
0.0009999999,499.83582,118876.05,-0.3985662,0.99999976,-0.06666667,,138.06741,45566,0.0009999999,-118.4407,,1542.8927557468414,11.4894495,-0.2,6.3817834e-10,0.0009999999,,11,-0.06666667,861,,16.29507,2722.766,861,430.4999,,52.92218350754936,256,2842.0144,-0.06666667,-119.24829,-133.06741,16.205238,-499.83582,499.83582,0.0009999999
0.0009999999,499.83582,118988.234,0.13361281,1.0000001,-0.06666667,,138.0374,45583,0.0009999999,-107.18768,,1545.0368115901947,16.994585,0.2,6.366985e-10,0.0009999999,,11,0.06666667,862,,16.293911,2722.7512,862,431.00024,,52.880510440835266,256,2842.1702,-0.06666667,-119.41892,-133.0374,16.205936,-499.83582,499.83582,0.0009999999
0.0009999999,499.83582,119097.72,0.00066420436,1.0000005,-0.06666667,,138.0043,45599,0.0009999999,-104.48994,,1547.1934578418732,17.277588,-0.06666667,6.352238e-10,0.0009999999,,11,0.06666667,863,,16.292751,2722.743,863,431.50037,,52.837775202780996,256,2842.326,0.06666667,-119.583084,-133.0043,16.20696,-499.83582,499.83582,0.0009999999
0.0009999999,499.83582,119235.96,-0.26320207,1.0000001,0.06666667,,138.00458,45634,0.0009999999,-133.2351,,1549.2789163589478,15.955059,0.06666667,6.337542e-10,0.0009999999,,11,-0.2,864,,16.291594,2722.819,864,432.00024,,52.817129629629626,256,2842.4812,-0.2,-119.662094,-133.00458,16.20645,-499.83582,499.83582,0.0009999999
0.0009999999,499.83582,119329.46,-0.531398,0.99999964,-0.2,,137.95314,45720,0.0009999999,-88.50087,,1551.6010391712189,13.7262125,0.06666667,6.322897e-10,0.0009999999,,11,-0.2,865,,16.290436,2722.8909,865,432.49985,,52.85549132947977,256,2842.6365,-0.2,-119.74572,-132.95314,16.203363,-499.83582,499.83582,0.0009999999
0.0009999999,499.83582,119440.766,0.26395476,1.0000001,0.06666667,,137.92236,45771,0.0009999999,-106.30554,,1553.7832827568054,15.953898,0.2,6.3083033e-10,0.0009999999,,11,-0.06666667,866,,16.28928,2722.8938,866,433.00006,,52.853348729792145,256,2842.7915,0.06666667,-119.8978,-132.92236,16.202858,-499.83582,499.83582,0.0009999999
0.0009999999,499.83582,119572.33,-0.26437584,1.0,0.06666667,,137.91502,45804,0.0009999999,-126.55858,,1555.9393558502197,16.905373,-0.2,6.2937594e-10,0.0009999999,,11,-0.2,867,,16.288126,2722.9165,867,433.5,,52.83044982698962,256,2842.9465,0.06666667,-120.03011,-132.91502,16.203451,-499.83582,499.83582,0.0009999999
0.0009999999,499.83582,119695.25,0.13204466,1.0000002,0.2,,137.89775,45829,0.0009999999,-117.91893,,1557.9976329803467,16.079718,0.2,6.279266e-10,0.0009999999,,11,-0.06666667,868,,16.286974,2722.9697,868,434.00012,,52.79838709677419,256,2843.101,-0.2,-120.13138,-132.89775,16.20309,-499.83582,499.83582,0.0009999999
0.0009999999,499.83582,119804.516,0.13394427,0.99999994,-0.06666667,,137.8648,45851,0.0009999999,-104.27071,,1560.5919678211212,17.265245,0.2,6.2648225e-10,0.0009999999,,11,-0.2,869,,16.285822,2722.7444,869,434.49997,,52.76294591484465,256,2843.2559,0.2,-120.511536,-132.8648,16.204096,-499.83582,499.83582,0.0009999999
0.0009999999,499.83582,119945.96,0.26741326,1.0,0.06666667,,137.86893,45890,0.0009999999,-136.4433,,1563.1491203308105,16.131815,0.2,6.250429e-10,0.0009999999,,11,-0.2,870,,16.284672,2722.8462,870,435.0,,52.747126436781606,256,2843.4097,0.2,-120.56357,-132.86893,16.203798,-499.83582,499.83582,0.0009999999
0.0009999999,499.83582,120080.914,-0.0036518201,0.99999946,0.2,,137.86557,45926,0.0009999999,-129.9534,,1565.7146482467651,16.765917,-0.06666667,6.236085e-10,0.0009999999,,11,-0.06666667,871,,16.283524,2722.9968,871,435.49976,,52.727898966704934,256,2843.5642,-0.06666667,-120.56737,-132.86557,16.204226,-499.83582,499.83582,0.0009999999
0.0009999999,499.83582,120212.69,0.1309824,1.0000002,-0.2,,137.85858,45958,0.0009999999,-126.76937,,1568.160485982895,14.940555,0.2,6.2217914e-10,0.0009999999,,11,-0.06666667,872,,16.282375,2723.0999,872,436.0001,,52.70412844036697,256,2843.718,0.2,-120.618195,-132.85858,16.202562,-499.83582,499.83582,0.0009999999
0.0009999999,499.83582,120345.33,0.0017836541,1.0000005,-0.06666667,,137.85262,45992,0.0009999999,-127.64269,,1570.708529472351,16.388699,0.06666667,6.2075456e-10,0.0009999999,,11,0.2,873,,16.281229,2723.2517,873,436.50018,,52.68270332187858,256,2843.8716,-0.2,-120.61999,-132.85262,16.202559,-499.83582,499.83582,0.0009999999
0.0009999999,499.83582,120458.7,0.2652481,1.0,-0.2,,137.8246,46007,0.0009999999,-108.371086,,1573.2868061065674,16.57763,0.06666667,6.1933486e-10,0.0009999999,,11,0.2,874,,16.280085,2723.3777,874,437.0,,52.639588100686495,256,2844.0254,0.2,-120.64776,-132.8246,16.20277,-499.83582,499.83582,0.0009999999
0.0009999999,499.83582,120585.72,-0.13541657,1.0000008,0.2,,137.81226,46031,0.0009999999,-122.01609,,1576.0557205677032,14.530321,-0.2,6.1792005e-10,0.0009999999,,11,-0.2,875,,16.278942,2723.2605,875,437.50037,,52.606857142857145,256,2844.179,0.06666667,-120.918365,-132.81226,16.200645,-499.83582,499.83582,0.0009999999
0.0009999999,499.83582,120700.98,0.00045110285,0.9999992,-0.06666667,,137.7865,46047,0.0009999999,-110.26045,,1578.355341911316,16.912447,-0.06666667,6.1651007e-10,0.0009999999,,11,0.2,876,,16.2778,2722.8728,876,437.99966,,52.56506849315068,256,2844.332,-0.06666667,-121.459335,-132.7865,16.201242,-499.83582,499.83582,0.0009999999
0.0009999999,499.83582,120813.83,0.13335748,1.0000004,0.06666667,,137.75807,46065,0.0009999999,-107.850876,,1580.7535569667816,16.778458,-0.2,6.151049e-10,0.0009999999,,11,0.06666667,877,,16.276659,2722.9795,877,438.50037,,52.52565564424173,256,2844.4849,0.2,-121.50547,-132.75807,16.201685,-499.83582,499.83582,0.0009999999
0.0009999999,499.83582,120930.555,-0.13394524,0.99999994,-0.2,,137.73412,46082,0.0009999999,-111.72835,,1583.3055658340454,14.164235,-0.06666667,6.137046e-10,0.0009999999,,11,0.06666667,878,,16.275518,2722.21,878,438.99997,,52.48519362186788,256,2844.6377,0.06666667,-122.4278,-132.73412,16.19915,-499.83582,499.83582,0.0009999999
0.0009999999,499.83582,121077.07,-0.0009961873,1.0000004,0.06666667,,137.74411,46126,0.0009999999,-141.51886,,1585.9096848964691,17.239939,0.2,6.1230904e-10,0.0009999999,,11,-0.2,879,,16.27438,2722.334,879,439.50015,,52.47554038680318,256,2844.79,-0.06666667,-122.45604,-132.74411,16.20012,-499.83582,499.83582,0.0009999999
0.0009999999,499.83582,121201.16,0.267468,1.0000001,-0.06666667,,137.72859,46154,0.0009999999,-119.0902,,1588.226595401764,16.030678,-0.06666667,6.1091815e-10,0.0009999999,,11,0.2,880,,16.273243,2722.2651,880,440.00006,,52.44772727272727,256,2844.9429,0.2,-122.67772,-132.72859,16.19971,-499.83582,499.83582,0.0009999999
0.0009999999,499.83582,121327.36,0.26819998,0.9999997,0.2,,137.7155,46179,0.0009999999,-121.20259,,1590.6610159873962,17.834217,-0.2,6.095321e-10,0.0009999999,,11,0.06666667,881,,16.272108,2722.0786,881,440.5001,,52.416572077185016,256,2845.0955,0.2,-123.01681,-132.7155,16.201355,-499.83582,499.83582,0.0009999999
0.0009999999,499.83582,121438.18,0.13137224,0.9999997,-0.06666667,,137.68501,46192,0.0009999999,-105.81925,,1593.1288290023804,16.591843,0.2,6.081507e-10,0.0009999999,,11,-0.06666667,882,,16.270973,2722.207,882,440.99988,,52.3718820861678,256,2845.2473,0.06666667,-123.040276,-132.68501,16.201584,-499.83582,499.83582,0.0009999999
0.0009999999,499.83582,121561.22,0.5313945,0.9999995,0.2,,137.66843,46215,0.0009999999,-118.03567,,1595.716805934906,16.815874,0.06666667,6.0677396e-10,0.0009999999,,11,0.06666667,883,,16.26984,2722.1943,883,441.4998,,52.338618346545864,256,2845.3992,0.2,-123.20489,-132.66843,16.202063,-499.83582,499.83582,0.0009999999
0.0009999999,499.83582,121683.58,-0.53536993,0.99999964,-0.06666667,,137.65111,46236,0.0009999999,-117.359695,,1598.327721118927,17.482788,-0.06666667,6.05402e-10,0.0009999999,,11,-0.2,884,,16.26871,2722.3025,884,441.99985,,52.30316742081448,256,2845.551,-0.2,-123.24844,-132.65111,16.203302,-499.83582,499.83582,0.0009999999
0.0009999999,499.83582,121788.56,-0.39958793,0.99999917,0.06666667,,137.6142,46266,0.0009999999,-99.99158,,1600.8878247737885,16.004013,-0.2,6.040346e-10,0.0009999999,,11,-0.2,885,,16.267578,2722.3044,885,442.49963,,52.277966101694915,256,2845.7026,-0.06666667,-123.39815,-132.6142,16.202864,-499.83582,499.83582,0.0009999999
0.0009999999,499.83582,121910.555,-0.40228027,1.0000005,-0.06666667,,137.59656,46290,0.0009999999,-116.99271,,1603.2631618976593,17.488064,-0.2,6.0267186e-10,0.0009999999,,11,-0.2,886,,16.266449,2722.2627,886,443.00043,,52.246049661399546,256,2845.854,0.06666667,-123.59141,-132.59656,16.204102,-499.83582,499.83582,0.0009999999
0.0009999999,499.83582,122033.125,-0.26451933,1.0000001,-0.2,,137.57962,46313,0.0009999999,-117.56965,,1605.6833794116974,16.067795,0.06666667,6.013137e-10,0.0009999999,,11,-0.06666667,887,,16.26532,2722.2007,887,443.50006,,52.213077790304396,256,2846.0051,-0.06666667,-123.804474,-132.57962,16.203733,-499.83582,499.83582,0.0009999999
0.0009999999,499.83582,122194.2,-0.003646642,1.0000001,-0.2,,137.60608,46813,0.0009999999,-156.07144,,1608.8008813858032,15.791189,0.2,5.999602e-10,0.0009999999,,11,-0.06666667,888,,16.264194,2722.315,888,444.00027,,52.71734234234234,256,2846.1562,0.06666667,-123.84121,-132.60608,16.203058,-499.83582,499.83582,0.0009999999
0.0009999999,499.83582,122321.68,0.2659266,1.0000005,-0.06666667,,137.5947,46839,0.0009999999,-122.47971,,1611.2803585529327,15.870558,0.2,5.986112e-10,0.0009999999,,11,-0.06666667,889,,16.26307,2722.3853,889,444.5002,,52.68728908886389,256,2846.307,0.2,-123.921684,-132.5947,16.202473,-499.83582,499.83582,0.0009999999
0.0009999999,499.83582,122446.94,0.26684287,0.99999964,-0.06666667,,137.58083,46862,0.0009999999,-120.25206,,1613.8089084625244,17.04119,0.06666667,5.9726674e-10,0.0009999999,,11,0.2,890,,16.261944,2722.4055,890,444.99985,,52.65393258426966,256,2846.4578,0.06666667,-124.05231,-132.58083,16.203203,-499.83582,499.83582,0.0009999999
0.0009999999,499.83582,122571.16,0.26846987,1.0000001,-0.2,,137.56583,46891,0.0009999999,-119.21673,,1616.2320804595947,17.309092,0.2,5.9592686e-10,0.0009999999,,11,0.06666667,891,,16.26082,2721.6255,891,445.50006,,52.627384960718295,256,2846.6084,0.2,-124.982956,-132.56583,16.204235,-499.83582,499.83582,0.0009999999
0.0009999999,499.83582,122699.39,-0.39848477,0.99999994,0.06666667,,137.55537,46918,0.0009999999,-123.23432,,1618.801013469696,15.693542,-0.06666667,5.9459143e-10,0.0009999999,,11,-0.2,892,,16.259699,2721.171,892,445.99997,,52.59865470852018,256,2846.7585,-0.2,-125.58758,-132.55537,16.203445,-499.83582,499.83582,0.0009999999
0.0009999999,499.83582,122822.375,-0.5310397,0.9999991,-0.06666667,,137.53905,46963,0.0009999999,-117.98429,,1621.2099647521973,17.131145,-0.2,5.932605e-10,0.0009999999,,11,-0.2,893,,16.25858,2721.2607,893,446.4996,,52.59014557670773,256,2846.9087,-0.06666667,-125.648026,-132.53905,16.204275,-499.83582,499.83582,0.0009999999
0.0009999999,499.83582,122954.3,0.39873695,0.9999995,-0.06666667,,137.53278,46997,0.0009999999,-126.92104,,1623.6672551631927,16.795197,0.2,5.9193406e-10,0.0009999999,,11,0.06666667,894,,16.25746,2721.4067,894,446.9998,,52.569351230425056,256,2847.0586,0.2,-125.65185,-132.53278,16.204727,-499.83582,499.83582,0.0009999999
0.0009999999,499.83582,123079.05,0.13165355,0.9999998,0.06666667,,137.5185,47020,0.0009999999,-119.7559,,1626.273029088974,13.653311,-0.06666667,5.90612e-10,0.0009999999,,11,0.06666667,895,,16.256342,2721.367,895,447.50012,,52.53631284916201,256,2847.2085,0.06666667,-125.841606,-132.5185,16.201666,-499.83582,499.83582,0.0009999999
0.0009999999,499.83582,123204.766,0.13305432,1.0000004,-0.06666667,,137.50533,47044,0.0009999999,-120.71745,,1628.9044971466064,16.055532,-0.06666667,5.892944e-10,0.0009999999,,11,0.2,896,,16.255224,2721.4658,896,448.00015,,52.504464285714285,256,2847.3582,0.06666667,-125.8924,-132.50533,16.201292,-499.83582,499.83582,0.0009999999
0.0009999999,499.83582,123333.97,-0.5316201,0.9999997,-0.2,,137.49606,47074,0.0009999999,-124.202736,,1631.5402233600616,17.242508,-0.2,5.879812e-10,0.0009999999,,11,-0.2,897,,16.25411,2721.0784,897,448.49988,,52.479375696767,256,2847.5073,0.06666667,-126.42896,-132.49606,16.202244,-499.83582,499.83582,0.0009999999
0.0009999999,499.83582,123468.7,0.001628533,1.0000004,-0.2,,137.49298,47109,0.0009999999,-129.73701,,1634.117169380188,16.11412,-0.06666667,5.866724e-10,0.0009999999,,11,0.2,898,,16.252995,2720.4985,898,449.00015,,52.45991091314031,256,2847.6567,0.06666667,-127.15811,-132.49298,16.201933,-499.83582,499.83582,0.0009999999
0.0009999999,499.83582,123610.21,0.53542197,1.0000004,0.06666667,,137.49745,47154,0.0009999999,-136.5049,,1636.7623012065887,15.055798,0.06666667,5.85368e-10,0.0009999999,,11,0.2,899,,16.251883,2720.5588,899,449.50015,,52.45161290322581,256,2847.8057,0.2,-127.246735,-132.49745,16.200447,-499.83582,499.83582,0.0009999999
0.0009999999,499.83582,123738.27,-0.13347003,0.9999996,0.06666667,,137.48697,47181,0.0009999999,-123.06229,,1639.0835220813751,17.440008,-0.06666667,5.8406796e-10,0.0009999999,,11,-0.06666667,900,,16.25077,2719.6729,900,449.99982,,52.42333333333333,256,2847.9548,-0.06666667,-128.2819,-132.48697,16.201618,-499.83582,499.83582,0.0009999999
0.0009999999,499.83582,123849.71,-0.13307026,1.0000001,-0.06666667,,137.45805,47202,0.0009999999,-106.437935,,1641.5514800548553,17.869137,-0.06666667,5.827722e-10,0.0009999999,,11,0.06666667,901,,16.24966,2719.6343,901,450.50006,,52.38845726970033,256,2848.1035,-0.06666667,-128.46928,-132.45805,16.203259,-499.83582,499.83582,0.0009999999
0.0009999999,499.83582,124000.3,0.13224679,1.0,0.2,,137.47261,47254,0.0009999999,-145.58601,,1643.905014038086,16.786497,0.06666667,5.8148075e-10,0.0009999999,,11,-0.2,902,,16.24855,2718.7837,902,451.0,,52.388026607538805,256,2848.252,0.06666667,-129.46819,-132.47261,16.203697,-499.83582,499.83582,0.0009999999
0.0009999999,499.83582,124162.67,-0.2663657,1.0000001,-0.06666667,,137.50018,47317,0.0009999999,-157.37846,,1646.3502578735352,16.579876,-0.2,5.8019356e-10,0.0009999999,,11,-0.2,903,,16.247442,2718.5264,903,451.50006,,52.39977851605759,256,2848.4004,0.2,-129.8741,-132.50018,16.203905,-499.83582,499.83582,0.0009999999
0.0009999999,499.83582,124286.84,-0.13130227,0.9999996,-0.06666667,,137.48544,47340,0.0009999999,-119.17213,,1648.7275626659393,18.002565,0.2,5.7891064e-10,0.0009999999,,11,-0.2,904,,16.246336,2718.6338,904,451.99982,,52.36725663716814,256,2848.5486,-0.06666667,-129.91484,-132.48544,16.205685,-499.83582,499.83582,0.0009999999
0.0009999999,499.83582,124421.61,0.53388363,1.0000002,0.2,,137.48244,47373,0.0009999999,-129.75935,,1650.9924612045288,16.479563,0.2,5.7763194e-10,0.0009999999,,11,-0.06666667,905,,16.24523,2718.7258,905,452.50012,,52.34585635359116,256,2848.6968,0.2,-129.97093,-132.48244,16.20578,-499.83582,499.83582,0.0009999999
0.0009999999,499.83582,124534.47,0.2653827,1.0000002,0.2,,137.45526,47387,0.0009999999,-107.863495,,1653.2706167697906,17.708708,0.06666667,5.763576e-10,0.0009999999,,11,-0.06666667,906,,16.244125,2718.6196,906,453.00012,,52.303532008830025,256,2848.8447,0.06666667,-130.22505,-132.45526,16.207232,-499.83582,499.83582,0.0009999999
0.0009999999,499.83582,124655.0,0.13359368,0.9999996,0.06666667,,137.4366,47408,0.0009999999,-115.53755,,1655.4905347824097,17.629799,0.2,5.7508737e-10,0.0009999999,,11,-0.2,907,,16.243023,2718.7466,907,453.49982,,52.26901874310915,256,2848.9924,0.06666667,-130.24576,-132.4366,16.208591,-499.83582,499.83582,0.0009999999
0.0009999999,499.83582,124776.76,0.1328818,1.0000001,-0.2,,137.41934,47429,0.0009999999,-116.75547,,1657.6991186141968,13.779008,-0.06666667,5.738214e-10,0.0009999999,,11,0.2,908,,16.24192,2718.692,908,454.00006,,52.23458149779736,256,2849.14,0.2,-130.44801,-132.41934,16.205708,-499.83582,499.83582,0.0009999999
0.0009999999,499.83582,124895.0,-0.13545832,0.99999994,-0.06666667,,137.39824,47447,0.0009999999,-113.235466,,1659.8143103122711,17.921776,0.06666667,5.725595e-10,0.0009999999,,11,-0.06666667,909,,16.24082,2718.2366,909,454.49997,,52.1969196919692,256,2849.2874,-0.06666667,-131.05069,-132.39824,16.207388,-499.83582,499.83582,0.0009999999
0.0009999999,499.83582,125021.59,8.846074e-05,1.0000005,-0.06666667,,137.38637,47504,0.0009999999,-121.60181,,1662.221752166748,16.344414,0.2,5.713018e-10,0.0009999999,,11,-0.2,910,,16.239721,2717.6318,910,455.00043,,52.2021978021978,256,2849.4346,0.06666667,-131.80273,-132.38637,16.207333,-499.83582,499.83582,0.0009999999
0.0009999999,499.83582,125157.91,0.13434109,0.9999994,-0.06666667,,137.3852,47540,0.0009999999,-131.30977,,1664.6046776771545,17.176193,0.06666667,5.7004823e-10,0.0009999999,,11,0.06666667,911,,16.238623,2716.325,911,455.49973,,52.18441273326015,256,2849.5813,0.06666667,-133.25636,-132.3852,16.208189,-499.83582,499.83582,0.0009999999
0.0009999999,499.83582,125297.71,0.13392743,1.0,-0.2,,137.38785,47578,0.0009999999,-134.80492,,1667.0175728797913,13.790625,0.06666667,5.6879884e-10,0.0009999999,,11,0.2,912,,16.237526,2716.1624,912,456.0,,52.16885964912281,256,2849.7283,0.06666667,-133.56583,-132.38785,16.20533,-499.83582,499.83582,0.0009999999
0.0009999999,499.83582,125413.39,0.00086030364,0.9999999,-0.2,,137.36406,47595,0.0009999999,-110.685776,,1669.3727972507477,16.572666,0.06666667,5.6755356e-10,0.0009999999,,11,0.06666667,913,,16.23643,2715.4001,913,456.49994,,52.130339539978095,256,2849.875,0.06666667,-134.47491,-132.36406,16.205528,-499.83582,499.83582,0.0009999999
0.0009999999,499.83582,125542.375,-0.26739317,1.0,-0.2,,137.35489,47626,0.0009999999,-123.97952,,1671.4840505123138,18.086802,0.2,5.663123e-10,0.0009999999,,11,-0.2,914,,16.235334,2715.146,914,457.0,,52.10722100656455,256,2850.0217,-0.06666667,-134.87576,-132.35489,16.207378,-499.83582,499.83582,0.0009999999
0.0009999999,499.83582,125681.375,-0.0015324503,0.9999994,0.2,,137.35669,47664,0.0009999999,-134.00279,,1673.7955107688904,16.797182,0.06666667,5.6507515e-10,0.0009999999,,11,-0.2,915,,16.234241,2715.024,915,457.49973,,52.09180327868852,256,2850.168,-0.06666667,-135.14401,-132.35669,16.207817,-499.83582,499.83582,0.0009999999
0.0009999999,499.83582,125833.77,-0.13379169,1.0,-0.2,,137.37311,47726,0.0009999999,-147.39531,,1676.1834108829498,16.30246,0.2,5.63842e-10,0.0009999999,,11,-0.2,916,,16.233149,2714.6907,916,458.0,,52.10262008733624,256,2850.3142,0.06666667,-135.62344,-132.37311,16.207716,-499.83582,499.83582,0.0009999999
0.0009999999,499.83582,125978.88,0.13400957,0.99999994,0.06666667,,137.38155,47771,0.0009999999,-140.11047,,1678.512226819992,16.706665,0.06666667,5.626129e-10,0.0009999999,,11,0.06666667,917,,16.232058,2714.8184,917,458.49997,,52.094874591057795,256,2850.4602,-0.06666667,-135.64188,-132.38155,16.208054,-499.83582,499.83582,0.0009999999
0.0009999999,499.83582,126114.08,-0.26570323,0.99999905,0.06666667,,137.37917,47815,0.0009999999,-130.19344,,1680.8693096637726,15.98535,-0.06666667,5.613879e-10,0.0009999999,,11,-0.2,918,,16.230968,2714.7256,918,458.99957,,52.08605664488017,256,2850.606,-0.06666667,-135.88026,-132.37917,16.207605,-499.83582,499.83582,0.0009999999
0.0009999999,499.83582,126250.58,-0.6654219,0.99999946,-0.2,,137.37822,47852,0.0009999999,-131.49567,,1683.1530969142914,15.896299,-0.2,5.6016675e-10,0.0009999999,,11,-0.2,919,,16.22988,2714.3577,919,459.49976,,52.069640914036995,256,2850.752,-0.06666667,-136.39423,-132.37822,16.207062,-499.83582,499.83582,0.0009999999
0.0009999999,499.83582,126383.72,0.13584109,1.0000001,0.06666667,,137.37361,47900,0.0009999999,-128.14297,,1685.4349880218506,16.91137,-0.06666667,5.5894966e-10,0.0009999999,,11,-0.06666667,920,,16.228792,2713.1516,920,460.00003,,52.06521739130435,256,2850.8975,0.2,-137.74576,-132.37361,16.20762,-499.83582,499.83582,0.0009999999
0.0009999999,499.83582,126514.66,0.40028384,0.99999994,0.2,,137.36662,47928,0.0009999999,-125.93585,,1687.6086673736572,15.081374,0.06666667,5.577365e-10,0.0009999999,,11,0.06666667,921,,16.227705,2712.915,921,460.49997,,52.039087947882734,256,2851.0427,0.06666667,-138.1277,-132.36662,16.206192,-499.83582,499.83582,0.0009999999
0.0009999999,499.83582,126633.06,0.26773393,1.0,0.06666667,,137.34605,47948,0.0009999999,-113.40423,,1689.8585858345032,15.562469,0.06666667,5.565273e-10,0.0009999999,,11,-0.06666667,922,,16.22662,2712.963,922,461.0,,52.004338394793926,256,2851.188,0.2,-138.22505,-132.34605,16.20529,-499.83582,499.83582,0.0009999999
0.0009999999,499.83582,126761.125,0.13276052,1.0000004,0.06666667,,137.336,47974,0.0009999999,-123.06224,,1692.009013414383,17.533133,0.06666667,5.5532207e-10,0.0009999999,,11,-0.06666667,923,,16.225536,2712.9204,923,461.50015,,51.976164680390035,256,2851.333,0.06666667,-138.41263,-132.336,16.206524,-499.83582,499.83582,0.0009999999
0.0009999999,499.83582,126932.14,0.40028092,0.99999994,0.06666667,,137.37245,48047,0.0009999999,-166.02432,,1694.182255744934,16.98824,0.06666667,5.5412075e-10,0.0009999999,,11,0.2,924,,16.224453,2712.948,924,461.99997,,51.99891774891775,256,2851.4778,0.06666667,-138.52974,-132.37245,16.207169,-499.83582,499.83582,0.0009999999
0.0009999999,499.83582,127054.3,0.13138181,0.99999976,-0.06666667,,137.356,48067,0.0009999999,-117.15163,,1696.3927919864655,12.95778,0.06666667,5.529233e-10,0.0009999999,,11,-0.06666667,925,,16.223372,2711.4736,925,462.49988,,51.96432432432432,256,2851.6226,0.2,-140.14896,-132.356,16.203453,-499.83582,499.83582,0.0009999999
0.0009999999,499.83582,127225.38,-0.26653457,1.0000007,-0.06666667,,137.39243,48141,0.0009999999,-166.08382,,1698.677630186081,16.854305,-0.06666667,5.517297e-10,0.0009999999,,11,-0.06666667,926,,16.222292,2710.3086,926,463.0003,,51.988120950323975,256,2851.7668,-0.06666667,-141.45836,-132.39243,16.20395,-499.83582,499.83582,0.0009999999
0.0009999999,499.83582,127351.305,-0.0020406097,1.0000004,-0.2,,137.38005,48196,0.0009999999,-120.92342,,1700.9920225143433,17.341232,-0.06666667,5.5054e-10,0.0009999999,,11,0.06666667,927,,16.221212,2710.203,927,463.50043,,51.991370010787485,256,2851.9114,0.2,-141.70854,-132.38005,16.204975,-499.83582,499.83582,0.0009999999
0.0009999999,499.83582,127481.055,0.2669075,1.0000004,0.2,,137.37183,48226,0.0009999999,-124.75177,,1703.145354270935,15.635953,0.06666667,5.4935423e-10,0.0009999999,,11,-0.2,928,,16.220133,2710.2788,928,464.00018,,51.9676724137931,256,2852.0557,0.2,-141.77675,-132.37183,16.204157,-499.83582,499.83582,0.0009999999
0.0009999999,499.83582,127624.08,0.002701752,0.9999996,-0.06666667,,137.37791,48272,0.0009999999,-138.02264,,1705.4667873382568,16.665974,0.06666667,5.481722e-10,0.0009999999,,11,-0.06666667,929,,16.219057,2708.7173,929,464.50003,,51.96124865446717,256,2852.1997,0.06666667,-143.48239,-132.37791,16.20445,-499.83582,499.83582,0.0009999999
0.0009999999,499.83582,127790.664,0.00029450655,1.000001,-0.06666667,,137.40932,48338,0.0009999999,-161.5839,,1707.9905078411102,16.204376,-0.06666667,5.469939e-10,0.0009999999,,11,-0.06666667,930,,16.217981,2708.3357,930,465.00043,,51.976344086021506,256,2852.3438,0.2,-144.00803,-132.40932,16.20425,-499.83582,499.83582,0.0009999999
0.0009999999,499.83582,127952.516,0.26472533,1.0000001,0.06666667,,137.43558,48397,0.0009999999,-156.85497,,1710.4207587242126,17.213018,-0.06666667,5.458195e-10,0.0009999999,,11,0.06666667,931,,16.216906,2708.2957,931,465.50003,,51.983888292158966,256,2852.4873,0.2,-144.19154,-132.43558,16.20513,-499.83582,499.83582,0.0009999999
0.0009999999,499.83582,128081.78,-0.1321297,1.0000004,0.06666667,,137.4268,48424,0.0009999999,-124.26854,,1712.8697650432587,17.33968,0.06666667,5.446488e-10,0.0009999999,,11,-0.2,932,,16.215832,2708.1199,932,466.00018,,51.957081545064376,256,2852.6309,-0.06666667,-144.511,-132.4268,16.206146,-499.83582,499.83582,0.0009999999
0.0009999999,499.83582,128218.57,0.13418752,0.99999994,-0.06666667,,137.42612,48465,0.0009999999,-131.78795,,1715.2755599021912,16.266115,-0.06666667,5.434819e-10,0.0009999999,,11,0.06666667,933,,16.21476,2705.9304,933,466.49997,,51.945337620578776,256,2852.7742,0.2,-146.8437,-132.42612,16.206005,-499.83582,499.83582,0.0009999999
0.0009999999,499.83582,128348.71,0.40018606,1.0000006,0.2,,137.41832,48492,0.0009999999,-125.13839,,1717.6686799526215,16.805029,0.06666667,5.4231875e-10,0.0009999999,,11,-0.06666667,934,,16.21369,2703.9607,934,467.0003,,51.9186295503212,256,2852.9175,0.2,-148.95674,-132.41832,16.206446,-499.83582,499.83582,0.0009999999
0.0009999999,499.83582,128517.06,-0.002167888,0.9999996,0.06666667,,137.4514,48558,0.0009999999,-163.35411,,1720.047768831253,17.86502,0.06666667,5.4115934e-10,0.0009999999,,11,-0.2,935,,16.21262,2702.1892,935,467.49982,,51.933689839572196,256,2853.0605,0.06666667,-150.87125,-132.4514,16.208021,-499.83582,499.83582,0.0009999999
0.0009999999,499.83582,128679.516,-0.1314623,0.99999976,-0.06666667,,137.47812,48624,0.0009999999,-157.44518,,1722.4646444320679,17.07911,-0.06666667,5.4000365e-10,0.0009999999,,11,-0.06666667,936,,16.21155,2702.3057,936,467.99988,,51.94871794871795,256,2853.2036,0.06666667,-150.89807,-132.47812,16.208748,-499.83582,499.83582,0.0009999999
0.0009999999,499.83582,128819.0,0.1310263,1.0,0.2,,137.48026,48663,0.0009999999,-134.48447,,1724.6911251544952,17.673166,-0.06666667,5.3885163e-10,0.0009999999,,11,-0.06666667,937,,16.210482,2701.452,937,468.5,,51.934898612593386,256,2853.3462,0.06666667,-151.89427,-132.48026,16.21011,-499.83582,499.83582,0.0009999999
0.0009999999,499.83582,128955.766,0.2681537,0.9999995,-0.06666667,,137.47949,48699,0.0009999999,-131.76686,,1726.8493030071259,14.793296,0.06666667,5.3770327e-10,0.0009999999,,11,0.06666667,938,,16.209415,2701.2083,938,468.9998,,51.917910447761194,256,2853.4888,0.2,-152.28055,-132.47949,16.208397,-499.83582,499.83582,0.0009999999
0.0009999999,499.83582,129090.875,0.26441336,1.0000002,0.2,,137.47697,48731,0.0009999999,-130.11395,,1729.0524022579193,15.129369,-0.06666667,5.3655863e-10,0.0009999999,,11,-0.06666667,939,,16.20835,2700.4016,939,469.50012,,51.89669861554846,256,2853.6313,0.2,-153.22977,-132.47697,16.20705,-499.83582,499.83582,0.0009999999
0.0009999999,499.83582,129220.94,-0.0009315908,1.0000001,0.2,,137.46909,48758,0.0009999999,-125.05902,,1731.278398990631,16.870409,-0.06666667,5.354176e-10,0.0009999999,,11,-0.2,940,,16.207285,2700.327,940,470.00006,,51.87021276595745,256,2853.774,0.06666667,-153.44711,-132.46909,16.207556,-499.83582,499.83582,0.0009999999
0.0009999999,499.83582,129391.41,-0.13437328,0.9999993,0.06666667,,137.50415,48836,0.0009999999,-165.46579,,1733.6265451908112,14.352463,-0.06666667,5.3428023e-10,0.0009999999,,11,-0.2,941,,16.206223,2700.2336,941,470.49966,,51.89798087141339,256,2853.9158,0.06666667,-153.68224,-132.50415,16.205381,-499.83582,499.83582,0.0009999999
0.0009999999,499.83582,129579.984,-0.40090302,0.9999995,-0.06666667,,137.55836,48934,0.0009999999,-183.58093,,1735.9978611469269,15.77797,-0.06666667,5.3314647e-10,0.0009999999,,11,-0.2,942,,16.20516,2697.4575,942,470.9998,,51.94692144373673,256,2854.0579,-0.06666667,-156.60036,-132.55836,16.20473,-499.83582,499.83582,0.0009999999
0.0009999999,499.83582,129739.52,-0.0017977804,1.0000005,0.06666667,,137.58168,49022,0.0009999999,-154.53711,,1738.2311449050903,17.885098,-0.06666667,5.320164e-10,0.0009999999,,11,-0.2,943,,16.2041,2697.1667,943,471.50043,,51.98515376458112,256,2854.1997,0.2,-157.03294,-132.58168,16.20631,-499.83582,499.83582,0.0009999999
0.0009999999,499.83582,129888.08,0.13569832,0.9999996,0.2,,137.5933,49067,0.0009999999,-143.55206,,1741.0273888111115,17.601276,-0.06666667,5.3088983e-10,0.0009999999,,11,-0.2,944,,16.20304,2696.8152,944,471.99982,,51.97775423728814,256,2854.341,0.2,-157.5259,-132.5933,16.207588,-499.83582,499.83582,0.0009999999
0.0009999999,499.83582,130008.86,0.13463572,1.0000004,0.06666667,,137.57552,49091,0.0009999999,-115.78226,,1743.397667169571,16.88815,0.06666667,5.297668e-10,0.0009999999,,11,-0.2,945,,16.20198,2696.736,945,472.50018,,51.94814814814815,256,2854.483,0.2,-157.74672,-132.57552,16.208109,-499.83582,499.83582,0.0009999999
0.0009999999,499.83582,130163.14,0.0006448701,1.0000004,0.06666667,,137.59317,49142,0.0009999999,-149.2813,,1745.9653379917145,16.122644,-0.06666667,5.2864735e-10,0.0009999999,,11,-0.06666667,946,,16.200922,2696.229,946,473.00018,,51.94714587737843,256,2854.6243,0.06666667,-158.39528,-132.59317,16.207819,-499.83582,499.83582,0.0009999999
0.0009999999,499.83582,130296.26,-0.53615046,0.9999995,-0.2,,137.58844,49174,0.0009999999,-128.12108,,1748.4657766819,17.148947,-0.06666667,5.2753146e-10,0.0009999999,,11,-0.2,947,,16.199867,2694.358,947,473.4998,,51.92608236536431,256,2854.7651,-0.06666667,-160.40712,-132.58844,16.208614,-499.83582,499.83582,0.0009999999
0.0009999999,499.83582,130456.3,-0.13096291,0.9999999,0.2,,137.61212,49674,0.0009999999,-155.03963,,1751.619826078415,11.32293,-0.06666667,5.2641913e-10,0.0009999999,,11,-0.2,948,,16.19881,2687.3223,948,473.99994,,52.39873417721519,256,2854.9062,-0.06666667,-167.58408,-132.61212,16.203262,-499.83582,499.83582,0.0009999999
0.0009999999,499.83582,130588.266,0.12996301,1.0000004,-0.2,,137.60619,49715,0.0009999999,-126.97492,,1754.071830034256,16.39076,0.06666667,5.253103e-10,0.0009999999,,11,0.06666667,949,,16.197756,2680.6924,949,474.50015,,52.38672286617492,256,2855.047,0.2,-174.35477,-132.60619,16.20326,-499.83582,499.83582,0.0009999999
0.0009999999,499.83582,130741.914,-0.26724803,1.0,-0.06666667,,137.62306,49767,0.0009999999,-148.64677,,1756.72425532341,16.411547,0.06666667,5.2420496e-10,0.0009999999,,11,-0.2,950,,16.196703,2669.742,950,475.0,,52.386315789473684,256,2855.1877,-0.06666667,-185.44576,-132.62306,16.20328,-499.83582,499.83582,0.0009999999
0.0009999999,499.83582,130907.96,-0.13784772,1.0000007,-0.06666667,,137.65295,49875,0.0009999999,-161.04901,,1759.446008682251,16.857244,0.06666667,5.231031e-10,0.0009999999,,11,-0.2,951,,16.195652,2641.4028,951,475.50037,,52.44479495268139,256,2855.3286,0.06666667,-213.9259,-132.65295,16.203772,-499.83582,499.83582,0.0009999999
0.0009999999,499.83582,131208.22,-0.00081443787,1.0000002,-0.06666667,,137.82375,50076,0.0009999999,-295.24765,,1762.4368283748627,15.410419,0.06666667,5.220047e-10,0.0009999999,,11,-0.2,952,,16.194601,2606.0295,952,476.00037,,52.60084033613445,256,2855.469,0.2,-249.43942,-132.82375,16.20274,-499.83582,499.83582,0.0009999999
0.0009999999,499.83582,131467.67,-0.39774442,0.99999994,-0.2,,137.95139,50232,0.0009999999,-254.45648,,1765.19136428833,14.575595,0.06666667,5.209098e-10,0.0009999999,,11,-0.2,953,,16.19355,2604.3916,953,476.49997,,52.7093389296957,256,2855.6094,-0.06666667,-251.2178,-132.95139,16.200832,-499.83582,499.83582,0.0009999999
0.0009999999,499.83582,131706.42,-0.2710405,1.0000002,-0.06666667,,138.05705,50732,0.0009999999,-233.75679,,1768.2272503376007,15.402627,-0.06666667,5.198183e-10,0.0009999999,,11,-0.2,954,,16.192501,2601.3464,954,477.0001,,53.17819706498952,256,2855.7493,0.06666667,-254.40294,-133.05705,16.1998,-499.83582,499.83582,0.0009999999
0.0009999999,499.83582,132025.72,-0.13363092,0.9999997,-0.06666667,,138.24683,50951,0.0009999999,-314.29694,,1771.055639743805,13.685906,-0.06666667,5.1873034e-10,0.0009999999,,11,-0.2,955,,16.191454,2596.935,955,477.49985,,53.351832460732986,256,2855.8892,0.2,-258.954,-133.24683,16.196968,-499.83582,499.83582,0.0009999999
0.0009999999,499.83582,132288.2,-0.26315945,1.0000002,-0.2,,138.37679,51110,0.0009999999,-257.47382,,1773.8951706886292,18.118023,0.06666667,5.176457e-10,0.0009999999,,11,-0.2,956,,16.190407,2364.4111,956,478.00012,,53.46234309623431,256,2856.0288,0.06666667,-491.61774,-133.37679,16.198782,-499.83582,499.83582,0.0009999999
0.0009999999,499.83582,132792.47,-0.2668386,1.0,-0.2,,138.75911,51610,0.0009999999,-499.25992,,1776.9650082588196,16.527388,-0.06666667,5.1656446e-10,0.0009999999,,11,-0.06666667,957,,16.189362,2363.9675,957,478.5,,53.92894461859979,256,2856.1687,0.06666667,-492.2012,-133.75911,16.198927,-499.83582,499.83582,0.0009999999
0.0009999999,499.83582,133290.1,0.0009200871,1.0000004,-0.2,,139.13371,52110,0.0009999999,-492.63934,,1780.1576817035675,16.66166,0.06666667,5.1548654e-10,0.0009999999,,11,-0.06666667,958,,16.188318,2363.5835,958,479.0004,,54.39457202505219,256,2856.3083,0.2,-492.72495,-134.13371,16.199215,-499.83582,499.83582,0.0009999999
0.0009999999,499.83582,133790.6,-0.2659883,1.0000008,-0.2,,139.51053,52610,0.0009999999,-495.4938,,1783.6435871124268,17.244135,-0.06666667,5.1441207e-10,0.0009999999,,11,-0.2,959,,16.187275,2362.5256,959,479.5004,,54.859228362878,256,2856.4475,0.2,-493.92184,-134.51053,16.20011,-499.83582,499.83582,0.0009999999
0.0009999999,499.83582,134294.69,-0.13737744,1.0000001,-0.2,,139.8903,53110,0.0009999999,-499.10034,,1786.969330072403,14.895217,0.06666667,5.13341e-10,0.0009999999,,11,-0.06666667,960,,16.186232,2361.4683,960,480.00003,,55.322916666666664,256,2856.587,0.06666667,-495.11868,-134.8903,16.198553,-499.83582,499.83582,0.0009999999
0.0009999999,499.83582,134793.19,-0.13624462,1.0000004,-0.2,,140.26346,53610,0.0009999999,-493.49933,,1790.4314007759094,15.345248,-0.06666667,5.1227317e-10,0.0009999999,,11,-0.06666667,961,,16.18519,2361.2212,961,480.50015,,55.78563995837669,256,2856.7258,0.2,-495.50467,-135.26346,16.19747,-499.83582,499.83582,0.0009999999
0.0009999999,499.83582,134914.03,-0.4003966,0.9999998,-0.2,,140.24327,53633,0.0009999999,-115.843315,,1792.8724262714386,14.611232,-0.06666667,5.112087e-10,0.0009999999,,11,-0.2,962,,16.18415,2359.8477,962,480.9999,,55.75155925155925,256,2856.8645,0.06666667,-497.0169,-135.24327,16.195621,-499.83582,499.83582,0.0009999999
0.0009999999,499.83582,135418.34,-0.13454382,1.0000004,-0.2,,140.62134,54133,0.0009999999,-499.31143,,1796.0773222446442,16.421104,0.06666667,5.101476e-10,0.0009999999,,11,-0.2,963,,16.183111,2358.026,963,481.50018,,56.2128764278297,256,2857.0032,0.2,-498.97723,-135.62134,16.195663,-499.83582,499.83582,0.0009999999
0.0009999999,499.83582,135922.78,-0.40119022,0.9999991,-0.2,,140.99873,54633,0.0009999999,-499.44543,,1799.0298278331757,17.950863,-0.06666667,5.090897e-10,0.0009999999,,11,-0.06666667,964,,16.182074,2284.368,964,321.33304,,56.67323651452282,256,2332.8467,-0.06666667,-48.478676,-135.99873,16.197287,-499.83582,499.83582,0.0009999999
0.0009999999,499.83582,135958.6,-0.3976295,0.9999999,-0.2,,140.88974,55133,0.0009999999,-30.80505,,1802.4197359085083,15.226,0.06666667,5.080351e-10,0.0009999999,,11,-0.06666667,965,,16.181038,2231.7683,965,321.66663,,57.13264248704663,256,2332.9597,-0.2,-101.19135,-135.88974,16.19614,-499.83582,499.83582,0.0009999999
0.0009999999,499.83582,136035.53,-0.39574552,0.9999998,-0.2,,140.82353,55246,0.0009999999,-71.93722,,1805.2113087177277,16.844313,-0.06666667,5.0698384e-10,0.0009999999,,11,0.06666667,966,,16.180002,2228.519,966,321.99994,,57.19047619047619,256,2333.0725,-0.2,-104.553345,-135.82353,16.196667,-499.83582,499.83582,0.0009999999
0.0009999999,499.83582,136152.72,0.26400584,1.0000008,0.2,,140.79909,55273,0.0009999999,-112.1916,,1807.858056306839,15.723762,0.06666667,5.059358e-10,0.0009999999,,11,0.2,967,,16.178967,2227.854,967,322.33362,,57.15925542916236,256,2333.1855,-0.2,-105.33147,-135.79909,16.19604,-499.83582,499.83582,0.0009999999
0.0009999999,499.83582,136265.75,-0.5350088,0.9999994,-0.2,,140.7704,55290,0.0009999999,-108.03056,,1810.2170805931091,16.189617,-0.06666667,5.04891e-10,0.0009999999,,11,-0.06666667,968,,16.177933,2227.8977,968,322.6667,,57.11776859504132,256,2333.298,-0.2,-105.400505,-135.7704,16.195892,-499.83582,499.83582,0.0009999999
0.0009999999,499.83582,136376.81,0.1330022,1.0000004,0.2,,140.73975,55381,0.0009999999,-106.06049,,1812.9150443077087,16.44764,0.06666667,5.0384946e-10,0.0009999999,,11,0.06666667,969,,16.1769,2227.9014,969,323.00012,,57.152734778121776,256,2333.4106,-0.2,-105.50924,-135.73975,16.19601,-499.83582,499.83582,0.0009999999
0.0009999999,499.83582,136489.28,-0.13203338,1.0000008,-0.06666667,,140.7106,55408,0.0009999999,-107.455826,,1815.621021270752,18.081001,0.06666667,5.028111e-10,0.0009999999,,11,0.06666667,970,,16.175869,2227.7766,970,323.33362,,57.121649484536086,256,2333.523,-0.2,-105.74642,-135.7106,16.197813,-499.83582,499.83582,0.0009999999
0.0009999999,499.83582,136600.4,-0.13362017,1.0000005,-0.2,,140.68013,55431,0.0009999999,-106.12496,,1818.0933458805084,17.767591,0.06666667,5.0177607e-10,0.0009999999,,11,0.2,971,,16.174839,2227.7278,971,323.6668,,57.086508753862,256,2333.6353,-0.2,-105.90747,-135.68013,16.199287,-499.83582,499.83582,0.0009999999
0.0009999999,499.83582,136709.2,-0.26535392,0.9999995,-0.2,,140.64732,55451,0.0009999999,-103.80957,,1820.7445223331451,17.700165,-0.06666667,5.007441e-10,0.0009999999,,11,0.2,972,,16.17381,2227.6482,972,324.00003,,57.04835390946502,256,2333.7473,-0.2,-106.09904,-135.64732,16.200693,-499.83582,499.83582,0.0009999999
0.0009999999,499.83582,136818.72,-0.40382737,1.0000005,-0.06666667,,140.61533,55470,0.0009999999,-104.51282,,1823.3119513988495,16.773132,-0.2,4.997154e-10,0.0009999999,,11,0.06666667,973,,16.172781,2227.6538,973,324.33362,,57.00924974306269,256,2333.8594,-0.2,-106.20555,-135.61533,16.201138,-499.83582,499.83582,0.0009999999
0.0009999999,499.83582,136932.81,-0.13200937,0.99999976,0.2,,140.5881,55487,0.0009999999,-109.10458,,1825.7037391662598,16.063879,-0.06666667,4.9868976e-10,0.0009999999,,11,-0.06666667,974,,16.171755,2227.7622,974,324.6666,,56.96817248459959,256,2333.9714,-0.2,-106.20919,-135.5881,16.20086,-499.83582,499.83582,0.0009999999
0.0009999999,499.83582,137054.3,-0.27049243,0.99999976,-0.06666667,,140.56851,55527,0.0009999999,-116.47796,,1828.0085127353668,14.997498,-0.2,4.976673e-10,0.0009999999,,11,0.2,975,,16.170729,2227.8215,975,324.9999,,56.95076923076923,256,2334.0833,-0.2,-106.261665,-135.56851,16.199486,-499.83582,499.83582,0.0009999999
0.0009999999,499.83582,137167.4,-0.6705971,1.0000005,-0.2,,140.54037,55546,0.0009999999,-108.10925,,1830.3982846736908,15.684989,-0.06666667,4.9664806e-10,0.0009999999,,11,-0.2,976,,16.169703,2227.902,976,325.3336,,56.91188524590164,256,2334.195,-0.2,-106.29306,-135.54037,16.198818,-499.83582,499.83582,0.0009999999
0.0009999999,499.83582,137288.0,0.00038665533,1.0,0.06666667,,140.51996,55600,0.0009999999,-115.60276,,1832.7263720035553,15.809555,-0.2,4.9563187e-10,0.0009999999,,11,0.2,977,,16.168678,2227.9353,977,325.667,,56.908904810644835,256,2334.3066,-0.06666667,-106.37127,-135.51996,16.19828,-499.83582,499.83582,0.0009999999
0.0009999999,499.83582,137396.4,-0.13301337,1.0000002,0.06666667,,140.48712,55623,0.0009999999,-103.38598,,1834.9474313259125,18.365885,-0.2,4.9461885e-10,0.0009999999,,11,0.06666667,978,,16.167656,2227.8108,978,326.0001,,56.874233128834355,256,2334.418,-0.06666667,-106.607124,-135.48712,16.200354,-499.83582,499.83582,0.0009999999
0.0009999999,499.83582,137508.31,0.26615256,0.99999964,0.2,,140.45793,55636,0.0009999999,-106.90419,,1837.30561709404,17.357918,0.2,4.936089e-10,0.0009999999,,11,0.06666667,979,,16.166634,2227.79,979,326.33322,,56.829417773238,256,2334.5293,-0.2,-106.739174,-135.45793,16.201399,-499.83582,499.83582,0.0009999999
0.0009999999,499.83582,137618.75,-0.13286772,1.0000001,0.06666667,,140.42729,55657,0.0009999999,-105.4371,,1839.464519739151,17.721807,0.06666667,4.9260207e-10,0.0009999999,,11,-0.06666667,980,,16.165613,2227.884,980,326.66672,,56.792857142857144,256,2334.6406,-0.2,-106.756546,-135.42729,16.202812,-499.83582,499.83582,0.0009999999
0.0009999999,499.83582,137726.58,-0.535418,1.0000004,0.06666667,,140.39406,55679,0.0009999999,-102.836555,,1841.694165945053,17.213295,-0.2,4.915982e-10,0.0009999999,,11,-0.2,981,,16.164593,2227.7268,981,327.00024,,56.757390417940876,256,2334.7517,-0.2,-107.02497,-135.39406,16.203701,-499.83582,499.83582,0.0009999999
0.0009999999,499.83582,137848.19,-0.6651659,1.0000004,-0.2,,140.37494,55705,0.0009999999,-116.60612,,1843.9833388328552,15.213666,-0.2,4.905975e-10,0.0009999999,,11,-0.06666667,982,,16.163574,2227.7922,982,327.33344,,56.72606924643585,256,2334.8625,-0.2,-107.070335,-135.37494,16.202557,-499.83582,499.83582,0.0009999999
0.0009999999,499.83582,137968.78,-0.40172696,0.9999991,0.06666667,,140.35481,55741,0.0009999999,-115.593544,,1846.275175333023,16.886995,-0.2,4.8959997e-10,0.0009999999,,11,-0.06666667,983,,16.162556,2227.8254,983,327.66638,,56.70498474059003,256,2334.9736,-0.2,-107.148125,-135.35481,16.203114,-499.83582,499.83582,0.0009999999
0.0009999999,499.83582,138082.17,-0.2644779,1.0000006,-0.2,,140.32741,55756,0.0009999999,-108.3888,,1848.563101530075,17.74888,0.06666667,4.886053e-10,0.0009999999,,11,0.06666667,984,,16.16154,2227.9324,984,328.0003,,56.66260162601626,256,2335.0842,-0.2,-107.1518,-135.32741,16.204544,-499.83582,499.83582,0.0009999999
0.0009999999,499.83582,138201.31,0.13378969,0.99999994,-0.2,,140.30591,55826,0.0009999999,-114.14015,,1851.0552718639374,17.041258,0.2,4.876137e-10,0.0009999999,,11,0.2,985,,16.160524,2227.9907,985,328.3333,,56.676142131979695,256,2335.1948,-0.06666667,-107.20406,-135.30591,16.205257,-499.83582,499.83582,0.0009999999
0.0009999999,499.83582,138312.14,-0.135434,0.9999999,-0.2,,140.276,55845,0.0009999999,-105.82766,,1853.429302930832,17.742212,0.2,4.866252e-10,0.0009999999,,11,0.06666667,986,,16.15951,2228.0586,986,328.66663,,56.63793103448276,256,2335.3054,-0.2,-107.24685,-135.276,16.206676,-499.83582,499.83582,0.0009999999
0.0009999999,499.83582,138433.6,-0.13548383,1.0000004,-0.06666667,,140.25693,55865,0.0009999999,-116.44517,,1855.8657784461975,16.999624,-0.06666667,4.856396e-10,0.0009999999,,11,0.2,987,,16.158495,2227.8616,987,329.0003,,56.60081053698075,256,2335.416,-0.2,-107.5544,-135.25693,16.20734,-499.83582,499.83582,0.0009999999
0.0009999999,499.83582,138547.11,-0.13157733,0.9999995,0.06666667,,140.22987,55895,0.0009999999,-108.52663,,1858.3488366603851,16.77074,-0.06666667,4.8465704e-10,0.0009999999,,11,0.06666667,988,,16.157482,2227.9236,988,329.33337,,56.57388663967611,256,2335.526,-0.2,-107.6023,-135.22987,16.207775,-499.83582,499.83582,0.0009999999
0.0009999999,499.83582,138666.38,0.26903826,1.0000004,-0.2,,140.20866,55915,0.0009999999,-114.264755,,1860.647078037262,16.876715,0.2,4.8367743e-10,0.0009999999,,11,0.2,989,,16.156471,2228.0227,989,329.66678,,56.53690596562184,256,2335.636,0.06666667,-107.61318,-135.20866,16.208313,-499.83582,499.83582,0.0009999999
0.0009999999,499.83582,138778.12,-0.26627168,1.0000002,0.06666667,,140.17993,55928,0.0009999999,-106.75169,,1863.055325269699,15.996499,-0.2,4.8270077e-10,0.0009999999,,11,0.06666667,990,,16.15546,2227.9307,990,330.00018,,56.49292929292929,256,2335.7463,-0.2,-107.81558,-135.17993,16.207958,-499.83582,499.83582,0.0009999999
0.0009999999,499.83582,138888.98,0.13509837,1.0,-0.06666667,,140.15034,55942,0.0009999999,-105.86276,,1865.4950292110443,17.043404,0.06666667,4.817271e-10,0.0009999999,,11,0.2,991,,16.154451,2228.0293,991,330.33334,,56.45005045408678,256,2335.8562,-0.06666667,-107.82693,-135.15034,16.208666,-499.83582,499.83582,0.0009999999
0.0009999999,499.83582,138999.22,-0.0011251569,1.0000005,-0.06666667,,140.12018,55954,0.0009999999,-105.237595,,1867.7940390110016,15.916106,0.2,4.807563e-10,0.0009999999,,11,0.06666667,992,,16.153442,2227.9924,992,330.6668,,56.40524193548387,256,2335.9658,-0.2,-107.97346,-135.12018,16.208235,-499.83582,499.83582,0.0009999999
0.0009999999,499.83582,139112.47,0.39843854,0.9999999,0.2,,140.09312,55969,0.0009999999,-108.23898,,1870.1828293800354,18.04458,0.06666667,4.7978854e-10,0.0009999999,,11,0.2,993,,16.152435,2227.983,993,330.99997,,56.363544813695874,256,2336.0757,-0.06666667,-108.09278,-135.09312,16.209946,-499.83582,499.83582,0.0009999999
0.0009999999,499.83582,139241.44,-0.53598726,1.0000005,-0.06666667,,140.08192,56008,0.0009999999,-123.96466,,1872.4738867282867,16.382906,-0.2,4.7882365e-10,0.0009999999,,11,-0.06666667,994,,16.151428,2228.055,994,331.3335,,56.34607645875251,256,2336.185,-0.2,-108.13013,-135.08192,16.20998,-499.83582,499.83582,0.0009999999
0.0009999999,499.83582,139351.25,-0.5325321,1.0000001,-0.2,,140.05151,56024,0.0009999999,-104.826065,,1874.8850605487823,16.153568,-0.2,4.7786164e-10,0.0009999999,,11,0.06666667,995,,16.150423,2228.0476,995,331.66672,,56.30552763819095,256,2336.2947,-0.2,-108.246956,-135.05151,16.209787,-499.83582,499.83582,0.0009999999
0.0009999999,499.83582,139461.66,-1.8060207e-05,1.0000001,0.2,,140.02174,56040,0.0009999999,-105.39695,,1877.2175905704498,18.132174,-0.06666667,4.7690263e-10,0.0009999999,,11,0.06666667,996,,16.149418,2228.1047,996,332.00024,,56.265060240963855,256,2336.404,-0.2,-108.29922,-135.02174,16.211582,-499.83582,499.83582,0.0009999999
0.0009999999,499.83582,139572.84,-0.13410297,1.0000005,0.2,,139.99283,56055,0.0009999999,-106.18905,,1879.4110717773438,16.398365,-0.2,4.7594645e-10,0.0009999999,,11,0.06666667,997,,16.148415,2228.2004,997,332.3335,,56.223671013039116,256,2336.5134,-0.2,-108.31304,-134.99283,16.211634,-499.83582,499.83582,0.0009999999
0.0009999999,499.83582,139685.06,0.13040467,1.0,0.06666667,,139.965,56070,0.0009999999,-107.2242,,1881.5926313400269,17.794449,0.06666667,4.749931e-10,0.0009999999,,11,0.2,998,,16.147411,2228.3088,998,332.66678,,56.18236472945892,256,2336.6223,-0.2,-108.31347,-134.965,16.213081,-499.83582,499.83582,0.0009999999
0.0009999999,499.83582,139813.22,0.13660055,0.9999993,-0.06666667,,139.95317,56097,0.0009999999,-123.14465,,1883.8160881996155,16.854067,0.2,4.740426e-10,0.0009999999,,11,0.2,999,,16.14641,2228.4175,999,332.99976,,56.153153153153156,256,2336.7314,-0.2,-108.31394,-134.95317,16.213585,-499.83582,499.83582,0.0009999999
0.0009999999,499.83582,139936.17,-0.13302223,1.0000001,-0.06666667,,139.93617,56128,0.0009999999,-117.96188,,1886.1550846099854,15.870774,-0.2,4.73095e-10,0.0009999999,,11,0.2,1000,,16.14541,2228.5107,1000,333.33337,,56.128,256,2336.8403,-0.06666667,-108.32967,-134.93617,16.213106,-499.83582,499.83582,0.0009999999
0.0009999999,499.83582,140056.34,0.0021356344,1.0000001,0.2,,139.91643,56147,0.0009999999,-115.17195,,1888.5907003879547,15.010564,-0.2,4.7215026e-10,0.0009999999,,11,0.2,1001,,16.144411,2228.5327,1001,333.6667,,56.09090909090909,256,2336.949,-0.2,-108.41622,-134.91643,16.211771,-499.83582,499.83582,0.0009999999
0.0009999999,499.83582,140180.4,0.0012537912,1.0000001,0.2,,139.9006,56182,0.0009999999,-119.06678,,1890.8903863430023,16.70043,-0.2,4.7120824e-10,0.0009999999,,11,0.06666667,1002,,16.143412,2228.5947,1002,334.00034,,56.069860279441116,256,2337.0579,-0.06666667,-108.46302,-134.9006,16.212122,-499.83582,499.83582,0.0009999999
0.0009999999,499.83582,140299.72,0.1334604,0.99999976,0.2,,139.88008,56200,0.0009999999,-114.315765,,1893.2819390296936,16.130981,-0.2,4.702691e-10,0.0009999999,,11,0.06666667,1003,,16.142414,2228.688,1003,334.33337,,56.03190428713859,256,2337.1663,0.06666667,-108.4783,-134.88008,16.211905,-499.83582,499.83582,0.0009999999
0.0009999999,499.83582,140422.25,0.26359817,1.0000001,0.2,,139.8628,56223,0.0009999999,-117.52288,,1895.714567899704,17.680452,-0.2,4.6933285e-10,0.0009999999,,11,0.2,1004,,16.141418,2228.715,1004,334.66672,,55.99900398406375,256,2337.2747,0.06666667,-108.55947,-134.8628,16.213228,-499.83582,499.83582,0.0009999999
0.0009999999,499.83582,140539.12,0.264713,1.0000002,-0.06666667,,139.83992,56240,0.0009999999,-111.85887,,1898.107869386673,17.058798,0.2,4.6839926e-10,0.0009999999,,11,0.2,1005,,16.140423,2228.7434,1005,335.0001,,55.960199004975124,256,2337.3833,-0.06666667,-108.63984,-134.83992,16.213934,-499.83582,499.83582,0.0009999999
0.0009999999,499.83582,140649.66,0.0017095953,1.0000001,0.06666667,,139.81079,56252,0.0009999999,-105.55455,,1900.481108903885,16.736696,-0.2,4.6746856e-10,0.0009999999,,11,0.06666667,1006,,16.139427,2228.8413,1006,335.33347,,55.916500994035786,256,2337.4912,0.06666667,-108.650024,-134.81079,16.214321,-499.83582,499.83582,0.0009999999
0.0009999999,499.83582,140767.36,0.26707157,0.9999997,0.2,,139.78883,56272,0.0009999999,-112.69247,,1902.9893050193787,16.922577,-0.06666667,4.6654053e-10,0.0009999999,,11,0.2,1007,,16.138435,2228.8809,1007,335.66656,,55.88083416087388,256,2337.5994,-0.06666667,-108.71844,-134.78883,16.21489,-499.83582,499.83582,0.0009999999
0.0009999999,499.83582,140886.83,-0.26604536,1.0000005,-0.06666667,,139.76868,56295,0.0009999999,-114.46021,,1905.244285106659,17.305185,0.2,4.6561535e-10,0.0009999999,,11,-0.2,1008,,16.137442,2228.7615,1008,336.00027,,55.848214285714285,256,2337.7073,-0.2,-108.94587,-134.76868,16.215834,-499.83582,499.83582,0.0009999999
0.0009999999,499.83582,141024.14,0.0008493215,0.9999995,0.2,,139.76625,56329,0.0009999999,-132.31793,,1907.6632392406464,16.137796,0.06666667,4.6469287e-10,0.0009999999,,11,-0.06666667,1009,,16.13645,2228.7725,1009,336.33337,,55.82656095143707,256,2337.8152,-0.2,-109.042694,-134.76625,16.215622,-499.83582,499.83582,0.0009999999
0.0009999999,499.83582,141133.73,-0.26694515,1.0000005,-0.06666667,,139.73637,56351,0.0009999999,-104.594635,,1910.0188217163086,15.534856,-0.06666667,4.6377313e-10,0.0009999999,,11,0.06666667,1010,,16.13546,2228.828,1010,336.6668,,55.79306930693069,256,2337.923,-0.2,-109.095184,-134.73637,16.214813,-499.83582,499.83582,0.0009999999
0.0009999999,499.83582,141250.16,-0.39873385,1.0,-0.2,,139.7133,56396,0.0009999999,-111.43029,,1912.3392236232758,16.919395,0.2,4.628562e-10,0.0009999999,,11,-0.2,1011,,16.13447,2228.8135,1011,337.00024,,55.782393669634025,256,2338.0305,-0.2,-109.21701,-134.7133,16.215374,-499.83582,499.83582,0.0009999999
0.0009999999,499.83582,141357.5,-0.26609293,1.0000001,0.06666667,,139.68132,56419,0.0009999999,-102.350876,,1914.763423204422,17.790165,0.06666667,4.6194193e-10,0.0009999999,,11,-0.2,1012,,16.133482,2228.8633,1012,337.33337,,55.75,256,2338.1384,-0.2,-109.27503,-134.68132,16.216793,-499.83582,499.83582,0.0009999999
0.0009999999,499.83582,141453.64,-0.40100724,1.0000005,-0.06666667,,139.63834,56455,0.0009999999,-91.133835,,1917.0646657943726,18.293839,-0.06666667,4.6103035e-10,0.0009999999,,11,-0.06666667,1013,,16.132494,2228.568,1013,337.6668,,55.73050345508391,256,2338.2456,-0.2,-109.67757,-134.63834,16.21871,-499.83582,499.83582,0.0009999999
0.0009999999,499.83582,141558.6,0.26597527,0.9999998,0.06666667,,139.60414,56518,0.0009999999,-99.94088,,1919.8549797534943,16.364607,0.2,4.6012144e-10,0.0009999999,,11,0.06666667,1014,,16.131508,2228.5894,1014,337.99994,,55.73767258382643,256,2338.353,-0.06666667,-109.763794,-134.60414,16.21872,-499.83582,499.83582,0.0009999999
0.0009999999,499.83582,141682.81,0.5345087,1.0000002,0.2,,139.58897,56542,0.0009999999,-119.23336,,1922.733835697174,17.154293,0.2,4.5921528e-10,0.0009999999,,11,0.2,1015,,16.130522,2228.6313,1015,338.3334,,55.7064039408867,256,2338.46,-0.06666667,-109.82871,-134.58897,16.219507,-499.83582,499.83582,0.0009999999
0.0009999999,499.83582,141803.75,-0.26471174,0.9999997,-0.2,,139.57062,56566,0.0009999999,-115.92626,,1925.5819880962372,17.307728,-0.2,4.5831175e-10,0.0009999999,,11,0.2,1016,,16.129538,2228.6775,1016,338.66656,,55.675196850393704,256,2338.5671,-0.06666667,-109.889565,-134.57062,16.220446,-499.83582,499.83582,0.0009999999
0.0009999999,499.83582,141917.62,-0.26487356,1.0000001,-0.2,,139.54535,56581,0.0009999999,-108.87956,,1928.36838722229,16.011673,-0.2,4.574109e-10,0.0009999999,,11,0.06666667,1017,,16.128553,2228.6262,1017,339.00003,,55.63520157325467,256,2338.6743,0.06666667,-110.048195,-134.54535,16.220106,-499.83582,499.83582,0.0009999999
0.0009999999,499.83582,142035.12,-0.002135925,0.9999996,-0.06666667,,139.5237,56607,0.0009999999,-112.51079,,1931.0751569271088,14.990553,-0.2,4.5651266e-10,0.0009999999,,11,0.2,1018,,16.127571,2228.6438,1018,339.3332,,55.60609037328094,256,2338.781,0.06666667,-110.137276,-134.5237,16.218765,-499.83582,499.83582,0.0009999999
0.0009999999,499.83582,142145.22,0.40311384,1.0000001,-0.06666667,,139.49481,56621,0.0009999999,-105.09935,,1933.5464489459991,17.555931,0.2,4.5561707e-10,0.0009999999,,11,0.2,1019,,16.126589,2228.639,1019,339.6667,,55.56526005888126,256,2338.8877,0.06666667,-110.248726,-134.49481,16.219942,-499.83582,499.83582,0.0009999999
0.0009999999,499.83582,142262.19,0.4004045,0.9999995,0.06666667,,139.47273,56646,0.0009999999,-111.94668,,1936.2032289505005,16.701622,0.2,4.5472415e-10,0.0009999999,,11,0.2,1020,,16.125608,2228.705,1020,339.99985,,55.53529411764706,256,2338.9946,-0.06666667,-110.28946,-134.47273,16.220282,-499.83582,499.83582,0.0009999999
0.0009999999,499.83582,142376.62,-0.13008931,1.0,0.06666667,,139.44821,56667,0.0009999999,-109.43789,,1938.9433534145355,15.098441,-0.2,4.5383386e-10,0.0009999999,,11,0.2,1021,,16.124628,2228.714,1021,340.33334,,55.50146914789422,256,2339.101,-0.2,-110.38705,-134.44821,16.219048,-499.83582,499.83582,0.0009999999
0.0009999999,499.83582,142488.5,0.0032252148,0.9999999,-0.2,,139.42123,56682,0.0009999999,-106.89817,,1941.490639448166,14.5486965,0.06666667,4.5294618e-10,0.0009999999,,11,0.2,1022,,16.12365,2228.8171,1022,340.66684,,55.46183953033268,256,2339.2075,-0.06666667,-110.390396,-134.42123,16.21728,-499.83582,499.83582,0.0009999999
0.0009999999,499.83582,142598.78,0.3992886,1.0,0.2,,139.39275,56700,0.0009999999,-105.28218,,1944.2575852870941,14.988957,-0.2,4.5206106e-10,0.0009999999,,11,0.2,1023,,16.122671,2228.9048,1023,341.0,,55.42521994134897,256,2339.314,0.2,-110.409134,-134.39275,16.215946,-499.83582,499.83582,0.0009999999
0.0009999999,499.83582,142713.47,-0.26854378,0.9999999,0.2,,139.36862,56715,0.0009999999,-109.66551,,1947.02734541893,16.151815,-0.2,4.5117857e-10,0.0009999999,,11,-0.06666667,1024,,16.121695,2228.997,1024,341.3335,,55.3857421875,256,2339.42,-0.2,-110.42288,-134.36862,16.215748,-499.83582,499.83582,0.0009999999
0.0009999999,499.83582,142825.81,-0.7000754,,-0.2,,139.34225,56734,0.0009999999,-107.3522,,1949.6869277954102,17.593458,-0.2,1.8486701e-10,0.0009999999,,11,-0.2,1025,,16.120718,inf,1025,,,55.350243902439026,625,inf,-0.1,,-134.34225,16.216959,-499.83582,499.83582,0.0009999999
0.0009999999,499.83582,142953.42,-0.5003161,,-0.2,,139.33083,56782,0.0009999999,-122.60913,,2774.503317594528,16.993622,-0.2,1.8450684e-10,0.0009999999,,11,-0.2,1026,,16.119743,inf,1026,,,55.34307992202729,625,inf,0.1,,-134.33083,16.216743,-499.83582,499.83582,0.0009999999
0.0009999999,499.83582,143086.03,-0.7023841,,-0.2,,139.32428,56815,0.0009999999,-127.6038,,2778.4493577480316,16.284454,-0.1,1.8414768e-10,0.0009999999,,11,-0.2,1027,,16.118769,inf,1027,,,55.321324245374875,625,inf,-0.2,,-134.32428,16.215836,-499.83582,499.83582,0.0009999999
0.0009999999,499.83582,143198.81,-0.60321534,,-0.2,,139.29846,56882,0.0009999999,-107.77922,,2782.416583299637,15.805253,-0.1,1.837896e-10,0.0009999999,,11,-0.2,1028,,16.117796,inf,1028,,,55.33268482490272,625,inf,-0.1,,-134.29846,16.214464,-499.83582,499.83582,0.0009999999
0.0009999999,499.83582,143207.53,-0.49972564,,-0.2,,139.17155,57382,0.0009999999,-3.7268388,,2786.989002943039,15.211642,-0.1,1.8343255e-10,0.0009999999,,11,-0.2,1029,,16.116823,inf,1029,,,55.76482021379981,625,inf,,,-134.17155,16.21252,-499.83582,499.83582,0.0009999999
0.0009999999,499.83582,143640.16,-0.39953697,,-0.2,,139.45647,57882,0.0009999999,-427.6242,,2791.5103821754456,16.497202,-0.1,1.8307654e-10,0.0009999999,,11,-0.2,1030,,16.11585,inf,1030,,,56.196116504854366,625,inf,0.1,,-134.45647,16.211824,-499.83582,499.83582,0.0009999999
0.0009999999,499.83582,144142.47,-0.29804742,,-0.2,,139.80841,58382,0.0009999999,-497.31964,,2795.941696882248,16.78602,-0.1,1.8272156e-10,0.0009999999,,11,-0.2,1031,,16.114882,inf,1031,,,56.62657613967022,625,inf,0.2,,-134.80841,16.21141,-499.83582,499.83582,0.0009999999
0.0009999999,499.83582,144642.12,-0.5010522,,-0.2,,140.1571,58882,0.0009999999,-494.6397,,2800.515161037445,15.709252,,1.8236761e-10,0.0009999999,,11,-0.2,1032,,16.11391,inf,1032,,,57.0562015503876,625,inf,-0.1,,-135.1571,16.209957,-499.83582,499.83582,0.0009999999
0.0009999999,499.83582,144784.84,-0.29709136,,-0.2,,140.15958,59382,0.0009999999,-137.73068,,2805.0024547576904,16.575064,,1.8201472e-10,0.0009999999,,11,-0.2,1033,,16.112944,inf,1033,,,57.484995159728946,625,inf,0.1,,-135.15958,16.209341,-499.83582,499.83582,0.0009999999
0.0009999999,499.83582,145284.31,-0.50363016,,-0.2,,140.50706,59882,0.0009999999,-494.4486,,2809.467525959015,15.4192,0.1,1.8166282e-10,0.0009999999,,11,-0.2,1034,,16.111975,inf,1034,,,57.91295938104449,625,inf,-0.2,,-135.50706,16.207611,-499.83582,499.83582,0.0009999999
0.0009999999,499.83582,145418.42,-0.4032856,,-0.2,,140.50089,59938,0.0009999999,-129.11049,,2814.064905166626,9.943028,0.1,1.8131197e-10,0.0009999999,,11,-0.2,1035,,16.11101,inf,1035,,,57.91111111111111,625,inf,-0.1,,-135.50089,16.200592,-499.83582,499.83582,0.0009999999
0.0009999999,499.83582,145588.36,-0.29764,,-0.2,,140.5293,60438,0.0009999999,-164.93906,,2819.3763740062714,13.972118,0.1,1.809621e-10,0.0009999999,,11,-0.2,1036,,16.110043,inf,1036,,,58.33783783783784,625,inf,,,-135.5293,16.197477,-499.83582,499.83582,0.0009999999
0.0009999999,499.83582,146079.22,-0.20092332,,-0.2,,140.86714,60938,0.0009999999,-485.85675,,2824.6698818206787,15.055993,0.1,1.8061325e-10,0.0009999999,,11,-0.2,1037,,16.109077,inf,1037,,,58.76374156219865,625,inf,0.1,,-135.86714,16.195414,-499.83582,499.83582,0.0009999999
0.0009999999,499.83582,146582.47,-0.10124928,,-0.2,,141.21625,61438,0.0009999999,-498.24878,,2829.6498703956604,14.864025,0.1,1.8026544e-10,0.0009999999,,11,-0.2,1038,,16.108114,inf,1038,,,59.188824662813104,625,inf,0.2,,-136.21625,16.193169,-499.83582,499.83582,0.0009999999
0.0009999999,499.83582,147085.66,-0.29980716,,-0.2,,141.56464,61938,0.0009999999,-498.19107,,2834.9213688373566,15.594057,0.2,1.7991861e-10,0.0009999999,,11,-0.2,1039,,16.107151,inf,1039,,,59.61308950914341,625,inf,-0.1,,-136.56464,16.19163,-499.83582,499.83582,0.0009999999
0.0009999999,499.83582,147233.17,-0.09926714,,-0.2,,141.57036,61991,0.0009999999,-142.52576,,2839.4052736759186,16.02465,0.2,1.7957279e-10,0.0009999999,,11,-0.2,1040,,16.10619,inf,1040,,,59.60673076923077,625,inf,0.1,,-136.57036,16.190506,-499.83582,499.83582,0.0009999999
0.0009999999,499.83582,147376.16,-0.70166576,,-0.1,,141.57172,62033,0.0009999999,-137.97826,,2843.870965242386,15.944149,-0.2,1.7922794e-10,0.0009999999,,11,-0.2,1041,,16.105228,inf,1041,,,59.58981748318924,625,inf,-0.2,,-136.57172,16.189308,-499.83582,499.83582,0.0009999999
0.0009999999,499.83582,147495.84,-0.6042671,,-0.1,,141.55072,62084,0.0009999999,-114.69028,,2848.2998597621918,13.012485,-0.2,1.788841e-10,0.0009999999,,11,-0.2,1042,,16.104269,inf,1042,,,59.58157389635317,625,inf,-0.1,,-136.55072,16.1853,-499.83582,499.83582,0.0009999999
0.0009999999,499.83582,147608.12,-0.49778467,,-0.1,,141.52264,62107,0.0009999999,-107.29203,,2852.6627457141876,12.714095,-0.2,1.7854125e-10,0.0009999999,,11,-0.2,1043,,16.10331,inf,1043,,,59.54650047938639,625,inf,,,-136.52264,16.181017,-499.83582,499.83582,0.0009999999
0.0009999999,499.83582,147731.05,-0.39956388,,-0.1,,141.50484,62131,0.0009999999,-117.91462,,2856.929943084717,16.055452,-0.2,1.7819939e-10,0.0009999999,,11,-0.2,1044,,16.10235,inf,1044,,,59.51245210727969,625,inf,0.1,,-136.50484,16.179937,-499.83582,499.83582,0.0009999999
0.0009999999,499.83582,147860.61,-0.30034465,,-0.1,,141.49341,62159,0.0009999999,-124.56534,,2861.245817899704,16.179737,-0.2,1.7785848e-10,0.0009999999,,11,-0.2,1045,,16.101393,inf,1045,,,59.4822966507177,625,inf,0.2,,-136.49341,16.178986,-499.83582,499.83582,0.0009999999
0.0009999999,499.83582,147984.22,-0.59636414,,-0.1,,141.4763,62181,0.0009999999,-118.61828,,2865.6285197734833,14.084282,-0.1,1.7751858e-10,0.0009999999,,11,-0.2,1046,,16.100437,inf,1046,,,59.44646271510516,625,inf,-0.2,,-136.4763,16.176023,-499.83582,499.83582,0.0009999999
0.0009999999,499.83582,148095.84,-0.49549395,,-0.1,,141.4478,62202,0.0009999999,-106.618805,,2870.013904571533,14.5944,-0.1,1.7717963e-10,0.0009999999,,11,-0.2,1047,,16.099482,inf,1047,,,59.40974212034384,625,inf,-0.1,,-136.4478,16.173557,-499.83582,499.83582,0.0009999999
0.0009999999,499.83582,148270.67,-0.39948285,,-0.1,,141.47964,62281,0.0009999999,-169.81995,,2874.5092968940735,12.453908,-0.1,1.7684168e-10,0.0009999999,,11,-0.2,1048,,16.098526,inf,1048,,,59.42843511450382,625,inf,,,-136.47964,16.169058,-499.83582,499.83582,0.0009999999
0.0009999999,499.83582,148428.16,-0.2973786,,-0.1,,141.4949,62360,0.0009999999,-152.49167,,2878.933839082718,16.234678,-0.1,1.7650467e-10,0.0009999999,,11,-0.2,1049,,16.097572,inf,1049,,,59.44709246901811,625,inf,0.1,,-136.4949,16.168163,-499.83582,499.83582,0.0009999999
0.0009999999,499.83582,148614.16,-0.19790563,,-0.1,,141.5373,62448,0.0009999999,-180.99501,,2883.121773481369,14.532689,-0.1,1.7616864e-10,0.0009999999,,11,-0.2,1050,,16.09662,inf,1050,,,59.47428571428571,625,inf,0.2,,-136.5373,16.165655,-499.83582,499.83582,0.0009999999
0.0009999999,499.83582,148815.56,-0.4972757,,-0.1,,141.59425,62547,0.0009999999,-196.41963,,2887.3703932762146,16.21797,,1.7583356e-10,0.0009999999,,11,-0.2,1051,,16.095669,inf,1051,,,59.511893434823975,625,inf,-0.2,,-136.59425,16.164755,-499.83582,499.83582,0.0009999999
0.0009999999,499.83582,148924.5,-0.4003514,,-0.1,,141.56322,62623,0.0009999999,-103.93399,,2891.8962495326996,14.5619545,,1.7549942e-10,0.0009999999,,11,-0.2,1052,,16.094717,inf,1052,,,59.52756653992395,625,inf,-0.1,,-136.56322,16.162281,-499.83582,499.83582,0.0009999999
0.0009999999,499.83582,149031.1,-0.30197227,,-0.1,,141.53,63123,0.0009999999,-101.581474,,2896.8627767562866,14.934008,,1.7516624e-10,0.0009999999,,11,-0.2,1053,,16.093767,inf,1053,,,59.945868945868945,625,inf,,,-136.53,16.160164,-499.83582,499.83582,0.0009999999
0.0009999999,499.83582,149510.12,-0.20073023,,-0.1,,141.85022,63623,0.0009999999,-474.0354,,2901.9879643917084,13.061157,,1.7483402e-10,0.0009999999,,11,-0.2,1054,,16.092817,inf,1054,,,60.36337760910816,625,inf,0.1,,-136.85022,16.156277,-499.83582,499.83582,0.0009999999
0.0009999999,499.83582,150006.75,-0.101448864,,-0.1,,142.1865,64123,0.0009999999,-491.61304,,2906.8387517929077,15.90387,,1.7450273e-10,0.0009999999,,11,-0.2,1055,,16.09187,inf,1055,,,60.780094786729855,625,inf,0.2,,-137.1865,16.155088,-499.83582,499.83582,0.0009999999
0.0009999999,499.83582,150510.97,-0.39874455,,-0.1,,142.52933,64623,0.0009999999,-499.22357,,2911.619869709015,14.435224,0.1,1.7417238e-10,0.0009999999,,11,-0.2,1056,,16.090921,inf,1056,,,61.19602272727273,625,inf,-0.2,,-137.52933,16.152514,-499.83582,499.83582,0.0009999999
0.0009999999,499.83582,150603.86,-0.29853106,,-0.1,,142.48236,64696,0.0009999999,-87.891785,,2915.600866794586,13.919886,0.1,1.7384298e-10,0.0009999999,,11,-0.2,1057,,16.089975,inf,1057,,,61.207190160832546,625,inf,-0.1,,-137.48236,16.149458,-499.83582,499.83582,0.0009999999
0.0009999999,499.83582,150751.52,-0.1964607,,-0.1,,142.48726,64783,0.0009999999,-142.66245,,2919.601300239563,16.34239,0.1,1.7351452e-10,0.0009999999,,11,-0.2,1058,,16.08903,inf,1058,,,61.231568998109644,625,inf,,,-137.48726,16.148695,-499.83582,499.83582,0.0009999999
0.0009999999,499.83582,150920.03,-0.09772987,,-0.1,,142.51183,64859,0.0009999999,-163.51416,,2923.6754972934723,15.180012,0.1,1.7318698e-10,0.0009999999,,11,-0.2,1059,,16.088085,inf,1059,,,61.24551463644948,625,inf,0.1,,-137.51183,16.146837,-499.83582,499.83582,0.0009999999
0.0009999999,499.83582,151104.8,-0.0016292781,,-0.1,,142.5517,64941,0.0009999999,-179.7617,,2927.7018778324127,13.762226,0.1,1.7286035e-10,0.0009999999,,11,-0.2,1060,,16.087141,inf,1060,,,61.26509433962264,625,inf,0.2,,-137.5517,16.143642,-499.83582,499.83582,0.0009999999
0.0009999999,499.83582,151308.47,-0.29954016,,-0.1,,142.6093,65042,0.0009999999,-198.66458,,2931.857020139694,13.601319,0.2,1.7253467e-10,0.0009999999,,11,-0.2,1061,,16.086199,inf,1061,,,61.30254476908577,625,inf,-0.2,,-137.6093,16.140303,-499.83582,499.83582,0.0009999999
0.0009999999,499.83582,151436.03,-0.20018908,,-0.1,,142.59514,65076,0.0009999999,-122.56471,,2935.7386305332184,16.413416,0.2,1.722099e-10,0.0009999999,,11,-0.2,1062,,16.085257,inf,1062,,,61.27683615819209,625,inf,-0.1,,-137.59514,16.139622,-499.83582,499.83582,0.0009999999
0.0009999999,499.83582,151580.78,-0.100776486,,-0.1,,142.59715,65118,0.0009999999,-139.75122,,2939.4925096035004,16.433573,0.2,1.7188605e-10,0.0009999999,,11,-0.2,1063,,16.084314,inf,1063,,,61.258701787394166,625,inf,,,-137.59715,16.138958,-499.83582,499.83582,0.0009999999
0.0009999999,499.83582,151712.77,-0.0020398274,,-0.1,,142.58719,65156,0.0009999999,-126.99075,,2943.4480409622192,14.942151,0.2,1.715631e-10,0.0009999999,,11,-0.2,1064,,16.083374,inf,1064,,,61.23684210526316,625,inf,0.1,,-137.58719,16.136892,-499.83582,499.83582,0.0009999999
0.0009999999,499.83582,151841.77,0.10306913,,-0.1,,142.57443,65183,0.0009999999,-124.000244,,2947.0794384479523,15.765116,0.2,1.7124106e-10,0.0009999999,,11,-0.2,1065,,16.082436,inf,1065,,,61.20469483568075,625,inf,0.2,,-137.57443,16.135603,-499.83582,499.83582,0.0009999999
0.0009999999,499.83582,151967.47,-0.5022292,,,,142.5586,65207,0.0009999999,-120.708435,,2950.988492488861,15.146172,-0.2,1.7091996e-10,0.0009999999,,11,-0.2,1066,,16.081497,inf,1066,,,61.169793621013135,625,inf,-0.1,,-137.5586,16.133741,-499.83582,499.83582,0.0009999999
0.0009999999,499.83582,152081.23,-0.30204856,,,,142.53162,65230,0.0009999999,-108.75986,,2954.895874261856,11.828487,-0.2,1.7059973e-10,0.0009999999,,11,-0.2,1067,,16.080559,inf,1067,,,61.134020618556704,625,inf,0.1,,-137.53162,16.128767,-499.83582,499.83582,0.0009999999
0.0009999999,499.83582,152199.72,-0.500456,,,,142.5091,65249,0.0009999999,-113.48847,,2958.7589840888977,16.360172,-0.1,1.702804e-10,0.0009999999,,11,-0.2,1068,,16.079622,inf,1068,,,61.094569288389515,625,inf,-0.2,,-137.5091,16.128048,-499.83582,499.83582,0.0009999999
0.0009999999,499.83582,152313.62,-0.3999924,,,,142.48235,65293,0.0009999999,-108.90513,,2962.7149686813354,16.88535,-0.1,1.6996198e-10,0.0009999999,,11,-0.2,1069,,16.078686,inf,1069,,,61.07857811038354,625,inf,-0.1,,-137.48235,16.127821,-499.83582,499.83582,0.0009999999
0.0009999999,499.83582,152443.8,-0.30139688,,,,142.47084,65342,0.0009999999,-125.17151,,2966.6797239780426,14.700602,-0.1,1.6964444e-10,0.0009999999,,11,-0.2,1070,,16.077751,inf,1070,,,61.06728971962617,625,inf,,,-137.47084,16.125555,-499.83582,499.83582,0.0009999999
0.0009999999,499.83582,152594.06,-0.19796482,,,,142.47812,65401,0.0009999999,-145.26865,,2970.6855380535126,15.876721,-0.1,1.6932779e-10,0.0009999999,,11,-0.2,1071,,16.076817,inf,1071,,,61.06535947712418,625,inf,0.1,,-137.47812,16.124388,-499.83582,499.83582,0.0009999999
0.0009999999,499.83582,152756.33,-0.100148484,,,,142.49658,65468,0.0009999999,-157.26486,,2974.535631418228,16.30725,-0.1,1.6901203e-10,0.0009999999,,11,-0.2,1072,,16.075884,inf,1072,,,61.07089552238806,625,inf,0.2,,-137.49658,16.123629,-499.83582,499.83582,0.0009999999
0.0009999999,499.83582,152915.12,-0.29853123,,,,142.51176,65524,0.0009999999,-153.79033,,2978.37367105484,16.550947,,1.6869714e-10,0.0009999999,,11,-0.2,1073,,16.074951,inf,1073,,,61.066169617893756,625,inf,-0.1,,-137.51176,16.123095,-499.83582,499.83582,0.0009999999
0.0009999999,499.83582,153025.17,-0.09697151,,,,142.48154,66024,0.0009999999,-105.04052,,2983.1275193691254,15.564068,,1.6838314e-10,0.0009999999,,11,-0.2,1074,,16.07402,inf,1074,,,61.47486033519553,625,inf,0.1,,-137.48154,16.121641,-499.83582,499.83582,0.0009999999
0.0009999999,499.83582,153529.69,-0.29736888,,,,142.81831,66524,0.0009999999,-499.509,,2987.885971546173,15.192192,0.1,1.6807002e-10,0.0009999999,,11,-0.2,1075,,16.07309,inf,1075,,,61.882790697674416,625,inf,-0.2,,-137.81831,16.119848,-499.83582,499.83582,0.0009999999
0.0009999999,499.83582,153647.31,-0.20160246,,,,142.7949,66565,0.0009999999,-112.63679,,2992.213276386261,15.365853,0.1,1.6775775e-10,0.0009999999,,11,-0.2,1076,,16.072159,inf,1076,,,61.863382899628256,625,inf,-0.1,,-137.7949,16.11822,-499.83582,499.83582,0.0009999999
0.0009999999,499.83582,153784.62,-0.10198818,,,,142.78981,66602,0.0009999999,-132.32341,,2996.636184692383,16.162342,0.1,1.6744638e-10,0.0009999999,,11,-0.2,1077,,16.07123,inf,1077,,,61.840297121634165,625,inf,,,-137.78981,16.117332,-499.83582,499.83582,0.0009999999
0.0009999999,499.83582,153935.66,0.0019791573,,,,142.79745,66650,0.0009999999,-146.01648,,3000.712073802948,15.7714615,0.1,1.6713586e-10,0.0009999999,,11,-0.2,1078,,16.070303,inf,1078,,,61.827458256029686,625,inf,0.1,,-137.79745,16.116083,-499.83582,499.83582,0.0009999999
0.0009999999,499.83582,154084.78,0.09961688,,,,142.80331,66698,0.0009999999,-144.1442,,3005.6603429317474,13.7743845,0.1,1.6682619e-10,0.0009999999,,11,-0.2,1079,,16.069376,inf,1079,,,61.81464318813716,625,inf,0.2,,-137.80331,16.112984,-499.83582,499.83582,0.0009999999
0.0009999999,499.83582,154261.11,-0.09886341,,,,142.83437,66772,0.0009999999,-171.31757,,3010.043821334839,16.215178,0.2,1.6651741e-10,0.0009999999,,11,-0.2,1080,,16.068449,inf,1080,,,61.82592592592592,625,inf,-0.1,,-137.83437,16.112156,-499.83582,499.83582,0.0009999999
0.0009999999,499.83582,154394.02,0.0988173,,,,142.82518,66807,0.0009999999,-127.89728,,3013.3943960666656,15.660145,0.2,1.6620946e-10,0.0009999999,,11,-0.2,1081,,16.067524,inf,1081,,,61.80111008325625,625,inf,0.1,,-137.82518,16.110811,-499.83582,499.83582,0.0009999999
0.0009999999,499.83582,154526.69,-0.50056773,,0.1,,142.8158,66840,0.0009999999,-127.67903,,3017.8015637397766,16.559847,-0.2,1.6590239e-10,0.0009999999,,11,-0.2,1082,,16.066599,inf,1082,,,61.77449168207024,625,inf,-0.2,,-137.8158,16.110302,-499.83582,499.83582,0.0009999999
0.0009999999,499.83582,154647.03,-0.39963952,,0.1,,142.79504,66863,0.0009999999,-115.340866,,3022.973753452301,14.484647,-0.2,1.6559615e-10,0.0009999999,,11,-0.2,1083,,16.065676,inf,1083,,,61.73868882733149,625,inf,-0.1,,-137.79504,16.10788,-499.83582,499.83582,0.0009999999
0.0009999999,499.83582,154759.22,-0.2988181,,0.1,,142.7668,66888,0.0009999999,-107.18293,,3027.8169741630554,14.777544,-0.2,1.6529077e-10,0.0009999999,,11,-0.2,1084,,16.064753,inf,1084,,,61.70479704797048,625,inf,,,-137.7668,16.105728,-499.83582,499.83582,0.0009999999
0.0009999999,499.83582,154879.25,-0.20151404,,0.1,,142.74585,66906,0.0009999999,-115.034546,,3032.712126493454,15.389081,-0.2,1.6498622e-10,0.0009999999,,11,-0.2,1085,,16.06383,inf,1085,,,61.66451612903226,625,inf,0.1,,-137.74585,16.104149,-499.83582,499.83582,0.0009999999
0.0009999999,499.83582,155010.25,-0.10195604,,0.1,,142.73503,66947,0.0009999999,-126.00664,,3037.3665642738342,12.154275,-0.2,1.6468252e-10,0.0009999999,,11,-0.2,1086,,16.062908,inf,1086,,,61.64548802946593,625,inf,0.2,,-137.73503,16.099592,-499.83582,499.83582,0.0009999999
0.0009999999,499.83582,155145.19,-0.4024498,,0.1,,142.72786,66986,0.0009999999,-129.93173,,3042.2200980186462,16.378979,-0.1,1.6437965e-10,0.0009999999,,11,-0.2,1087,,16.061989,inf,1087,,,61.62465501379945,625,inf,-0.2,,-137.72786,16.098928,-499.83582,499.83582,0.0009999999
0.0009999999,499.83582,155249.1,-0.30104163,,0.1,,142.69218,67017,0.0009999999,-98.898094,,3047.069706439972,14.107132,-0.1,1.6407763e-10,0.0009999999,,11,-0.2,1088,,16.06107,inf,1088,,,61.596507352941174,625,inf,-0.1,,-137.69218,16.096176,-499.83582,499.83582,0.0009999999
0.0009999999,499.83582,155383.42,-0.20196493,,0.1,,142.6845,67061,0.0009999999,-129.33957,,3052.527602672577,16.380775,-0.1,1.6377642e-10,0.0009999999,,11,-0.2,1089,,16.06015,inf,1089,,,61.58034894398531,625,inf,,,-137.6845,16.095524,-499.83582,499.83582,0.0009999999
0.0009999999,499.83582,155528.62,-0.09602317,,0.1,,142.68681,67104,0.0009999999,-140.2066,,3057.4026243686676,16.36085,-0.1,1.6347605e-10,0.0009999999,,11,-0.2,1090,,16.059233,inf,1090,,,61.56330275229358,625,inf,0.1,,-137.68681,16.094849,-499.83582,499.83582,0.0009999999
0.0009999999,499.83582,155684.17,0.0035529137,,0.1,,142.6986,67163,0.0009999999,-150.5384,,3062.510796546936,14.226669,-0.1,1.6317651e-10,0.0009999999,,11,-0.2,1091,,16.058315,inf,1091,,,61.56095325389551,625,inf,0.2,,-137.6986,16.09222,-499.83582,499.83582,0.0009999999
0.0009999999,499.83582,155812.72,-0.29873693,,0.1,,142.68564,67188,0.0009999999,-123.54027,,3067.588382959366,12.92308,,1.6287778e-10,0.0009999999,,11,-0.2,1092,,16.0574,inf,1092,,,61.527472527472526,625,inf,-0.2,,-137.68564,16.088402,-499.83582,499.83582,0.0009999999
0.0009999999,499.83582,155927.02,-0.19976296,,0.1,,142.65967,67241,0.0009999999,-109.3021,,3072.8545260429382,13.367558,,1.6257988e-10,0.0009999999,,11,-0.2,1093,,16.056484,inf,1093,,,61.519670631290026,625,inf,-0.1,,-137.65967,16.085001,-499.83582,499.83582,0.0009999999
0.0009999999,499.83582,156098.05,-0.09907105,,0.1,,142.68561,67321,0.0009999999,-166.03014,,3078.090827703476,16.540834,,1.6228281e-10,0.0009999999,,11,-0.2,1094,,16.055569,inf,1094,,,61.53656307129799,625,inf,,,-137.68561,16.084501,-499.83582,499.83582,0.0009999999
0.0009999999,499.83582,156351.81,0.00068821013,,0.1,,142.78705,67484,0.0009999999,-248.75847,,3083.2218039035797,16.376791,,1.6198655e-10,0.0009999999,,11,-0.2,1095,,16.054655,inf,1095,,,61.62922374429224,625,inf,0.1,,-137.78705,16.083858,-499.83582,499.83582,0.0009999999
0.0009999999,499.83582,156583.6,0.09674868,,0.1,,142.86824,67613,0.0009999999,-226.79196,,3088.603434562683,16.239475,,1.6169108e-10,0.0009999999,,11,-0.2,1096,,16.053743,inf,1096,,,61.690693430656935,625,inf,0.2,,-137.86824,16.083084,-499.83582,499.83582,0.0009999999
0.0009999999,499.83582,156771.53,-0.20052023,,0.1,,142.90933,67699,0.0009999999,-182.9481,,3093.778284072876,15.071389,0.1,1.6139644e-10,0.0009999999,,11,-0.2,1097,,16.052832,inf,1097,,,61.712853236098454,625,inf,-0.2,,-137.90933,16.081255,-499.83582,499.83582,0.0009999999
0.0009999999,499.83582,156903.88,-0.09868234,,0.1,,142.8997,67759,0.0009999999,-127.345024,,3099.1007838249207,16.165115,0.1,1.6110258e-10,0.0009999999,,11,-0.2,1098,,16.05192,inf,1098,,,61.71129326047359,625,inf,-0.1,,-137.8997,16.080418,-499.83582,499.83582,0.0009999999
0.0009999999,499.83582,157044.08,-5.904725e-05,,0.1,,142.89725,67798,0.0009999999,-135.19342,,3104.4425501823425,15.506953,0.1,1.6080953e-10,0.0009999999,,11,-0.2,1099,,16.05101,inf,1099,,,61.690627843494084,625,inf,,,-137.89725,16.078989,-499.83582,499.83582,0.0009999999
0.0009999999,499.83582,157184.56,0.09696871,,0.1,,142.89505,67846,0.0009999999,-135.48012,,3109.825259208679,15.6219635,0.1,1.6051728e-10,0.0009999999,,11,-0.2,1100,,16.0501,inf,1100,,,61.67818181818182,625,inf,0.1,,-137.89505,16.077663,-499.83582,499.83582,0.0009999999
0.0009999999,499.83582,157351.62,0.19802502,,0.1,,142.917,67919,0.0009999999,-162.07736,,3115.350639820099,12.607926,0.1,1.6022583e-10,0.0009999999,,11,-0.2,1101,,16.04919,inf,1101,,,61.688465031789285,625,inf,0.2,,-137.917,16.073605,-499.83582,499.83582,0.0009999999
0.0009999999,499.83582,157515.6,-0.10076662,,0.1,,142.93611,67980,0.0009999999,-158.95059,,3120.427688598633,15.452064,0.2,1.5993518e-10,0.0009999999,,11,-0.2,1102,,16.048283,inf,1102,,,61.687840290381125,625,inf,-0.2,,-137.93611,16.072134,-499.83582,499.83582,0.0009999999
0.0009999999,499.83582,157625.22,-0.0024334192,,0.1,,142.90591,68006,0.0009999999,-104.63069,,3125.7206115722656,16.39235,0.2,1.596453e-10,0.0009999999,,11,-0.2,1103,,16.047377,inf,1103,,,61.65548504079782,625,inf,-0.1,,-137.90591,16.071516,-499.83582,499.83582,0.0009999999
0.0009999999,499.83582,157754.88,0.09862209,,0.1,,142.8939,68034,0.0009999999,-124.65644,,3130.881439447403,15.238358,0.2,1.5935622e-10,0.0009999999,,11,-0.2,1104,,16.04647,inf,1104,,,61.625,625,inf,,,-137.8939,16.069859,-499.83582,499.83582,0.0009999999
0.0009999999,499.83582,157883.31,0.20148242,,0.1,,142.88083,68061,0.0009999999,-123.42946,,3135.746146917343,16.025293,0.2,1.5906793e-10,0.0009999999,,11,-0.2,1105,,16.045565,inf,1105,,,61.59366515837104,625,inf,0.1,,-137.88083,16.068913,-499.83582,499.83582,0.0009999999
0.0009999999,499.83582,158020.28,0.2999713,,0.1,,142.87547,68095,0.0009999999,-131.97337,,3140.6541273593903,13.688816,0.2,1.587804e-10,0.0009999999,,11,-0.2,1106,,16.04466,inf,1106,,,61.56871609403255,625,inf,0.2,,-137.87547,16.065857,-499.83582,499.83582,0.0009999999
0.0009999999,499.83582,158152.31,-0.29955128,,0.2,,142.86568,68124,0.0009999999,-127.04716,,3145.57457947731,15.1363735,-0.2,1.5849366e-10,0.0009999999,,11,-0.2,1107,,16.043756,inf,1107,,,61.53929539295393,625,inf,-0.1,,-137.86568,16.064112,-499.83582,499.83582,0.0009999999
0.0009999999,499.83582,158261.94,-0.09456838,,0.2,,142.83568,68152,0.0009999999,-104.60631,,3150.7964906692505,16.739061,-0.2,1.582077e-10,0.0009999999,,11,-0.2,1108,,16.042854,inf,1108,,,61.50902527075812,625,inf,0.1,,-137.83568,16.063822,-499.83582,499.83582,0.0009999999
0.0009999999,499.83582,158393.95,-0.29878902,,0.2,,142.82593,68186,0.0009999999,-127.02317,,3155.8124854564667,12.758836,-0.1,1.5792251e-10,0.0009999999,,11,-0.2,1109,,16.041952,inf,1109,,,61.484220018034264,625,inf,-0.2,,-137.82593,16.05994,-499.83582,499.83582,0.0009999999
0.0009999999,499.83582,158519.38,-0.19916186,,0.2,,142.81024,68223,0.0009999999,-120.411545,,3160.8368253707886,16.138882,-0.1,1.5763811e-10,0.0009999999,,11,-0.2,1110,,16.04105,inf,1110,,,61.462162162162166,625,inf,-0.1,,-137.81024,16.059109,-499.83582,499.83582,0.0009999999
0.0009999999,499.83582,158642.84,-0.09974691,,0.2,,142.79283,68253,0.0009999999,-118.47474,,3165.5033457279205,14.165106,-0.1,1.5735445e-10,0.0009999999,,11,-0.2,1111,,16.04015,inf,1111,,,61.43384338433843,625,inf,,,-137.79283,16.056505,-499.83582,499.83582,0.0009999999
0.0009999999,499.83582,158785.55,0.002991952,,0.2,,142.79276,68295,0.0009999999,-137.70258,,3170.5596041679382,15.448922,-0.1,1.5707156e-10,0.0009999999,,11,-0.2,1112,,16.03925,inf,1112,,,61.41636690647482,625,inf,0.1,,-137.79276,16.055061,-499.83582,499.83582,0.0009999999
0.0009999999,499.83582,158923.42,0.09586061,,0.2,,142.78835,68331,0.0009999999,-132.87581,,3175.8121082782745,15.219744,-0.1,1.5678944e-10,0.0009999999,,11,-0.2,1113,,16.038351,inf,1113,,,61.39353099730458,625,inf,0.2,,-137.78835,16.05341,-499.83582,499.83582,0.0009999999
0.0009999999,499.83582,159170.31,-0.09525484,,0.2,,142.88179,68481,0.0009999999,-241.89708,,3181.207264661789,13.876987,,1.5650808e-10,0.0009999999,,11,-0.2,1114,,16.037453,inf,1114,,,61.47307001795332,625,inf,-0.1,,-137.88179,16.05056,-499.83582,499.83582,0.0009999999
0.0009999999,499.83582,159308.1,0.096081376,,0.2,,142.87721,68527,0.0009999999,-132.77663,,3186.4366817474365,13.828977,,1.5622748e-10,0.0009999999,,11,-0.2,1115,,16.036556,inf,1115,,,61.459192825112105,625,inf,0.1,,-137.87721,16.04767,-499.83582,499.83582,0.0009999999
0.0009999999,499.83582,159504.88,-0.10041931,,0.2,,142.92552,68620,0.0009999999,-191.77408,,3190.9405677318573,10.964609,0.1,1.5594763e-10,0.0009999999,,11,-0.2,1116,,16.03566,inf,1116,,,61.48745519713262,625,inf,-0.2,,-137.92552,16.042223,-499.83582,499.83582,0.0009999999
0.0009999999,499.83582,159609.12,-0.0010660365,,0.2,,142.89088,68649,0.0009999999,-99.26516,,3195.4474110603333,14.637955,0.1,1.5566852e-10,0.0009999999,,11,-0.2,1117,,16.034763,inf,1117,,,61.458370635631155,625,inf,-0.1,,-137.89088,16.04007,-499.83582,499.83582,0.0009999999
0.0009999999,499.83582,159739.61,0.10178306,,0.2,,142.87979,68683,0.0009999999,-125.47987,,3199.5122973918915,15.972967,0.1,1.5539016e-10,0.0009999999,,11,-0.2,1118,,16.033869,inf,1118,,,61.43381037567084,625,inf,,,-137.87979,16.039114,-499.83582,499.83582,0.0009999999
0.0009999999,499.83582,159879.45,0.20067665,,0.2,,142.87708,68720,0.0009999999,-134.84256,,3204.6576788425446,15.812646,0.1,1.5511256e-10,0.0009999999,,11,-0.2,1119,,16.032974,inf,1119,,,61.41197497765862,625,inf,0.1,,-137.87708,16.03802,-499.83582,499.83582,0.0009999999
0.0009999999,499.83582,160046.88,0.30010217,,0.2,,142.899,68791,0.0009999999,-162.4235,,3209.452932357788,14.905861,0.1,1.548357e-10,0.0009999999,,11,-0.2,1120,,16.032082,inf,1120,,,61.42053571428571,625,inf,0.2,,-137.899,16.036116,-499.83582,499.83582,0.0009999999
0.0009999999,499.83582,160171.6,0.0973271,,0.2,,142.88278,68813,0.0009999999,-119.728355,,3214.773423910141,12.099876,0.2,1.545596e-10,0.0009999999,,11,-0.2,1121,,16.031189,inf,1121,,,61.38537020517395,625,inf,-0.1,,-137.88278,16.031713,-499.83582,499.83582,0.0009999999
0.0009999999,499.83582,160298.81,0.29800743,,0.2,,142.86882,68838,0.0009999999,-122.212906,,3219.5317084789276,14.476041,0.2,1.5428421e-10,0.0009999999,,11,-0.2,1122,,16.030298,inf,1122,,,61.35294117647059,625,inf,0.1,,-137.86882,16.029436,-499.83582,499.83582,0.0009999999
0.0009999999,499.83582,160422.52,-0.69875443,,-0.2,,142.85175,68861,0.0009999999,-118.691376,,3224.5222306251526,15.420318,-0.2,1.5400956e-10,0.0009999999,,11,-0.1,1123,,16.029406,inf,1123,,,61.31878895814782,625,inf,-0.2,,-137.85175,16.028006,-499.83582,499.83582,0.0009999999
0.0009999999,499.83582,160546.47,-0.60159165,,-0.2,,142.83493,68903,0.0009999999,-118.96083,,3229.84308385849,15.443714,-0.2,1.5373565e-10,0.0009999999,,11,-0.1,1124,,16.028517,inf,1124,,,61.30160142348755,625,inf,-0.1,,-137.83493,16.026596,-499.83582,499.83582,0.0009999999
0.0009999999,499.83582,160681.1,-0.5018478,,-0.2,,142.82764,68935,0.0009999999,-129.62006,,3235.1952731609344,13.003301,-0.2,1.5346245e-10,0.0009999999,,11,-0.1,1125,,16.027628,inf,1125,,,61.275555555555556,625,inf,,,-137.82764,16.023018,-499.83582,499.83582,0.0009999999
0.0009999999,499.83582,160806.94,-0.39665687,,-0.2,,142.81256,68960,0.0009999999,-120.84004,,3240.4427263736725,16.424744,-0.2,1.5318999e-10,0.0009999999,,11,-0.1,1126,,16.02674,inf,1126,,,61.243339253996446,625,inf,0.1,,-137.81256,16.02249,-499.83582,499.83582,0.0009999999
0.0009999999,499.83582,160939.55,-0.29858893,,-0.2,,142.8035,68991,0.0009999999,-127.61745,,3245.568699359894,15.363065,-0.2,1.5291826e-10,0.0009999999,,11,-0.1,1127,,16.02585,inf,1127,,,61.21650399290151,625,inf,0.2,,-137.8035,16.021019,-499.83582,499.83582,0.0009999999
0.0009999999,499.83582,161073.92,-0.600077,,-0.2,,142.79604,69025,0.0009999999,-129.3684,,3251.0158474445343,15.372287,-0.1,1.5264724e-10,0.0009999999,,11,-0.1,1128,,16.024963,inf,1128,,,61.19237588652482,625,inf,-0.2,,-137.79604,16.019556,-499.83582,499.83582,0.0009999999
0.0009999999,499.83582,161183.28,-0.5000909,,-0.2,,142.76642,69075,0.0009999999,-104.3658,,3255.99676656723,11.626395,-0.1,1.5237694e-10,0.0009999999,,11,-0.1,1129,,16.024078,inf,1129,,,61.18246235606732,625,inf,-0.1,,-137.76642,16.014778,-499.83582,499.83582,0.0009999999
0.0009999999,499.83582,161288.84,-0.39926282,,-0.2,,142.73349,69149,0.0009999999,-100.55803,,3261.354603290558,15.227653,-0.1,1.5210738e-10,0.0009999999,,11,-0.1,1130,,16.023193,inf,1130,,,61.193805309734515,625,inf,,,-137.73349,16.013199,-499.83582,499.83582,0.0009999999
0.0009999999,499.83582,161715.7,-0.30285406,,-0.2,,142.98471,69649,0.0009999999,-421.8635,,3267.0486283302307,15.955179,-0.1,1.5183851e-10,0.0009999999,,11,-0.1,1131,,16.022308,inf,1131,,,61.58178603006189,625,inf,0.1,,-137.98471,16.01226,-499.83582,499.83582,0.0009999999
0.0009999999,499.83582,162208.78,-0.20287126,,-0.2,,143.29398,70149,0.0009999999,-488.08212,,3272.673696041107,13.1397085,-0.1,1.5157037e-10,0.0009999999,,11,-0.1,1132,,16.021423,inf,1132,,,61.96908127208481,625,inf,0.2,,-138.29398,16.00884,-499.83582,499.83582,0.0009999999
0.0009999999,499.83582,162712.9,-0.5011141,,-0.2,,143.61246,70649,0.0009999999,-499.1169,,3278.4956629276276,14.620891,,1.5130293e-10,0.0009999999,,11,-0.1,1133,,16.020542,inf,1133,,,62.35569285083848,625,inf,-0.2,,-138.61246,16.006733,-499.83582,499.83582,0.0009999999
0.0009999999,499.83582,162812.14,-0.40038067,,-0.2,,143.57332,70725,0.0009999999,-94.23414,,3283.651130914688,14.332304,,1.510362e-10,0.0009999999,,11,-0.1,1134,,16.019659,inf,1134,,,62.36772486772487,625,inf,-0.1,,-138.57332,16.004377,-499.83582,499.83582,0.0009999999
0.0009999999,499.83582,162780.12,-0.30325904,,-0.2,,143.41861,71225,0.0009999999,37.014595,,3289.819636821747,14.854071,,1.5077017e-10,0.0009999999,,11,-0.1,1135,37.014595,16.018778,inf,1135,,,62.75330396475771,625,inf,,,-138.41861,16.002483,-499.83582,499.83582,0.0009999999
0.0009999999,499.83582,163242.72,-0.19998188,,-0.2,,143.69957,71725,0.0009999999,-457.5907,,3296.206381559372,15.220432,,1.5050484e-10,0.0009999999,,11,-0.1,1136,37.014595,16.017897,inf,1136,,,63.13820422535211,625,inf,0.1,,-138.69957,16.000916,-499.83582,499.83582,0.0009999999
0.0009999999,499.83582,163746.1,-0.09755461,,-0.2,,144.01591,72225,0.0009999999,-498.3767,,3302.4602167606354,14.023653,,1.5024022e-10,0.0009999999,,11,-0.1,1137,37.014595,16.017017,inf,1137,,,63.522427440633244,625,inf,0.2,,-139.01591,15.998294,-499.83582,499.83582,0.0009999999
0.0009999999,499.83582,164245.86,-0.39708284,,-0.2,,144.32852,72725,0.0009999999,-494.7734,,3308.4684624671936,15.7240505,0.1,1.499763e-10,0.0009999999,,11,-0.1,1138,37.014595,16.016138,inf,1138,,,63.90597539543058,625,inf,-0.2,,-139.32852,15.997175,-499.83582,499.83582,0.0009999999
0.0009999999,499.83582,164366.17,-0.30141854,,-0.2,,144.30743,72821,0.0009999999,-115.31205,,3313.919853448868,15.183936,0.1,1.4971306e-10,0.0009999999,,11,-0.1,1139,37.014595,16.015259,inf,1139,,,63.934152765583846,625,inf,-0.1,,-139.30743,15.995586,-499.83582,499.83582,0.0009999999
0.0009999999,499.83582,164403.69,-0.19867443,,-0.2,,144.21376,73321,0.0009999999,-32.513885,,3319.8126220703125,15.593922,0.1,1.4945052e-10,0.0009999999,,11,-0.1,1140,37.014595,16.014381,inf,1140,,,64.31666666666666,625,inf,,,-139.21376,15.994356,-499.83582,499.83582,0.0009999999
0.0009999999,499.83582,164891.06,-0.102103844,,-0.2,,144.51451,73821,0.0009999999,-482.3718,,3325.6717779636383,15.133498,0.1,1.4918866e-10,0.0009999999,,11,-0.1,1141,37.014595,16.013506,inf,1141,,,64.69851007887817,625,inf,0.1,,-139.51451,15.992726,-499.83582,499.83582,0.0009999999
0.0009999999,499.83582,165391.28,-0.0018314272,,-0.2,,144.82599,74321,0.0009999999,-495.2306,,3331.2085938453674,14.873514,0.1,1.4892751e-10,0.0009999999,,11,-0.1,1142,37.014595,16.012629,inf,1142,,,65.07968476357269,625,inf,0.2,,-139.82599,15.990868,-499.83582,499.83582,0.0009999999
0.0009999999,499.83582,165892.8,-0.2996983,,-0.2,,145.13806,74821,0.0009999999,-496.5036,,3336.8005032539368,15.651574,0.2,1.4866704e-10,0.0009999999,,11,-0.1,1143,37.014595,16.011753,inf,1143,,,65.4601924759405,625,inf,-0.2,,-140.13806,15.989697,-499.83582,499.83582,0.0009999999
0.0009999999,499.83582,166022.19,-0.20133263,,-0.2,,145.12428,74853,0.0009999999,-124.40047,,3341.722800254822,16.375937,0.2,1.4840723e-10,0.0009999999,,11,-0.1,1144,37.014595,16.01088,inf,1144,,,65.43094405594405,625,inf,-0.1,,-140.12428,15.989162,-499.83582,499.83582,0.0009999999
0.0009999999,499.83582,166149.8,-0.09885795,,-0.2,,145.109,74885,0.0009999999,-122.60154,,3347.228662967682,15.86607,0.2,1.4814813e-10,0.0009999999,,11,-0.1,1145,37.014595,16.010006,inf,1145,,,65.40174672489083,625,inf,,,-140.109,15.988182,-499.83582,499.83582,0.0009999999
0.0009999999,499.83582,166283.56,0.003160581,,-0.2,,145.09909,74916,0.0009999999,-128.76875,,3352.65567278862,14.021378,0.2,1.4788969e-10,0.0009999999,,11,-0.1,1146,37.014595,16.009132,inf,1146,,,65.3717277486911,625,inf,0.1,,-140.09909,15.985596,-499.83582,499.83582,0.0009999999
0.0009999999,499.83582,166414.69,0.1023567,,-0.2,,145.08691,74945,0.0009999999,-126.120514,,3358.32599234581,13.448832,0.2,1.4763193e-10,0.0009999999,,11,-0.1,1147,37.014595,16.00826,inf,1147,,,65.34001743679163,625,inf,0.2,,-140.08691,15.982511,-499.83582,499.83582,0.0009999999
0.0009999999,499.83582,166551.44,-0.5988039,,-0.1,,145.07965,74983,0.0009999999,-131.74512,,3363.528703212738,15.298084,-0.2,1.4737483e-10,0.0009999999,,11,-0.1,1148,37.014595,16.00739,inf,1148,,,65.31620209059234,625,inf,-0.2,,-140.07965,15.981044,-499.83582,499.83582,0.0009999999
0.0009999999,499.83582,166678.58,-0.5000922,,-0.1,,145.06404,75016,0.0009999999,-122.14956,,3368.632377386093,16.315687,-0.2,1.4711846e-10,0.0009999999,,11,-0.1,1149,37.014595,16.006517,inf,1149,,,65.28807658833769,625,inf,-0.1,,-140.06404,15.980464,-499.83582,499.83582,0.0009999999
0.0009999999,499.83582,166801.02,-0.39724258,,-0.1,,145.04436,75038,0.0009999999,-117.43681,,3373.8539068698883,16.13188,-0.2,1.468627e-10,0.0009999999,,11,-0.1,1150,37.014595,16.005648,inf,1150,,,65.25043478260869,625,inf,,,-140.04436,15.979725,-499.83582,499.83582,0.0009999999
0.0009999999,499.83582,166919.78,-0.2982532,,-0.1,,145.02153,75059,0.0009999999,-113.7585,,3378.6790096759796,12.80199,-0.2,1.4660761e-10,0.0009999999,,11,-0.1,1151,37.014595,16.00478,inf,1151,,,65.21198957428324,625,inf,0.1,,-140.02153,15.976097,-499.83582,499.83582,0.0009999999
0.0009999999,499.83582,167034.94,-0.19778818,,-0.1,,144.9956,75075,0.0009999999,-110.155426,,3383.868388414383,15.781747,-0.2,1.463532e-10,0.0009999999,,11,-0.1,1152,37.014595,16.00391,inf,1152,,,65.16927083333333,625,inf,0.2,,-139.9956,15.975063,-499.83582,499.83582,0.0009999999
0.0009999999,499.83582,167166.66,-0.4989195,,-0.1,,144.98409,75107,0.0009999999,-126.72152,,3388.58265542984,15.113353,-0.1,1.4609945e-10,0.0009999999,,11,-0.1,1153,37.014595,16.003042,inf,1153,,,65.1405030355594,625,inf,-0.2,,-139.98409,15.973446,-499.83582,499.83582,0.0009999999
0.0009999999,499.83582,167295.2,-0.40087444,,-0.1,,144.96985,75167,0.0009999999,-123.53872,,3393.006687402725,14.452602,-0.1,1.4584635e-10,0.0009999999,,11,-0.1,1154,37.014595,16.002176,inf,1154,,,65.13604852686308,625,inf,-0.1,,-139.96985,15.971265,-499.83582,499.83582,0.0009999999
0.0009999999,499.83582,167433.11,-0.30015507,,-0.1,,144.96373,75209,0.0009999999,-132.90955,,3397.4988136291504,16.065239,-0.1,1.4559391e-10,0.0009999999,,11,-0.1,1155,37.014595,16.00131,inf,1155,,,65.11601731601732,625,inf,,,-139.96373,15.970482,-499.83582,499.83582,0.0009999999
0.0009999999,499.83582,167572.2,-0.20097402,,-0.1,,144.95865,75247,0.0009999999,-134.09702,,3402.407859802246,16.603481,-0.1,1.4534213e-10,0.0009999999,,11,-0.1,1156,37.014595,16.000444,inf,1156,,,65.09256055363322,625,inf,0.1,,-139.95865,15.970162,-499.83582,499.83582,0.0009999999
0.0009999999,499.83582,167692.05,-0.10142915,,-0.1,,144.93695,75269,0.0009999999,-114.843895,,3407.2156417369843,15.982209,-0.1,1.45091e-10,0.0009999999,,11,-0.1,1157,37.014595,15.999579,inf,1157,,,65.0553154710458,625,inf,0.2,,-139.93695,15.969309,-499.83582,499.83582,0.0009999999
0.0009999999,499.83582,167843.6,-0.40069473,,-0.1,,144.94266,75321,0.0009999999,-146.53862,,3412.3561539649963,15.339377,,1.448405e-10,0.0009999999,,11,-0.1,1158,37.014595,15.998715,inf,1158,,,65.0440414507772,625,inf,-0.2,,-139.94266,15.9679,-499.83582,499.83582,0.0009999999
0.0009999999,499.83582,167940.66,-0.29844132,,-0.1,,144.90134,75404,0.0009999999,-92.063354,,3417.825497150421,14.113085,,1.4459067e-10,0.0009999999,,11,-0.1,1159,37.014595,15.997852,inf,1159,,,65.0595340811044,625,inf,-0.1,,-139.90134,15.965437,-499.83582,499.83582,0.0009999999
0.0009999999,499.83582,167951.16,-0.2034728,,-0.1,,144.78548,75904,0.0009999999,-5.515764,,3423.9859166145325,13.941875,,1.443415e-10,0.0009999999,,11,-0.1,1160,37.014595,15.99699,inf,1160,,,65.43448275862069,625,inf,,,-139.78548,15.9628315,-499.83582,499.83582,0.0009999999
0.0009999999,499.83582,168435.5,-0.09960813,,-0.1,,145.07796,76404,0.0009999999,-479.32925,,3430.016904115677,13.829235,,1.4409295e-10,0.0009999999,,11,-0.1,1161,37.014595,15.996128,inf,1161,,,65.80878552971576,625,inf,0.1,,-140.07796,15.960132,-499.83582,499.83582,0.0009999999
0.0009999999,499.83582,168939.6,0.00088849664,,-0.1,,145.38692,76904,0.0009999999,-499.09274,,3436.0806052684784,15.230589,,1.4384505e-10,0.0009999999,,11,-0.1,1162,37.014595,15.995268,inf,1162,,,66.18244406196213,625,inf,0.2,,-140.38692,15.958645,-499.83582,499.83582,0.0009999999
0.0009999999,499.86224,169444.44,-0.2993789,,-0.1,,145.69598,77404,0.0009999999,-499.86224,,3442.206387758255,15.487972,0.1,1.4359777e-10,0.0009999999,,11,-0.1,1163,37.014595,15.994408,inf,1163,,,66.5554600171969,625,inf,-0.2,,-140.69598,15.95738,-499.86224,499.86224,0.0009999999
0.0009999999,499.86224,169561.97,-0.20117775,,-0.1,,145.6718,77446,0.0009999999,-112.53121,,3447.5511972904205,14.918806,0.1,1.4335115e-10,0.0009999999,,11,-0.1,1164,37.014595,15.993547,inf,1164,,,66.53436426116839,625,inf,-0.1,,-140.6718,15.95563,-499.86224,499.86224,0.0009999999
0.0009999999,499.86224,169675.86,-0.0975021,,-0.1,,145.64452,77500,0.0009999999,-108.881645,,3452.795842409134,15.056339,0.1,1.4310515e-10,0.0009999999,,11,-0.1,1165,37.014595,15.992689,inf,1165,,,66.52360515021459,625,inf,,,-140.64452,15.954,-499.86224,499.86224,0.0009999999
0.0009999999,499.86224,169809.56,0.0004490316,,-0.1,,145.63428,77533,0.0009999999,-128.70451,,3457.666850090027,15.29702,0.1,1.4285981e-10,0.0009999999,,11,-0.1,1166,37.014595,15.991831,inf,1166,,,66.49485420240137,625,inf,0.1,,-140.63428,15.95258,-499.86224,499.86224,0.0009999999
0.0009999999,499.86224,169961.34,0.10301796,,-0.1,,145.63954,77584,0.0009999999,-146.78726,,3462.969530582428,16.008877,0.1,1.4261507e-10,0.0009999999,,11,-0.1,1167,37.014595,15.990973,inf,1167,,,66.48157669237361,625,inf,0.2,,-140.63954,15.951771,-499.86224,499.86224,0.0009999999
0.0009999999,499.86224,170112.12,-0.19941123,,-0.1,,145.64394,77631,0.0009999999,-145.76833,,3467.7742836475372,13.360158,0.2,1.4237098e-10,0.0009999999,,11,-0.1,1168,37.014595,15.990117,inf,1168,,,66.46489726027397,625,inf,-0.2,,-140.64394,15.948697,-499.86224,499.86224,0.0009999999
0.0009999999,499.86224,170224.3,-0.097294964,,-0.1,,145.61531,77646,0.0009999999,-107.16391,,3473.068243265152,16.107618,0.2,1.421275e-10,0.0009999999,,11,-0.1,1169,37.014595,15.989262,inf,1169,,,66.42087254063301,625,inf,-0.1,,-140.61531,15.947977,-499.86224,499.86224,0.0009999999
0.0009999999,499.86224,170346.14,0.0014981974,,-0.1,,145.59499,77671,0.0009999999,-116.85101,,3478.0395228862762,15.861354,0.2,1.4188464e-10,0.0009999999,,11,-0.1,1170,37.014595,15.988406,inf,1170,,,66.38547008547009,625,inf,,,-140.59499,15.947048,-499.86224,499.86224,0.0009999999
0.0009999999,499.86224,170465.47,0.09728269,,-0.1,,145.57256,77701,0.0009999999,-114.330124,,3483.2595911026,10.317739,0.2,1.4164242e-10,0.0009999999,,11,-0.1,1171,37.014595,15.987552,inf,1171,,,66.35439795046969,625,inf,0.1,,-140.57256,15.94139,-499.86224,499.86224,0.0009999999
0.0009999999,499.86224,170582.1,0.20193759,,-0.1,,145.54787,77720,0.0009999999,-111.62446,,3488.7348697185516,15.563536,0.2,1.4140082e-10,0.0009999999,,11,-0.1,1172,37.014595,15.986698,inf,1172,,,66.31399317406144,625,inf,0.2,,-140.54787,15.940213,-499.86224,499.86224,0.0009999999
0.0009999999,499.86224,170718.53,-0.5005337,,,,145.5401,77755,0.0009999999,-131.43353,,3494.0535731315613,16.237806,-0.2,1.4115983e-10,0.0009999999,,11,-0.1,1173,37.014595,15.985846,inf,1173,,,66.28729752770674,625,inf,-0.2,,-140.5401,15.939614,-499.86224,499.86224,0.0009999999
0.0009999999,499.86224,170831.28,-0.39795083,,,,145.51216,77786,0.0009999999,-107.75754,,3499.548665046692,15.145331,-0.2,1.4091946e-10,0.0009999999,,11,-0.1,1174,37.014595,15.984994,inf,1174,,,66.25724020442931,625,inf,-0.1,,-140.51216,15.938087,-499.86224,499.86224,0.0009999999
0.0009999999,499.86224,170942.17,-0.29877773,,,,145.4827,77804,0.0009999999,-105.88621,,3504.8257319927216,14.226469,-0.2,1.4067969e-10,0.0009999999,,11,-0.1,1175,37.014595,15.984142,inf,1175,,,66.21617021276596,625,inf,,,-140.4827,15.935778,-499.86224,499.86224,0.0009999999
0.0009999999,499.86224,171058.69,-0.19902888,,,,145.45807,77821,0.0009999999,-111.52014,,3509.9114787578583,16.418571,-0.2,1.4044053e-10,0.0009999999,,11,-0.1,1176,37.014595,15.983292,inf,1176,,,66.17431972789116,625,inf,0.1,,-140.45807,15.935341,-499.86224,499.86224,0.0009999999
0.0009999999,499.86224,171188.19,-0.101120085,,,,145.4445,77852,0.0009999999,-124.494736,,3515.0357704162598,14.317848,-0.2,1.4020202e-10,0.0009999999,,11,-0.1,1177,37.014595,15.982441,inf,1177,,,66.1444350042481,625,inf,0.2,,-140.4445,15.933116,-499.86224,499.86224,0.0009999999
0.0009999999,499.86224,171318.94,-0.4013788,,,,145.43204,77883,0.0009999999,-125.75645,,3519.6483862400055,14.220787,-0.1,1.3996408e-10,0.0009999999,,11,-0.1,1178,37.014595,15.981592,inf,1178,,,66.11460101867573,625,inf,-0.2,,-140.43204,15.930813,-499.86224,499.86224,0.0009999999
0.0009999999,499.86224,171452.6,-0.29911172,,,,145.42204,77943,0.0009999999,-128.66962,,3524.2695479393005,15.013437,-0.1,1.3972674e-10,0.0009999999,,11,-0.1,1179,37.014595,15.980743,inf,1179,,,66.10941475826972,625,inf,-0.1,,-140.42204,15.929187,-499.86224,499.86224,0.0009999999
0.0009999999,499.86224,171566.97,-0.19406722,,,,145.39574,77963,0.0009999999,-109.35579,,3529.0449590682983,15.980094,-0.1,1.3949003e-10,0.0009999999,,11,-0.1,1180,37.014595,15.979896,inf,1180,,,66.07033898305085,625,inf,,,-140.39574,15.928383,-499.86224,499.86224,0.0009999999
0.0009999999,499.86224,171707.06,-0.09884255,,,,145.39125,78001,0.0009999999,-135.09314,,3534.5026919841766,11.493316,-0.1,1.3925391e-10,0.0009999999,,11,-0.1,1181,37.014595,15.979049,inf,1181,,,66.04657070279424,625,inf,0.1,,-140.39125,15.923783,-499.86224,499.86224,0.0009999999
0.0009999999,499.86224,171841.38,0.0006392449,,,,145.38187,78032,0.0009999999,-129.32199,,3539.799686908722,11.335975,-0.1,1.3901838e-10,0.0009999999,,11,-0.1,1182,37.014595,15.978202,inf,1182,,,66.01692047377327,625,inf,0.2,,-140.38187,15.919056,-499.86224,499.86224,0.0009999999
0.0009999999,499.86224,171982.8,-0.29977414,,,,145.37852,78071,0.0009999999,-136.40857,,3545.1549282073975,16.827919,,1.3878346e-10,0.0009999999,,11,-0.1,1183,37.014595,15.977357,inf,1183,,,65.99408284023669,625,inf,-0.2,,-140.37852,15.918979,-499.86224,499.86224,0.0009999999
0.0009999999,499.86224,172091.02,-0.19976753,,,,145.34714,78175,0.0009999999,-103.221344,,3550.580503463745,14.718066,,1.3854912e-10,0.0009999999,,11,-0.1,1184,37.014595,15.976512,inf,1184,,,66.02618243243244,625,inf,-0.1,,-140.34714,15.917121,-499.86224,499.86224,0.0009999999
0.0009999999,499.86224,172120.23,-0.10432949,,,,145.24915,78675,0.0009999999,-24.221777,,3556.732172727585,15.568177,,1.3831537e-10,0.0009999999,,11,-0.1,1185,37.014595,15.975667,inf,1185,,,66.39240506329114,625,inf,,,-140.24915,15.915984,-499.86224,499.86224,0.0009999999
0.0009999999,499.86224,172618.9,-0.0017177984,,,,145.54713,79175,0.0009999999,-493.6802,,3562.79128074646,14.078074,,1.3808223e-10,0.0009999999,,11,-0.1,1186,37.014595,15.974824,inf,1186,,,66.75801011804384,625,inf,0.1,,-140.54713,15.9135895,-499.86224,499.86224,0.0009999999
0.0009999999,499.86224,172767.75,0.10048694,,,,145.54991,79226,0.0009999999,-143.84084,,3568.0499856472015,14.839484,,1.3784966e-10,0.0009999999,,11,-0.1,1187,37.014595,15.973981,inf,1187,,,66.74473462510531,625,inf,0.2,,-140.54991,15.911842,-499.86224,499.86224,0.0009999999
0.0009999999,499.9691,173272.72,-0.19936177,,,,145.85246,79726,0.0009999999,-499.9691,,3574.0413999557495,15.368542,0.1,1.376177e-10,0.0009999999,,11,-0.1,1188,37.014595,15.973139,inf,1188,,,67.10942760942761,625,inf,-0.2,,-140.85246,15.910546,-499.9691,499.9691,0.0009999999
0.0009999999,499.9691,173382.08,-0.09897934,,,,145.82176,79749,0.0009999999,-104.36427,,3579.6528861522675,15.977276,0.1,1.373863e-10,0.0009999999,,11,-0.1,1189,37.014595,15.972298,inf,1189,,,67.07232968881414,625,inf,-0.1,,-140.82176,15.909759,-499.9691,499.9691,0.0009999999
0.0009999999,499.9691,173505.17,-0.0032292262,,,,145.80266,79772,0.0009999999,-118.085754,,3584.268610239029,14.799749,0.1,1.371555e-10,0.0009999999,,11,-0.1,1190,37.014595,15.971457,inf,1190,,,67.03529411764706,625,inf,,,-140.80266,15.907987,-499.9691,499.9691,0.0009999999
0.0009999999,499.9691,173651.1,0.09817702,,,,145.80276,79818,0.0009999999,-140.91605,,3589.3871116638184,15.211697,0.1,1.3692529e-10,0.0009999999,,11,-0.1,1191,37.014595,15.970617,inf,1191,,,67.0176322418136,625,inf,0.1,,-140.80276,15.906562,-499.9691,499.9691,0.0009999999
0.0009999999,499.9691,173779.39,0.2013545,,,,145.78809,79843,0.0009999999,-123.30597,,3594.135465145111,15.380794,0.1,1.3669564e-10,0.0009999999,,11,-0.1,1192,37.014595,15.969778,inf,1192,,,66.98238255033557,625,inf,0.2,,-140.78809,15.905283,-499.9691,499.9691,0.0009999999
0.0009999999,499.9691,173940.33,-0.10262063,,,,145.80078,79904,0.0009999999,-155.93347,,3598.9606359004974,15.940409,0.2,1.3646656e-10,0.0009999999,,11,-0.1,1193,37.014595,15.968939,inf,1193,,,66.97736797988264,625,inf,-0.2,,-140.80078,15.904475,-499.9691,499.9691,0.0009999999
0.0009999999,499.9691,174049.67,0.0014653057,,,,145.77025,79919,0.0009999999,-104.34042,,3603.6596281528473,14.577404,0.2,1.3623809e-10,0.0009999999,,11,-0.1,1194,37.014595,15.9681015,inf,1194,,,66.93383584589614,625,inf,-0.1,,-140.77025,15.902527,-499.9691,499.9691,0.0009999999
0.0009999999,499.9691,174157.47,0.09765269,,,,145.73846,79940,0.0009999999,-102.79898,,3608.7583408355713,12.826542,0.2,1.3601015e-10,0.0009999999,,11,-0.1,1195,37.014595,15.967264,inf,1195,,,66.89539748953975,625,inf,,,-140.73846,15.899117,-499.9691,499.9691,0.0009999999
0.0009999999,499.9691,174277.94,0.19828933,,,,145.71735,79974,0.0009999999,-115.47662,,3613.9357697963715,13.782411,0.2,1.3578282e-10,0.0009999999,,11,-0.1,1196,37.014595,15.966428,inf,1196,,,66.86789297658864,625,inf,0.1,,-140.71735,15.89651,-499.9691,499.9691,0.0009999999
0.0009999999,499.9691,174415.88,0.29956323,,,,145.71085,80012,0.0009999999,-132.93324,,3619.275544643402,13.413109,0.2,1.3555604e-10,0.0009999999,,11,-0.1,1197,37.014595,15.965591,inf,1197,,,66.843776106934,625,inf,0.2,,-140.71085,15.8935995,-499.9691,499.9691,0.0009999999
0.0009999999,499.9691,174547.3,-0.3957408,,0.1,,145.69891,80044,0.0009999999,-126.41444,,3624.645057439804,14.707381,-0.2,1.3532982e-10,0.0009999999,,11,-0.1,1198,37.014595,15.964757,inf,1198,,,66.81469115191986,625,inf,-0.2,,-140.69891,15.891776,-499.9691,499.9691,0.0009999999
0.0009999999,499.9691,174659.52,-0.29841527,,0.1,,145.67099,80065,0.0009999999,-107.22865,,3630.072323322296,14.029409,-0.2,1.3510416e-10,0.0009999999,,11,-0.1,1199,37.014595,15.9639225,inf,1199,,,66.77648040033361,625,inf,-0.1,,-140.67099,15.889389,-499.9691,499.9691,0.0009999999
0.0009999999,499.9691,174774.6,-0.20388235,,0.1,,145.6455,80087,0.0009999999,-110.07243,,3635.384124517441,15.715786,-0.2,1.348791e-10,0.0009999999,,11,-0.1,1200,37.014595,15.963089,inf,1200,,,66.73916666666666,625,inf,,,-140.6455,15.8884115,-499.9691,499.9691,0.0009999999
0.0009999999,499.9691,174896.22,-0.10046517,,0.1,,145.62549,80107,0.0009999999,-116.627556,,3640.5723447799683,14.533957,-0.2,1.3465458e-10,0.0009999999,,11,-0.1,1201,37.014595,15.9622555,inf,1201,,,66.70024979184014,625,inf,0.1,,-140.62549,15.886452,-499.9691,499.9691,0.0009999999
0.0009999999,499.9691,175016.06,-0.0022832453,,0.1,,145.60405,80128,0.0009999999,-114.82724,,3645.590527534485,14.310668,-0.2,1.344306e-10,0.0009999999,,11,-0.1,1202,37.014595,15.961423,inf,1202,,,66.66222961730449,625,inf,0.2,,-140.60405,15.884311,-499.9691,499.9691,0.0009999999
0.0009999999,499.9691,175143.81,-0.3012064,,0.1,,145.5892,80154,0.0009999999,-122.76599,,3651.0387349128723,5.872727,-0.1,1.3420721e-10,0.0009999999,,11,-0.1,1203,37.014595,15.960591,inf,1203,,,66.6284289276808,625,inf,-0.2,,-140.5892,15.875155,-499.9691,499.9691,0.0009999999
0.0009999999,499.9691,175256.1,-0.20363417,,0.1,,145.56154,80171,0.0009999999,-107.271484,,3656.4299771785736,16.439034,-0.1,1.3398439e-10,0.0009999999,,11,-0.1,1204,37.014595,15.959761,inf,1204,,,66.58720930232558,625,inf,-0.1,,-140.56154,15.874794,-499.9691,499.9691,0.0009999999
0.0009999999,499.9691,175404.66,-0.10110379,,0.1,,145.56403,80219,0.0009999999,-143.5679,,3661.6822159290314,13.2566185,-0.1,1.337621e-10,0.0009999999,,11,-0.1,1205,37.014595,15.958931,inf,1205,,,66.57178423236515,625,inf,,,-140.56403,15.871791,-499.9691,499.9691,0.0009999999
0.0009999999,499.9691,175541.02,0.00053911656,,0.1,,145.5564,80258,0.0009999999,-131.3567,,3666.48438167572,16.526754,-0.1,1.3354036e-10,0.0009999999,,11,-0.1,1206,37.014595,15.958101,inf,1206,,,66.54892205638474,625,inf,0.1,,-140.5564,15.871505,-499.9691,499.9691,0.0009999999
0.0009999999,499.9691,175673.42,0.101670794,,0.1,,145.5455,80287,0.0009999999,-127.41063,,3671.6945493221283,14.075572,-0.1,1.3331918e-10,0.0009999999,,11,-0.1,1207,37.014595,15.957273,inf,1207,,,66.51781275890637,625,inf,0.2,,-140.5455,15.869191,-499.9691,499.9691,0.0009999999
0.0009999999,499.9691,175786.3,-0.20274955,,0.1,,145.51846,80301,0.0009999999,-107.87736,,3676.793607711792,14.755791,,1.3309855e-10,0.0009999999,,11,-0.1,1208,37.014595,15.956444,inf,1208,,,66.47433774834437,625,inf,-0.2,,-140.51846,15.867439,-499.9691,499.9691,0.0009999999
0.0009999999,499.9691,175903.55,-0.09833597,,0.1,,145.49507,80369,0.0009999999,-112.25224,,3682.1310148239136,15.392259,,1.3287846e-10,0.0009999999,,11,-0.1,1209,37.014595,15.955617,inf,1209,,,66.47559966914805,625,inf,-0.1,,-140.49507,15.8662195,-499.9691,499.9691,0.0009999999
0.0009999999,499.9691,176048.94,0.0011252954,,0.1,,145.495,80416,0.0009999999,-140.3866,,3687.349196910858,15.2406025,,1.3265891e-10,0.0009999999,,11,-0.1,1210,37.014595,15.95479,inf,1210,,,66.4595041322314,625,inf,,,-140.495,15.86488,-499.9691,499.9691,0.0009999999
0.0009999999,499.9691,176262.28,0.102097064,,0.1,,145.55101,80537,0.0009999999,-208.33385,,3692.6187303066254,14.689263,,1.3243992e-10,0.0009999999,,11,-0.1,1211,37.014595,15.953963,inf,1211,,,66.50454170107349,625,inf,0.1,,-140.55101,15.86308,-499.9691,499.9691,0.0009999999
0.0009999999,499.9691,176406.06,0.20051336,,0.1,,145.54956,80577,0.0009999999,-138.78674,,3697.9770016670227,15.315695,,1.3222146e-10,0.0009999999,,11,-0.1,1212,37.014595,15.953138,inf,1212,,,66.48267326732673,625,inf,0.2,,-140.54956,15.861805,-499.9691,499.9691,0.0009999999
0.0009999999,499.9691,176538.77,-0.10210086,,0.1,,145.53897,80607,0.0009999999,-127.71426,,3703.175816297531,13.571303,0.1,1.3200355e-10,0.0009999999,,11,-0.1,1213,37.014595,15.952313,inf,1213,,,66.45259686727123,625,inf,-0.2,,-140.53897,15.859092,-499.9691,499.9691,0.0009999999
0.0009999999,499.9691,176651.3,-0.0006784126,,0.1,,145.51178,80635,0.0009999999,-107.53259,,3708.6034994125366,15.945729,0.1,1.3178615e-10,0.0009999999,,11,-0.1,1214,37.014595,15.951489,inf,1214,,,66.42092257001647,625,inf,-0.1,,-140.51178,15.858339,-499.9691,499.9691,0.0009999999
0.0009999999,499.9691,176780.08,0.09921115,,0.1,,145.498,80664,0.0009999999,-123.782524,,3713.550094604492,13.223761,0.1,1.3156932e-10,0.0009999999,,11,-0.1,1215,37.014595,15.950666,inf,1215,,,66.39012345679012,625,inf,,,-140.498,15.85535,-499.9691,499.9691,0.0009999999
0.0009999999,499.9691,176923.22,0.19873998,,0.1,,145.49606,80704,0.0009999999,-138.1309,,3718.550066947937,14.856887,0.1,1.3135301e-10,0.0009999999,,11,-0.1,1216,37.014595,15.949843,inf,1216,,,66.36842105263158,625,inf,0.1,,-140.49606,15.853705,-499.9691,499.9691,0.0009999999
0.0009999999,499.9691,177080.16,0.30088925,,0.1,,145.50546,80763,0.0009999999,-151.93042,,3723.6918914318085,15.182591,0.1,1.3113723e-10,0.0009999999,,11,-0.1,1217,37.014595,15.949021,inf,1217,,,66.36236647493837,625,inf,0.2,,-140.50546,15.852334,-499.9691,499.9691,0.0009999999
0.0009999999,499.9691,177225.16,0.003931582,,0.1,,145.50505,80806,0.0009999999,-139.99815,,3728.6994800567627,16.421482,0.2,1.3092198e-10,0.0009999999,,11,-0.1,1218,37.014595,15.9482,inf,1218,,,66.3431855500821,625,inf,-0.2,,-140.50505,15.851983,-499.9691,499.9691,0.0009999999
0.0009999999,499.9691,177347.38,0.09955782,,0.1,,145.48595,80835,0.0009999999,-117.220825,,3733.655868291855,13.135171,0.2,1.3070728e-10,0.0009999999,,11,-0.1,1219,37.014595,15.947379,inf,1219,,,66.31255127153405,625,inf,-0.1,,-140.48595,15.84893,-499.9691,499.9691,0.0009999999
0.0009999999,499.9691,177462.7,0.19924259,,0.1,,145.46123,80852,0.0009999999,-110.331985,,3738.7728078365326,14.22358,0.2,1.3049309e-10,0.0009999999,,11,-0.1,1220,37.014595,15.946559,inf,1220,,,66.27213114754099,625,inf,,,-140.46123,15.846779,-499.9691,499.9691,0.0009999999
0.0009999999,499.9691,177586.34,0.29982406,,0.1,,145.44336,80874,0.0009999999,-118.6363,,3744.061244726181,16.134245,0.2,1.3027943e-10,0.0009999999,,11,-0.1,1221,37.014595,15.94574,inf,1221,,,66.23587223587224,625,inf,0.1,,-140.44336,15.846196,-499.9691,499.9691,0.0009999999
0.0009999999,499.9691,177712.08,0.4009742,,0.1,,145.42723,80901,0.0009999999,-120.729546,,3749.1719806194305,14.257275,0.2,1.3006629e-10,0.0009999999,,11,-0.1,1222,37.014595,15.9449215,inf,1222,,,66.2037643207856,625,inf,0.2,,-140.42723,15.844079,-499.9691,499.9691,0.0009999999
0.0009999999,499.9691,177835.42,-0.30194122,,0.2,,145.40918,80922,0.0009999999,-118.34389,,3754.79842877388,16.371206,-0.2,1.2985367e-10,0.0009999999,,11,-0.1,1223,37.014595,15.944103,inf,1223,,,66.16680294358136,625,inf,-0.2,,-140.40918,15.843693,-499.9691,499.9691,0.0009999999
0.0009999999,499.9691,177962.0,-0.19849786,,0.2,,145.39378,80953,0.0009999999,-121.59269,,3760.0419430732727,15.535493,-0.2,1.2964158e-10,0.0009999999,,11,-0.1,1224,37.014595,15.943286,inf,1224,,,66.13807189542484,625,inf,-0.1,,-140.39378,15.842622,-499.9691,499.9691,0.0009999999
0.0009999999,499.9691,178084.95,-0.101466365,,0.2,,145.37547,80974,0.0009999999,-117.945816,,3765.217971086502,14.997037,-0.2,1.2943001e-10,0.0009999999,,11,-0.1,1225,37.014595,15.94247,inf,1225,,,66.10122448979592,625,inf,,,-140.37547,15.841119,-499.9691,499.9691,0.0009999999
0.0009999999,499.9691,178204.06,0.0016550794,,0.2,,145.35405,80993,0.0009999999,-114.10875,,3770.15109539032,12.08565,-0.2,1.2921895e-10,0.0009999999,,11,-0.1,1226,37.014595,15.941653,inf,1226,,,66.06280587275694,625,inf,0.1,,-140.35405,15.83724,-499.9691,499.9691,0.0009999999
0.0009999999,499.9691,178319.34,0.10018144,,0.2,,145.32954,81008,0.0009999999,-110.279015,,3775.439844608307,16.040447,-0.2,1.290084e-10,0.0009999999,,11,-0.1,1227,37.014595,15.940838,inf,1227,,,66.02118989405054,625,inf,0.2,,-140.32954,15.836589,-499.9691,499.9691,0.0009999999
0.0009999999,499.9691,178453.22,-0.200569,,0.2,,145.3202,81045,0.0009999999,-128.88191,,3780.9417815208435,15.680353,-0.1,1.2879839e-10,0.0009999999,,11,-0.1,1228,37.014595,15.940023,inf,1228,,,65.99755700325733,625,inf,-0.2,,-140.3202,15.835648,-499.9691,499.9691,0.0009999999
0.0009999999,499.9691,178560.33,-0.09822316,,0.2,,145.28912,81067,0.0009999999,-102.111115,,3786.3237750530243,15.823921,-0.1,1.2858886e-10,0.0009999999,,11,-0.1,1229,37.014595,15.939209,inf,1229,,,65.96175752644426,625,inf,-0.1,,-140.28912,15.8348255,-499.9691,499.9691,0.0009999999
0.0009999999,499.9691,178694.84,0.0015383109,,0.2,,145.28036,81103,0.0009999999,-129.52791,,3791.015883207321,13.6942215,-0.1,1.2837986e-10,0.0009999999,,11,-0.1,1230,37.014595,15.938396,inf,1230,,,65.93739837398374,625,inf,,,-140.28036,15.83227,-499.9691,499.9691,0.0009999999
0.0009999999,499.9691,178810.34,0.10058144,,0.2,,145.25616,81120,0.0009999999,-110.4951,,3795.8707382678986,14.515733,-0.1,1.2817136e-10,0.0009999999,,11,-0.1,1231,37.014595,15.937583,inf,1231,,,65.89764419171405,625,inf,0.1,,-140.25616,15.830391,-499.9691,499.9691,0.0009999999
0.0009999999,499.9691,178943.0,0.20176566,,0.2,,145.24594,81155,0.0009999999,-127.640884,,3800.470844745636,16.104368,-0.1,1.279634e-10,0.0009999999,,11,-0.1,1232,37.014595,15.936771,inf,1232,,,65.87256493506493,625,inf,0.2,,-140.24594,15.8298025,-499.9691,499.9691,0.0009999999
0.0009999999,499.9691,179075.84,-0.09767344,,0.2,,145.23589,81188,0.0009999999,-127.862076,,3805.8585257530212,14.319196,,1.2775592e-10,0.0009999999,,11,-0.1,1233,37.014595,15.93596,inf,1233,,,65.84590429845905,625,inf,-0.2,,-140.23589,15.827764,-499.9691,499.9691,0.0009999999
0.0009999999,499.9691,179204.78,0.00054805726,,0.2,,145.22267,81219,0.0009999999,-123.927345,,3811.3436994552612,13.915263,,1.2754894e-10,0.0009999999,,11,-0.1,1234,37.014595,15.935149,inf,1234,,,65.81766612641815,625,inf,-0.1,,-140.22267,15.825406,-499.9691,499.9691,0.0009999999
0.0009999999,499.9691,179364.17,0.095173284,,0.2,,145.23415,81287,0.0009999999,-154.39658,,3816.3156111240387,15.211653,,1.2734247e-10,0.0009999999,,11,-0.1,1235,37.014595,15.93434,inf,1235,,,65.81943319838057,625,inf,,,-140.23415,15.8241005,-499.9691,499.9691,0.0009999999
0.0009999999,499.9691,179494.03,0.19788426,,0.2,,145.22171,81317,0.0009999999,-124.85643,,3821.7145574092865,13.551839,,1.271365e-10,0.0009999999,,11,-0.1,1236,37.014595,15.93353,inf,1236,,,65.79045307443366,625,inf,0.1,,-140.22171,15.82145,-499.9691,499.9691,0.0009999999
0.0009999999,499.9691,179641.58,0.29940602,,0.2,,145.22359,81361,0.0009999999,-142.53961,,3826.959932565689,15.67307,,1.2693102e-10,0.0009999999,,11,-0.1,1237,37.014595,15.932721,inf,1237,,,65.77283751010509,625,inf,0.2,,-140.22359,15.820524,-499.9691,499.9691,0.0009999999
0.0009999999,499.9691,179816.22,0.003548175,,0.2,,145.24734,81432,0.0009999999,-169.6313,,3832.639347076416,16.55784,0.1,1.2672605e-10,0.0009999999,,11,-0.1,1238,37.014595,15.931913,inf,1238,,,65.77705977382875,625,inf,-0.2,,-140.24734,15.8203125,-499.9691,499.9691,0.0009999999
0.0009999999,499.9691,179929.3,0.09683168,,0.2,,145.22139,81451,0.0009999999,-108.09055,,3837.9875020980835,12.388225,0.1,1.2652157e-10,0.0009999999,,11,-0.1,1239,37.014595,15.931106,inf,1239,,,65.73930589184826,625,inf,-0.1,,-140.22139,15.816737,-499.9691,499.9691,0.0009999999
0.0009999999,499.9691,180058.22,0.19818525,,0.2,,145.20824,81480,0.0009999999,-123.93064,,3843.623370885849,14.30325,0.1,1.263176e-10,0.0009999999,,11,-0.1,1240,37.014595,15.930299,inf,1240,,,65.70967741935483,625,inf,,,-140.20824,15.814709,-499.9691,499.9691,0.0009999999
0.0009999999,499.9691,180184.56,0.301642,,0.2,,145.19304,81505,0.0009999999,-121.32837,,3849.264377117157,13.018627,0.1,1.2611409e-10,0.0009999999,,11,-0.1,1241,37.014595,15.929493,inf,1241,,,65.67687348912168,625,inf,0.1,,-140.19304,15.81165,-499.9691,499.9691,0.0009999999
0.0009999999,499.9691,180336.2,0.40054333,,0.2,,145.19823,81558,0.0009999999,-146.65224,,3854.7278501987457,15.801755,0.1,1.2591109e-10,0.0009999999,,11,-0.1,1242,37.014595,15.928687,inf,1242,,,65.66666666666667,625,inf,0.2,,-140.19823,15.81084,-499.9691,499.9691,0.0009999999
0.0009999999,499.9691,180463.56,0.09866598,,0.2,,145.18388,81583,0.0009999999,-122.36921,,3859.6302406787872,15.858125,0.2,1.2570857e-10,0.0009999999,,11,-0.1,1243,37.014595,15.927882,inf,1243,,,65.63395012067578,625,inf,-0.2,,-140.18388,15.810071,-499.9691,499.9691,0.0009999999
0.0009999999,499.9691,180581.12,0.20294192,,0.2,,145.16168,81619,0.0009999999,-112.56678,,3864.663384914398,15.686615,0.2,1.2550655e-10,0.0009999999,,11,-0.1,1244,37.014595,15.927078,inf,1244,,,65.61012861736334,625,inf,-0.1,,-140.16168,15.809169,-499.9691,499.9691,0.0009999999
0.0009999999,499.9691,180705.94,0.29691145,,0.2,,145.14532,81645,0.0009999999,-119.79635,,3869.896089076996,12.814996,0.2,1.2530502e-10,0.0009999999,,11,-0.1,1245,37.014595,15.926274,inf,1245,,,65.57831325301204,625,inf,,,-140.14532,15.805963,-499.9691,499.9691,0.0009999999
0.0009999999,499.9691,180820.4,0.40079927,,0.2,,145.12071,81660,0.0009999999,-109.48077,,3875.053508043289,14.954814,0.2,1.2510395e-10,0.0009999999,,11,-0.1,1246,37.014595,15.925471,inf,1246,,,65.53772070626003,625,inf,0.1,,-140.12071,15.804474,-499.9691,499.9691,0.0009999999
0.0009999999,499.9691,180948.31,0.4993132,,0.2,,145.1069,81686,0.0009999999,-122.888626,,3880.0266914367676,14.980356,0.2,1.249034e-10,0.0009999999,,11,-0.1,1247,37.014595,15.924669,inf,1247,,,65.50601443464315,625,inf,0.2,,-140.1069,15.803013,-499.9691,499.9691,0.0009999999
0.0009999999,499.9691,181085.0,-0.50018966,,-0.2,,145.10016,81725,0.0009999999,-131.68982,,3885.41974401474,15.296883,-0.2,1.2470332e-10,0.0009999999,,11,,1248,37.014595,15.923868,inf,1248,,,65.48477564102564,625,inf,-0.1,,-140.10016,15.801808,-499.9691,499.9691,0.0009999999
0.0009999999,499.9691,181198.12,-0.30033797,,-0.2,,145.07455,81738,0.0009999999,-108.12363,,3890.9300706386566,16.570257,-0.2,1.245037e-10,0.0009999999,,11,,1249,37.014595,15.923067,inf,1249,,,65.4427542033627,625,inf,0.1,,-140.07455,15.801622,-499.9691,499.9691,0.0009999999
0.0009999999,499.9691,181323.31,-0.49790895,,-0.2,,145.05865,81765,0.0009999999,-120.194565,,3896.339517354965,16.540194,-0.1,1.2430458e-10,0.0009999999,,11,,1250,37.014595,15.922267,inf,1250,,,65.412,625,inf,-0.2,,-140.05865,15.801413,-499.9691,499.9691,0.0009999999
0.0009999999,499.9691,181433.38,-0.40068042,,-0.2,,145.03067,81785,0.0009999999,-105.05693,,3901.4505281448364,13.40769,-0.1,1.2410592e-10,0.0009999999,,11,,1251,37.014595,15.921467,inf,1251,,,65.37569944044765,625,inf,-0.1,,-140.03067,15.798701,-499.9691,499.9691,0.0009999999
0.0009999999,499.9691,181614.2,-0.3014174,,-0.2,,145.05927,81927,0.0009999999,-175.83325,,3906.8828561306,14.684343,-0.1,1.2390776e-10,0.0009999999,,11,,1252,37.014595,15.920668,inf,1252,,,65.43690095846645,625,inf,,,-140.05927,15.797012,-499.9691,499.9691,0.0009999999
0.0009999999,499.9691,182071.03,-0.20088154,,-0.2,,145.30809,82427,0.0009999999,-451.82007,,3912.865173101425,15.260701,-0.1,1.2371006e-10,0.0009999999,,11,,1253,37.014595,15.919869,inf,1253,,,65.78371907422186,625,inf,0.1,,-140.30809,15.795787,-499.9691,499.9691,0.0009999999
0.0009999999,499.9691,182210.28,-0.10155484,,-0.2,,145.30325,82471,0.0009999999,-134.25458,,3917.6770379543304,15.044826,-0.1,1.2351282e-10,0.0009999999,,11,,1254,37.014595,15.919072,inf,1254,,,65.76634768740031,625,inf,0.2,,-140.30325,15.794391,-499.9691,499.9691,0.0009999999
0.0009999999,499.9691,182340.81,-0.29975414,,-0.2,,145.29149,82499,0.0009999999,-125.52595,,3922.48623418808,15.839719,,1.2331608e-10,0.0009999999,,11,,1255,37.014595,15.918275,inf,1255,,,65.73625498007968,625,inf,-0.1,,-140.29149,15.793629,-499.9691,499.9691,0.0009999999
0.0009999999,499.9691,182451.81,-0.09956384,,-0.2,,145.26418,82710,0.0009999999,-106.00261,,3927.702902317047,15.984392,,1.2311979e-10,0.0009999999,,11,,1256,37.014595,15.917479,inf,1256,,,65.85191082802548,625,inf,0.1,,-140.26418,15.792988,-499.9691,499.9691,0.0009999999
0.0009999999,499.9691,182903.8,-0.2997874,,-0.2,,145.5082,83069,0.0009999999,-446.98492,,3933.585837125778,15.342345,0.1,1.2292398e-10,0.0009999999,,11,,1257,37.014595,15.916682,inf,1257,,,66.08512330946698,625,inf,-0.2,,-140.5082,15.791831,-499.9691,499.9691,0.0009999999
0.0009999999,499.9691,183022.52,-0.20099215,,-0.2,,145.4869,83112,0.0009999999,-113.72142,,3938.798207759857,16.296389,0.1,1.2272863e-10,0.0009999999,,11,,1258,37.014595,15.915887,inf,1258,,,66.06677265500795,625,inf,-0.1,,-140.4869,15.791438,-499.9691,499.9691,0.0009999999
0.0009999999,499.9691,183163.34,-0.10213065,,-0.2,,145.4832,83168,0.0009999999,-135.84123,,3943.561183452606,15.465307,0.1,1.2253373e-10,0.0009999999,,11,,1259,37.014595,15.915092,inf,1259,,,66.05877680698967,625,inf,,,-140.4832,15.790384,-499.9691,499.9691,0.0009999999
0.0009999999,499.9691,183297.28,-0.00035591424,,-0.2,,145.47403,83204,0.0009999999,-128.93634,,3949.0400552749634,13.437453,0.1,1.2233932e-10,0.0009999999,,11,,1260,37.014595,15.914298,inf,1260,,,66.03492063492064,625,inf,0.1,,-140.47403,15.787726,-499.9691,499.9691,0.0009999999
0.0009999999,499.9691,183439.25,0.09762386,,-0.2,,145.47125,83245,0.0009999999,-136.9566,,3954.2429296970367,16.750525,0.1,1.2214538e-10,0.0009999999,,11,,1261,37.014595,15.913506,inf,1261,,,66.01506740681998,625,inf,0.2,,-140.47125,15.787695,-499.9691,499.9691,0.0009999999
0.0009999999,499.9691,183569.17,-0.10174765,,-0.2,,145.45894,83273,0.0009999999,-124.92153,,3959.216805934906,14.700333,0.2,1.2195187e-10,0.0009999999,,11,,1262,37.014595,15.912712,inf,1262,,,65.98494453248811,625,inf,-0.1,,-140.45894,15.786041,-499.9691,499.9691,0.0009999999
0.0009999999,499.9691,183697.06,0.09849629,,-0.2,,145.44502,83299,0.0009999999,-122.900475,,3964.5586400032043,15.764772,0.2,1.2175883e-10,0.0009999999,,11,,1263,37.014595,15.911921,inf,1263,,,65.95328582739509,625,inf,0.1,,-140.44502,15.785231,-499.9691,499.9691,0.0009999999
0.0009999999,499.9691,183827.22,-0.50063765,,-0.1,,145.43292,83327,0.0009999999,-125.16499,,3969.6267354488373,14.934406,-0.2,1.2156624e-10,0.0009999999,,11,,1264,37.014595,15.911129,inf,1264,,,65.92325949367088,625,inf,-0.2,,-140.43292,15.783771,-499.9691,499.9691,0.0009999999
0.0009999999,499.9691,183938.25,-0.4015538,,-0.1,,145.40573,83344,0.0009999999,-106.02652,,3974.78533411026,15.49163,-0.2,1.2137412e-10,0.0009999999,,11,,1265,37.014595,15.910338,inf,1265,,,65.88458498023715,625,inf,-0.1,,-140.40573,15.782747,-499.9691,499.9691,0.0009999999
0.0009999999,499.9691,184048.1,-0.2985868,,-0.1,,145.37764,83357,0.0009999999,-104.85049,,3980.1563971042633,14.729988,-0.2,1.2118245e-10,0.0009999999,,11,,1266,37.014595,15.909548,inf,1266,,,65.84281200631912,625,inf,,,-140.37764,15.781128,-499.9691,499.9691,0.0009999999
0.0009999999,499.9691,184165.1,-0.20052953,,-0.1,,145.35524,83377,0.0009999999,-111.983536,,3985.5581483840942,15.358198,-0.2,1.2099124e-10,0.0009999999,,11,,1267,37.014595,15.908758,inf,1267,,,65.80662983425414,625,inf,0.1,,-140.35524,15.7800045,-499.9691,499.9691,0.0009999999
0.0009999999,499.9691,184286.62,-0.09990738,,-0.1,,145.33646,83397,0.0009999999,-116.54178,,3990.5417125225067,15.581611,-0.2,1.2080048e-10,0.0009999999,,11,,1268,37.014595,15.907969,inf,1268,,,65.7705047318612,625,inf,0.2,,-140.33646,15.779061,-499.9691,499.9691,0.0009999999
0.0009999999,499.9691,184398.8,-0.39933538,,-0.1,,145.31032,83410,0.0009999999,-107.17333,,3995.47629237175,15.484795,-0.1,1.2061017e-10,0.0009999999,,11,,1269,37.014595,15.907181,inf,1269,,,65.72892040977148,625,inf,-0.2,,-140.31032,15.778039,-499.9691,499.9691,0.0009999999
0.0009999999,499.9691,184509.02,-0.29832032,,-0.1,,145.28268,83426,0.0009999999,-105.21039,,4000.8711960315704,15.929846,-0.1,1.2042031e-10,0.0009999999,,11,,1270,37.014595,15.906393,inf,1270,,,65.68976377952755,625,inf,-0.1,,-140.28268,15.777371,-499.9691,499.9691,0.0009999999
0.0009999999,499.9691,184626.86,-0.20044322,,-0.1,,145.26111,83468,0.0009999999,-112.84018,,4006.108950853348,12.935157,-0.1,1.202309e-10,0.0009999999,,11,,1271,37.014595,15.905606,inf,1271,,,65.67112509834776,625,inf,,,-140.26111,15.77435,-499.9691,499.9691,0.0009999999
0.0009999999,499.9691,184761.52,-0.101053804,,-0.1,,145.25276,83500,0.0009999999,-129.66267,,4011.292863845825,16.459856,-0.1,1.2004192e-10,0.0009999999,,11,,1272,37.014595,15.9048195,inf,1272,,,65.64465408805032,625,inf,0.1,,-140.25276,15.774102,-499.9691,499.9691,0.0009999999
0.0009999999,499.9691,184892.34,-0.00015375018,,-0.1,,145.24144,83528,0.0009999999,-125.82557,,4016.6762063503265,16.518795,-0.1,1.198534e-10,0.0009999999,,11,,1273,37.014595,15.904034,inf,1273,,,65.61508248232522,625,inf,0.2,,-140.24144,15.773902,-499.9691,499.9691,0.0009999999
0.0009999999,499.9691,185028.34,-0.2992081,,-0.1,,145.23418,83562,0.0009999999,-131.00214,,4022.2281000614166,15.197833,,1.1966532e-10,0.0009999999,,11,,1274,37.014595,15.903249,inf,1274,,,65.59026687598116,625,inf,-0.2,,-140.23418,15.772665,-499.9691,499.9691,0.0009999999
0.0009999999,499.9691,185146.1,-0.19823721,,-0.1,,145.21262,83590,0.0009999999,-112.75485,,4027.662526369095,15.725645,,1.1947768e-10,0.0009999999,,11,,1275,37.014595,15.902464,inf,1275,,,65.56078431372549,625,inf,-0.1,,-140.21262,15.771848,-499.9691,499.9691,0.0009999999
0.0009999999,499.9691,185140.36,-0.09950111,,-0.1,,145.09433,84090,0.0009999999,10.734275,,4033.5903828144073,15.014992,,1.192905e-10,0.0009999999,,11,,1276,37.014595,15.90168,inf,1276,,,65.9012539184953,625,inf,,,-140.09433,15.770468,-499.9691,499.9691,0.0009999999
0.0009999999,499.9691,185609.1,6.300211e-05,,-0.1,,145.34776,84590,0.0009999999,-463.73126,,4039.4571702480316,13.444707,,1.1910373e-10,0.0009999999,,11,,1277,37.014595,15.900897,inf,1277,,,66.24119028974158,625,inf,0.1,,-140.34776,15.767866,-499.9691,499.9691,0.0009999999
0.0009999999,499.9691,186111.97,0.10453558,,-0.1,,145.62752,85090,0.0009999999,-497.86676,,4045.360515832901,15.737892,,1.189174e-10,0.0009999999,,11,,1278,37.014595,15.900114,inf,1278,,,66.58059467918623,625,inf,0.2,,-140.62752,15.767058,-499.9691,499.9691,0.0009999999
0.0009999999,499.9691,186300.0,-0.19911039,,-0.1,,145.66068,85177,0.0009999999,-183.03976,,4051.1347982883453,13.343126,0.1,1.1873152e-10,0.0009999999,,11,,1279,37.014595,15.899332,inf,1279,,,66.5965598123534,625,inf,-0.2,,-140.66068,15.76438,-499.9691,499.9691,0.0009999999
0.0009999999,499.9691,186410.38,-0.10254917,,-0.1,,145.6331,85193,0.0009999999,-105.36721,,4056.4730780124664,15.214399,0.1,1.1854609e-10,0.0009999999,,11,,1280,37.014595,15.89855,inf,1280,,,66.55703125,625,inf,-0.1,,-140.6331,15.763171,-499.9691,499.9691,0.0009999999
0.0009999999,499.9691,186542.34,0.0012480471,,-0.1,,145.62244,85229,0.0009999999,-126.97752,,4061.7977392673492,15.705207,0.1,1.1836108e-10,0.0009999999,,11,,1281,37.014595,15.897769,inf,1281,,,66.53317720530835,625,inf,,,-140.62244,15.762343,-499.9691,499.9691,0.0009999999
0.0009999999,499.9691,186674.97,0.099859565,,-0.1,,145.6123,85270,0.0009999999,-127.61937,,4067.026388645172,15.033473,0.1,1.1817648e-10,0.0009999999,,11,,1282,37.014595,15.896989,inf,1282,,,66.51326053042122,625,inf,0.1,,-140.6123,15.760998,-499.9691,499.9691,0.0009999999
0.0009999999,499.9691,186805.69,0.20218752,,-0.1,,145.6007,85299,0.0009999999,-125.71286,,4072.484307527542,13.203483,0.1,1.1799234e-10,0.0009999999,,11,,1283,37.014595,15.896209,inf,1283,,,66.48402182385036,625,inf,0.2,,-140.6007,15.758226,-499.9691,499.9691,0.0009999999
0.0009999999,499.9691,186953.12,-0.09802286,,-0.1,,145.60213,85343,0.0009999999,-142.43616,,4077.836847305298,15.503557,0.2,1.1780862e-10,0.0009999999,,11,,1284,37.014595,15.89543,inf,1284,,,66.4665109034268,625,inf,-0.2,,-140.60213,15.757247,-499.9691,499.9691,0.0009999999
0.0009999999,499.9691,187065.53,-0.000104017556,,-0.1,,145.5763,85359,0.0009999999,-107.40622,,4083.0173692703247,13.652222,0.2,1.1762534e-10,0.0009999999,,11,,1285,37.014595,15.894651,inf,1285,,,66.4272373540856,625,inf,-0.1,,-140.5763,15.754833,-499.9691,499.9691,0.0009999999
0.0009999999,499.9691,187186.84,0.0944062,,-0.1,,145.55742,85379,0.0009999999,-116.32452,,4088.3395776748657,15.195154,0.2,1.1744247e-10,0.0009999999,,11,,1286,37.014595,15.893873,inf,1286,,,66.39113530326594,625,inf,,,-140.55742,15.753619,-499.9691,499.9691,0.0009999999
0.0009999999,499.9691,187309.78,0.20521128,,-0.1,,145.53984,85402,0.0009999999,-117.93726,,4093.556628227234,10.130172,0.2,1.1726005e-10,0.0009999999,,11,,1287,37.014595,15.893096,inf,1287,,,66.35742035742035,625,inf,0.1,,-140.53984,15.748473,-499.9691,499.9691,0.0009999999
0.0009999999,499.9691,187433.22,0.2996396,,-0.1,,145.52269,85431,0.0009999999,-118.43476,,4098.2835857868195,13.256495,0.2,1.1707804e-10,0.0009999999,,11,,1288,37.014595,15.89232,inf,1288,,,66.32841614906832,625,inf,0.2,,-140.52269,15.745763,-499.9691,499.9691,0.0009999999
0.0009999999,499.9691,187568.03,-0.2998463,,,,145.51437,85467,0.0009999999,-129.81438,,4102.965409994125,14.447394,-0.2,1.1689645e-10,0.0009999999,,11,,1289,37.014595,15.891543,inf,1289,,,66.30488750969744,625,inf,-0.1,,-140.51437,15.74398,-499.9691,499.9691,0.0009999999
0.0009999999,499.9691,187687.94,-0.10098044,,,,145.49452,85486,0.0009999999,-114.897285,,4107.588753938675,13.669901,-0.2,1.1671529e-10,0.0009999999,,11,,1290,37.014595,15.890768,inf,1290,,,66.26821705426356,625,inf,0.1,,-140.49452,15.741597,-499.9691,499.9691,0.0009999999
0.0009999999,499.9691,187804.7,-0.29787123,,,,145.47227,85508,0.0009999999,-111.7666,,4112.267472982407,16.376375,-0.1,1.1653455e-10,0.0009999999,,11,,1291,37.014595,15.889993,inf,1291,,,66.23392718822618,625,inf,-0.2,,-140.47227,15.741316,-499.9691,499.9691,0.0009999999
0.0009999999,499.9691,187924.81,-0.19458333,,,,145.45264,85587,0.0009999999,-115.118484,,4117.1285145282745,15.6848955,-0.1,1.16354225e-10,0.0009999999,,11,,1292,37.014595,15.889218,inf,1292,,,66.2438080495356,625,inf,-0.1,,-140.45264,15.740496,-499.9691,499.9691,0.0009999999
0.0009999999,499.9691,188058.02,-0.099337846,,,,145.44316,85622,0.0009999999,-128.19823,,4121.797528743744,9.656504,-0.1,1.1617431e-10,0.0009999999,,11,,1293,37.014595,15.888445,inf,1293,,,66.21964423820572,625,inf,,,-140.44316,15.735019,-499.9691,499.9691,0.0009999999
0.0009999999,499.9691,188181.94,-0.0011376292,,,,145.42653,85645,0.0009999999,-118.91326,,4126.202275753021,15.699199,-0.1,1.1599483e-10,0.0009999999,,11,,1294,37.014595,15.887672,inf,1294,,,66.18624420401855,625,inf,0.1,,-140.42653,15.734221,-499.9691,499.9691,0.0009999999
0.0009999999,499.9691,188310.62,0.0988277,,,,145.4136,85676,0.0009999999,-123.690994,,4130.806479692459,15.604009,-0.1,1.15815746e-10,0.0009999999,,11,,1295,37.014595,15.8869,inf,1295,,,66.15907335907336,625,inf,0.2,,-140.4136,15.733346,-499.9691,499.9691,0.0009999999
0.0009999999,499.9691,188430.66,-0.10140176,,,,145.39403,85695,0.0009999999,-115.03649,,4135.421165943146,15.574394,,1.1563709e-10,0.0009999999,,11,,1296,37.014595,15.886127,inf,1296,,,66.12268518518519,625,inf,-0.1,,-140.39403,15.732452,-499.9691,499.9691,0.0009999999
0.0009999999,499.9691,188549.16,0.10133857,,,,145.37329,86003,0.0009999999,-113.50782,,4140.7369556427,16.167728,,1.15458844e-10,0.0009999999,,11,,1297,37.014595,15.885356,inf,1297,,,66.30917501927524,625,inf,0.1,,-140.37329,15.732017,-499.9691,499.9691,0.0009999999
0.0009999999,499.9691,188707.48,-0.09671969,,,,145.38327,86059,0.0009999999,-153.32016,,4145.844178676605,13.935512,0.1,1.1528101e-10,0.0009999999,,11,,1298,37.014595,15.884585,inf,1298,,,66.30123266563945,625,inf,-0.2,,-140.38327,15.729861,-499.9691,499.9691,0.0009999999
0.0009999999,499.9691,188815.98,4.374236e-05,,,,145.35487,86080,0.0009999999,-103.49591,,4150.709151268005,13.339634,0.1,1.15103586e-10,0.0009999999,,11,,1299,37.014595,15.883816,inf,1299,,,66.26635873749038,625,inf,-0.1,,-140.35487,15.727253,-499.9691,499.9691,0.0009999999
0.0009999999,499.9691,188936.38,0.10155777,,,,145.33568,86103,0.0009999999,-115.39226,,4155.65536236763,14.167226,0.1,1.14926575e-10,0.0009999999,,11,,1300,37.014595,15.883046,inf,1300,,,66.23307692307692,625,inf,,,-140.33568,15.725286,-499.9691,499.9691,0.0009999999
0.0009999999,499.9691,189069.94,0.20114285,,,,145.32663,86135,0.0009999999,-128.55574,,4160.755817651749,15.610788,0.1,1.1474996e-10,0.0009999999,,11,,1301,37.014595,15.882277,inf,1301,,,66.20676402767103,625,inf,0.1,,-140.32663,15.724428,-499.9691,499.9691,0.0009999999
0.0009999999,499.9691,189193.12,0.29988462,,,,145.30962,86157,0.0009999999,-118.191,,4165.795510053635,15.821658,0.1,1.1457377e-10,0.0009999999,,11,,1302,37.014595,15.881509,inf,1302,,,66.17281105990783,625,inf,0.2,,-140.30962,15.723735,-499.9691,499.9691,0.0009999999
0.0009999999,499.9691,189330.9,0.10193838,,,,145.30385,86193,0.0009999999,-132.78395,,4170.553964853287,16.03655,0.2,1.1439798e-10,0.0009999999,,11,,1303,37.014595,15.880741,inf,1303,,,66.14965464313124,625,inf,-0.1,,-140.30385,15.723211,-499.9691,499.9691,0.0009999999
0.0009999999,499.9691,189446.06,0.303174,,,,145.28072,86211,0.0009999999,-110.16425,,4175.446641921997,14.570998,0.2,1.142226e-10,0.0009999999,,11,,1304,37.014595,15.879973,inf,1304,,,66.1127300613497,625,inf,0.1,,-140.28072,15.721557,-499.9691,499.9691,0.0009999999
0.0009999999,499.9691,189565.28,-0.30230328,,0.1,,145.26076,86229,0.0009999999,-114.20024,,4180.4056231975555,15.432628,-0.2,1.1404761e-10,0.0009999999,,11,,1305,37.014595,15.879208,inf,1305,,,66.07586206896552,625,inf,-0.2,,-140.26076,15.720569,-499.9691,499.9691,0.0009999999
0.0009999999,499.9691,189677.25,-0.20057711,,0.1,,145.23526,86242,0.0009999999,-106.97846,,4185.13525390625,15.1614685,-0.2,1.1387302e-10,0.0009999999,,11,,1306,37.014595,15.878441,inf,1306,,,66.03522205206738,625,inf,-0.1,,-140.23526,15.719378,-499.9691,499.9691,0.0009999999
0.0009999999,499.9691,189789.4,-0.10049034,,0.1,,145.20995,86255,0.0009999999,-107.16516,,4189.976854801178,13.102871,-0.2,1.13698835e-10,0.0009999999,,11,,1307,37.014595,15.877676,inf,1307,,,65.9946442234124,625,inf,,,-140.20995,15.716612,-499.9691,499.9691,0.0009999999
0.0009999999,499.9691,189907.53,0.0022092313,,0.1,,145.18924,86279,0.0009999999,-113.1065,,4195.479590177536,15.496473,-0.2,1.1352505e-10,0.0009999999,,11,,1308,37.014595,15.876911,inf,1308,,,65.9625382262997,625,inf,0.1,,-140.18924,15.71568,-499.9691,499.9691,0.0009999999
0.0009999999,499.9691,190027.16,0.09590853,,0.1,,145.16971,86298,0.0009999999,-114.62199,,4200.965530633926,14.40275,-0.2,1.1335166e-10,0.0009999999,,11,,1309,37.014595,15.876146,inf,1309,,,65.9266615737204,625,inf,0.2,,-140.16971,15.71391,-499.9691,499.9691,0.0009999999
0.0009999999,499.9691,190145.58,-0.1986067,,0.1,,145.14929,86316,0.0009999999,-113.43577,,4206.4698395729065,12.690485,-0.1,1.1317867e-10,0.0009999999,,11,,1310,37.014595,15.875383,inf,1310,,,65.89007633587786,625,inf,-0.2,,-140.14929,15.71084,-499.9691,499.9691,0.0009999999
0.0009999999,499.9691,190261.33,-0.10112785,,0.1,,145.12688,86335,0.0009999999,-110.74985,,4211.554261684418,14.082833,-0.1,1.1300608e-10,0.0009999999,,11,,1311,37.014595,15.87462,inf,1311,,,65.85430968726163,625,inf,-0.1,,-140.12688,15.708834,-499.9691,499.9691,0.0009999999
0.0009999999,499.9691,190375.33,0.000617397,,0.1,,145.10315,86350,0.0009999999,-109.0038,,4217.01567363739,10.23044,-0.1,1.12833874e-10,0.0009999999,,11,,1312,37.014595,15.8738575,inf,1312,,,65.8155487804878,625,inf,,,-140.10315,15.703899,-499.9691,499.9691,0.0009999999
0.0009999999,499.9691,190496.38,0.098226264,,0.1,,145.08482,86370,0.0009999999,-116.0404,,4222.225101470947,15.437381,-0.1,1.12662074e-10,0.0009999999,,11,,1313,37.014595,15.8730955,inf,1313,,,65.78065498857578,625,inf,0.1,,-140.08482,15.702933,-499.9691,499.9691,0.0009999999
0.0009999999,499.9691,190625.58,0.2010481,,0.1,,145.07274,86402,0.0009999999,-124.20483,,4227.227174520493,16.079792,-0.1,1.1249065e-10,0.0009999999,,11,,1314,37.014595,15.8723345,inf,1314,,,65.75494672754947,625,inf,0.2,,-140.07274,15.702459,-499.9691,499.9691,0.0009999999
0.0009999999,499.9691,190745.5,-0.0987309,,0.1,,145.05362,86421,0.0009999999,-114.917244,,4232.635041713715,15.672921,,1.1231964e-10,0.0009999999,,11,,1315,37.014595,15.871573,inf,1315,,,65.719391634981,625,inf,-0.2,,-140.05362,15.701678,-499.9691,499.9691,0.0009999999
0.0009999999,499.9691,190895.12,-0.0010470822,,0.1,,145.05708,86469,0.0009999999,-144.61487,,4237.92031955719,15.66519,,1.12149e-10,0.0009999999,,11,,1316,37.014595,15.870813,inf,1316,,,65.70592705167174,625,inf,-0.1,,-140.05708,15.7008915,-499.9691,499.9691,0.0009999999
0.0009999999,499.9691,191008.9,0.099693805,,0.1,,145.03334,86492,0.0009999999,-108.78514,,4243.8773102760315,15.426842,,1.1197876e-10,0.0009999999,,11,,1317,37.014595,15.870054,inf,1317,,,65.67350037965072,625,inf,,,-140.03334,15.699922,-499.9691,499.9691,0.0009999999
0.0009999999,499.9691,191136.34,0.19925523,,0.1,,145.01999,86521,0.0009999999,-122.43494,,4249.5885326862335,15.582211,,1.118089e-10,0.0009999999,,11,,1318,37.014595,15.869295,inf,1318,,,65.64567526555388,625,inf,0.1,,-140.01999,15.699074,-499.9691,499.9691,0.0009999999
0.0009999999,499.9691,191279.22,0.296682,,0.1,,145.01836,86561,0.0009999999,-137.88661,,4254.928856611252,16.239706,,1.1163941e-10,0.0009999999,,11,,1319,37.014595,15.868536,inf,1319,,,65.6262319939348,625,inf,0.2,,-140.01836,15.698729,-499.9691,499.9691,0.0009999999
0.0009999999,499.9691,191441.03,0.0014264584,,0.1,,145.03108,86621,0.0009999999,-156.81702,,4260.403089523315,15.155865,0.1,1.11470326e-10,0.0009999999,,11,,1320,37.014595,15.867779,inf,1320,,,65.6219696969697,625,inf,-0.2,,-140.03108,15.697558,-499.9691,499.9691,0.0009999999
0.0009999999,499.9691,191561.33,0.10203857,,0.1,,145.01236,86661,0.0009999999,-115.29036,,4266.046192646027,15.5787525,0.1,1.1130164e-10,0.0009999999,,11,,1321,37.014595,15.867022,inf,1321,,,65.60257380772143,625,inf,-0.1,,-140.01236,15.696712,-499.9691,499.9691,0.0009999999
0.0009999999,499.9691,191682.4,0.19957493,,0.1,,144.99426,86695,0.0009999999,-116.07124,,4271.536326408386,10.935644,0.1,1.1113332e-10,0.0009999999,,11,,1322,37.014595,15.866264,inf,1322,,,65.57866868381241,625,inf,,,-139.99426,15.692351,-499.9691,499.9691,0.0009999999
0.0009999999,499.9691,191811.03,0.30007684,,0.1,,144.98189,86723,0.0009999999,-123.62196,,4276.61554980278,16.416477,0.1,1.1096537e-10,0.0009999999,,11,,1323,37.014595,15.865508,inf,1323,,,65.55026455026454,625,inf,0.1,,-139.98189,15.692144,-499.9691,499.9691,0.0009999999
0.0009999999,499.9691,191934.23,0.39909357,,0.1,,144.96544,86745,0.0009999999,-118.214264,,4281.840567350388,16.190409,0.1,1.10797815e-10,0.0009999999,,11,,1324,37.014595,15.864753,inf,1324,,,65.51737160120845,625,inf,0.2,,-139.96544,15.69177,-499.9691,499.9691,0.0009999999
0.0009999999,499.9691,192058.66,0.09962234,,0.1,,144.94994,86767,0.0009999999,-119.436035,,4286.83096241951,16.331766,0.2,1.1063065e-10,0.0009999999,,11,,1325,37.014595,15.863997,inf,1325,,,65.4845283018868,625,inf,-0.2,,-139.94994,15.691498,-499.9691,499.9691,0.0009999999
0.0009999999,499.9691,192167.78,0.19652033,,0.1,,144.92291,86780,0.0009999999,-104.12233,,4292.026177883148,13.425072,0.2,1.10463826e-10,0.0009999999,,11,,1326,37.014595,15.863243,inf,1326,,,65.4449472096531,625,inf,-0.1,,-139.92291,15.6890335,-499.9691,499.9691,0.0009999999
0.0009999999,499.9691,192278.0,0.2975824,,0.1,,144.89676,86796,0.0009999999,-105.21375,,4297.240594148636,14.99402,0.2,1.102974e-10,0.0009999999,,11,,1327,37.014595,15.86249,inf,1327,,,65.40768651092691,625,inf,,,-139.89676,15.687757,-499.9691,499.9691,0.0009999999
0.0009999999,499.9691,192393.67,0.40548414,,0.1,,144.87476,86821,0.0009999999,-110.673004,,4302.4476499557495,14.628462,0.2,1.10131355e-10,0.0009999999,,11,,1328,37.014595,15.861736,inf,1328,,,65.37725903614458,625,inf,0.1,,-139.87476,15.686206,-499.9691,499.9691,0.0009999999
0.0009999999,499.9691,192517.11,0.5028815,,0.1,,144.85863,86843,0.0009999999,-118.4327,,4307.221518278122,12.917955,0.2,1.09965696e-10,0.0009999999,,11,,1329,37.014595,15.860984,inf,1329,,,65.3446200150489,625,inf,0.2,,-139.85863,15.683371,-499.9691,499.9691,0.0009999999
0.0009999999,499.9691,192643.27,-0.0997678,,0.2,,144.84456,86868,0.0009999999,-121.15326,,4311.93718957901,13.581308,-0.2,1.09800384e-10,0.0009999999,,11,,1330,37.014595,15.860231,inf,1330,,,65.31428571428572,625,inf,-0.1,,-139.84456,15.68104,-499.9691,499.9691,0.0009999999
0.0009999999,499.9691,192755.62,0.09718879,,0.2,,144.82016,86885,0.0009999999,-107.353226,,4316.326269388199,14.567663,-0.2,1.09635453e-10,0.0009999999,,11,,1331,37.014595,15.85948,inf,1331,,,65.27798647633358,625,inf,0.1,,-139.82016,15.67945,-499.9691,499.9691,0.0009999999
0.0009999999,499.9691,192869.72,-0.10313492,,0.2,,144.79709,86899,0.0009999999,-109.09567,,4321.073338985443,15.371677,-0.1,1.094709e-10,0.0009999999,,11,,1332,37.014595,15.858728,inf,1332,,,65.23948948948949,625,inf,-0.2,,-139.79709,15.678468,-499.9691,499.9691,0.0009999999
0.0009999999,499.9691,192989.9,0.003855221,,0.2,,144.77863,86921,0.0009999999,-115.20406,,4325.751828193665,14.191768,-0.1,1.09306716e-10,0.0009999999,,11,,1333,37.014595,15.857978,inf,1333,,,65.20705176294074,625,inf,-0.1,,-139.77863,15.676604,-499.9691,499.9691,0.0009999999
0.0009999999,499.9691,193134.84,0.10099233,,0.2,,144.77875,87021,0.0009999999,-139.93663,,4330.277688741684,13.467298,-0.1,1.09142896e-10,0.0009999999,,11,,1334,37.014595,15.857228,inf,1334,,,65.23313343328336,625,inf,,,-139.77875,15.674195,-499.9691,499.9691,0.0009999999
0.0009999999,499.9691,193272.52,0.1996612,,0.2,,144.77342,87062,0.0009999999,-132.65785,,4335.110872745514,15.917092,-0.1,1.08979444e-10,0.0009999999,,11,,1335,37.014595,15.856479,inf,1335,,,65.21498127340824,625,inf,0.1,,-139.77342,15.673629,-499.9691,499.9691,0.0009999999
0.0009999999,499.9691,193406.61,0.3030837,,0.2,,144.76543,87095,0.0009999999,-129.08601,,4339.7884657382965,15.328072,-0.1,1.0881637e-10,0.0009999999,,11,,1336,37.014595,15.85573,inf,1336,,,65.19086826347305,625,inf,0.2,,-139.76543,15.6726265,-499.9691,499.9691,0.0009999999
0.0009999999,499.9691,193545.84,0.10069866,,0.2,,144.76129,87133,0.0009999999,-134.23633,,4344.77161693573,14.07957,,1.0865365e-10,0.0009999999,,11,,1337,37.014595,15.854981,inf,1337,,,65.17053103964099,625,inf,-0.1,,-139.76129,15.670686,-499.9691,499.9691,0.0009999999
0.0009999999,499.9691,193682.72,0.30073124,,0.2,,144.7554,87173,0.0009999999,-131.8722,,4349.330766677856,15.396517,,1.084913e-10,0.0009999999,,11,,1338,37.014595,15.854235,inf,1338,,,65.15171898355754,625,inf,0.1,,-139.7554,15.669735,-499.9691,499.9691,0.0009999999
0.0009999999,499.9691,193852.69,0.09960596,,0.2,,144.77423,87240,0.0009999999,-164.9747,,4354.4115171432495,15.952963,0.1,1.0832932e-10,0.0009999999,,11,,1339,37.014595,15.853487,inf,1339,,,65.15309932785661,625,inf,-0.2,,-139.77423,15.6692,-499.9691,499.9691,0.0009999999
0.0009999999,499.9691,193979.27,0.2017885,,0.2,,144.76065,87270,0.0009999999,-121.582756,,4359.218106269836,15.888499,0.1,1.0816768e-10,0.0009999999,,11,,1340,37.014595,15.85274,inf,1340,,,65.1268656716418,625,inf,-0.1,,-139.76065,15.668619,-499.9691,499.9691,0.0009999999
0.0009999999,499.9691,194098.66,0.2980651,,0.2,,144.74173,87312,0.0009999999,-114.39584,,4363.95351099968,16.101133,0.1,1.08006416e-10,0.0009999999,,11,,1341,37.014595,15.8519945,inf,1341,,,65.1096196868009,625,inf,,,-139.74173,15.668193,-499.9691,499.9691,0.0009999999
0.0009999999,499.9691,194233.31,0.39772496,,0.2,,144.7342,87345,0.0009999999,-129.65317,,4368.959561109543,15.872308,0.1,1.0784552e-10,0.0009999999,,11,,1342,37.014595,15.851249,inf,1342,,,65.08569299552906,625,inf,0.1,,-139.7342,15.667599,-499.9691,499.9691,0.0009999999
0.0009999999,499.9691,194360.31,0.5019724,,0.2,,144.72101,87371,0.0009999999,-121.99843,,4373.919219970703,14.430239,0.1,1.0768497e-10,0.0009999999,,11,,1343,37.014595,15.850504,inf,1343,,,65.0565897244974,625,inf,0.2,,-139.72101,15.665933,-499.9691,499.9691,0.0009999999
0.0009999999,499.9691,194489.1,0.30283234,,0.2,,144.70915,87399,0.0009999999,-123.79155,,4378.789512395859,15.627611,0.2,1.0752479e-10,0.0009999999,,11,,1344,37.014595,15.84976,inf,1344,,,65.02901785714286,625,inf,-0.1,,-139.70915,15.665163,-499.9691,499.9691,0.0009999999
0.0009999999,499.9691,194612.53,0.5022551,,0.2,,144.69333,87421,0.0009999999,-118.42134,,4383.865996837616,13.637411,0.2,1.0736495e-10,0.0009999999,,11,,1345,37.014595,15.849016,inf,1345,,,64.99702602230484,625,inf,0.1,,-139.69333,15.662912,-499.9691,499.9691,0.0009999999
0.0009999999,499.9691,194736.31,-0.49901223,,-0.2,,144.6778,87446,0.0009999999,-118.792915,,4389.176512718201,13.067229,-0.2,1.0720549e-10,0.0009999999,,11,0.1,1346,37.014595,15.848273,inf,1346,,,64.96731054977711,625,inf,-0.2,,-139.6778,15.660243,-499.9691,499.9691,0.0009999999
0.0009999999,499.9691,194846.22,-0.40009165,,-0.2,,144.65198,87458,0.0009999999,-104.90092,,4394.147394895554,15.994959,-0.2,1.0704636e-10,0.0009999999,,11,0.1,1347,37.014595,15.84753,inf,1347,,,64.92798812175204,625,inf,-0.1,,-139.65198,15.659747,-499.9691,499.9691,0.0009999999
0.0009999999,499.9691,194959.61,-0.30001533,,-0.2,,144.62878,87484,0.0009999999,-108.38668,,4398.838366031647,14.945427,-0.2,1.068876e-10,0.0009999999,,11,0.1,1348,37.014595,15.846788,inf,1348,,,64.89910979228486,625,inf,,,-139.62878,15.658474,-499.9691,499.9691,0.0009999999
0.0009999999,499.9691,195076.11,-0.1937674,,-0.2,,144.60794,87505,0.0009999999,-111.504,,4404.450482606888,15.749393,-0.2,1.06729195e-10,0.0009999999,,11,0.1,1349,37.014595,15.846046,inf,1349,,,64.86656782802076,625,inf,0.1,,-139.60794,15.657802,-499.9691,499.9691,0.0009999999
0.0009999999,499.9691,195188.94,-0.0990783,,-0.2,,144.5844,87527,0.0009999999,-107.8302,,4409.707857608795,11.392562,-0.2,1.06571134e-10,0.0009999999,,11,0.1,1350,37.014595,15.845305,inf,1350,,,64.83481481481482,625,inf,0.2,,-139.5844,15.6539,-499.9691,499.9691,0.0009999999
0.0009999999,499.9691,195315.53,-0.39814544,,-0.2,,144.57108,87561,0.0009999999,-121.59395,,4415.198431968689,11.396125,-0.1,1.06413434e-10,0.0009999999,,11,0.1,1351,37.014595,15.844565,inf,1351,,,64.8119911176906,625,inf,-0.2,,-139.57108,15.65001,-499.9691,499.9691,0.0009999999
0.0009999999,499.9691,195441.23,-0.29954094,,-0.2,,144.55713,87603,0.0009999999,-120.704834,,4421.294966936111,13.715268,-0.1,1.0625607e-10,0.0009999999,,11,0.1,1352,37.014595,15.843825,inf,1352,,,64.79511834319527,625,inf,-0.1,,-139.55713,15.64784,-499.9691,499.9691,0.0009999999
0.0009999999,499.9691,195558.88,-0.19866827,,-0.2,,144.53723,87621,0.0009999999,-112.63266,,4426.8555788993835,15.216157,-0.1,1.0609905e-10,0.0009999999,,11,0.1,1353,37.014595,15.843086,inf,1353,,,64.76053215077606,625,inf,,,-139.53723,15.646782,-499.9691,499.9691,0.0009999999
0.0009999999,499.9691,195675.75,-0.100812525,,-0.2,,144.5168,87650,0.0009999999,-111.89385,,4432.613465309143,15.800164,-0.1,1.059424e-10,0.0009999999,,11,0.1,1354,37.014595,15.842347,inf,1354,,,64.7341211225997,625,inf,0.1,,-139.5168,15.646157,-499.9691,499.9691,0.0009999999
0.0009999999,499.9691,195795.84,0.0017435402,,-0.2,,144.49878,87674,0.0009999999,-115.07633,,4438.2261798381805,14.524913,-0.1,1.05786074e-10,0.0009999999,,11,0.1,1355,37.014595,15.841609,inf,1355,,,64.70405904059041,625,inf,0.2,,-139.49878,15.644591,-499.9691,499.9691,0.0009999999
0.0009999999,499.9691,195932.69,-0.30116343,,-0.2,,144.49313,87708,0.0009999999,-131.84729,,4443.93706035614,16.002476,,1.05630116e-10,0.0009999999,,11,0.1,1356,37.014595,15.840871,inf,1356,,,64.68141592920354,625,inf,-0.2,,-139.49313,15.644116,-499.9691,499.9691,0.0009999999
0.0009999999,499.9691,196044.4,-0.20121741,,-0.2,,144.46898,87726,0.0009999999,-106.731895,,4450.019807577133,15.675266,,1.0547451e-10,0.0009999999,,11,0.1,1357,37.014595,15.840134,inf,1357,,,64.6470154753132,625,inf,-0.1,,-139.46898,15.643404,-499.9691,499.9691,0.0009999999
0.0009999999,499.9691,196168.56,-0.10368975,,-0.2,,144.45403,87787,0.0009999999,-119.131775,,4455.781430721283,12.610411,,1.05319226e-10,0.0009999999,,11,0.1,1358,37.014595,15.839397,inf,1358,,,64.64432989690722,625,inf,,,-139.45403,15.640435,-499.9691,499.9691,0.0009999999
0.0009999999,499.9691,196328.16,0.0012691244,,-0.2,,144.46516,87859,0.0009999999,-154.59346,,4461.348472356796,13.748669,,1.05164294e-10,0.0009999999,,11,0.1,1359,37.014595,15.838661,inf,1359,,,64.64974245768948,625,inf,0.1,,-139.46516,15.638306,-499.9691,499.9691,0.0009999999
0.0009999999,499.9691,196484.19,0.10109956,,-0.2,,144.47366,87921,0.0009999999,-151.05109,,4466.948841094971,14.61782,,1.0500969e-10,0.0009999999,,11,0.1,1360,37.014595,15.837926,inf,1360,,,64.64779411764705,625,inf,0.2,,-139.47366,15.636822,-499.9691,499.9691,0.0009999999
0.0009999999,499.9691,196724.34,-0.19710712,,-0.2,,144.54398,88061,0.0009999999,-235.15907,,4473.122900247574,15.368,0.1,1.04855444e-10,0.0009999999,,11,0.1,1361,37.014595,15.837191,inf,1361,,,64.70315944158706,625,inf,-0.2,,-139.54398,15.635889,-499.9691,499.9691,0.0009999999
0.0009999999,499.9691,196835.47,-0.09754111,,-0.2,,144.51944,88076,0.0009999999,-106.12905,,4478.7103724479675,12.656248,0.1,1.0470151e-10,0.0009999999,,11,0.1,1362,37.014595,15.836456,inf,1362,,,64.66666666666667,625,inf,-0.1,,-139.51944,15.632967,-499.9691,499.9691,0.0009999999
0.0009999999,499.9691,196943.31,-0.0028796392,,-0.2,,144.49252,88097,0.0009999999,-102.84647,,4483.987780094147,15.776817,0.1,1.0454794e-10,0.0009999999,,11,0.1,1363,37.014595,15.835722,inf,1363,,,64.63462949376375,625,inf,,,-139.49252,15.6323395,-499.9691,499.9691,0.0009999999
0.0009999999,499.9691,197074.31,0.10507729,,-0.2,,144.48264,88132,0.0009999999,-125.98727,,4489.287313222885,15.145457,0.1,1.04394694e-10,0.0009999999,,11,0.1,1364,37.014595,15.834989,inf,1364,,,64.61290322580645,625,inf,0.1,,-139.48264,15.631251,-499.9691,499.9691,0.0009999999
0.0009999999,499.9691,197222.62,0.20153749,,-0.2,,144.48544,88178,0.0009999999,-143.32352,,4494.6832847595215,12.980187,0.1,1.0424179e-10,0.0009999999,,11,0.1,1365,37.014595,15.834256,inf,1365,,,64.5992673992674,625,inf,0.2,,-139.48544,15.628575,-499.9691,499.9691,0.0009999999
0.0009999999,499.9691,197337.53,-0.093726166,,-0.2,,144.46379,88194,0.0009999999,-109.90015,,4499.756269693375,14.0979185,0.2,1.0408923e-10,0.0009999999,,11,0.1,1366,37.014595,15.833524,inf,1366,,,64.56368960468521,625,inf,-0.2,,-139.46379,15.626724,-499.9691,499.9691,0.0009999999
0.0009999999,499.9691,197453.81,0.0022798926,,-0.2,,144.44318,88223,0.0009999999,-111.279236,,4505.064734697342,11.33315,0.2,1.03937005e-10,0.0009999999,,11,0.1,1367,37.014595,15.832791,inf,1367,,,64.53767373811266,625,inf,-0.1,,-139.44318,15.622851,-499.9691,499.9691,0.0009999999
0.0009999999,499.9691,197563.47,0.099832006,,-0.2,,144.41774,88238,0.0009999999,-104.64967,,4510.2372233867645,15.631049,0.2,1.037851e-10,0.0009999999,,11,0.1,1368,37.014595,15.832061,inf,1368,,,64.50146198830409,625,inf,,,-139.41774,15.622126,-499.9691,499.9691,0.0009999999
0.0009999999,499.9691,197677.81,0.20293859,,-0.2,,144.39577,88263,0.0009999999,-109.33116,,4514.984694480896,15.5191345,0.2,1.03633525e-10,0.0009999999,,11,0.1,1369,37.014595,15.831329,inf,1369,,,64.47260774287801,625,inf,0.1,,-139.39577,15.621321,-499.9691,499.9691,0.0009999999
0.0009999999,499.9691,197793.6,0.30248123,,-0.2,,144.3749,88279,0.0009999999,-110.78155,,4519.862072467804,13.480287,0.2,1.034823e-10,0.0009999999,,11,0.1,1370,37.014595,15.8306,inf,1370,,,64.43722627737226,625,inf,0.2,,-139.3749,15.619029,-499.9691,499.9691,0.0009999999
0.0009999999,499.9691,197919.53,-0.39930886,,-0.1,,144.36143,88308,0.0009999999,-120.94937,,4524.530509471893,14.268501,-0.2,1.03331385e-10,0.0009999999,,11,0.1,1371,37.014595,15.82987,inf,1371,,,64.41137855579869,625,inf,-0.2,,-139.36143,15.617314,-499.9691,499.9691,0.0009999999
0.0009999999,499.9691,198029.34,-0.29901618,,-0.1,,144.33626,88325,0.0009999999,-104.81562,,4529.144184589386,13.221131,-0.2,1.0318081e-10,0.0009999999,,11,0.1,1372,37.014595,15.829141,inf,1372,,,64.3768221574344,625,inf,-0.1,,-139.33626,15.614839,-499.9691,499.9691,0.0009999999
0.0009999999,499.9691,198138.88,-0.19817403,,-0.1,,144.31091,88340,0.0009999999,-104.52814,,4534.064068555832,14.47329,-0.2,1.0303057e-10,0.0009999999,,11,0.1,1373,37.014595,15.828412,inf,1373,,,64.34085943190095,625,inf,,,-139.31091,15.613281,-499.9691,499.9691,0.0009999999
0.0009999999,499.9691,198251.69,-0.09601821,,-0.1,,144.28798,88356,0.0009999999,-107.80654,,4538.7882215976715,15.943861,-0.2,1.02880655e-10,0.0009999999,,11,0.1,1374,37.014595,15.827684,inf,1374,,,64.3056768558952,625,inf,0.1,,-139.28798,15.612792,-499.9691,499.9691,0.0009999999
0.0009999999,499.9691,198364.97,0.001064524,,-0.1,,144.26543,88370,0.0009999999,-108.28284,,4543.6606566905975,13.211146,-0.2,1.0273106e-10,0.0009999999,,11,0.1,1375,37.014595,15.826957,inf,1375,,,64.2690909090909,625,inf,0.2,,-139.26543,15.610318,-499.9691,499.9691,0.0009999999
0.0009999999,499.9691,198476.66,-0.2989155,,-0.1,,144.24176,88383,0.0009999999,-106.67999,,4548.126089096069,15.516317,-0.1,1.02581804e-10,0.0009999999,,11,0.1,1376,37.014595,15.826229,inf,1376,,,64.23183139534883,625,inf,-0.2,,-139.24176,15.609523,-499.9691,499.9691,0.0009999999
0.0009999999,499.9691,198590.92,-0.19938074,,-0.1,,144.21999,88400,0.0009999999,-109.277374,,4553.025400161743,16.28747,-0.1,1.0243286e-10,0.0009999999,,11,0.1,1377,37.014595,15.825503,inf,1377,,,64.19753086419753,625,inf,-0.1,,-139.21999,15.609291,-499.9691,499.9691,0.0009999999
0.0009999999,499.9691,198717.94,-0.10045751,,-0.1,,144.2075,88435,0.0009999999,-122.013176,,4558.16012430191,12.506394,-0.1,1.0228425e-10,0.0009999999,,11,0.1,1378,37.014595,15.824777,inf,1378,,,64.17634252539914,625,inf,,,-139.2075,15.606314,-499.9691,499.9691,0.0009999999
0.0009999999,499.9691,198838.34,0.005524054,,-0.1,,144.19025,88464,0.0009999999,-115.409904,,4563.43724656105,14.865403,-0.1,1.02135946e-10,0.0009999999,,11,0.1,1379,37.014595,15.824052,inf,1379,,,64.15083393763597,625,inf,0.1,,-139.19025,15.605054,-499.9691,499.9691,0.0009999999
0.0009999999,499.9691,198956.9,0.098448046,,-0.1,,144.17168,88490,0.0009999999,-113.5677,,4568.562695264816,10.790385,-0.1,1.0198798e-10,0.0009999999,,11,0.1,1380,37.014595,15.823327,inf,1380,,,64.1231884057971,625,inf,0.2,,-139.17168,15.600838,-499.9691,499.9691,0.0009999999
0.0009999999,499.9691,199083.92,-0.1990374,,-0.1,,144.15924,88518,0.0009999999,-122.00749,,4573.406423330307,14.370242,,1.0184033e-10,0.0009999999,,11,0.1,1381,37.014595,15.822602,inf,1381,,,64.09703113685735,625,inf,-0.2,,-139.15924,15.599223,-499.9691,499.9691,0.0009999999
0.0009999999,499.9691,199193.47,-0.10020652,,-0.1,,144.1342,88538,0.0009999999,-104.55137,,4578.463576078415,12.981155,,1.01693e-10,0.0009999999,,11,0.1,1382,37.014595,15.821878,inf,1382,,,64.06512301013025,625,inf,-0.1,,-139.1342,15.596606,-499.9691,499.9691,0.0009999999
0.0009999999,499.9691,199323.44,0.000719956,,-0.1,,144.12396,88596,0.0009999999,-124.966324,,4583.221683502197,14.3754225,,1.01546e-10,0.0009999999,,11,0.1,1383,37.014595,15.821156,inf,1383,,,64.06073752711497,625,inf,,,-139.12396,15.595001,-499.9691,499.9691,0.0009999999
0.0009999999,499.9691,199461.97,0.098510265,,-0.1,,144.11992,88634,0.0009999999,-133.53284,,4588.110357761383,16.527792,,1.01399306e-10,0.0009999999,,11,0.1,1384,37.014595,15.820433,inf,1384,,,64.04190751445087,625,inf,0.1,,-139.11992,15.594954,-499.9691,499.9691,0.0009999999
0.0009999999,499.9691,199660.66,0.19832286,,-0.1,,144.15932,88738,0.0009999999,-193.67458,,4593.358958244324,16.313023,,1.0125293e-10,0.0009999999,,11,0.1,1385,37.014595,15.81971,inf,1385,,,64.07075812274368,625,inf,0.2,,-139.15932,15.594751,-499.9691,499.9691,0.0009999999
0.0009999999,499.9691,199828.56,-0.09955831,,-0.1,,144.17645,88803,0.0009999999,-162.90363,,4598.165932416916,15.958985,0.1,1.0110688e-10,0.0009999999,,11,0.1,1386,37.014595,15.818988,inf,1386,,,64.07142857142857,625,inf,-0.2,,-139.17645,15.594291,-499.9691,499.9691,0.0009999999
0.0009999999,499.9691,199945.69,0.0029053763,,-0.1,,144.15695,88820,0.0009999999,-112.147255,,4603.07084608078,16.294415,0.1,1.0096114e-10,0.0009999999,,11,0.1,1387,37.014595,15.818267,inf,1387,,,64.03749098774333,625,inf,-0.1,,-139.15695,15.594074,-499.9691,499.9691,0.0009999999
0.0009999999,499.9691,200070.53,0.09781511,,-0.1,,144.14304,88847,0.0009999999,-119.84286,,4608.619213819504,15.200294,0.1,1.0081572e-10,0.0009999999,,11,0.1,1388,37.014595,15.817546,inf,1388,,,64.01080691642652,625,inf,,,-139.14304,15.593069,-499.9691,499.9691,0.0009999999
0.0009999999,499.9691,200189.97,0.19945356,,-0.1,,144.12524,88866,0.0009999999,-114.43324,,4614.146562099457,15.890259,0.1,1.006706e-10,0.0009999999,,11,0.1,1389,37.014595,15.816826,inf,1389,,,63.97840172786177,625,inf,0.1,,-139.12524,15.592564,-499.9691,499.9691,0.0009999999
0.0009999999,499.9691,200320.86,0.30106118,,-0.1,,144.11572,88895,0.0009999999,-125.882385,,4619.195139408112,14.207888,0.1,1.005258e-10,0.0009999999,,11,0.1,1390,37.014595,15.816107,inf,1390,,,63.95323741007194,625,inf,0.2,,-139.11572,15.590851,-499.9691,499.9691,0.0009999999
0.0009999999,499.9691,200438.69,0.001390785,,-0.1,,144.09683,88913,0.0009999999,-112.83492,,4624.732791423798,15.931739,0.2,1.00381314e-10,0.0009999999,,11,0.1,1391,37.014595,15.815388,inf,1391,,,63.92020129403307,625,inf,-0.2,,-139.09683,15.590377,-499.9691,499.9691,0.0009999999
0.0009999999,499.9691,200557.97,0.098450705,,-0.1,,144.079,88950,0.0009999999,-114.28039,,4630.753819942474,16.419846,0.2,1.00237145e-10,0.0009999999,,11,0.1,1392,37.014595,15.814669,inf,1392,,,63.900862068965516,625,inf,-0.1,,-139.079,15.590254,-499.9691,499.9691,0.0009999999
0.0009999999,499.9691,200675.47,0.20103355,,-0.1,,144.05992,88968,0.0009999999,-112.49483,,4636.292946815491,15.202786,0.2,1.00093274e-10,0.0009999999,,11,0.1,1393,37.014595,15.813951,inf,1393,,,63.867910983488876,625,inf,,,-139.05992,15.58926,-499.9691,499.9691,0.0009999999
0.0009999999,499.9691,200790.39,0.30045435,,-0.1,,144.03902,88987,0.0009999999,-109.92109,,4642.2213089466095,16.060022,0.2,9.994972e-11,0.0009999999,,11,0.1,1394,37.014595,15.813232,inf,1394,,,63.835724533715926,625,inf,0.1,,-139.03902,15.58888,-499.9691,499.9691,0.0009999999
0.0009999999,499.9691,200913.78,0.402116,,-0.1,,144.02422,89013,0.0009999999,-118.40057,,4647.896621227264,15.298662,0.2,9.980648e-11,0.0009999999,,11,0.1,1395,37.014595,15.812516,inf,1395,,,63.80860215053764,625,inf,0.2,,-139.02422,15.587954,-499.9691,499.9691,0.0009999999
0.0009999999,499.9691,201033.47,-0.3014307,,,,144.00679,89032,0.0009999999,-114.668785,,4653.902656793594,14.567912,-0.2,9.966354e-11,0.0009999999,,11,0.1,1396,37.014595,15.811799,inf,1396,,,63.77650429799427,625,inf,-0.2,,-139.00679,15.586507,-499.9691,499.9691,0.0009999999
0.0009999999,499.9691,201144.22,-0.19992748,,,,143.98297,89049,0.0009999999,-105.74593,,4659.942188739777,12.419996,-0.2,9.952091e-11,0.0009999999,,11,0.1,1397,37.014595,15.811083,inf,1397,,,63.74302075876879,625,inf,-0.1,,-138.98297,15.583525,-499.9691,499.9691,0.0009999999
0.0009999999,499.9691,201253.38,-0.1036392,,,,143.95807,89064,0.0009999999,-104.15995,,4665.60830950737,14.635399,-0.2,9.937858e-11,0.0009999999,,11,0.1,1398,37.014595,15.810368,inf,1398,,,63.708154506437765,625,inf,,,-138.95807,15.582131,-499.9691,499.9691,0.0009999999
0.0009999999,499.9691,201363.69,-0.001278773,,,,143.93402,89080,0.0009999999,-105.31756,,4671.091817855835,14.276445,-0.2,9.923656e-11,0.0009999999,,11,0.1,1399,37.014595,15.809652,inf,1399,,,63.67405289492495,625,inf,0.1,,-138.93402,15.580484,-499.9691,499.9691,0.0009999999
0.0009999999,499.9691,201478.34,0.09745957,,,,143.9131,89095,0.0009999999,-109.65622,,4676.4371790885925,15.182637,-0.2,9.909484e-11,0.0009999999,,11,0.1,1400,37.014595,15.808938,inf,1400,,,63.63928571428571,625,inf,0.2,,-138.9131,15.579487,-499.9691,499.9691,0.0009999999
0.0009999999,499.9691,201605.44,-0.19866523,,,,143.9011,89124,0.0009999999,-122.10623,,4681.894979000092,15.343805,-0.1,9.8953436e-11,0.0009999999,,11,0.1,1401,37.014595,15.808224,inf,1401,,,63.61456102783726,625,inf,-0.2,,-138.9011,15.578605,-499.9691,499.9691,0.0009999999
0.0009999999,499.9691,201717.5,-0.09600705,,,,143.87839,89142,0.0009999999,-107.0693,,4687.662634849548,15.675583,-0.1,9.8812326e-11,0.0009999999,,11,0.1,1402,37.014595,15.80751,inf,1402,,,63.582025677603426,625,inf,-0.1,,-138.87839,15.577961,-499.9691,499.9691,0.0009999999
0.0009999999,499.9691,201837.5,0.0015446898,,,,143.86137,89162,0.0009999999,-115.00588,,4693.442326307297,14.363152,-0.1,9.8671515e-11,0.0009999999,,11,0.1,1403,37.014595,15.806797,inf,1403,,,63.55096222380613,625,inf,,,-138.86137,15.576381,-499.9691,499.9691,0.0009999999
0.0009999999,499.9691,201951.33,0.09653515,,,,143.83998,89177,0.0009999999,-108.8178,,4699.06175160408,15.776437,-0.1,9.853101e-11,0.0009999999,,11,0.1,1404,37.014595,15.806085,inf,1404,,,63.51638176638177,625,inf,0.1,,-138.83998,15.575811,-499.9691,499.9691,0.0009999999
0.0009999999,499.9691,202077.28,0.2011678,,,,143.82724,89202,0.0009999999,-120.9514,,4704.182271718979,14.64882,-0.1,9.8390796e-11,0.0009999999,,11,0.1,1405,37.014595,15.805373,inf,1405,,,63.48896797153025,625,inf,0.2,,-138.82724,15.574441,-499.9691,499.9691,0.0009999999
0.0009999999,499.9691,202194.27,-0.09699025,,,,143.80815,89218,0.0009999999,-111.98166,,4709.188904047012,16.145489,,9.825089e-11,0.0009999999,,11,0.1,1406,37.014595,15.804662,inf,1406,,,63.4551920341394,625,inf,-0.2,,-138.80815,15.574139,-499.9691,499.9691,0.0009999999
0.0009999999,499.9691,202320.0,-0.0027408674,,,,143.7953,89249,0.0009999999,-120.72632,,4714.179624557495,15.249984,,9.811127e-11,0.0009999999,,11,0.1,1407,37.014595,15.80395,inf,1407,,,63.43212508884151,625,inf,-0.1,,-138.7953,15.573197,-499.9691,499.9691,0.0009999999
0.0009999999,499.9691,202430.03,0.096602224,,,,143.77133,89267,0.0009999999,-105.03947,,4718.725011348724,14.147108,,9.797197e-11,0.0009999999,,11,0.1,1408,37.014595,15.80324,inf,1408,,,63.39985795454545,625,inf,,,-138.77133,15.571473,-499.9691,499.9691,0.0009999999
0.0009999999,499.9691,202560.31,0.19693403,,,,143.76175,89295,0.0009999999,-125.278625,,4723.366362571716,13.052494,,9.783294e-11,0.0009999999,,11,0.1,1409,37.014595,15.80253,inf,1409,,,63.37473385379702,625,inf,0.1,,-138.76175,15.5689745,-499.9691,499.9691,0.0009999999
0.0009999999,499.9691,202681.39,0.29767567,,,,143.74567,89317,0.0009999999,-116.076195,,4728.173087358475,13.944574,,9.769423e-11,0.0009999999,,11,0.1,1410,37.014595,15.801821,inf,1410,,,63.34539007092199,625,inf,0.2,,-138.74567,15.567113,-499.9691,499.9691,0.0009999999
0.0009999999,499.9691,202852.53,0.0031983256,,,,143.76508,89385,0.0009999999,-166.14934,,4733.097841262817,14.135759,0.1,9.75558e-11,0.0009999999,,11,0.1,1411,37.014595,15.801111,inf,1411,,,63.348688873139615,625,inf,-0.2,,-138.76508,15.565391,-499.9691,499.9691,0.0009999999
0.0009999999,499.9691,202962.12,0.099366285,,,,143.74088,89400,0.0009999999,-104.59265,,4737.871141910553,13.629691,0.1,9.7417685e-11,0.0009999999,,11,0.1,1412,37.014595,15.800403,inf,1412,,,63.314447592067985,625,inf,-0.1,,-138.74088,15.563311,-499.9691,499.9691,0.0009999999
0.0009999999,499.9691,203086.69,0.20178612,,,,143.72731,89432,0.0009999999,-119.54667,,4742.738447904587,14.145425,0.1,9.7279844e-11,0.0009999999,,11,0.1,1413,37.014595,15.799695,inf,1413,,,63.29228591648974,625,inf,,,-138.72731,15.561603,-499.9691,499.9691,0.0009999999
0.0009999999,499.9691,203229.22,0.29777148,,,,143.72646,89474,0.0009999999,-137.55066,,4747.721965074539,15.173671,0.1,9.714231e-11,0.0009999999,,11,0.1,1414,37.014595,15.798987,inf,1414,,,63.277227722772274,625,inf,0.1,,-138.72646,15.560618,-499.9691,499.9691,0.0009999999
0.0009999999,499.9691,203345.92,0.3979978,,,,143.70737,89491,0.0009999999,-111.69589,,4752.50649023056,14.915117,0.1,9.700504e-11,0.0009999999,,11,0.1,1415,37.014595,15.798281,inf,1415,,,63.24452296819788,625,inf,0.2,,-138.70737,15.559457,-499.9691,499.9691,0.0009999999
0.0009999999,499.9691,203465.56,0.099706665,,,,143.69037,89509,0.0009999999,-114.64882,,4757.330269098282,15.568759,0.2,9.686809e-11,0.0009999999,,11,0.1,1416,37.014595,15.797574,inf,1416,,,63.21257062146893,625,inf,-0.2,,-138.69037,15.55876,-499.9691,499.9691,0.0009999999
0.0009999999,499.9691,203576.69,0.20103243,,,,143.66739,89528,0.0009999999,-106.119705,,4762.385313749313,14.748269,0.2,9.673141e-11,0.0009999999,,11,0.1,1417,37.014595,15.796868,inf,1417,,,63.18136908962597,625,inf,-0.1,,-138.66739,15.557483,-499.9691,499.9691,0.0009999999
0.0009999999,499.9691,203701.72,0.30088642,,,,143.65425,89554,0.0009999999,-120.01752,,4767.508364439011,16.471624,0.2,9.6595024e-11,0.0009999999,,11,0.1,1418,37.014595,15.796163,inf,1418,,,63.15514809590973,625,inf,,,-138.65425,15.557422,-499.9691,499.9691,0.0009999999
0.0009999999,499.9691,203816.9,0.3992685,,,,143.63419,89573,0.0009999999,-110.19468,,4772.544108629227,16.376133,0.2,9.6458924e-11,0.0009999999,,11,0.1,1419,37.014595,15.795458,inf,1419,,,63.12403100775194,625,inf,0.1,,-138.63419,15.557292,-499.9691,499.9691,0.0009999999
0.0009999999,499.9691,203933.8,0.49612287,,,,143.61536,89590,0.0009999999,-111.88843,,4777.859543561935,9.375024,0.2,9.632311e-11,0.0009999999,,11,0.1,1420,37.014595,15.794753,inf,1420,,,63.09154929577465,625,inf,0.2,,-138.61536,15.552237,-499.9691,499.9691,0.0009999999
0.0009999999,499.9691,204049.95,-0.20266414,,0.1,,143.59602,89607,0.0009999999,-111.155205,,4783.367458581924,12.693568,-0.2,9.618759e-11,0.0009999999,,11,0.1,1421,37.014595,15.794049,inf,1421,,,63.05911330049261,625,inf,-0.2,,-138.59602,15.54952,-499.9691,499.9691,0.0009999999
0.0009999999,499.9691,204167.45,-0.098197095,,0.1,,143.57767,89635,0.0009999999,-112.500725,,4788.689819097519,13.88737,-0.2,9.6052354e-11,0.0009999999,,11,0.1,1422,37.014595,15.793345,inf,1422,,,63.034458509142056,625,inf,-0.1,,-138.57767,15.547649,-499.9691,499.9691,0.0009999999
0.0009999999,499.9691,204283.88,0.00029016717,,0.1,,143.5586,89651,0.0009999999,-111.41987,,4793.846249341965,14.600519,-0.2,9.59174e-11,0.0009999999,,11,0.1,1423,37.014595,15.792643,inf,1423,,,63.00140548137737,625,inf,,,-138.5586,15.546279,-499.9691,499.9691,0.0009999999
0.0009999999,499.9691,204400.5,0.097467706,,0.1,,143.53967,89671,0.0009999999,-111.62692,,4798.714262247086,14.859976,-0.2,9.5782736e-11,0.0009999999,,11,0.1,1424,37.014595,15.791941,inf,1424,,,62.97120786516854,625,inf,0.1,,-138.53967,15.545097,-499.9691,499.9691,0.0009999999
0.0009999999,499.9691,204519.19,0.20110938,,0.1,,143.52223,89692,0.0009999999,-113.68092,,4803.673604726791,15.61485,-0.2,9.564834e-11,0.0009999999,,11,0.1,1425,37.014595,15.791239,inf,1425,,,62.94175438596491,625,inf,0.2,,-138.52223,15.544446,-499.9691,499.9691,0.0009999999
0.0009999999,499.9691,204632.39,-0.10205729,,0.1,,143.50098,89705,0.0009999999,-108.21639,,4808.627294778824,15.041971,-0.1,9.551424e-11,0.0009999999,,11,0.1,1426,37.014595,15.790537,inf,1426,,,62.90673211781206,625,inf,-0.2,,-138.50098,15.54339,-499.9691,499.9691,0.0009999999
0.0009999999,499.9691,204744.38,-2.6285648e-05,,0.1,,143.47888,89717,0.0009999999,-106.98822,,4814.667181253433,15.828549,-0.1,9.538042e-11,0.0009999999,,11,0.1,1427,37.014595,15.789836,inf,1427,,,62.87105816398038,625,inf,-0.1,,-138.47888,15.54289,-499.9691,499.9691,0.0009999999
0.0009999999,499.9691,204857.86,0.099955164,,0.1,,143.45789,89735,0.0009999999,-108.47856,,4820.567519664764,15.57547,-0.1,9.524688e-11,0.0009999999,,11,0.1,1428,37.014595,15.789135,inf,1428,,,62.839635854341736,625,inf,,,-138.45789,15.542211,-499.9691,499.9691,0.0009999999
0.0009999999,499.9691,205000.05,0.19867109,,0.1,,143.457,89781,0.0009999999,-137.18869,,4825.424288272858,14.942087,-0.1,9.511362e-11,0.0009999999,,11,0.1,1429,37.014595,15.788435,inf,1429,,,62.82785164450665,625,inf,0.1,,-138.457,15.541091,-499.9691,499.9691,0.0009999999
0.0009999999,499.9691,205114.52,0.30002916,,0.1,,143.43672,89795,0.0009999999,-109.46459,,4831.055931329727,14.859605,-0.1,9.498064e-11,0.0009999999,,11,0.1,1430,37.014595,15.787736,inf,1430,,,62.79370629370629,625,inf,0.2,,-138.43672,15.539918,-499.9691,499.9691,0.0009999999
0.0009999999,499.9691,205245.25,0.0025449246,,0.1,,143.42784,89825,0.0009999999,-125.737045,,4836.66712975502,13.524483,,9.484794e-11,0.0009999999,,11,0.1,1431,37.014595,15.787037,inf,1431,,,62.770789657582114,625,inf,-0.2,,-138.42784,15.537808,-499.9691,499.9691,0.0009999999
0.0009999999,499.9691,205355.0,0.09911075,,0.1,,143.40433,89842,0.0009999999,-104.738304,,4842.1817355155945,14.117791,,9.471552e-11,0.0009999999,,11,0.1,1432,37.014595,15.786338,inf,1432,,,62.73882681564246,625,inf,-0.1,,-138.40433,15.536122,-499.9691,499.9691,0.0009999999
0.0009999999,499.9691,205490.34,0.19804078,,0.1,,143.39871,89879,0.0009999999,-130.34082,,4847.637812376022,16.487741,,9.4583376e-11,0.0009999999,,11,0.1,1433,37.014595,15.78564,inf,1433,,,62.7208653175157,625,inf,,,-138.39871,15.536089,-499.9691,499.9691,0.0009999999
0.0009999999,499.9691,205609.64,0.30040032,,0.1,,143.3819,89898,0.0009999999,-114.30347,,4853.275916337967,14.912209,,9.445151e-11,0.0009999999,,11,0.1,1434,37.014595,15.784943,inf,1434,,,62.69037656903766,625,inf,0.1,,-138.3819,15.534955,-499.9691,499.9691,0.0009999999
0.0009999999,499.9691,205732.19,0.39962363,,0.1,,143.36737,89919,0.0009999999,-117.55329,,4859.136216402054,15.301442,,9.431991e-11,0.0009999999,,11,0.1,1435,37.014595,15.7842455,inf,1435,,,62.661324041811845,625,inf,0.2,,-138.36737,15.534095,-499.9691,499.9691,0.0009999999
0.0009999999,499.9691,205882.22,0.097527266,,0.1,,143.37202,89966,0.0009999999,-145.0418,,4864.547288656235,16.423294,0.1,9.4188594e-11,0.0009999999,,11,0.1,1436,37.014595,15.783548,inf,1436,,,62.65041782729805,625,inf,-0.2,,-138.37202,15.534019,-499.9691,499.9691,0.0009999999
0.0009999999,499.9691,205992.86,0.19666389,,0.1,,143.34924,89979,0.0009999999,-105.63694,,4870.26220369339,14.937454,0.1,9.405754e-11,0.0009999999,,11,0.1,1437,37.014595,15.782852,inf,1437,,,62.61586638830898,625,inf,-0.1,,-138.34924,15.532908,-499.9691,499.9691,0.0009999999
0.0009999999,499.9691,206122.69,0.30020347,,0.1,,143.33984,90012,0.0009999999,-124.81696,,4875.7864112854,13.224109,0.1,9.392677e-11,0.0009999999,,11,0.1,1438,37.014595,15.782157,inf,1438,,,62.595271210013905,625,inf,,,-138.33984,15.530606,-499.9691,499.9691,0.0009999999
0.0009999999,499.9691,206238.58,0.40226996,,0.1,,143.32077,90030,0.0009999999,-110.89893,,4881.055841445923,14.009251,0.1,9.379627e-11,0.0009999999,,11,0.1,1439,37.014595,15.781462,inf,1439,,,62.56428075052119,625,inf,0.1,,-138.32077,15.528855,-499.9691,499.9691,0.0009999999
0.0009999999,499.9691,206379.75,0.5000149,,0.1,,143.31927,90071,0.0009999999,-136.16222,,4886.876190423965,15.922712,0.1,9.366605e-11,0.0009999999,,11,0.1,1440,37.014595,15.780767,inf,1440,,,62.549305555555556,625,inf,0.2,,-138.31927,15.528437,-499.9691,499.9691,0.0009999999
0.0009999999,499.9691,206520.92,0.20163453,,0.1,,143.31778,90111,0.0009999999,-136.1831,,4892.023511648178,9.400255,0.2,9.353608e-11,0.0009999999,,11,0.1,1441,37.014595,15.780073,inf,1441,,,62.533657182512144,625,inf,-0.2,,-138.31778,15.523488,-499.9691,499.9691,0.0009999999
0.0009999999,499.9691,206630.47,0.30240145,,0.1,,143.29436,90126,0.0009999999,-104.54385,,4897.487754583359,15.259106,0.2,9.3406394e-11,0.0009999999,,11,0.1,1442,37.014595,15.779379,inf,1442,,,62.500693481276,625,inf,-0.1,,-138.29436,15.522612,-499.9691,499.9691,0.0009999999
0.0009999999,499.9691,206748.86,0.39855537,,0.1,,143.2771,90144,0.0009999999,-113.38443,,4902.924986600876,14.124324,0.2,9.3276976e-11,0.0009999999,,11,0.1,1443,37.014595,15.778686,inf,1443,,,62.46985446985447,625,inf,,,-138.2771,15.520949,-499.9691,499.9691,0.0009999999
0.0009999999,499.9691,206857.86,0.49742925,,0.1,,143.25337,90170,0.0009999999,-104.00304,,4908.0430154800415,16.14609,0.2,9.314784e-11,0.0009999999,,11,0.1,1444,37.014595,15.777993,inf,1444,,,62.44459833795014,625,inf,0.1,,-138.25337,15.520689,-499.9691,499.9691,0.0009999999
0.0009999999,499.9691,206988.44,0.59883654,,0.1,,143.2446,90207,0.0009999999,-125.5758,,4913.232341051102,13.766768,0.2,9.3018954e-11,0.0009999999,,11,0.1,1445,37.014595,15.777301,inf,1445,,,62.42698961937716,625,inf,0.2,,-138.2446,15.518786,-499.9691,499.9691,0.0009999999
0.0009999999,499.9691,207120.44,-0.10336061,,0.2,,143.23682,90240,0.0009999999,-126.999466,,4918.6565198898315,16.425516,-0.2,9.2890334e-11,0.0009999999,,11,0.1,1446,37.014595,15.776609,inf,1446,,,62.406639004149376,625,inf,-0.2,,-138.23682,15.5187235,-499.9691,499.9691,0.0009999999
0.0009999999,499.9691,207240.08,0.0025535226,,0.2,,143.2205,90271,0.0009999999,-114.6428,,4923.390171051025,13.960755,-0.2,9.2762e-11,0.0009999999,,11,0.1,1447,37.014595,15.775918,inf,1447,,,62.38493434692467,625,inf,-0.1,,-138.2205,15.516953,-499.9691,499.9691,0.0009999999
0.0009999999,499.9691,207350.47,0.100538924,,0.2,,143.19783,90284,0.0009999999,-105.39347,,4928.150368452072,15.504599,-0.2,9.263392e-11,0.0009999999,,11,0.1,1448,37.014595,15.775227,inf,1448,,,62.350828729281766,625,inf,,,-138.19783,15.516255,-499.9691,499.9691,0.0009999999
0.0009999999,499.9691,207463.66,0.19950053,,0.2,,143.17712,90298,0.0009999999,-108.18253,,4932.810510635376,16.543966,-0.2,9.25061e-11,0.0009999999,,11,0.1,1449,37.014595,15.774536,inf,1449,,,62.317460317460316,625,inf,0.1,,-138.17712,15.516274,-499.9691,499.9691,0.0009999999
0.0009999999,499.9691,207577.4,0.30049613,,0.2,,143.15683,90312,0.0009999999,-108.758644,,4937.491821527481,16.408857,-0.2,9.237854e-11,0.0009999999,,11,0.1,1450,37.014595,15.773847,inf,1450,,,62.284137931034486,625,inf,0.2,,-138.15683,15.516199,-499.9691,499.9691,0.0009999999
0.0009999999,499.9691,207691.62,-0.002131641,,0.2,,143.13689,90327,0.0009999999,-109.22065,,4942.348839759827,15.700182,-0.1,9.225126e-11,0.0009999999,,11,0.1,1451,37.014595,15.773157,inf,1451,,,62.25155065472088,625,inf,-0.2,,-138.13689,15.515638,-499.9691,499.9691,0.0009999999
0.0009999999,499.9691,207821.72,0.100948736,,0.2,,143.1279,90366,0.0009999999,-125.106834,,4947.253798961639,14.325153,-0.1,9.212424e-11,0.0009999999,,11,0.1,1452,37.014595,15.772469,inf,1452,,,62.235537190082646,625,inf,-0.1,,-138.1279,15.51413,-499.9691,499.9691,0.0009999999
0.0009999999,499.9691,207940.38,0.20026414,,0.2,,143.11107,90384,0.0009999999,-113.65221,,4952.292796373367,13.840324,-0.1,9.199747e-11,0.0009999999,,11,0.1,1453,37.014595,15.77178,inf,1453,,,62.205092911218166,625,inf,,,-138.11107,15.512286,-499.9691,499.9691,0.0009999999
0.0009999999,499.9691,208061.7,0.30176032,,0.2,,143.09608,90405,0.0009999999,-116.32773,,4957.419504404068,15.270323,-0.1,9.1870976e-11,0.0009999999,,11,0.1,1454,37.014595,15.771091,inf,1454,,,62.1767537826685,625,inf,0.1,,-138.09608,15.511434,-499.9691,499.9691,0.0009999999
0.0009999999,499.9691,208177.75,0.3994066,,0.2,,143.07748,90421,0.0009999999,-111.04838,,4962.600672245026,15.576053,-0.1,9.174474e-11,0.0009999999,,11,0.1,1455,37.014595,15.770404,inf,1455,,,62.14501718213059,625,inf,0.2,,-138.07748,15.510793,-499.9691,499.9691,0.0009999999
0.0009999999,499.9691,208297.9,0.09933379,,0.2,,143.06175,90440,0.0009999999,-115.13116,,4967.998527288437,14.711301,,9.1618754e-11,0.0009999999,,11,0.1,1456,37.014595,15.769717,inf,1456,,,62.11538461538461,625,inf,-0.2,,-138.06175,15.509557,-499.9691,499.9691,0.0009999999
0.0009999999,499.9691,208408.23,0.20156476,,0.2,,143.03928,90462,0.0009999999,-105.334045,,4973.436165332794,15.282487,,9.1493035e-11,0.0009999999,,11,0.1,1457,37.014595,15.769031,inf,1457,,,62.08785175017159,625,inf,-0.1,,-138.03928,15.508718,-499.9691,499.9691,0.0009999999
0.0009999999,499.9691,208534.23,0.30104923,,0.2,,143.0276,90485,0.0009999999,-121.00159,,4978.491206645966,14.720558,,9.136757e-11,0.0009999999,,11,0.1,1458,37.014595,15.768345,inf,1458,,,62.06104252400549,625,inf,,,-138.0276,15.507488,-499.9691,499.9691,0.0009999999
0.0009999999,499.9691,208695.52,0.40458372,,0.2,,143.0401,90544,0.0009999999,-156.28178,,4983.858205795288,16.023495,,9.124236e-11,0.0009999999,,11,0.1,1459,37.014595,15.767659,inf,1459,,,62.05894448252228,625,inf,0.1,,-138.0401,15.507156,-499.9691,499.9691,0.0009999999
0.0009999999,499.9691,208824.4,0.49937877,,0.2,,143.03041,90571,0.0009999999,-123.88548,,4989.351015090942,13.282927,,9.111742e-11,0.0009999999,,11,0.1,1460,37.014595,15.7669735,inf,1460,,,62.03493150684932,625,inf,0.2,,-138.03041,15.50495,-499.9691,499.9691,0.0009999999
0.0009999999,499.9691,208948.47,0.19945681,,0.2,,143.01743,90593,0.0009999999,-119.08014,,4994.730052471161,15.317215,0.1,9.0992734e-11,0.0009999999,,11,0.1,1461,37.014595,15.766289,inf,1461,,,62.007529089664615,625,inf,-0.2,,-138.01743,15.504135,-499.9691,499.9691,0.0009999999
0.0009999999,499.9691,209070.94,0.29960835,,0.2,,143.00337,90614,0.0009999999,-117.46476,,4999.92266869545,15.883624,0.1,9.086829e-11,0.0009999999,,11,0.1,1462,37.014595,15.765605,inf,1462,,,61.97948016415869,625,inf,-0.1,,-138.00337,15.503714,-499.9691,499.9691,0.0009999999
0.0009999999,499.9691,209191.5,0.3967963,,0.2,,142.98804,90634,0.0009999999,-115.554375,,5004.922273635864,15.656597,0.1,9.0744114e-11,0.0009999999,,11,0.1,1463,37.014595,15.764921,inf,1463,,,61.95078605604921,625,inf,,,-137.98804,15.503133,-499.9691,499.9691,0.0009999999
0.0009999999,499.9691,209316.1,0.50235486,,0.2,,142.97548,90660,0.0009999999,-119.592476,,5010.132163286209,14.693337,0.1,9.062019e-11,0.0009999999,,11,0.1,1464,37.014595,15.764237,inf,1464,,,61.92622950819672,625,inf,0.1,,-137.97548,15.501899,-499.9691,499.9691,0.0009999999
0.0009999999,499.9691,209437.62,0.60261416,,0.2,,142.96083,90680,0.0009999999,-116.53155,,5015.360674619675,15.526216,0.1,9.049652e-11,0.0009999999,,11,0.1,1465,37.014595,15.763555,inf,1465,,,61.89761092150171,625,inf,0.2,,-137.96083,15.501232,-499.9691,499.9691,0.0009999999
0.0009999999,499.9691,209551.03,0.2998178,,0.2,,142.94067,90693,0.0009999999,-108.40879,,5021.177853345871,13.189348,0.2,9.03731e-11,0.0009999999,,11,0.1,1466,37.014595,15.762873,inf,1466,,,61.86425648021828,625,inf,-0.2,,-137.94067,15.498972,-499.9691,499.9691,0.0009999999
0.0009999999,499.9691,209661.52,0.4016506,,0.2,,142.91855,90704,0.0009999999,-105.49068,,5026.895275115967,14.054875,0.2,9.024995e-11,0.0009999999,,11,0.1,1467,37.014595,15.762191,inf,1467,,,61.82958418541241,625,inf,-0.1,,-137.91855,15.49731,-499.9691,499.9691,0.0009999999
0.0009999999,499.9691,209774.92,0.5002196,,0.2,,142.89845,90719,0.0009999999,-108.4011,,5032.415677547455,14.303814,0.2,9.012703e-11,0.0009999999,,11,0.1,1468,37.014595,15.761509,inf,1468,,,61.79768392370572,625,inf,,,-137.89845,15.495811,-499.9691,499.9691,0.0009999999
0.0009999999,499.9691,209896.98,0.60100704,,0.2,,142.88426,90740,0.0009999999,-117.06554,,5038.1896276474,14.49235,0.2,9.000437e-11,0.0009999999,,11,0.1,1469,37.014595,15.760828,inf,1469,,,61.769911504424776,625,inf,0.1,,-137.88426,15.494448,-499.9691,499.9691,0.0009999999
0.0009999999,499.9691,210017.0,0.70108855,,0.2,,142.86871,90759,0.0009999999,-115.02984,,5043.731219053268,15.231292,0.2,8.9881956e-11,0.0009999999,,11,0.1,1470,37.014595,15.760148,inf,1470,,,61.74081632653061,625,inf,0.2,,-137.86871,15.49359,-499.9691,499.9691,0.0009999999
0.0009999999,499.9691,210134.72,-0.29686877,,-0.2,,142.85161,90777,0.0009999999,-112.699646,,5049.220804691315,14.306416,-0.2,8.975979e-11,0.0009999999,,11,0.2,1471,37.014595,15.759468,inf,1471,,,61.711080897348744,625,inf,-0.1,,-137.85161,15.492103,-499.9691,499.9691,0.0009999999
0.0009999999,499.9691,210253.38,-0.09767774,,-0.2,,142.83517,90796,0.0009999999,-113.66305,,5054.346641302109,14.956552,-0.2,8.963788e-11,0.0009999999,,11,0.2,1472,37.014595,15.758788,inf,1472,,,61.682065217391305,625,inf,0.1,,-137.83517,15.491062,-499.9691,499.9691,0.0009999999
0.0009999999,499.9691,210372.7,-0.29845053,,-0.2,,142.81921,90820,0.0009999999,-114.32697,,5059.791941404343,10.315524,-0.1,8.9516214e-11,0.0009999999,,11,0.2,1473,37.014595,15.758109,inf,1473,,,61.656483367277666,625,inf,-0.2,,-137.81921,15.486868,-499.9691,499.9691,0.0009999999
0.0009999999,499.9691,210486.5,-0.19924602,,-0.2,,142.79953,90848,0.0009999999,-108.800606,,5065.596542835236,15.163007,-0.1,8.93948e-11,0.0009999999,,11,0.2,1474,37.014595,15.75743,inf,1474,,,61.6336499321574,625,inf,-0.1,,-137.79953,15.4859705,-499.9691,499.9691,0.0009999999
0.0009999999,499.9691,210597.06,-0.09927298,,-0.2,,142.77766,90863,0.0009999999,-105.55358,,5071.279634237289,13.080545,-0.1,8.9273616e-11,0.0009999999,,11,0.2,1475,37.014595,15.756752,inf,1475,,,61.60203389830509,625,inf,,,-137.77766,15.48366,-499.9691,499.9691,0.0009999999
0.0009999999,499.9691,210720.97,0.0014645234,,-0.2,,142.76488,90885,0.0009999999,-118.90333,,5076.754274368286,16.552385,-0.1,8.91527e-11,0.0009999999,,11,0.2,1476,37.014595,15.756075,inf,1476,,,61.57520325203252,625,inf,0.1,,-137.76488,15.48371,-499.9691,499.9691,0.0009999999
0.0009999999,499.9691,210851.44,0.10062001,,-0.2,,142.75656,90920,0.0009999999,-125.48793,,5082.385934829712,16.127443,-0.1,8.903201e-11,0.0009999999,,11,0.2,1477,37.014595,15.755397,inf,1477,,,61.5572105619499,625,inf,0.2,,-137.75656,15.483468,-499.9691,499.9691,0.0009999999
0.0009999999,499.9691,210964.75,-0.09900367,,-0.2,,142.73663,90935,0.0009999999,-108.298355,,5087.798429012299,15.2772255,,8.8911586e-11,0.0009999999,,11,0.2,1478,37.014595,15.754721,inf,1478,,,61.52571041948579,625,inf,-0.1,,-137.73663,15.482652,-499.9691,499.9691,0.0009999999
0.0009999999,499.9691,211081.47,0.09921708,,-0.2,,142.71904,90958,0.0009999999,-111.732155,,5093.432451248169,14.100321,,8.8791384e-11,0.0009999999,,11,0.2,1479,37.014595,15.754044,inf,1479,,,61.49966193373901,625,inf,0.1,,-137.71904,15.481041,-499.9691,499.9691,0.0009999999
0.0009999999,499.9691,211233.39,-0.10477556,,-0.2,,142.72527,91014,0.0009999999,-146.91899,,5098.888598203659,13.617828,0.1,8.867144e-11,0.0009999999,,11,0.2,1480,37.014595,15.753368,inf,1480,,,61.49594594594595,625,inf,-0.2,,-137.72527,15.479108,-499.9691,499.9691,0.0009999999
0.0009999999,499.9691,211343.31,0.00015026331,,-0.2,,142.70311,91039,0.0009999999,-104.93058,,5104.0434029102325,12.569528,0.1,8.8551735e-11,0.0009999999,,11,0.2,1481,37.014595,15.752692,inf,1481,,,61.471303173531396,625,inf,-0.1,,-137.70311,15.476467,-499.9691,499.9691,0.0009999999
0.0009999999,499.9691,211452.84,0.09770777,,-0.2,,142.68073,91062,0.0009999999,-104.52556,,5109.34693312645,14.3303585,0.1,8.843227e-11,0.0009999999,,11,0.2,1482,37.014595,15.752018,inf,1482,,,61.445344129554655,625,inf,,,-137.68073,15.475019,-499.9691,499.9691,0.0009999999
0.0009999999,499.9691,211569.03,0.19847873,,-0.2,,142.66287,91078,0.0009999999,-111.18466,,5114.514456748962,9.1973915,0.1,8.831305e-11,0.0009999999,,11,0.2,1483,37.014595,15.751343,inf,1483,,,61.414699932569114,625,inf,0.1,,-137.66287,15.470115,-499.9691,499.9691,0.0009999999
0.0009999999,499.9691,211696.66,0.29913896,,-0.2,,142.65274,91114,0.0009999999,-122.615295,,5119.5419318675995,14.448164,0.1,8.819407e-11,0.0009999999,,11,0.2,1484,37.014595,15.7506695,inf,1484,,,61.397574123989216,625,inf,0.2,,-137.65274,15.46875,-499.9691,499.9691,0.0009999999
0.0009999999,499.9691,211828.69,0.09691397,,-0.2,,142.64558,91145,0.0009999999,-127.035065,,5124.482407808304,15.310142,0.2,8.807533e-11,0.0009999999,,11,0.2,1485,37.014595,15.749995,inf,1485,,,61.377104377104374,625,inf,-0.1,,-137.64558,15.467973,-499.9691,499.9691,0.0009999999
0.0009999999,499.9691,211948.5,0.29692966,,-0.2,,142.63022,91164,0.0009999999,-114.81935,,5129.081862926483,13.846103,0.2,8.795682e-11,0.0009999999,,11,0.2,1486,37.014595,15.749322,inf,1486,,,61.3485868102288,625,inf,0.1,,-137.63022,15.466206,-499.9691,499.9691,0.0009999999
0.0009999999,499.9691,212070.67,-0.30068302,,-0.1,,142.61646,91185,0.0009999999,-117.16658,,5133.813292503357,15.115322,-0.2,8.783857e-11,0.0009999999,,11,0.2,1487,37.014595,15.74865,inf,1487,,,61.32145258910558,625,inf,-0.2,,-137.61646,15.465299,-499.9691,499.9691,0.0009999999
0.0009999999,499.9691,212200.78,-0.19744086,,-0.1,,142.60805,91236,0.0009999999,-125.11239,,5138.830835819244,16.381104,-0.2,8.7720546e-11,0.0009999999,,11,0.2,1488,37.014595,15.747977,inf,1488,,,61.314516129032256,625,inf,-0.1,,-137.60805,15.4652405,-499.9691,499.9691,0.0009999999
0.0009999999,499.9691,212311.03,-0.10181938,,-0.1,,142.58632,91254,0.0009999999,-105.24566,,5143.841946840286,12.514895,-0.2,8.760276e-11,0.0009999999,,11,0.2,1489,37.014595,15.747306,inf,1489,,,61.28542646071189,625,inf,,,-137.58632,15.462591,-499.9691,499.9691,0.0009999999
0.0009999999,499.9691,212420.97,0.0005760044,,-0.1,,142.5644,91276,0.0009999999,-104.93173,,5148.734813451767,15.658641,-0.2,8.748521e-11,0.0009999999,,11,0.2,1490,37.014595,15.7466345,inf,1490,,,61.25906040268456,625,inf,0.1,,-137.5644,15.462047,-499.9691,499.9691,0.0009999999
0.0009999999,499.9691,212540.1,0.09913624,,-0.1,,142.54869,91294,0.0009999999,-114.11354,,5153.615941762924,15.701198,-0.2,8.73679e-11,0.0009999999,,11,0.2,1491,37.014595,15.745963,inf,1491,,,61.23004694835681,625,inf,0.2,,-137.54869,15.461538,-499.9691,499.9691,0.0009999999
0.0009999999,499.9691,212655.9,-0.19880407,,-0.1,,142.53076,91312,0.0009999999,-110.83694,,5158.351572275162,16.152287,-0.1,8.7250825e-11,0.0009999999,,11,0.2,1492,37.014595,15.745293,inf,1492,,,61.20107238605898,625,inf,-0.2,,-137.53076,15.461331,-499.9691,499.9691,0.0009999999
0.0009999999,499.9691,212768.0,-0.098198086,,-0.1,,142.51038,91325,0.0009999999,-107.08447,,5163.225222349167,15.471751,-0.1,8.713398e-11,0.0009999999,,11,0.2,1493,37.014595,15.744622,inf,1493,,,61.1687876758205,625,inf,-0.1,,-137.51038,15.46067,-499.9691,499.9691,0.0009999999
0.0009999999,499.9691,212884.97,0.0007414947,,-0.1,,142.49329,91345,0.0009999999,-111.96268,,5168.108325958252,15.386771,-0.1,8.701737e-11,0.0009999999,,11,0.2,1494,37.014595,15.743953,inf,1494,,,61.141231593038825,625,inf,,,-137.49329,15.4599495,-499.9691,499.9691,0.0009999999
0.0009999999,499.9691,213002.66,0.10148698,,-0.1,,142.4767,91373,0.0009999999,-112.69652,,5173.246070861816,15.727396,-0.1,8.6901e-11,0.0009999999,,11,0.2,1495,37.014595,15.743284,inf,1495,,,61.1190635451505,625,inf,0.1,,-137.4767,15.459464,-499.9691,499.9691,0.0009999999
0.0009999999,499.9691,213131.28,0.19808024,,-0.1,,142.46744,91400,0.0009999999,-123.60595,,5178.568981409073,12.280187,-0.1,8.678486e-11,0.0009999999,,11,0.2,1496,37.014595,15.742616,inf,1496,,,61.096256684491976,625,inf,0.2,,-137.46744,15.456668,-499.9691,499.9691,0.0009999999
0.0009999999,499.9691,213261.84,-0.097772054,,-0.1,,142.45949,91430,0.0009999999,-125.58059,,5183.884071588516,15.800106,,8.666896e-11,0.0009999999,,11,0.2,1497,37.014595,15.741947,inf,1497,,,61.07548430193721,625,inf,-0.2,,-137.45949,15.45623,-499.9691,499.9691,0.0009999999
0.0009999999,499.9691,213375.62,0.0013370663,,-0.1,,142.44034,91486,0.0009999999,-108.77915,,5189.475960969925,15.690329,,8.655328e-11,0.0009999999,,11,0.2,1498,37.014595,15.74128,inf,1498,,,61.0720961281709,625,inf,-0.1,,-137.44034,15.455718,-499.9691,499.9691,0.0009999999
0.0009999999,499.9691,213492.81,0.10125351,,-0.1,,142.4235,91512,0.0009999999,-112.19622,,5194.511825084686,16.395424,,8.643784e-11,0.0009999999,,11,0.2,1499,37.014595,15.740612,inf,1499,,,61.04869913275517,625,inf,,,-137.4235,15.455679,-499.9691,499.9691,0.0009999999
0.0009999999,499.9691,213669.36,0.20131506,,-0.1,,142.44624,91598,0.0009999999,-171.53719,,5199.722709417343,15.048055,,8.632262e-11,0.0009999999,,11,0.2,1500,37.014595,15.739945,inf,1500,,,61.065333333333335,625,inf,0.1,,-137.44624,15.454742,-499.9691,499.9691,0.0009999999
0.0009999999,499.9691,213789.84,0.29806203,,-0.1,,142.43161,91617,0.0009999999,-115.482574,,5204.770681858063,15.8076515,,8.6207645e-11,0.0009999999,,11,0.2,1501,37.014595,15.739279,inf,1501,,,61.03730846102598,625,inf,0.2,,-137.43161,15.454309,-499.9691,499.9691,0.0009999999
0.0009999999,499.9691,213907.75,0.0016712844,,-0.1,,142.41528,91634,0.0009999999,-112.909225,,5209.686291217804,14.70147,0.1,8.60929e-11,0.0009999999,,11,0.2,1502,37.014595,15.738612,inf,1502,,,61.007989347536615,625,inf,-0.2,,-137.41528,15.45314,-499.9691,499.9691,0.0009999999
0.0009999999,499.9691,214018.62,0.10014029,,-0.1,,142.3943,91649,0.0009999999,-105.877945,,5214.587163448334,13.626984,0.1,8.597836e-11,0.0009999999,,11,0.2,1503,37.014595,15.737947,inf,1503,,,60.977378576180975,625,inf,-0.1,,-137.3943,15.4512615,-499.9691,499.9691,0.0009999999
0.0009999999,499.9691,214131.02,0.20206805,,-0.1,,142.37434,91669,0.0009999999,-107.384895,,5219.409315824509,16.034264,0.1,8.5864066e-11,0.0009999999,,11,0.2,1504,37.014595,15.737282,inf,1504,,,60.9501329787234,625,inf,,,-137.37434,15.450988,-499.9691,499.9691,0.0009999999
0.0009999999,499.9691,214254.94,0.3002318,,-0.1,,142.36209,91703,0.0009999999,-118.92434,,5225.047558069229,14.892535,0.1,8.575001e-11,0.0009999999,,11,0.2,1505,37.014595,15.736617,inf,1505,,,60.93222591362126,625,inf,0.1,,-137.36209,15.449949,-499.9691,499.9691,0.0009999999
0.0009999999,499.9691,214382.72,0.40154338,,-0.1,,142.3524,91730,0.0009999999,-122.781815,,5230.750113248825,15.965966,0.1,8.5636165e-11,0.0009999999,,11,0.2,1506,37.014595,15.735953,inf,1506,,,60.90969455511288,625,inf,0.2,,-137.3524,15.449629,-499.9691,499.9691,0.0009999999
0.0009999999,499.9691,214504.75,0.10029659,,-0.1,,142.33891,91751,0.0009999999,-117.03171,,5236.307007074356,16.068495,0.2,8.552255e-11,0.0009999999,,11,0.2,1507,37.014595,15.73529,inf,1507,,,60.88321167883212,625,inf,-0.2,,-137.33891,15.449377,-499.9691,499.9691,0.0009999999
0.0009999999,499.9691,214617.81,0.19918585,,-0.1,,142.3195,91770,0.0009999999,-108.06391,,5242.502603292465,15.605348,0.2,8.5409166e-11,0.0009999999,,11,0.2,1508,37.014595,15.734626,inf,1508,,,60.855437665782496,625,inf,-0.1,,-137.3195,15.448817,-499.9691,499.9691,0.0009999999
0.0009999999,499.9691,214727.81,0.29938674,,-0.1,,142.29808,91785,0.0009999999,-104.98658,,5248.3913633823395,15.428844,0.2,8.5296e-11,0.0009999999,,11,0.2,1509,37.014595,15.733963,inf,1509,,,60.82504970178926,625,inf,,,-137.29808,15.448142,-499.9691,499.9691,0.0009999999
0.0009999999,499.9691,214844.22,0.39934862,,-0.1,,142.28094,91806,0.0009999999,-111.41096,,5254.157222032547,15.983861,0.2,8.518306e-11,0.0009999999,,11,0.2,1510,37.014595,15.7333,inf,1510,,,60.798675496688745,625,inf,0.1,,-137.28094,15.447833,-499.9691,499.9691,0.0009999999
0.0009999999,499.9691,214965.06,0.5002619,,-0.1,,142.26675,91826,0.0009999999,-115.849754,,5259.794462442398,15.662683,0.2,8.507035e-11,0.0009999999,,11,0.2,1511,37.014595,15.732638,inf,1511,,,60.771674387822635,625,inf,0.2,,-137.26675,15.447316,-499.9691,499.9691,0.0009999999
0.0009999999,499.9691,215078.62,-0.09981698,,,,142.24777,91840,0.0009999999,-108.55606,,5265.683098077774,15.987832,-0.2,8.495786e-11,0.0009999999,,11,0.2,1512,37.014595,15.7319765,inf,1512,,,60.74074074074074,625,inf,-0.1,,-137.24777,15.44701,-499.9691,499.9691,0.0009999999
0.0009999999,499.9691,215201.08,0.096884675,,,,142.23468,91870,0.0009999999,-117.45691,,5271.720902919769,16.308979,-0.2,8.484559e-11,0.0009999999,,11,0.2,1513,37.014595,15.731316,inf,1513,,,60.72042300066094,625,inf,0.1,,-137.23468,15.446919,-499.9691,499.9691,0.0009999999
0.0009999999,499.9691,215313.44,-0.1009071,,,,142.21495,91884,0.0009999999,-107.355156,,5277.34200835228,14.812131,-0.1,8.473355e-11,0.0009999999,,11,0.2,1514,37.014595,15.730655,inf,1514,,,60.689564068692206,625,inf,-0.2,,-137.21495,15.44584,-499.9691,499.9691,0.0009999999
0.0009999999,499.9691,215423.28,-0.0036055967,,,,142.19359,91896,0.0009999999,-104.86165,,5283.0189373493195,15.627444,-0.1,8.4621726e-11,0.0009999999,,11,0.2,1515,37.014595,15.729995,inf,1515,,,60.657425742574254,625,inf,-0.1,,-137.19359,15.445299,-499.9691,499.9691,0.0009999999
0.0009999999,499.9691,215533.38,0.09784303,,,,142.17241,91908,0.0009999999,-105.09608,,5288.33839225769,11.845473,-0.1,8.451013e-11,0.0009999999,,11,0.2,1516,37.014595,15.729335,inf,1516,,,60.62532981530343,625,inf,,,-137.17241,15.4422655,-499.9691,499.9691,0.0009999999
0.0009999999,499.9691,215663.69,0.20052972,,,,142.1646,91952,0.0009999999,-125.28865,,5293.7591960430145,14.871561,-0.1,8.439874e-11,0.0009999999,,11,0.2,1517,37.014595,15.728676,inf,1517,,,60.614370468029,625,inf,0.1,,-137.1646,15.441231,-499.9691,499.9691,0.0009999999
0.0009999999,499.9691,215779.4,0.29742798,,,,142.14717,91969,0.0009999999,-110.72583,,5298.7886283397675,11.114465,-0.1,8.428758e-11,0.0009999999,,11,0.2,1518,37.014595,15.728017,inf,1518,,,60.58563899868248,625,inf,0.2,,-137.14717,15.437724,-499.9691,499.9691,0.0009999999
0.0009999999,499.9691,215909.98,0.09883702,,,,142.13956,91997,0.0009999999,-125.58286,,5304.177109241486,14.024134,,8.417664e-11,0.0009999999,,11,0.2,1519,37.014595,15.727358,inf,1519,,,60.564186965108625,625,inf,-0.1,,-137.13956,15.436133,-499.9691,499.9691,0.0009999999
0.0009999999,499.9691,216029.92,0.30232796,,,,142.12495,92016,0.0009999999,-114.93313,,5309.853333711624,15.5668125,,8.4065914e-11,0.0009999999,,11,0.2,1520,37.014595,15.7267,inf,1520,,,60.536842105263155,625,inf,0.1,,-137.12495,15.435562,-499.9691,499.9691,0.0009999999
0.0009999999,499.9691,216153.81,0.09959726,,,,142.11296,92042,0.0009999999,-118.89251,,5315.364054918289,14.291193,0.1,8.395542e-11,0.0009999999,,11,0.2,1521,37.014595,15.726042,inf,1521,,,60.51413543721236,625,inf,-0.2,,-137.11296,15.434153,-499.9691,499.9691,0.0009999999
0.0009999999,499.9691,216263.5,0.19955692,,,,142.09166,92060,0.0009999999,-104.688416,,5320.605711936951,15.695352,0.1,8.3845125e-11,0.0009999999,,11,0.2,1522,37.014595,15.725385,inf,1522,,,60.486202365308806,625,inf,-0.1,,-137.09166,15.433665,-499.9691,499.9691,0.0009999999
0.0009999999,499.9691,216379.03,0.29885763,,,,142.07422,92078,0.0009999999,-110.52904,,5325.62623333931,14.956578,0.1,8.3735074e-11,0.0009999999,,11,0.2,1523,37.014595,15.724729,inf,1523,,,60.45830597504924,625,inf,,,-137.07422,15.432698,-499.9691,499.9691,0.0009999999
0.0009999999,499.9691,216498.53,0.40263808,,,,142.0594,92100,0.0009999999,-114.50439,,5330.594976902008,16.088049,0.1,8.362522e-11,0.0009999999,,11,0.2,1524,37.014595,15.7240715,inf,1524,,,60.43307086614173,625,inf,0.1,,-137.0594,15.432472,-499.9691,499.9691,0.0009999999
0.0009999999,499.9691,216616.03,0.50490224,,,,142.0433,92117,0.0009999999,-112.50606,,5335.413971662521,15.561932,0.1,8.351558e-11,0.0009999999,,11,0.2,1525,37.014595,15.723415,inf,1525,,,60.40459016393443,625,inf,0.2,,-137.0433,15.431901,-499.9691,499.9691,0.0009999999
0.0009999999,499.9691,216762.81,0.29838666,,,,142.0464,92164,0.0009999999,-141.76329,,5340.321333646774,12.544896,0.2,8.340616e-11,0.0009999999,,11,0.2,1526,37.014595,15.72276,inf,1526,,,60.395806028833555,625,inf,-0.1,,-137.0464,15.429352,-499.9691,499.9691,0.0009999999
0.0009999999,499.9691,216874.11,0.50245804,,,,142.02626,92179,0.0009999999,-106.30667,,5345.119119644165,15.679163,0.2,8.329695e-11,0.0009999999,,11,0.2,1527,37.014595,15.722105,inf,1527,,,60.366077275703994,625,inf,0.1,,-137.02626,15.428863,-499.9691,499.9691,0.0009999999
0.0009999999,499.9691,216988.55,-0.09886311,,0.1,,142.00821,92193,0.0009999999,-109.44025,,5349.877905368805,15.722652,-0.2,8.318796e-11,0.0009999999,,11,0.2,1528,37.014595,15.721451,inf,1528,,,60.335732984293195,625,inf,-0.2,,-137.00821,15.428402,-499.9691,499.9691,0.0009999999
0.0009999999,499.9691,217099.88,0.0029869229,,0.1,,141.98814,92206,0.0009999999,-106.32346,,5354.797940015793,15.547749,-0.2,8.307918e-11,0.0009999999,,11,0.2,1529,37.014595,15.720797,inf,1529,,,60.30477436232832,625,inf,-0.1,,-136.98814,15.427824,-499.9691,499.9691,0.0009999999
0.0009999999,499.9691,217208.62,0.101737574,,0.1,,141.96642,92226,0.0009999999,-103.74164,,5359.937938690186,13.77281,-0.2,8.297062e-11,0.0009999999,,11,0.2,1530,37.014595,15.720142,inf,1530,,,60.27843137254902,625,inf,,,-136.96642,15.426089,-499.9691,499.9691,0.0009999999
0.0009999999,499.9691,217325.53,0.20273864,,0.1,,141.95006,92242,0.0009999999,-111.90657,,5364.930205821991,14.8910475,-0.2,8.2862266e-11,0.0009999999,,11,0.2,1531,37.014595,15.719489,inf,1531,,,60.249510124101896,625,inf,0.1,,-136.95006,15.425089,-499.9691,499.9691,0.0009999999
0.0009999999,499.9691,217444.56,0.29642886,,0.1,,141.93509,92260,0.0009999999,-114.02853,,5369.951369762421,14.454559,-0.2,8.275412e-11,0.0009999999,,11,0.2,1532,37.014595,15.718836,inf,1532,,,60.221932114882506,625,inf,0.2,,-136.93509,15.423799,-499.9691,499.9691,0.0009999999
0.0009999999,499.9691,217567.97,8.5651875e-05,,0.1,,141.923,92287,0.0009999999,-118.41719,,5375.006664514542,13.236822,-0.1,8.26462e-11,0.0009999999,,11,0.2,1533,37.014595,15.7181835,inf,1533,,,60.20026092628832,625,inf,-0.2,,-136.923,15.421722,-499.9691,499.9691,0.0009999999
0.0009999999,499.9691,217677.88,0.1014668,,0.1,,141.90213,92303,0.0009999999,-104.90649,,5379.959164857864,15.98525,-0.1,8.253848e-11,0.0009999999,,11,0.2,1534,37.014595,15.717531,inf,1534,,,60.17144719687093,625,inf,-0.1,,-136.90213,15.421439,-499.9691,499.9691,0.0009999999
0.0009999999,499.9691,217789.55,0.20071308,,0.1,,141.88245,92332,0.0009999999,-106.67184,,5385.08802485466,16.270393,-0.1,8.243098e-11,0.0009999999,,11,0.2,1535,37.014595,15.71688,inf,1535,,,60.15114006514658,625,inf,,,-136.88245,15.421341,-499.9691,499.9691,0.0009999999
0.0009999999,499.9691,217901.94,0.3025219,,0.1,,141.86324,92346,0.0009999999,-107.39702,,5389.687349796295,15.143642,-0.1,8.2323676e-11,0.0009999999,,11,0.2,1536,37.014595,15.7162285,inf,1536,,,60.12109375,625,inf,0.1,,-136.86324,15.420508,-499.9691,499.9691,0.0009999999
0.0009999999,499.9691,218028.56,0.40079314,,0.1,,141.85333,92373,0.0009999999,-121.61064,,5394.660001277924,15.396894,-0.1,8.221659e-11,0.0009999999,,11,0.2,1537,37.014595,15.715578,inf,1537,,,60.099544567338974,625,inf,0.2,,-136.85333,15.419845,-499.9691,499.9691,0.0009999999
0.0009999999,499.9691,218158.88,0.09886095,,0.1,,141.84583,92404,0.0009999999,-125.33287,,5400.063898324966,13.941395,,8.210971e-11,0.0009999999,,11,0.2,1538,37.014595,15.714928,inf,1538,,,60.08062418725618,625,inf,-0.2,,-136.84583,15.41823,-499.9691,499.9691,0.0009999999
0.0009999999,499.9691,218283.28,0.20093696,,0.1,,141.83449,92448,0.0009999999,-119.40542,,5405.493993520737,15.645304,,8.2003036e-11,0.0009999999,,11,0.2,1539,37.014595,15.714277,inf,1539,,,60.07017543859649,625,inf,-0.1,,-136.83449,15.417728,-499.9691,499.9691,0.0009999999
0.0009999999,499.9691,218393.25,0.30204102,,0.1,,141.8138,92464,0.0009999999,-104.9587,,5410.703167676926,14.398084,,8.189657e-11,0.0009999999,,11,0.2,1540,37.014595,15.713628,inf,1540,,,60.04155844155844,625,inf,,,-136.8138,15.416419,-499.9691,499.9691,0.0009999999
0.0009999999,499.9691,218522.47,0.40175697,,0.1,,141.80562,92491,0.0009999999,-124.20978,,5415.825229644775,15.309731,,8.1790325e-11,0.0009999999,,11,0.2,1541,37.014595,15.712978,inf,1541,,,60.02011680726801,625,inf,0.1,,-136.80562,15.415697,-499.9691,499.9691,0.0009999999
0.0009999999,499.9691,218637.4,0.4995245,,0.1,,141.78821,92506,0.0009999999,-109.94837,,5421.597463846207,16.155397,,8.168427e-11,0.0009999999,,11,0.2,1542,37.014595,15.71233,inf,1542,,,59.99092088197146,625,inf,0.2,,-136.78821,15.41553,-499.9691,499.9691,0.0009999999
0.0009999999,499.9691,218785.31,0.20171392,,0.1,,141.79216,92553,0.0009999999,-142.90657,,5427.170686483383,14.693508,0.1,8.1578425e-11,0.0009999999,,11,0.2,1543,37.014595,15.711681,inf,1543,,,59.98250162022035,625,inf,-0.2,,-136.79216,15.414417,-499.9691,499.9691,0.0009999999
0.0009999999,499.9691,218895.56,0.30118236,,0.1,,141.77174,92570,0.0009999999,-105.23999,,5432.7941908836365,12.954848,0.1,8.1472794e-11,0.0009999999,,11,0.2,1544,37.014595,15.711034,inf,1544,,,59.954663212435236,625,inf,-0.1,,-136.77174,15.412174,-499.9691,499.9691,0.0009999999
0.0009999999,499.9691,219009.88,0.39994603,,0.1,,141.75397,92599,0.0009999999,-109.30235,,5438.542165517807,15.79888,0.1,8.136735e-11,0.0009999999,,11,0.2,1545,37.014595,15.710386,inf,1545,,,59.93462783171521,625,inf,,,-136.75397,15.411777,-499.9691,499.9691,0.0009999999
0.0009999999,499.9691,219130.72,0.49916154,,0.1,,141.74043,92619,0.0009999999,-115.861305,,5444.225590229034,14.301507,0.1,8.126213e-11,0.0009999999,,11,0.2,1546,37.014595,15.70974,inf,1546,,,59.908796895213456,625,inf,0.1,,-136.74043,15.410414,-499.9691,499.9691,0.0009999999
0.0009999999,499.9691,219257.47,0.5995933,,0.1,,141.73074,92645,0.0009999999,-121.7394,,5450.503464460373,16.510386,0.1,8.11571e-11,0.0009999999,,11,0.2,1547,37.014595,15.709093,inf,1547,,,59.886877828054295,625,inf,0.2,,-136.73074,15.410477,-499.9691,499.9691,0.0009999999
0.0009999999,499.9691,219379.03,0.3018533,,0.1,,141.71773,92665,0.0009999999,-116.5625,,5455.9405081272125,14.793737,0.2,8.105228e-11,0.0009999999,,11,0.2,1548,37.014595,15.7084465,inf,1548,,,59.861111111111114,625,inf,-0.2,,-136.71773,15.409434,-499.9691,499.9691,0.0009999999
0.0009999999,499.9691,219489.02,0.3984632,,0.1,,141.69724,92682,0.0009999999,-104.98553,,5461.493327617645,15.5722685,0.2,8.0947665e-11,0.0009999999,,11,0.2,1549,37.014595,15.707801,inf,1549,,,59.83344092963202,625,inf,-0.1,,-136.69724,15.408893,-499.9691,499.9691,0.0009999999
0.0009999999,499.9691,219604.02,0.4983572,,0.1,,141.68001,92698,0.0009999999,-110.0037,,5467.19055557251,15.943399,0.2,8.084325e-11,0.0009999999,,11,0.2,1550,37.014595,15.707155,inf,1550,,,59.80516129032258,625,inf,,,-136.68001,15.408595,-499.9691,499.9691,0.0009999999
0.0009999999,499.9691,219729.12,0.59986544,,0.1,,141.66933,92728,0.0009999999,-120.107,,5472.815744638443,14.263575,0.2,8.073904e-11,0.0009999999,,11,0.2,1551,37.014595,15.706511,inf,1551,,,59.785944551902,625,inf,0.1,,-136.66933,15.407212,-499.9691,499.9691,0.0009999999
0.0009999999,499.9691,219842.75,0.70055187,,0.1,,141.65126,92744,0.0009999999,-108.62606,,5478.642418384552,16.291601,0.2,8.063502e-11,0.0009999999,,11,0.2,1552,37.014595,15.705866,inf,1552,,,59.75773195876289,625,inf,0.2,,-136.65126,15.407136,-499.9691,499.9691,0.0009999999
0.0009999999,499.9691,219954.47,0.09743815,,0.2,,141.63199,92757,0.0009999999,-106.73138,,5484.375166893005,15.506502,-0.2,8.0531214e-11,0.0009999999,,11,0.2,1553,37.014595,15.705221,inf,1553,,,59.72762395363812,625,inf,-0.1,,-136.63199,15.406557,-499.9691,499.9691,0.0009999999
0.0009999999,499.9691,220064.72,0.29940897,,0.2,,141.61179,92769,0.0009999999,-105.23785,,5490.139211654663,14.759248,-0.2,8.04276e-11,0.0009999999,,11,0.2,1554,37.014595,15.704578,inf,1554,,,59.696911196911195,625,inf,0.1,,-136.61179,15.405499,-499.9691,499.9691,0.0009999999
0.0009999999,499.9691,220182.22,0.102981776,,0.2,,141.59628,92787,0.0009999999,-112.5019,,5496.041480779648,13.119336,-0.1,8.032419e-11,0.0009999999,,11,0.2,1555,37.014595,15.703935,inf,1555,,,59.67009646302251,625,inf,-0.2,,-136.59628,15.403385,-499.9691,499.9691,0.0009999999
0.0009999999,499.9691,220294.42,0.20243225,,0.2,,141.5774,92800,0.0009999999,-107.20169,,5501.365586280823,14.770892,-0.1,8.022098e-11,0.0009999999,,11,0.2,1556,37.014595,15.703292,inf,1556,,,59.6401028277635,625,inf,-0.1,,-136.5774,15.402336,-499.9691,499.9691,0.0009999999
0.0009999999,499.9691,220410.67,0.30097336,,0.2,,141.56113,92819,0.0009999999,-111.25376,,5507.025442838669,13.24455,-0.1,8.011797e-11,0.0009999999,,11,0.2,1557,37.014595,15.702649,inf,1557,,,59.614001284521514,625,inf,,,-136.56113,15.40031,-499.9691,499.9691,0.0009999999
0.0009999999,499.9691,220536.45,0.3987492,,0.2,,141.551,92850,0.0009999999,-120.78168,,5512.6638860702515,15.626244,-0.1,8.0015154e-11,0.0009999999,,11,0.2,1558,37.014595,15.702007,inf,1558,,,59.59563543003851,625,inf,0.1,,-136.551,15.39981,-499.9691,499.9691,0.0009999999
0.0009999999,499.9691,220650.86,0.50026315,,0.2,,141.53358,92866,0.0009999999,-109.410065,,5518.070993900299,15.599326,-0.1,7.9912535e-11,0.0009999999,,11,0.2,1559,37.014595,15.701365,inf,1559,,,59.56767158434894,625,inf,0.2,,-136.53358,15.399298,-499.9691,499.9691,0.0009999999
0.0009999999,499.9691,220767.23,0.30208984,,0.2,,141.51746,92883,0.0009999999,-111.37158,,5523.3725736141205,15.119853,,7.981012e-11,0.0009999999,,11,0.2,1560,37.014595,15.700725,inf,1560,,,59.54038461538462,625,inf,-0.1,,-136.51746,15.398478,-499.9691,499.9691,0.0009999999
0.0009999999,499.9691,220895.42,0.5001183,,0.2,,141.50891,92913,0.0009999999,-123.18817,,5528.702765464783,12.228396,,7.970789e-11,0.0009999999,,11,0.2,1561,37.014595,15.700084,inf,1561,,,59.52146060217809,625,inf,0.1,,-136.50891,15.395807,-499.9691,499.9691,0.0009999999
0.0009999999,499.9691,221026.5,0.3027081,,0.2,,141.50224,92947,0.0009999999,-126.06888,,5533.833664894104,13.777282,0.1,7.960587e-11,0.0009999999,,11,0.2,1562,37.014595,15.699443,inf,1562,,,59.50512163892446,625,inf,-0.2,,-136.50224,15.394133,-499.9691,499.9691,0.0009999999
0.0009999999,499.9691,221135.05,0.40096468,,0.2,,141.48116,92966,0.0009999999,-103.55278,,5538.606273889542,13.573767,0.1,7.9504035e-11,0.0009999999,,11,0.2,1563,37.014595,15.698803,inf,1563,,,59.47920665387076,625,inf,-0.1,,-136.48116,15.392324,-499.9691,499.9691,0.0009999999
0.0009999999,499.9691,221259.61,0.49804902,,0.2,,141.47034,92988,0.0009999999,-119.56202,,5543.7242431640625,16.035921,0.1,7.94024e-11,0.0009999999,,11,0.2,1564,37.014595,15.698164,inf,1564,,,59.45524296675192,625,inf,,,-136.47034,15.392098,-499.9691,499.9691,0.0009999999
0.0009999999,499.9691,221387.56,0.59815943,,0.2,,141.4617,93022,0.0009999999,-122.947716,,5548.642151594162,15.444436,0.1,7.930096e-11,0.0009999999,,11,0.2,1565,37.014595,15.697524,inf,1565,,,59.43897763578275,625,inf,0.1,,-136.4617,15.391494,-499.9691,499.9691,0.0009999999
0.0009999999,499.9691,221502.8,0.6992553,,0.2,,141.44495,93038,0.0009999999,-110.245514,,5553.295698165894,14.560941,0.1,7.9199716e-11,0.0009999999,,11,0.2,1566,37.014595,15.696886,inf,1566,,,59.41123882503193,625,inf,0.2,,-136.44495,15.390324,-499.9691,499.9691,0.0009999999
0.0009999999,499.9691,221619.7,0.50138885,,0.2,,141.42929,93057,0.0009999999,-111.90203,,5558.301653385162,11.580553,0.2,7.909866e-11,0.0009999999,,11,0.2,1567,37.014595,15.696247,inf,1567,,,59.38544990427569,625,inf,-0.1,,-136.42929,15.387258,-499.9691,499.9691,0.0009999999
0.0009999999,499.9691,221731.47,0.70123017,,0.2,,141.41037,93074,0.0009999999,-106.75673,,5563.222371339798,15.334781,0.2,7.89978e-11,0.0009999999,,11,0.2,1568,37.014595,15.695609,inf,1568,,,59.358418367346935,625,inf,0.1,,-136.41037,15.386581,-499.9691,499.9691,0.0009999999
0.0009999999,499.9691,221847.94,-0.39738515,0.9999997,-0.2,,141.39449,93091,0.0009999999,-111.49261,,5568.064731359482,15.9138,,7.889714e-11,0.0009999999,,11,-0.1,1569,37.014595,15.694972,4243.266,1569,1568.9995,,59.33142128744423,625,4214.0894,-0.1,29.17668,-136.39449,15.386282,-499.9691,499.9691,0.0009999999
0.0009999999,499.9691,221784.11,-0.19877326,0.9999995,-0.1,,141.26376,93591,0.0009999999,68.84124,,5573.924591779709,15.8588295,,7.8796664e-11,0.0009999999,,11,,1570,68.84124,15.694335,4222.666,1570,1569.9993,,59.612101910828024,625,4214.2046,-0.1,8.46127,-136.26376,15.386392,-499.9691,499.9691,0.0009999999
0.0009999999,499.9691,221751.44,-0.6013516,0.9999998,-0.2,,141.15305,94091,0.0009999999,37.67313,,5579.791430234909,14.104076,-0.1,7.869638e-11,0.0009999999,,11,-0.2,1571,68.84124,15.693698,4211.3823,1571,1570.9998,,59.892425206874606,625,4214.32,-0.1,-2.9376733,-136.15305,15.385376,-499.9691,499.9691,0.0009999999
0.0009999999,499.9691,221764.22,-0.30132562,0.9999997,-0.1,,141.07138,94591,0.0009999999,-7.786096,,5586.014227628708,15.758134,,7.859629e-11,0.0009999999,,11,-0.1,1572,68.84124,15.693062,4210.0874,1572,1571.9995,,60.17239185750636,625,4214.435,-0.1,-4.3477902,-136.07138,15.385421,-499.9691,499.9691,0.0009999999
0.0009999999,499.9691,221733.8,-0.1996751,0.9999998,,,140.96236,95091,0.0009999999,35.419548,,5591.8332805633545,16.713648,,7.849639e-11,0.0009999999,,11,-0.1,1573,68.84124,15.692426,4195.4575,1573,1572.9998,,60.452002542911636,625,4214.5503,-0.1,-19.092766,-135.96236,15.386068,-499.9691,499.9691,0.0009999999
0.0009999999,499.9691,221761.33,-0.29715908,1.0000004,-0.2,,140.8903,95591,0.0009999999,-22.533463,,5597.814095020294,15.089165,0.1,7.839668e-11,0.0009999999,,11,-0.1,1574,68.84124,15.69179,4189.0366,1574,1574.0006,,60.73125794155019,625,4214.6655,-0.1,-25.629005,-135.8903,15.385684,-499.9691,499.9691,0.0009999999
0.0009999999,499.9691,221878.1,-0.40076545,1.0000005,-0.1,,140.87498,95657,0.0009999999,-111.76844,,5603.176198720932,14.675592,0.1,7.829716e-11,0.0009999999,,11,-0.2,1575,68.84124,15.6911545,4145.4995,1575,1575.0007,,60.73460317460317,625,4214.7803,-0.2,-69.280525,-135.87498,15.385042,-499.9691,499.9691,0.0009999999
0.0009999999,499.9691,222009.5,-0.3993098,0.9999998,-0.1,,140.86897,95700,0.0009999999,-126.393684,,5608.294156074524,15.98531,,7.819783e-11,0.0009999999,,11,-0.1,1576,68.84124,15.69052,4142.3267,1576,1575.9998,,60.723350253807105,625,4214.8955,-0.2,-72.56875,-135.86897,15.385224,-499.9691,499.9691,0.0009999999
0.0009999999,499.9691,222126.19,-0.4995491,0.99999976,-0.2,,140.85364,95783,0.0009999999,-111.69902,,5613.448153018951,13.749827,,7.809869e-11,0.0009999999,,11,-0.1,1577,68.84124,15.689886,4140.7305,1577,1576.9996,,60.737476220672164,625,4215.0103,-0.2,-74.27987,-135.85364,15.383994,-499.9691,499.9691,0.0009999999
0.0009999999,499.9691,222224.31,-0.39929485,1.0,0.1,,140.82655,95842,0.0009999999,-93.114494,,5618.596282720566,16.455433,-0.1,7.799975e-11,0.0009999999,,11,-0.2,1578,68.84124,15.689252,4137.169,1578,1578.0,,60.73637515842839,625,4215.125,-0.2,-77.95622,-135.82655,15.3844795,-499.9691,499.9691,0.0009999999
0.0009999999,499.9691,222351.6,-0.100087136,0.99999976,0.2,,140.81798,95877,0.0009999999,-122.272606,,5624.273320674896,14.527962,0.1,7.790098e-11,0.0009999999,,11,-0.2,1579,68.84124,15.688619,4136.994,1579,1578.9996,,60.72007599746675,625,4215.2397,-0.2,-78.24556,-135.81798,15.383742,-499.9691,499.9691,0.0009999999
0.0009999999,499.9691,222448.28,-0.4990291,0.99999994,-0.2,,140.79005,95940,0.0009999999,-91.68782,,5630.314255952835,16.66191,-0.1,7.78024e-11,0.0009999999,,11,-0.1,1580,68.84124,15.687985,4136.09,1580,1579.9999,,60.721518987341774,625,4215.3545,-0.1,-79.26467,-135.79005,15.38436,-499.9691,499.9691,0.0009999999
0.0009999999,499.9691,222552.16,-0.4019828,1.0000005,-0.1,,140.76671,96017,0.0009999999,-98.871666,,5636.099998950958,16.519566,,7.770401e-11,0.0009999999,,11,-0.2,1581,68.84124,15.687352,4135.3975,1581,1581.0007,,60.73181530676787,625,4215.4688,-0.1,-80.071396,-135.76671,15.38488,-499.9691,499.9691,0.0009999999
0.0009999999,499.9691,222699.34,-0.20061032,1.0000004,0.2,,140.77077,96517,0.0009999999,-142.2071,,5642.508204936981,16.326775,-0.1,7.760581e-11,0.0009999999,,11,-0.1,1582,68.84124,15.68672,4135.0947,1582,1582.0006,,61.0094816687737,625,4215.5835,-0.2,-80.48888,-135.77077,15.385285,-499.9691,499.9691,0.0009999999
0.0009999999,499.9691,222809.9,-0.001303494,0.9999998,,,140.75168,96536,0.0009999999,-105.550644,,5648.029223203659,17.081621,0.2,7.750779e-11,0.0009999999,,11,-0.1,1583,68.84124,15.686089,4134.6665,1583,1582.9998,,60.982943777637395,625,4215.6978,-0.1,-81.03109,-135.75168,15.38616,-499.9691,499.9691,0.0009999999
0.0009999999,499.9691,222935.77,-0.099161,0.99999964,-0.2,,140.74228,96568,0.0009999999,-120.86467,,5653.744431018829,16.617207,0.1,7.740996e-11,0.0009999999,,11,0.1,1584,68.84124,15.685457,4134.744,1584,1583.9994,,60.964646464646464,625,4215.8125,-0.1,-81.06853,-135.74228,15.386744,-499.9691,499.9691,0.0009999999
0.0009999999,499.9691,223045.97,-0.30178618,0.9999998,,,140.723,96594,0.0009999999,-105.203545,,5659.4780626297,14.754125,,7.731231e-11,0.0009999999,,11,-0.1,1585,68.84124,15.684826,4134.562,1585,1584.9998,,60.94258675078864,625,4215.9263,-0.2,-81.36402,-135.723,15.386154,-499.9691,499.9691,0.0009999999
0.0009999999,499.9691,223161.1,-0.099654354,0.9999995,,,140.70686,96664,0.0009999999,-110.12866,,5665.738601207733,15.985798,0.1,7.7214846e-11,0.0009999999,,11,,1586,68.84124,15.6841955,4134.46,1586,1585.9993,,60.94829760403531,625,4216.0405,-0.2,-81.58045,-135.70686,15.386337,-499.9691,499.9691,0.0009999999
0.0009999999,499.9691,223289.53,0.29969847,0.9999995,0.2,,140.69914,96690,0.0009999999,-123.44604,,5671.250437736511,14.43646,0.1,7.711757e-11,0.0009999999,,11,0.2,1587,68.84124,15.683565,4134.5293,1587,1586.9993,,60.92627599243856,625,4216.155,-0.2,-81.62527,-135.69914,15.385547,-499.9691,499.9691,0.0009999999
0.0009999999,499.9691,223399.58,0.0014425367,1.0,0.1,,140.67984,96706,0.0009999999,-105.04178,,5676.8620574474335,16.584562,-0.2,7.702047e-11,0.0009999999,,11,0.2,1588,68.84124,15.682935,4134.495,1588,1588.0,,60.89798488664987,625,4216.269,-0.1,-81.77414,-135.67984,15.386107,-499.9691,499.9691,0.0009999999
0.0009999999,499.9691,223509.62,-0.50202656,0.99999994,-0.1,,140.66055,96719,0.0009999999,-105.03922,,5682.709926605225,16.33393,,7.692356e-11,0.0009999999,,11,-0.2,1589,68.84124,15.682305,4134.457,1589,1588.9999,,60.86784140969163,625,4216.383,-0.2,-81.925766,-135.66055,15.386511,-499.9691,499.9691,0.0009999999
0.0009999999,499.9691,223603.11,0.3995709,0.9999993,0.1,,140.63089,96804,0.0009999999,-88.485,,5688.992869138718,15.3132925,0.2,7.682684e-11,0.0009999999,,11,0.1,1590,68.84124,15.681676,4134.5166,1590,1589.9989,,60.88301886792453,625,4216.4966,,-81.98019,-135.63089,15.386271,-499.9691,499.9691,0.0009999999
0.0009999999,499.9691,223722.75,0.09802094,1.0,0.1,,140.61769,96823,0.0009999999,-114.637215,,5694.684676408768,15.647105,0.2,7.673029e-11,0.0009999999,,11,,1591,68.84124,15.681047,4134.536,1591,1591.0,,60.85669390320553,625,4216.6104,-0.2,-82.07422,-135.61769,15.386243,-499.9691,499.9691,0.0009999999
0.0009999999,499.9691,223836.47,-0.20067483,1.0000001,,,140.6008,96842,0.0009999999,-108.71191,,5700.349281549454,15.472466,-0.2,7.663392e-11,0.0009999999,,11,0.1,1592,68.84124,15.680419,4134.62,1592,1592.0002,,60.83040201005025,625,4216.724,-0.1,-82.103874,-135.6008,15.386109,-499.9691,499.9691,0.0009999999
0.0009999999,499.9691,223946.77,-0.10081,0.9999997,,,140.58177,96854,0.0009999999,-105.30754,,5706.091203212738,15.602459,0.2,7.653774e-11,0.0009999999,,11,-0.1,1593,68.84124,15.679791,4134.592,1593,1592.9995,,60.79974890144382,625,4216.838,-0.2,-82.24613,-135.58177,15.386049,-499.9691,499.9691,0.0009999999
0.0009999999,499.9691,224068.84,-0.19817707,0.9999997,,,140.57016,96876,0.0009999999,-117.08097,,5711.652587652206,15.684078,0.1,7.6441735e-11,0.0009999999,,11,-0.1,1594,68.84124,15.679164,4134.6865,1594,1593.9995,,60.77540777917189,625,4216.9517,-0.2,-82.26493,-135.57016,15.386046,-499.9691,499.9691,0.0009999999
0.0009999999,499.9691,224185.66,-0.6019886,1.0,-0.2,,140.55527,96897,0.0009999999,-111.81132,,5717.090989589691,15.603709,-0.1,7.634592e-11,0.0009999999,,11,-0.1,1595,68.84124,15.678536,4134.799,1595,1595.0,,60.750470219435734,625,4217.065,-0.2,-82.26612,-135.55527,15.385987,-499.9691,499.9691,0.0009999999
0.0009999999,499.9691,224299.02,-0.0015311316,0.9999998,-0.2,,140.53822,96985,0.0009999999,-108.36095,,5722.816715478897,15.91311,0.1,7.625027e-11,0.0009999999,,11,0.2,1596,68.84124,15.67791,4134.7866,1596,1595.9998,,60.76754385964912,625,4217.1787,-0.1,-82.39207,-135.53822,15.3861265,-499.9691,499.9691,0.0009999999
0.0009999999,499.9691,224418.27,-0.29951048,1.0,-0.1,,140.5249,97003,0.0009999999,-114.25245,,5728.168146371841,16.00303,-0.2,7.615481e-11,0.0009999999,,11,0.1,1597,68.84124,15.677283,4134.8975,1597,1597.0,,60.7407639323732,625,4217.2915,-0.1,-82.3941,-135.5249,15.38632,-499.9691,499.9691,0.0009999999
0.0009999999,499.9691,224540.45,0.20129937,0.99999964,0.1,,140.51343,97025,0.0009999999,-117.18791,,5733.1375460624695,17.011063,0.2,7.605953e-11,0.0009999999,,11,0.1,1598,68.84124,15.676658,4134.999,1598,1597.9994,,60.716520650813514,625,4217.4053,-0.2,-82.40649,-135.51343,15.387145,-499.9691,499.9691,0.0009999999
0.0009999999,499.9691,224655.16,-0.20172782,0.9999997,-0.1,,140.49728,97042,0.0009999999,-109.709915,,5738.011313915253,15.6365795,,7.596442e-11,0.0009999999,,11,0.1,1599,68.84124,15.676032,4135.106,1599,1598.9995,,60.68918073796122,625,4217.5186,-0.2,-82.41241,-135.49728,15.387112,-499.9691,499.9691,0.0009999999
0.0009999999,499.9691,224764.4,0.0015282184,1.0000001,,,140.47775,97056,0.0009999999,-104.23136,,5742.793650865555,16.53729,0.1,7.58695e-11,0.0009999999,,11,0.1,1600,68.84124,15.675406,4135.187,1600,1600.0001,,60.66,625,4217.632,-0.2,-82.444954,-135.47775,15.387637,-499.9691,499.9691,0.0009999999
0.0009999999,499.9691,224891.0,-0.2998355,0.99999994,0.2,,140.46909,97091,0.0009999999,-121.60759,,5747.751620292664,16.384508,-0.2,7.5774755e-11,0.0009999999,,11,-0.2,1601,68.84124,15.674782,4135.289,1601,1600.9999,,60.64397251717676,625,4217.7446,-0.1,-82.45571,-135.46909,15.38807,-499.9691,499.9691,0.0009999999
0.0009999999,499.9691,225005.81,-0.09531015,0.9999992,0.1,,140.45306,97110,0.0009999999,-109.8187,,5752.852836608887,16.71554,0.2,7.568018e-11,0.0009999999,,11,-0.2,1602,68.84124,15.674157,4135.383,1602,1601.9988,,60.61797752808989,625,4217.858,-0.2,-82.47494,-135.45306,15.388703,-499.9691,499.9691,0.0009999999
0.0009999999,499.9691,225117.55,-0.0027074963,0.9999998,-0.2,,140.43515,97139,0.0009999999,-106.72929,,5757.81831741333,13.045372,0.2,7.558579e-11,0.0009999999,,11,0.1,1603,68.84124,15.673533,4135.481,1603,1602.9998,,60.59825327510917,625,4217.9707,-0.1,-82.48989,-135.43515,15.387055,-499.9691,499.9691,0.0009999999
0.0009999999,499.9691,225239.5,0.10145654,0.99999994,,,140.42363,97170,0.0009999999,-116.94979,,5762.922630310059,14.416731,0.1,7.5491564e-11,0.0009999999,,11,0.2,1604,68.84124,15.67291,4135.563,1604,1603.9999,,60.579800498753116,625,4218.0835,-0.2,-82.520424,-135.42363,15.386255,-499.9691,499.9691,0.0009999999
0.0009999999,499.9691,225349.75,-0.00073987246,1.0000004,0.1,,140.40483,97183,0.0009999999,-105.25106,,5768.001221656799,15.211509,,7.539752e-11,0.0009999999,,11,0.1,1605,68.84124,15.672286,4135.6367,1605,1605.0006,,60.55015576323988,625,4218.1963,-0.2,-82.55976,-135.40483,15.385957,-499.9691,499.9691,0.0009999999
0.0009999999,499.9691,225462.34,-0.40128475,1.0000002,-0.1,,140.38751,97208,0.0009999999,-107.60601,,5773.0922935009,15.563961,-0.2,7.530366e-11,0.0009999999,,11,0.1,1606,68.84124,15.671663,4135.6885,1606,1606.0004,,60.5280199252802,625,4218.309,-0.2,-82.6207,-135.38751,15.385875,-499.9691,499.9691,0.0009999999
0.0009999999,499.9691,225573.0,-0.40075937,0.9999995,-0.1,,140.369,97226,0.0009999999,-105.63398,,5778.054448604584,16.211292,-0.2,7.520996e-11,0.0009999999,,11,,1607,68.84124,15.6710415,4135.7734,1607,1606.9993,,60.50155569383945,625,4218.4214,-0.1,-82.64819,-135.369,15.386199,-499.9691,499.9691,0.0009999999
0.0009999999,499.9691,225683.88,-0.09713426,1.0000002,,,140.35066,97241,0.0009999999,-105.8765,,5783.551436185837,16.652924,-0.1,7.5116455e-11,0.0009999999,,11,0.2,1608,68.84124,15.670419,4135.877,1608,1608.0004,,60.47325870646766,625,4218.534,-0.2,-82.65699,-135.35066,15.386798,-499.9691,499.9691,0.0009999999
0.0009999999,499.9691,225798.53,-0.50145596,1.0000004,-0.2,,140.3347,97255,0.0009999999,-109.67933,,5788.693080663681,15.881045,-0.2,7.5023106e-11,0.0009999999,,11,0.1,1609,68.84124,15.669797,4135.959,1609,1609.0005,,60.44437538844002,625,4218.647,-0.2,-82.687935,-135.3347,15.386915,-499.9691,499.9691,0.0009999999
0.0009999999,499.9691,225907.56,-0.0006058067,0.9999998,0.1,,140.31526,97274,0.0009999999,-104.017105,,5794.08180809021,16.577957,-0.1,7.492994e-11,0.0009999999,,11,0.2,1610,68.84124,15.669176,4136.067,1610,1609.9998,,60.41863354037267,625,4218.7593,-0.2,-82.69233,-135.31526,15.387465,-499.9691,499.9691,0.0009999999
0.0009999999,499.9691,226025.72,-0.10137299,0.99999976,-0.2,,140.3015,97303,0.0009999999,-113.14842,,5799.308793544769,14.767727,0.1,7.483695e-11,0.0009999999,,11,0.2,1611,68.84124,15.668555,4136.16,1611,1610.9996,,60.39913097454997,625,4218.8716,-0.2,-82.71132,-135.3015,15.386886,-499.9691,499.9691,0.0009999999
0.0009999999,499.9691,226143.56,-0.10146603,1.0000001,-0.1,,140.28757,97324,0.0009999999,-112.83973,,5804.198115825653,16.324673,-0.2,7.474413e-11,0.0009999999,,11,0.2,1612,68.84124,15.667934,4136.271,1612,1612.0001,,60.37468982630273,625,4218.9834,,-82.71223,-135.28757,15.38728,-499.9691,499.9691,0.0009999999
0.0009999999,499.9691,226252.44,0.19891727,0.9999998,0.1,,140.2681,97346,0.0009999999,-103.89703,,5809.460887670517,15.505973,,7.465148e-11,0.0009999999,,11,0.2,1613,68.84124,15.667315,4136.363,1613,1612.9998,,60.35089894606324,625,4219.096,-0.1,-82.73348,-135.2681,15.387162,-499.9691,499.9691,0.0009999999
0.0009999999,499.9691,226364.5,0.29793733,0.99999994,0.1,,140.25063,97359,0.0009999999,-107.04911,,5814.858495473862,16.916052,0.2,7.4559005e-11,0.0009999999,,11,0.2,1614,68.84124,15.666695,4136.453,1614,1613.9999,,60.32156133828996,625,4219.208,-0.2,-82.75464,-135.25063,15.387921,-499.9691,499.9691,0.0009999999
0.0009999999,499.9691,226480.69,0.19867954,1.0000005,-0.1,,140.23572,97377,0.0009999999,-111.19046,,5819.688873291016,16.365494,0.2,7.446669e-11,0.0009999999,,11,0.2,1615,68.84124,15.666076,4136.565,1615,1615.0007,,60.295356037151706,625,4219.3203,-0.1,-82.755455,-135.23572,15.388334,-499.9691,499.9691,0.0009999999
0.0009999999,499.9691,226591.5,-0.0007078126,1.0000004,,,140.21751,97390,0.0009999999,-105.81336,,5825.289305448532,14.673905,,7.437456e-11,0.0009999999,,11,0.1,1616,68.84124,15.665456,4136.635,1616,1616.0006,,60.26608910891089,625,4219.432,-0.1,-82.79714,-135.21751,15.387704,-499.9691,499.9691,0.0009999999
0.0009999999,499.9691,226717.0,-0.29970628,0.9999997,,,140.2084,97416,0.0009999999,-120.49226,,5831.136033535004,16.880087,,7.42826e-11,0.0009999999,,11,-0.2,1617,68.84124,15.664838,4136.7466,1617,1616.9995,,60.244897959183675,625,4219.5444,-0.1,-82.79799,-135.2084,15.388436,-499.9691,499.9691,0.0009999999
0.0009999999,499.9691,226880.06,-0.50193894,1.0000005,-0.2,,140.22253,97916,0.0009999999,-158.07141,,5837.647215604782,16.692688,-0.1,7.419081e-11,0.0009999999,,11,,1618,68.84124,15.664219,4136.845,1618,1618.0007,,60.51668726823239,625,4219.6562,-0.2,-82.81091,-135.22253,15.389052,-499.9691,499.9691,0.0009999999
0.0009999999,499.9691,226994.1,0.0025443807,0.99999964,,,140.20636,97976,0.0009999999,-109.01578,,5843.215284347534,14.649279,-0.1,7.409919e-11,0.0009999999,,11,0.2,1619,68.84124,15.663602,4136.926,1619,1618.9994,,60.51636812847437,625,4219.7676,-0.1,-82.84178,-135.20636,15.388408,-499.9691,499.9691,0.0009999999
0.0009999999,499.9691,227105.06,-0.39513847,1.0000001,-0.1,,140.18831,97991,0.0009999999,-105.979485,,5848.50993180275,14.828889,-0.1,7.400774e-11,0.0009999999,,11,,1620,68.84124,15.662984,4136.9478,1620,1620.0002,,60.48827160493827,625,4219.8794,-0.2,-82.93188,-135.18831,15.387873,-499.9691,499.9691,0.0009999999
0.0009999999,499.9691,227210.53,0.19648492,1.0,0.1,,140.16689,98044,0.0009999999,-100.4781,,5854.552547454834,12.6105995,0.2,7.391645e-11,0.0009999999,,11,,1621,68.84124,15.662367,4137.0566,1621,1621.0,,60.48365206662554,625,4219.991,-0.1,-82.93453,-135.16689,15.385972,-499.9691,499.9691,0.0009999999
0.0009999999,499.9691,227326.19,0.09640621,1.0000004,0.2,,140.15178,98059,0.0009999999,-110.6601,,5860.70355963707,14.371129,-0.2,7.3825335e-11,0.0009999999,,11,0.2,1622,68.84124,15.66175,4137.149,1622,1622.0006,,60.45561035758323,625,4220.1025,-0.1,-82.95353,-135.15178,15.385156,-499.9691,499.9691,0.0009999999
0.0009999999,499.9691,227436.53,0.2017778,1.0000001,0.1,,140.1334,98086,0.0009999999,-105.33311,,5866.331155538559,15.209573,0.1,7.3734394e-11,0.0009999999,,11,0.2,1623,68.84124,15.661134,4137.2593,1623,1623.0001,,60.434996919285275,625,4220.2144,-0.2,-82.955215,-135.1334,15.384861,-499.9691,499.9691,0.0009999999
0.0009999999,499.9691,227558.86,-0.20177165,1.0000002,-0.1,,140.12245,98153,0.0009999999,-117.32479,,5872.270744562149,15.517993,-0.2,7.364361e-11,0.0009999999,,11,0.2,1624,68.84124,15.660518,4137.366,1624,1624.0004,,60.439039408866996,625,4220.3257,-0.1,-82.95968,-135.12245,15.384752,-499.9691,499.9691,0.0009999999
0.0009999999,499.9691,227672.31,-0.10193758,0.99999976,,,140.10603,98169,0.0009999999,-108.457146,,5878.4749584198,15.71034,-0.2,7.3553e-11,0.0009999999,,11,0.1,1625,68.84124,15.659903,4137.421,1625,1624.9996,,60.411692307692306,625,4220.437,,-83.01636,-135.10603,15.384766,-499.9691,499.9691,0.0009999999
0.0009999999,499.9691,227787.38,0.09735428,0.9999997,0.2,,140.09064,98194,0.0009999999,-110.06221,,5884.304974317551,14.378454,,7.3462555e-11,0.0009999999,,11,0.1,1626,68.84124,15.659287,4137.519,1626,1625.9995,,60.38991389913899,625,4220.5483,-0.2,-83.02936,-135.09064,15.383956,-499.9691,499.9691,0.0009999999
0.0009999999,499.9691,227898.69,-0.201532,1.0,-0.1,,140.07295,98207,0.0009999999,-106.30647,,5890.122515201569,14.513451,0.1,7.337228e-11,0.0009999999,,11,,1627,68.84124,15.658672,4137.6035,1627,1627.0,,60.36078672403196,625,4220.659,-0.2,-83.05549,-135.07295,15.383235,-499.9691,499.9691,0.0009999999
0.0009999999,499.9691,228018.44,-0.002707176,0.9999997,0.2,,140.06047,98248,0.0009999999,-114.76101,,5895.650087594986,16.373398,-0.2,7.328217e-11,0.0009999999,,11,0.1,1628,68.84124,15.658058,4137.6943,1628,1627.9995,,60.34889434889435,625,4220.7705,-0.1,-83.07619,-135.06047,15.383653,-499.9691,499.9691,0.0009999999
0.0009999999,499.9691,228132.55,0.29334682,0.9999998,0.2,,140.04454,98263,0.0009999999,-109.10606,,5901.353392601013,15.846297,0.2,7.319223e-11,0.0009999999,,11,0.1,1629,68.84124,15.657444,4137.729,1629,1628.9998,,60.32105586249233,625,4220.882,-0.2,-83.15282,-135.04454,15.38375,-499.9691,499.9691,0.0009999999
0.0009999999,499.9691,228243.0,-0.20187418,1.0000004,-0.2,,140.02638,98277,0.0009999999,-105.45893,,5907.056761980057,10.72138,-0.1,7.310245e-11,0.0009999999,,11,0.2,1630,68.84124,15.65683,4137.79,1630,1630.0005,,60.29263803680982,625,4220.9927,-0.1,-83.2024,-135.02638,15.380699,-499.9691,499.9691,0.0009999999
0.0009999999,499.9691,228353.25,0.09599692,1.0000002,0.1,,140.00812,98292,0.0009999999,-105.24426,,5912.100571632385,15.554872,0.1,7.301283e-11,0.0009999999,,11,0.1,1631,68.84124,15.656217,4137.8354,1631,1631.0004,,60.26486817903127,625,4221.1035,-0.2,-83.268105,-135.00812,15.380621,-499.9691,499.9691,0.0009999999
0.0009999999,499.9691,228471.53,-0.2976076,0.9999995,,,139.99481,98310,0.0009999999,-113.27507,,5917.700076341629,13.587296,-0.2,7.292338e-11,0.0009999999,,11,0.1,1632,68.84124,15.655604,4137.8604,1632,1631.9993,,60.2389705882353,625,4221.2144,-0.2,-83.35401,-134.99481,15.379331,-499.9691,499.9691,0.0009999999
0.0009999999,499.9691,228581.88,0.00232476,1.0000001,-0.1,,139.97665,98325,0.0009999999,-105.35429,,5923.09054684639,16.24233,0.1,7.2834114e-11,0.0009999999,,11,0.2,1633,68.84124,15.654991,4137.867,1633,1633.0002,,60.2112676056338,625,4221.325,-0.2,-83.458084,-134.97665,15.379674,-499.9691,499.9691,0.0009999999
0.0009999999,499.9691,228705.84,-0.39876622,1.0000004,,,139.96686,98364,0.0009999999,-118.9583,,5928.912921667099,15.29195,-0.2,7.274499e-11,0.0009999999,,11,-0.1,1634,68.84124,15.654379,4137.9717,1634,1634.0005,,60.19828641370869,625,4221.436,-0.1,-83.46459,-134.96686,15.379431,-499.9691,499.9691,0.0009999999
0.0009999999,499.9691,228826.12,-0.3014174,0.99999976,-0.2,,139.95482,98386,0.0009999999,-115.29354,,5934.144615888596,14.887926,,7.2656034e-11,0.0009999999,,11,,1635,68.84124,15.653768,4137.9907,1635,1634.9996,,60.17492354740061,625,4221.547,-0.1,-83.55634,-134.95482,15.378947,-499.9691,499.9691,0.0009999999
0.0009999999,499.9691,228928.62,-0.5030681,0.99999964,-0.1,,139.93192,98592,0.0009999999,-97.47967,,5939.44571018219,15.361455,-0.2,7.256724e-11,0.0009999999,,11,,1636,68.84124,15.653156,4138.082,1636,1635.9994,,60.2640586797066,625,4221.657,-0.2,-83.575195,-134.93192,15.378746,-499.9691,499.9691,0.0009999999
0.0009999999,499.9691,229047.0,0.10165036,0.9999998,,,139.91875,98633,0.0009999999,-113.38864,,5944.301709651947,15.166515,0.2,7.2478606e-11,0.0009999999,,11,0.1,1637,68.84124,15.652545,4138.119,1637,1636.9998,,60.252290775809406,625,4221.7676,-0.2,-83.64864,-134.91875,15.378431,-499.9691,499.9691,0.0009999999
0.0009999999,499.9691,229172.28,-0.20023768,0.9999995,-0.2,,139.90982,98658,0.0009999999,-120.263725,,5949.3380172252655,16.254545,0.1,7.2390136e-11,0.0009999999,,11,0.1,1638,68.84124,15.651935,4138.2217,1638,1637.9993,,60.23076923076923,625,4221.878,-0.2,-83.65601,-134.90982,15.3787775,-499.9691,499.9691,0.0009999999
0.0009999999,499.9691,229283.88,0.2971021,0.9999996,,,139.89255,98676,0.0009999999,-106.608826,,5954.294912815094,16.518356,0.2,7.230183e-11,0.0009999999,,11,0.2,1639,68.84124,15.651324,4138.1924,1639,1638.9993,,60.205003050640634,625,4221.9883,-0.1,-83.79602,-134.89255,15.379288,-499.9691,499.9691,0.0009999999
0.0009999999,499.9691,229397.47,-0.10078652,1.0,0.1,,139.87651,98697,0.0009999999,-108.5818,,5959.085601091385,10.97921,-0.2,7.221368e-11,0.0009999999,,11,0.2,1640,68.84124,15.650714,4138.2896,1640,1640.0,,60.18109756097561,625,4222.0986,-0.2,-83.80925,-134.87651,15.376415,-499.9691,499.9691,0.0009999999
0.0009999999,499.9691,229509.42,-0.60082406,0.9999999,-0.1,,139.85948,98716,0.0009999999,-106.9607,,5964.181163311005,16.076656,-0.1,7.21257e-11,0.0009999999,,11,-0.2,1641,68.84124,15.6501045,4138.167,1641,1640.9998,,60.156002437538085,625,4222.209,-0.2,-84.04207,-134.85948,15.376657,-499.9691,499.9691,0.0009999999
0.0009999999,499.9691,229618.67,0.103208154,1.000001,0.1,,139.84085,98764,0.0009999999,-104.25454,,5969.321899175644,15.931642,-0.1,7.2037876e-11,0.0009999999,,11,0.2,1642,68.84124,15.649495,4138.235,1642,1642.0016,,60.14859926918392,625,4222.319,-0.1,-84.08386,-134.84085,15.376808,-499.9691,499.9691,0.0009999999
0.0009999999,499.9691,229729.56,-0.0005620569,0.99999964,-0.1,,139.82323,98777,0.0009999999,-105.88865,,5974.390216350555,15.532879,-0.2,7.195021e-11,0.0009999999,,11,0.1,1643,68.84124,15.648887,4138.339,1643,1642.9994,,60.119902617163724,625,4222.429,0.2,-84.09029,-134.82323,15.376717,-499.9691,499.9691,0.0009999999
0.0009999999,499.9691,229855.17,0.69723153,0.99999964,0.1,,139.81458,98804,0.0009999999,-120.60437,,5979.458700180054,15.754452,0.2,7.18627e-11,0.0009999999,,11,0.2,1644,68.84124,15.648278,4138.408,1644,1643.9994,,60.099756690997566,625,4222.539,0.2,-84.1308,-134.81458,15.376757,-499.9691,499.9691,0.0009999999
0.0009999999,499.9691,229979.34,-0.29952687,1.0,-0.2,,139.80507,98831,0.0009999999,-119.18214,,5984.539966583252,15.232521,,7.177536e-11,0.0009999999,,11,0.1,1645,68.84124,15.64767,4138.5176,1645,1645.0,,60.079635258358664,625,4222.649,-0.2,-84.1312,-134.80507,15.376485,-499.9691,499.9691,0.0009999999
0.0009999999,499.9691,230097.16,0.49757832,0.9999997,0.2,,139.79172,98919,0.0009999999,-112.824425,,5990.0076451301575,16.223652,0.2,7.1688176e-11,0.0009999999,,11,0.2,1646,68.84124,15.647062,4138.608,1646,1645.9995,,60.09659781287971,625,4222.759,-0.1,-84.15077,-134.79172,15.376811,-499.9691,499.9691,0.0009999999
0.0009999999,499.9691,230217.73,-0.29808915,0.9999999,0.1,,139.78004,98938,0.0009999999,-115.56463,,5995.148180007935,15.079123,-0.2,7.160115e-11,0.0009999999,,11,,1647,68.84124,15.646455,4138.543,1647,1646.9998,,60.07164541590771,625,4222.8687,-0.2,-84.325554,-134.78004,15.376447,-499.9691,499.9691,0.0009999999
0.0009999999,499.9691,230326.4,-0.09920998,1.0000005,0.1,,139.76117,98950,0.0009999999,-103.68068,,6000.128675699234,14.456078,-0.1,7.151428e-11,0.0009999999,,11,0.1,1648,68.84124,15.645847,4138.6445,1648,1648.0007,,60.04247572815534,625,4222.978,-0.2,-84.33325,-134.76117,15.3757,-499.9691,499.9691,0.0009999999
0.0009999999,499.9691,230441.9,-0.20113471,1.0000002,,,139.74646,99035,0.0009999999,-110.49678,,6005.418630123138,13.222673,-0.1,7.1427565e-11,0.0009999999,,11,0.1,1649,68.84124,15.645241,4138.6914,1649,1649.0005,,60.05761067313524,625,4223.0884,-0.2,-84.397156,-134.74646,15.374211,-499.9691,499.9691,0.0009999999
0.0009999999,499.9691,230556.28,-0.1964593,0.9999997,-0.1,,139.73108,99051,0.0009999999,-109.37024,,6010.721383333206,16.038277,-0.1,7.1341016e-11,0.0009999999,,11,0.2,1650,68.84124,15.644635,4138.7886,1650,1649.9995,,60.03090909090909,625,4223.1978,-0.2,-84.40912,-134.73108,15.374426,-499.9691,499.9691,0.0009999999
0.0009999999,499.9691,230675.72,-0.20115913,1.0000002,-0.1,,139.71878,99085,0.0009999999,-114.42699,,6016.354648351669,13.282754,0.2,7.125462e-11,0.0009999999,,11,-0.1,1651,68.84124,15.644029,4138.8354,1651,1651.0005,,60.01514233797698,625,4223.307,-0.2,-84.47174,-134.71878,15.372974,-499.9691,499.9691,0.0009999999
0.0009999999,499.9691,230787.33,-0.19984752,1.0000004,0.1,,139.70177,99119,0.0009999999,-106.609184,,6021.308127641678,16.337332,-0.2,7.116838e-11,0.0009999999,,11,,1652,68.84124,15.643423,4138.944,1652,1652.0006,,59.99939467312349,625,4223.4165,-0.1,-84.472725,-134.70177,15.373372,-499.9691,499.9691,0.0009999999
0.0009999999,499.9691,230908.89,-0.09919368,0.9999999,-0.1,,139.6908,99139,0.0009999999,-116.56458,,6027.393575429916,15.032386,-0.2,7.10823e-11,0.0009999999,,11,,1653,68.84124,15.642818,4139.047,1653,1652.9998,,59.97519661222021,625,4223.526,0.2,-84.479164,-134.6908,15.372982,-499.9691,499.9691,0.0009999999
0.0009999999,499.9691,231037.88,-0.4017505,0.9999997,0.1,,139.68433,99173,0.0009999999,-123.99248,,6033.308030605316,15.830283,-0.2,7.099637e-11,0.0009999999,,11,-0.2,1654,68.84124,15.642214,4139.1484,1654,1653.9995,,59.95949214026602,625,4223.6353,-0.1,-84.486725,-134.68433,15.373073,-499.9691,499.9691,0.0009999999
0.0009999999,499.9691,231161.75,0.10016619,0.99999994,0.2,,139.67477,99196,0.0009999999,-118.88015,,6038.71452331543,16.405954,-0.1,7.0910604e-11,0.0009999999,,11,0.2,1655,68.84124,15.641609,4139.2427,1655,1654.9999,,59.937160120845924,625,4223.744,-0.2,-84.50152,-134.67477,15.37351,-499.9691,499.9691,0.0009999999
0.0009999999,499.9691,231271.25,-0.3993134,0.9999996,0.1,,139.65656,99219,0.0009999999,-104.49598,,6044.321051597595,15.295429,-0.2,7.0824985e-11,0.0009999999,,11,-0.1,1656,68.84124,15.6410055,4139.3306,1656,1655.9993,,59.914855072463766,625,4223.8535,-0.2,-84.52277,-134.65656,15.373277,-499.9691,499.9691,0.0009999999
0.0009999999,499.9691,231397.58,-0.30245525,0.9999996,0.1,,139.64851,99243,0.0009999999,-121.33292,,6050.264445543289,16.810232,-0.1,7.0739525e-11,0.0009999999,,11,-0.1,1657,68.84124,15.640402,4139.4062,1657,1656.9993,,59.89318044659022,625,4223.963,-0.2,-84.55653,-134.64851,15.37396,-499.9691,499.9691,0.0009999999
0.0009999999,499.9691,231509.14,-0.5980933,0.99999994,-0.1,,139.63156,99261,0.0009999999,-106.56218,,6056.073897361755,13.6847725,-0.2,7.0654226e-11,0.0009999999,,11,-0.2,1658,68.84124,15.639798,4139.499,1658,1657.9999,,59.867913148371535,625,4224.072,-0.1,-84.57272,-134.63156,15.372755,-499.9691,499.9691,0.0009999999
0.0009999999,499.9691,231625.8,-0.097713135,0.9999997,0.2,,139.61772,99285,0.0009999999,-111.65629,,6061.800131082535,13.3014965,-0.2,7.056907e-11,0.0009999999,,11,,1659,68.84124,15.639195,4139.56,1659,1658.9995,,59.84629294755877,625,4224.181,-0.1,-84.62096,-134.61772,15.371322,-499.9691,499.9691,0.0009999999
0.0009999999,499.9691,231736.23,0.10230892,0.9999999,,,139.60014,99297,0.0009999999,-105.43272,,6067.673920631409,15.908075,-0.2,7.048407e-11,0.0009999999,,11,0.2,1660,68.84124,15.638593,4139.667,1660,1659.9998,,59.81746987951807,625,4224.2896,0.1,-84.62249,-134.60014,15.371462,-499.9691,499.9691,0.0009999999
0.0009999999,499.9691,231861.16,0.097943716,1.0000002,-0.1,,139.59131,99330,0.0009999999,-119.926735,,6073.135249137878,15.622546,0.1,7.039923e-11,0.0009999999,,11,0.2,1661,68.84124,15.63799,4139.7524,1661,1661.0005,,59.80132450331126,625,4224.3984,-0.1,-84.64593,-134.59131,15.371427,-499.9691,499.9691,0.0009999999
0.0009999999,499.9691,231974.38,0.19820131,1.0000002,0.1,,139.57544,99351,0.0009999999,-108.20348,,6079.419811010361,13.079788,-0.1,7.031453e-11,0.0009999999,,11,0.2,1662,68.84124,15.637388,4139.852,1662,1662.0004,,59.77797833935018,625,4224.5073,,-84.65548,-134.57544,15.369864,-499.9691,499.9691,0.0009999999
0.0009999999,499.9691,232087.97,-0.100978665,0.9999996,-0.1,,139.55981,99366,0.0009999999,-108.60353,,6085.520240306854,16.631033,0.2,7.023e-11,0.0009999999,,11,,1663,68.84124,15.636787,4139.953,1663,1662.9993,,59.751052315093204,625,4224.6157,-0.2,-84.66274,-134.55981,15.370439,-499.9691,499.9691,0.0009999999
0.0009999999,499.9691,232200.72,-0.10176444,1.0000001,0.1,,139.5437,99389,0.0009999999,-107.75193,,6091.362062931061,16.35509,0.1,7.014561e-11,0.0009999999,,11,-0.1,1664,68.84124,15.636186,4139.9624,1664,1664.0002,,59.72896634615385,625,4224.7246,-0.2,-84.762344,-134.5437,15.37085,-499.9691,499.9691,0.0009999999
0.0009999999,499.9691,232307.48,-0.49975967,1.0000002,,,139.52402,99467,0.0009999999,-101.75693,,6097.663672685623,15.188785,-0.2,7.006138e-11,0.0009999999,,11,-0.1,1665,68.84124,15.635585,4139.8936,1665,1665.0004,,59.73993993993994,625,4224.833,-0.2,-84.93966,-134.52402,15.370552,-499.9691,499.9691,0.0009999999
0.0009999999,499.9691,232425.81,-0.7001637,0.99999964,-0.2,,139.51129,99493,0.0009999999,-113.32947,,6103.53678894043,16.064907,-0.1,6.9977295e-11,0.0009999999,,11,-0.2,1666,68.84124,15.634985,4139.9854,1666,1665.9994,,59.71968787515006,625,4224.942,-0.2,-84.95676,-134.51129,15.370787,-499.9691,499.9691,0.0009999999
0.0009999999,499.9691,232534.28,-0.20121346,1.0000004,-0.1,,139.49268,99511,0.0009999999,-103.46948,,6109.3510501384735,10.681339,-0.2,6.989336e-11,0.0009999999,,11,0.1,1667,68.84124,15.634384,4140.0713,1667,1667.0006,,59.69466106778644,625,4225.05,,-84.978294,-134.49268,15.367787,-499.9691,499.9691,0.0009999999
0.0009999999,499.9691,232646.81,-0.19544521,0.9999996,-0.2,,139.4765,99526,0.0009999999,-107.541504,,6115.026922941208,16.957808,-0.2,6.980958e-11,0.0009999999,,11,0.1,1668,68.84124,15.633785,4140.161,1668,1667.9993,,59.66786570743405,625,4225.158,0.1,-84.99694,-134.4765,15.36856,-499.9691,499.9691,0.0009999999
0.0009999999,499.9691,232763.5,0.10128969,1.0000001,0.1,,139.46284,99552,0.0009999999,-111.694374,,6120.283296585083,12.567731,-0.1,6.9725954e-11,0.0009999999,,11,-0.1,1669,68.84124,15.633185,4140.2324,1669,1669.0002,,59.64769322947873,625,4225.2666,0.2,-85.03411,-134.46284,15.366696,-499.9691,499.9691,0.0009999999
0.0009999999,499.9691,232910.77,0.09970187,1.0,-0.1,,139.46753,99596,0.0009999999,-142.25102,,6125.725301027298,11.679507,0.2,6.964247e-11,0.0009999999,,11,0.2,1670,68.84124,15.6325865,4140.194,1670,1670.0,,59.638323353293416,625,4225.375,-0.2,-85.18117,-134.46753,15.3643055,-499.9691,499.9691,0.0009999999
0.0009999999,499.9691,233025.16,-0.00034327805,1.0000002,0.2,,139.45251,99623,0.0009999999,-109.38727,,6131.180533885956,15.986791,0.1,6.955914e-11,0.0009999999,,11,-0.1,1671,68.84124,15.631988,4140.281,1671,1671.0005,,59.618791143028126,625,4225.483,-0.2,-85.20216,-134.45251,15.364492,-499.9691,499.9691,0.0009999999
0.0009999999,499.9691,233141.67,-0.504503,1.0,-0.2,,139.4388,99685,0.0009999999,-111.51267,,6136.327687263489,16.240423,-0.2,6.947597e-11,0.0009999999,,11,,1672,68.84124,15.63139,4140.3633,1672,1672.0,,59.620215311004785,625,4225.5913,-0.1,-85.22823,-134.4388,15.364833,-499.9691,499.9691,0.0009999999
0.0009999999,499.9691,233267.3,0.101139724,0.9999991,0.2,,139.43054,99717,0.0009999999,-120.62962,,6141.463185310364,12.902616,-0.2,6.9392936e-11,0.0009999999,,11,0.1,1673,68.84124,15.630792,4140.4243,1673,1672.9985,,59.60370591751345,625,4225.699,,-85.274666,-134.43054,15.363179,-499.9691,499.9691,0.0009999999
0.0009999999,499.9691,233381.94,0.19952974,0.99999946,0.1,,139.41573,99737,0.0009999999,-109.63593,,6146.509541273117,15.547699,-0.2,6.931006e-11,0.0009999999,,11,0.1,1674,68.84124,15.630195,4140.506,1674,1673.9991,,59.58004778972521,625,4225.807,0.2,-85.30135,-134.41573,15.363106,-499.9691,499.9691,0.0009999999
0.0009999999,499.9691,233506.38,-0.10464514,1.0000002,-0.1,,139.40678,99768,0.0009999999,-119.44332,,6151.358111619949,16.713186,-0.2,6.922732e-11,0.0009999999,,11,0.1,1675,68.84124,15.629597,4140.5615,1675,1675.0005,,59.562985074626866,625,4225.915,0.1,-85.35373,-134.40678,15.363731,-499.9691,499.9691,0.0009999999
0.0009999999,499.9691,233628.36,0.10308393,1.0000005,-0.2,,139.3964,99797,0.0009999999,-116.978966,,6156.490773677826,12.957739,-0.1,6.914473e-11,0.0009999999,,11,0.2,1676,68.84124,15.629001,4140.657,1676,1676.0007,,59.54474940334129,625,4226.023,0.2,-85.36596,-134.3964,15.36211,-499.9691,499.9691,0.0009999999
0.0009999999,499.9691,233754.31,-0.3933577,1.0,-0.2,,139.38838,99825,0.0009999999,-120.95545,,6161.448491096497,15.236304,-0.2,6.90623e-11,0.0009999999,,11,0.1,1677,68.84124,15.628404,4140.695,1677,1677.0,,59.52593917710197,625,4226.1304,-0.1,-85.43558,-134.38838,15.361855,-499.9691,499.9691,0.0009999999
0.0009999999,499.9691,233871.84,0.39700344,0.99999994,0.2,,139.37535,99846,0.0009999999,-112.54027,,6166.375797510147,11.161231,0.2,6.898e-11,0.0009999999,,11,0.1,1678,68.84124,15.627808,4140.7915,1678,1677.9999,,59.50297973778307,625,4226.2383,-0.1,-85.44695,-134.37535,15.359168,-499.9691,499.9691,0.0009999999
0.0009999999,499.9691,233982.1,0.5970515,1.0000002,0.2,,139.358,99868,0.0009999999,-105.23399,,6171.67293214798,15.478166,0.1,6.889786e-11,0.0009999999,,11,0.1,1679,68.84124,15.627212,4140.8926,1679,1679.0004,,59.480643240023824,625,4226.3457,0.2,-85.45301,-134.358,15.359056,-499.9691,499.9691,0.0009999999
0.0009999999,499.9691,234109.56,-0.0010294467,0.9999999,0.1,,139.35094,99895,0.0009999999,-122.48052,,6176.849499940872,13.891413,-0.1,6.881587e-11,0.0009999999,,11,0.1,1680,68.84124,15.6266165,4140.946,1680,1679.9998,,59.461309523809526,625,4226.4536,-0.1,-85.50801,-134.35094,15.357999,-499.9691,499.9691,0.0009999999
0.0009999999,499.9691,234231.89,0.50177705,0.99999994,-0.1,,139.3408,99915,0.0009999999,-117.3314,,6181.86279129982,17.015903,0.2,6.873401e-11,0.0009999999,,11,0.2,1681,68.84124,15.626021,4140.9917,1681,1680.9999,,59.43783462224866,625,4226.561,0.2,-85.5691,-134.3408,15.358804,-499.9691,499.9691,0.0009999999
0.0009999999,499.9691,234357.66,0.6002278,0.99999934,0.1,,139.33273,99944,0.0009999999,-120.75633,,6187.23908495903,15.143069,0.2,6.865231e-11,0.0009999999,,11,0.2,1682,68.84124,15.625426,4141.0435,1682,1681.9989,,59.41973840665874,625,4226.668,0.1,-85.624275,-134.33273,15.358493,-499.9691,499.9691,0.0009999999
0.0009999999,499.9691,234469.1,0.19712734,1.0000001,0.2,,139.31616,99955,0.0009999999,-106.44085,,6192.904983282089,14.162016,-0.2,6.8570746e-11,0.0009999999,,11,0.1,1683,68.84124,15.624832,4141.047,1683,1683.0001,,59.390968508615565,625,4226.776,0.1,-85.728775,-134.31616,15.3576,-499.9691,499.9691,0.0009999999
0.0009999999,499.9691,234591.94,-0.50238997,1.0000002,,,139.30638,99987,0.0009999999,-117.839386,,6198.70886182785,15.595702,-0.2,6.848934e-11,0.0009999999,,11,-0.2,1684,68.84124,15.624238,4141.153,1684,1684.0004,,59.37470308788598,625,4226.883,-0.1,-85.729744,-134.30638,15.357561,-499.9691,499.9691,0.0009999999
0.0009999999,499.9691,234720.9,-0.100371026,0.99999976,-0.1,,139.30025,100013,0.0009999999,-123.96512,,6204.008523225784,14.701857,,6.8408064e-11,0.0009999999,,11,0.2,1685,68.84124,15.623645,4141.245,1685,1684.9996,,59.35489614243323,625,4226.99,-0.2,-85.74495,-134.30025,15.356987,-499.9691,499.9691,0.0009999999
0.0009999999,499.9691,234845.9,-0.002271928,0.99999964,0.1,,139.29176,100036,0.0009999999,-119.997086,,6209.177572965622,16.142344,,6.832694e-11,0.0009999999,,11,,1686,68.84124,15.623052,4141.3477,1686,1685.9994,,59.333333333333336,625,4227.097,-0.1,-85.749664,-134.29176,15.357274,-499.9691,499.9691,0.0009999999
0.0009999999,499.9691,234962.53,-0.29816502,0.9999999,-0.2,,139.27832,100069,0.0009999999,-111.62801,,6214.394670724869,14.378757,-0.1,6.8245964e-11,0.0009999999,,11,0.2,1687,68.84124,15.622458,4141.443,1687,1686.9998,,59.31772377000593,625,4227.2046,-0.2,-85.76186,-134.27832,15.356509,-499.9691,499.9691,0.0009999999
0.0009999999,499.9691,235077.19,0.0042648944,1.0000005,,,139.26373,100099,0.0009999999,-109.65411,,6219.616753578186,15.055285,-0.1,6.8165126e-11,0.0009999999,,11,0.1,1688,68.84124,15.621866,4141.536,1688,1688.0007,,59.300355450236964,625,4227.3115,,-85.77542,-134.26373,15.356149,-499.9691,499.9691,0.0009999999
0.0009999999,499.9691,235196.22,-0.1991336,1.0000005,-0.1,,139.25175,100117,0.0009999999,-114.04439,,6224.3728556633,13.840099,0.1,6.808445e-11,0.0009999999,,11,-0.1,1689,68.84124,15.621274,4141.5923,1689,1689.0007,,59.27590290112492,625,4227.418,-0.1,-85.82574,-134.25175,15.355071,-499.9691,499.9691,0.0009999999
0.0009999999,499.9691,235350.0,-0.50125986,0.9999999,,,139.26036,100174,0.0009999999,-148.77325,,6230.072363853455,16.011593,-0.1,6.8003894e-11,0.0009999999,,11,-0.2,1690,68.84124,15.620682,4141.681,1690,1689.9998,,59.27455621301775,625,4227.5254,-0.2,-85.844246,-134.26036,15.355279,-499.9691,499.9691,0.0009999999
0.0009999999,499.9691,235457.03,-0.09864832,0.9999996,0.1,,139.2413,100205,0.0009999999,-102.02387,,6235.8491451740265,15.547624,-0.1,6.7923486e-11,0.0009999999,,11,,1691,68.84124,15.6200905,4141.71,1691,1690.9993,,59.25783560023655,625,4227.632,-0.1,-85.92202,-134.2413,15.355212,-499.9691,499.9691,0.0009999999
0.0009999999,499.9691,235589.28,0.10405336,0.9999997,0.2,,139.23717,100246,0.0009999999,-127.24224,,6241.961436748505,15.961261,-0.2,6.7843224e-11,0.0009999999,,11,,1692,68.84124,15.619499,4141.744,1692,1691.9995,,59.24704491725768,625,4227.739,0.1,-85.99444,-134.23717,15.355389,-499.9691,499.9691,0.0009999999
0.0009999999,499.9691,235704.62,0.29865047,1.0000001,0.2,,139.22305,100263,0.0009999999,-110.36179,,6248.060759544373,14.1501255,-0.2,6.77631e-11,0.0009999999,,11,0.1,1693,68.84124,15.618908,4141.753,1693,1693.0002,,59.22209096278795,625,4227.8457,0.2,-86.092964,-134.22305,15.354494,-499.9691,499.9691,0.0009999999
0.0009999999,499.9691,235822.94,-0.29818517,1.0000008,-0.1,,139.21071,100281,0.0009999999,-113.30201,,6253.826203346252,16.33644,-0.1,6.768312e-11,0.0009999999,,11,0.1,1694,68.84124,15.618318,4141.814,1694,1694.0015,,59.19775678866588,625,4227.9517,-0.2,-86.13767,-134.21071,15.354891,-499.9691,499.9691,0.0009999999
0.0009999999,499.9691,235936.98,-0.30042022,1.0000001,0.1,,139.19586,100295,0.0009999999,-109.04554,,6259.576305627823,16.470198,,6.7603284e-11,0.0009999999,,11,-0.2,1695,68.84124,15.617727,4141.9014,1695,1695.0002,,59.17109144542773,625,4228.0586,-0.2,-86.157166,-134.19586,15.355369,-499.9691,499.9691,0.0009999999
0.0009999999,499.9691,236029.66,0.2984907,0.9999997,0.1,,139.16843,100360,0.0009999999,-87.67856,,6265.28314948082,15.413949,0.1,6.7523584e-11,0.0009999999,,11,0.2,1696,68.84124,15.617138,4142.008,1696,1695.9995,,59.174528301886795,625,4228.165,-0.1,-86.15736,-134.16843,15.355226,-499.9691,499.9691,0.0009999999
0.0009999999,499.9691,236148.05,0.101998985,0.99999964,-0.2,,139.15619,100379,0.0009999999,-113.39873,,6271.388650178909,15.05152,0.2,6.744403e-11,0.0009999999,,11,0.1,1697,68.84124,15.616549,4142.0913,1697,1696.9994,,59.1508544490277,625,4228.2715,,-86.18007,-134.15619,15.354866,-499.9691,499.9691,0.0009999999
0.0009999999,499.9691,236272.69,-0.30096608,0.9999999,,,139.14764,100404,0.0009999999,-119.6384,,6277.4958329200745,14.484113,-0.1,6.7364614e-11,0.0009999999,,11,-0.1,1698,68.84124,15.615959,4142.1777,1698,1697.9998,,59.130742049469966,625,4228.3774,-0.1,-86.19948,-134.14764,15.354173,-499.9691,499.9691,0.0009999999
0.0009999999,499.9691,236399.1,0.40388918,0.9999996,0.2,,139.14014,100439,0.0009999999,-121.39287,,6283.502780914307,15.20462,-0.1,6.728534e-11,0.0009999999,,11,0.2,1699,68.84124,15.615371,4142.242,1699,1698.9993,,59.11653914067098,625,4228.4844,0.1,-86.24226,-134.14014,15.353902,-499.9691,499.9691,0.0009999999
0.0009999999,499.9691,236512.75,0.50000864,0.9999996,,,139.12515,100454,0.0009999999,-108.66831,,6289.475208759308,12.263865,0.2,6.72062e-11,0.0009999999,,11,0.2,1700,68.84124,15.614782,4142.324,1700,1699.9993,,59.09058823529412,625,4228.5903,0.1,-86.26606,-134.12515,15.351904,-499.9691,499.9691,0.0009999999
0.0009999999,499.9691,236631.53,0.2006559,0.99999994,0.1,,139.11319,100473,0.0009999999,-113.77463,,6295.2596073150635,14.446058,-0.1,6.712721e-11,0.0009999999,,11,0.1,1701,68.84124,15.614194,4142.411,1701,1700.9999,,59.067019400352734,625,4228.6963,0.1,-86.28525,-134.11319,15.3511915,-499.9691,499.9691,0.0009999999
0.0009999999,499.9691,236757.22,0.29803777,0.9999997,0.2,,139.1053,100497,0.0009999999,-120.70159,,6300.900739908218,13.238316,0.2,6.7048346e-11,0.0009999999,,11,-0.1,1702,68.84124,15.613606,4142.505,1702,1701.9995,,59.04641598119859,625,4228.8027,,-86.298,-134.1053,15.349772,-499.9691,499.9691,0.0009999999
0.0009999999,499.9691,236880.22,0.00047013164,0.99999976,,,139.09584,100529,0.0009999999,-118.00238,,6306.76220369339,13.454195,-0.2,6.696963e-11,0.0009999999,,11,0.1,1703,68.84124,15.613019,4142.472,1703,1702.9996,,59.030534351145036,625,4228.9087,0.1,-86.436295,-134.09584,15.348479,-499.9691,499.9691,0.0009999999
0.0009999999,499.9691,237005.78,0.20066497,1.0000002,-0.2,,139.0879,100566,0.0009999999,-120.55526,,6312.747656106949,16.409195,0.1,6.689104e-11,0.0009999999,,11,0.1,1704,68.84124,15.612432,4142.386,1704,1704.0004,,59.017605633802816,625,4229.0146,0.2,-86.62857,-134.0879,15.348921,-499.9691,499.9691,0.0009999999
0.0009999999,499.9691,237147.1,0.2009087,1.0,-0.1,,139.0892,100607,0.0009999999,-136.30782,,6318.519825458527,16.045963,0.2,6.6812604e-11,0.0009999999,,11,0.1,1705,68.84124,15.611845,4142.4756,1705,1705.0,,59.007038123167156,625,4229.1206,,-86.64508,-134.0892,15.349148,-499.9691,499.9691,0.0009999999
0.0009999999,499.9691,237257.75,0.3973738,0.9999993,0.1,,139.07254,100625,0.0009999999,-105.665115,,6324.050864458084,14.917806,,6.6734306e-11,0.0009999999,,11,0.2,1706,68.84124,15.6112585,4142.5596,1706,1705.9988,,58.98300117233294,625,4229.226,0.1,-86.66658,-134.07254,15.348717,-499.9691,499.9691,0.0009999999
0.0009999999,499.9691,237395.56,0.399684,0.9999997,0.1,,139.0718,100661,0.0009999999,-132.81946,,6329.465074539185,14.100893,0.2,6.665613e-11,0.0009999999,,11,0.2,1707,68.84124,15.610673,4142.622,1707,1706.9995,,58.96953719976567,625,4229.332,-0.1,-86.71019,-134.0718,15.347807,-499.9691,499.9691,0.0009999999
0.0009999999,499.9691,237515.81,-0.30367753,0.99999964,0.1,,139.06078,100681,0.0009999999,-115.24441,,6334.971582174301,12.226423,-0.2,6.6578104e-11,0.0009999999,,11,-0.1,1708,68.84124,15.610087,4142.674,1708,1707.9994,,58.94672131147541,625,4229.438,-0.1,-86.76438,-134.06078,15.345801,-499.9691,499.9691,0.0009999999
0.0009999999,499.9691,237643.34,-0.3040803,0.99999994,-0.1,,139.05403,100707,0.0009999999,-122.53449,,6340.2018184661865,14.920193,-0.2,6.6500215e-11,0.0009999999,,11,-0.1,1709,68.84124,15.609502,4142.714,1709,1708.9999,,58.927442949093034,625,4229.5435,0.1,-86.829796,-134.05403,15.34537,-499.9691,499.9691,0.0009999999
0.0009999999,499.9691,237766.4,0.097199194,0.9999996,,,139.04468,100729,0.0009999999,-118.05277,,6345.234450340271,14.053548,0.2,6.642246e-11,0.0009999999,,11,,1710,68.84124,15.608917,4142.812,1710,1709.9993,,58.90584795321637,625,4229.649,-0.1,-86.836754,-134.04468,15.344434,-499.9691,499.9691,0.0009999999
0.0009999999,499.9691,237891.03,0.30089715,1.0000005,,,139.03625,100755,0.0009999999,-119.61678,,6350.083633422852,15.851238,0.2,6.634484e-11,0.0009999999,,11,0.1,1711,68.84124,15.608333,4142.8936,1711,1711.0009,,58.886616014026885,625,4229.7544,,-86.86073,-134.03625,15.344551,-499.9691,499.9691,0.0009999999
0.0009999999,499.9691,238003.39,0.59868264,0.9999999,0.2,,139.02068,100770,0.0009999999,-107.361694,,6354.9121334552765,14.514688,0.1,6.626735e-11,0.0009999999,,11,0.2,1712,68.84124,15.607748,4142.959,1712,1711.9998,,58.86098130841121,625,4229.86,0.1,-86.90081,-134.02068,15.343889,-499.9691,499.9691,0.0009999999
0.0009999999,499.9691,238141.11,0.0012034774,0.9999996,0.2,,139.01991,100808,0.0009999999,-132.71997,,6360.143916130066,15.275092,-0.2,6.619001e-11,0.0009999999,,11,-0.1,1713,68.84124,15.607164,4143.038,1713,1712.9993,,58.848803269118505,625,4229.9653,0.1,-86.92721,-134.01991,15.343673,-499.9691,499.9691,0.0009999999
0.0009999999,499.9691,238269.05,0.09934718,0.9999996,0.1,,139.01344,100834,0.0009999999,-122.940994,,6365.437133312225,15.922893,0.2,6.6112796e-11,0.0009999999,,11,-0.1,1714,68.84124,15.606581,4143.102,1714,1713.9993,,58.82963827304551,625,4230.071,-0.1,-86.96897,-134.01344,15.34383,-499.9691,499.9691,0.0009999999
0.0009999999,499.9691,238388.62,0.0017324343,1.0,0.2,,139.00212,100854,0.0009999999,-114.58545,,6370.931762933731,15.358741,-0.1,6.603572e-11,0.0009999999,,11,-0.1,1715,68.84124,15.605997,4143.0786,1715,1715.0,,58.80699708454811,625,4230.1763,,-87.09754,-134.00212,15.3436575,-499.9691,499.9691,0.0009999999
0.0009999999,499.9691,238529.1,0.2004407,0.9999997,,,139.00298,100892,0.0009999999,-135.45656,,6376.380815029144,15.297295,0.1,6.595877e-11,0.0009999999,,11,0.2,1716,68.84124,15.605414,4143.1567,1716,1715.9995,,58.794871794871796,625,4230.2812,-0.1,-87.12429,-134.00298,15.343454,-499.9691,499.9691,0.0009999999
0.0009999999,499.9691,238645.4,0.30262852,0.9999999,0.1,,138.98975,100919,0.0009999999,-111.3121,,6381.55176281929,14.861651,0.2,6.5881973e-11,0.0009999999,,11,,1717,68.84124,15.604832,4143.149,1717,1716.9998,,58.776354105998834,625,4230.3867,,-87.23778,-133.98975,15.342994,-499.9691,499.9691,0.0009999999
0.0009999999,499.9691,238761.88,0.19714439,1.0000002,,,138.97664,100938,0.0009999999,-111.48138,,6386.695007801056,14.278575,-0.1,6.58053e-11,0.0009999999,,11,0.2,1718,68.84124,15.604249,4143.2124,1718,1718.0005,,58.753201396973225,625,4230.4917,0.1,-87.27941,-133.97664,15.342197,-499.9691,499.9691,0.0009999999
0.0009999999,499.9691,238890.4,-0.19830237,1.0000001,0.1,,138.97057,100968,0.0009999999,-123.52913,,6392.206964731216,15.338847,-0.1,6.5728756e-11,0.0009999999,,11,,1719,68.84124,15.603667,4143.2983,1719,1719.0002,,58.73647469458988,625,4230.5967,-0.2,-87.29835,-133.97057,15.342014,-499.9691,499.9691,0.0009999999
0.0009999999,499.9691,239012.44,0.20281446,1.0000004,-0.2,,138.96072,100998,0.0009999999,-117.01468,,6397.4915471076965,14.390117,0.2,6.5652345e-11,0.0009999999,,11,0.1,1720,68.84124,15.6030855,4143.3784,1720,1720.0006,,58.71976744186046,625,4230.7017,0.1,-87.32334,-133.96072,15.341284,-499.9691,499.9691,0.0009999999
0.0009999999,499.9691,239140.56,0.10038439,0.9999999,-0.1,,138.95442,101025,0.0009999999,-123.1236,,6402.958143949509,14.833087,-0.2,6.557607e-11,0.0009999999,,11,0.2,1721,68.84124,15.602505,4143.4395,1721,1720.9998,,58.701336432306796,625,4230.8066,0.2,-87.36699,-133.95442,15.340813,-499.9691,499.9691,0.0009999999
0.0009999999,499.9691,239265.6,0.3011367,0.99999976,0.1,,138.94633,101054,0.0009999999,-120.037384,,6408.114790201187,16.909302,0.1,6.549993e-11,0.0009999999,,11,0.1,1722,68.84124,15.601924,4143.495,1722,1721.9996,,58.68408826945412,625,4230.911,,-87.415855,-133.94633,15.341545,-499.9691,499.9691,0.0009999999
0.0009999999,499.9691,239400.92,0.30212533,1.0,0.2,,138.94424,101093,0.0009999999,-130.32965,,6413.235921859741,15.805666,-0.1,6.542392e-11,0.0009999999,,11,0.1,1723,68.84124,15.601343,4143.482,1723,1723.0,,58.67266395821242,625,4231.0156,0.1,-87.53366,-133.94424,15.341633,-499.9691,499.9691,0.0009999999
0.0009999999,499.9691,239531.5,0.5004717,0.99999964,,,138.93939,101128,0.0009999999,-125.566574,,6418.623923540115,15.003331,0.2,6.5348046e-11,0.0009999999,,11,0.1,1724,68.84124,15.600763,4143.503,1724,1723.9994,,58.65893271461717,625,4231.1206,0.2,-87.61787,-133.93939,15.34126,-499.9691,499.9691,0.0009999999
0.0009999999,499.9691,239653.28,0.101083145,0.9999996,-0.2,,138.92944,101152,0.0009999999,-116.78873,,6423.674268722534,14.882422,0.1,6.52723e-11,0.0009999999,,11,0.2,1725,68.84124,15.6001835,4143.584,1725,1724.9993,,58.63884057971015,625,4231.225,,-87.64109,-133.92944,15.340817,-499.9691,499.9691,0.0009999999
0.0009999999,499.9691,239781.28,0.19733793,0.99999994,0.2,,138.92311,101180,0.0009999999,-123.01034,,6428.960556983948,16.688732,-0.1,6.519669e-11,0.0009999999,,11,0.2,1726,68.84124,15.599604,4143.6343,1726,1725.9999,,58.62108922363847,625,4231.3296,-0.1,-87.69555,-133.92311,15.341421,-499.9691,499.9691,0.0009999999
0.0009999999,499.9691,239900.92,-0.09828444,0.9999996,-0.2,,138.91194,101201,0.0009999999,-114.64521,,6435.047837018967,14.174141,0.2,6.512121e-11,0.0009999999,,11,0.1,1727,68.84124,15.599025,4143.7188,1727,1726.9993,,58.59930515344528,625,4231.4346,-0.2,-87.71564,-133.91194,15.340567,-499.9691,499.9691,0.0009999999
0.0009999999,499.9691,240027.88,0.49983245,0.9999996,0.2,,138.90501,101232,0.0009999999,-121.94754,,6441.205385684967,15.27922,-0.1,6.504586e-11,0.0009999999,,11,0.2,1728,68.84124,15.598446,4143.75,1728,1727.9993,,58.583333333333336,625,4231.5386,0.2,-87.78843,-133.90501,15.340352,-499.9691,499.9691,0.0009999999
0.0009999999,499.9691,240154.08,0.30257943,0.99999994,-0.1,,138.89767,101258,0.0009999999,-121.19469,,6446.843626260757,15.3071,0.2,6.497064e-11,0.0009999999,,11,0.2,1729,68.84124,15.597867,4143.8237,1729,1728.9999,,58.56448814343551,625,4231.643,,-87.81946,-133.89767,15.34016,-499.9691,499.9691,0.0009999999
0.0009999999,499.9691,240267.62,-0.09551204,0.99999964,0.1,,138.88303,101282,0.0009999999,-108.54905,,6452.906029462814,14.984247,-0.2,6.4895554e-11,0.0009999999,,11,0.1,1730,68.84124,15.597289,4143.9204,1730,1729.9994,,58.54450867052023,625,4231.747,-0.1,-87.82649,-133.88303,15.339776,-499.9691,499.9691,0.0009999999
0.0009999999,499.9691,240380.97,0.70152843,0.9999997,0.2,,138.86827,101302,0.0009999999,-108.35575,,6458.698668956757,13.938431,0.2,6.482059e-11,0.0009999999,,11,0.2,1731,68.84124,15.596711,4143.968,1731,1730.9995,,58.52224147891392,625,4231.8516,0.1,-87.88383,-133.86827,15.338785,-499.9691,499.9691,0.0009999999
0.0009999999,499.9691,240490.7,-0.30227676,1.0000001,-0.2,,138.85144,101314,0.0009999999,-104.726036,,6464.470837831497,14.046666,-0.2,6.4745764e-11,0.0009999999,,11,0.1,1732,68.84124,15.596133,4144.063,1732,1732.0002,,58.495381062355655,625,4231.9556,,-87.8928,-133.85144,15.337866,-499.9691,499.9691,0.0009999999
0.0009999999,499.9691,240600.81,-0.3028194,0.9999999,,,138.83485,101329,0.0009999999,-105.10819,,6470.433749675751,15.53428,-0.2,6.467107e-11,0.0009999999,,11,-0.1,1733,68.84124,15.595556,4144.154,1733,1732.9998,,58.47028274668205,625,4232.0596,,-87.905525,-133.83485,15.337802,-499.9691,499.9691,0.0009999999
0.0009999999,499.9691,240713.72,0.10305216,1.0,-0.1,,138.8199,101347,0.0009999999,-107.89633,,6476.546257972717,14.222417,0.2,6.459649e-11,0.0009999999,,11,-0.1,1734,68.84124,15.594979,4144.1763,1734,1734.0,,58.44694348327566,625,4232.164,0.1,-87.987755,-133.8199,15.336982,-499.9691,499.9691,0.0009999999
0.0009999999,499.9691,240847.97,-0.0005840384,1.0000005,0.1,,138.81728,101379,0.0009999999,-129.26398,,6482.691811084747,12.027552,-0.2,6.4522054e-11,0.0009999999,,11,0.1,1735,68.84124,15.594402,4144.2783,1735,1735.0007,,58.43170028818444,625,4232.268,,-87.9897,-133.81728,15.334897,-499.9691,499.9691,0.0009999999
0.0009999999,499.9691,240964.34,0.29843444,1.0000002,,,138.80435,101402,0.0009999999,-111.37439,,6488.8278748989105,15.140375,0.1,6.444774e-11,0.0009999999,,11,0.1,1736,68.84124,15.593826,4144.3276,1736,1736.0005,,58.41129032258065,625,4232.3716,0.1,-88.04407,-133.80435,15.334609,-499.9691,499.9691,0.0009999999
0.0009999999,499.9691,241086.34,-0.09939989,1.0000005,-0.2,,138.79468,101424,0.0009999999,-116.99136,,6494.745683193207,16.601364,,6.4373555e-11,0.0009999999,,11,0.2,1737,68.84124,15.59325,4144.403,1737,1737.0007,,58.39032815198618,625,4232.4756,-0.1,-88.07265,-133.79468,15.335161,-499.9691,499.9691,0.0009999999
0.0009999999,499.9691,241195.84,-0.10053139,1.0000008,,,138.77782,101438,0.0009999999,-104.48986,,6500.711838006973,15.712229,-0.2,6.4299496e-11,0.0009999999,,11,,1738,68.84124,15.592675,4144.48,1738,1738.0015,,58.364787111622555,625,4232.5796,0.1,-88.0998,-133.77782,15.3352,-499.9691,499.9691,0.0009999999
0.0009999999,499.9691,241309.16,0.4011377,0.99999976,,,138.76317,101452,0.0009999999,-108.32967,,6506.63491153717,15.972606,0.2,6.422557e-11,0.0009999999,,11,0.1,1739,68.84124,15.5921,4144.488,1739,1738.9996,,58.33927544565842,625,4232.6836,0.1,-88.19583,-133.76317,15.33539,-499.9691,499.9691,0.0009999999
0.0009999999,499.9691,241424.39,-0.1982191,1.0,-0.2,,138.74965,101468,0.0009999999,-110.22993,,6512.135792016983,15.84885,-0.1,6.4151774e-11,0.0009999999,,11,0.1,1740,68.84124,15.591525,4144.5864,1740,1740.0,,58.314942528735635,625,4232.7866,,-88.20011,-133.74965,15.335513,-499.9691,499.9691,0.0009999999
0.0009999999,499.9691,241561.83,0.6995066,0.9999995,0.2,,138.7489,101506,0.0009999999,-132.43474,,6517.597393989563,16.35462,0.1,6.40781e-11,0.0009999999,,11,0.2,1741,68.84124,15.590951,4144.684,1741,1740.9991,,58.30327398047099,625,4232.8906,0.2,-88.20655,-133.7489,15.33592,-499.9691,499.9691,0.0009999999
0.0009999999,499.9691,241683.27,0.102839656,1.0000004,0.1,,138.73895,101528,0.0009999999,-116.43706,,6522.998068332672,15.825638,-0.2,6.400455e-11,0.0009999999,,11,0.2,1742,68.84124,15.590376,4144.784,1742,1742.0006,,58.28243398392652,625,4232.994,,-88.21013,-133.73895,15.336025,-499.9691,499.9691,0.0009999999
0.0009999999,499.9691,241803.95,-0.09985949,0.99999964,-0.1,,138.7286,101550,0.0009999999,-115.68693,,6528.122564077377,13.89344,-0.1,6.3931124e-11,0.0009999999,,11,0.2,1743,68.84124,15.589803,4144.8433,1743,1742.9994,,58.26161790017212,625,4233.0977,-0.1,-88.25436,-133.7286,15.335026,-499.9691,499.9691,0.0009999999
0.0009999999,499.9691,241921.0,0.19711481,1.0000002,,,138.71617,101572,0.0009999999,-112.04942,,6533.803654432297,16.468256,-0.1,6.385784e-11,0.0009999999,,11,0.1,1744,68.84124,15.589229,4144.931,1744,1744.0004,,58.24082568807339,625,4233.2007,0.2,-88.26932,-133.71617,15.335496,-499.9691,499.9691,0.0009999999
0.0009999999,499.9691,242046.73,-0.2997882,1.0000001,-0.1,,138.70872,101596,0.0009999999,-120.739265,,6539.2431099414825,13.691013,-0.2,6.378467e-11,0.0009999999,,11,,1745,68.84124,15.588655,4145.033,1745,1745.0002,,58.22120343839541,625,4233.304,,-88.2708,-133.70872,15.334376,-499.9691,499.9691,0.0009999999
0.0009999999,499.9691,242161.39,-0.098425776,0.99999946,-0.1,,138.69496,101614,0.0009999999,-109.65304,,6544.568918943405,16.294802,0.1,6.371163e-11,0.0009999999,,11,0.1,1746,68.84124,15.588082,4145.008,1746,1745.999,,58.198167239404356,625,4233.4077,-0.2,-88.39985,-133.69496,15.334754,-499.9691,499.9691,0.0009999999
0.0009999999,499.9691,242285.56,-0.0022851527,0.99999905,-0.1,,138.68665,101643,0.0009999999,-119.17035,,6549.866338729858,16.286741,,6.363871e-11,0.0009999999,,11,0.2,1747,68.84124,15.58751,4145.0723,1747,1746.9983,,58.18145392100744,625,4233.5107,-0.1,-88.438446,-133.68665,15.335121,-499.9691,499.9691,0.0009999999
0.0009999999,499.9691,242401.08,-0.19889913,1.0,0.1,,138.67339,101663,0.0009999999,-110.51641,,6554.867196798325,15.462722,,6.3565916e-11,0.0009999999,,11,-0.1,1748,68.84124,15.586938,4145.132,1748,1748.0,,58.15961098398169,625,4233.6143,-0.2,-88.482605,-133.67339,15.335019,-499.9691,499.9691,0.0009999999
0.0009999999,499.9691,242522.11,0.09996104,1.0000002,-0.1,,138.6633,101722,0.0009999999,-116.02707,,6560.291861772537,15.718547,0.2,6.349325e-11,0.0009999999,,11,0.1,1749,68.84124,15.586366,4145.043,1749,1749.0005,,58.1600914808462,625,4233.717,-0.1,-88.67382,-133.6633,15.335064,-499.9691,499.9691,0.0009999999
0.0009999999,499.9691,242631.22,-0.2021506,0.99999994,0.1,,138.64641,101743,0.0009999999,-104.11784,,6565.163723230362,14.498336,-0.2,6.3420706e-11,0.0009999999,,11,0.1,1750,68.84124,15.585794,4145.1416,1750,1749.9999,,58.13885714285714,625,4233.8203,-0.2,-88.67847,-133.64641,15.334411,-499.9691,499.9691,0.0009999999
0.0009999999,499.9691,242741.62,0.30037454,0.9999999,0.2,,138.63028,101755,0.0009999999,-105.40399,,6570.314765691757,15.032539,-0.2,6.334829e-11,0.0009999999,,11,0.2,1751,68.84124,15.585223,4145.244,1751,1750.9998,,58.11250713877784,625,4233.9233,0.1,-88.6794,-133.63028,15.334063,-499.9691,499.9691,0.0009999999
0.0009999999,499.9691,242852.03,0.40102062,1.0000002,,,138.61417,101767,0.0009999999,-105.39899,,6575.51931810379,17.12682,0.1,6.3275996e-11,0.0009999999,,11,0.2,1752,68.84124,15.584652,4145.3438,1752,1752.0004,,58.086187214611876,625,4234.0264,0.1,-88.68268,-133.61417,15.334909,-499.9691,499.9691,0.0009999999
0.0009999999,499.9691,242969.02,-0.29984277,0.9999999,-0.1,,138.60184,101784,0.0009999999,-111.99267,,6580.6696128845215,14.624473,0.1,6.320382e-11,0.0009999999,,11,-0.1,1753,68.84124,15.584082,4145.4263,1753,1752.9998,,58.062749572162005,625,4234.129,-0.2,-88.7025,-133.60184,15.334331,-499.9691,499.9691,0.0009999999
0.0009999999,499.9691,243063.89,0.100231424,0.9999999,0.2,,138.5769,101890,0.0009999999,-89.87796,,6586.045761108398,16.47041,0.2,6.313178e-11,0.0009999999,,11,-0.1,1754,68.84124,15.583511,4145.5015,1754,1753.9998,,58.09007981755986,625,4234.232,-0.2,-88.730545,-133.5769,15.334803,-499.9691,499.9691,0.0009999999
0.0009999999,499.9691,243180.77,-0.2984243,1.0000002,-0.2,,138.56454,101907,0.0009999999,-111.86736,,6591.6034343242645,15.054956,-0.1,6.3059856e-11,0.0009999999,,11,0.1,1755,68.84124,15.582941,4145.552,1755,1755.0005,,58.06666666666667,625,4234.3345,-0.1,-88.78247,-133.56454,15.334469,-499.9691,499.9691,0.0009999999
0.0009999999,499.9691,243301.6,-0.30156878,0.99999994,,,138.55444,101949,0.0009999999,-115.83172,,6596.833069324493,16.152847,0.1,6.298805e-11,0.0009999999,,11,-0.2,1756,68.84124,15.582372,4145.652,1756,1755.9999,,58.05751708428246,625,4234.4375,-0.2,-88.78571,-133.55444,15.334761,-499.9691,499.9691,0.0009999999
0.0009999999,499.9691,243449.75,0.00055470364,1.0,-0.1,,138.5599,102005,0.0009999999,-143.16443,,6602.076586008072,15.210605,-0.1,6.2916373e-11,0.0009999999,,11,0.2,1757,68.84124,15.581802,4145.707,1757,1757.0,,58.056346044393855,625,4234.54,,-88.83281,-133.5599,15.334515,-499.9691,499.9691,0.0009999999
0.0009999999,499.9691,243568.64,0.70122105,1.0000004,0.2,,138.54872,102023,0.0009999999,-113.88147,,6607.266211986542,14.986285,0.2,6.284481e-11,0.0009999999,,11,0.1,1758,68.84124,15.581233,4145.807,1758,1758.0006,,58.033560864618885,625,4234.6426,0.2,-88.83527,-133.54872,15.334142,-499.9691,499.9691,0.0009999999
0.0009999999,499.9691,243690.03,-0.30122155,1.0000001,-0.1,,138.53896,102046,0.0009999999,-116.381226,,6612.649052619934,16.48767,,6.277338e-11,0.0009999999,,11,,1759,68.84124,15.580665,4145.8657,1759,1759.0001,,58.013644115974984,625,4234.7446,-0.2,-88.878784,-133.53896,15.334626,-499.9691,499.9691,0.0009999999
0.0009999999,499.9691,243799.47,0.2997315,1.0000001,-0.1,,138.52243,102063,0.0009999999,-104.435356,,6617.9293467998505,14.431493,0.1,6.270206e-11,0.0009999999,,11,0.1,1760,68.84124,15.580096,4145.9053,1760,1760.0002,,57.99034090909091,625,4234.847,0.2,-88.9419,-133.52243,15.333938,-499.9691,499.9691,0.0009999999
0.0009999999,499.9691,243943.19,-0.29931295,1.0000005,-0.1,,138.52538,102104,0.0009999999,-138.72975,,6623.157596826553,14.217782,-0.1,6.263087e-11,0.0009999999,,11,,1761,68.84124,15.579529,4146.004,1761,1761.0009,,57.98069278818853,625,4234.9497,-0.1,-88.946045,-133.52538,15.333131,-499.9691,499.9691,0.0009999999
0.0009999999,499.9691,244077.42,0.30039278,1.0000002,-0.1,,138.52293,102144,0.0009999999,-129.23499,,6628.79910326004,15.383499,,6.2559805e-11,0.0009999999,,11,0.2,1762,68.84124,15.57896,4146.052,1762,1762.0004,,57.970488081725314,625,4235.0522,0.2,-89.00047,-133.52293,15.332985,-499.9691,499.9691,0.0009999999
0.0009999999,499.9691,244251.7,-0.103488706,1.0000002,0.1,,138.54323,102216,0.0009999999,-169.28197,,6634.8117389678955,16.727365,-0.2,6.2488854e-11,0.0009999999,,11,,1763,68.84124,15.578393,4145.9985,1763,1763.0005,,57.97844583096994,625,4235.1543,,-89.155975,-133.54323,15.3336,-499.9691,499.9691,0.0009999999
0.0009999999,499.9691,244368.78,0.29907194,0.9999997,0.1,,138.53105,102234,0.0009999999,-112.088936,,6640.968430519104,14.082476,0.2,6.241802e-11,0.0009999999,,11,0.1,1764,68.84124,15.5778265,4145.882,1764,1763.9995,,57.95578231292517,625,4235.257,-0.1,-89.37505,-133.53105,15.33272,-499.9691,499.9691,0.0009999999
0.0009999999,499.9691,244487.02,0.10179405,1.0000004,0.1,,138.51956,102252,0.0009999999,-113.22994,,6646.695985555649,15.009386,-0.2,6.2347315e-11,0.0009999999,,11,,1765,68.84124,15.577259,4145.9434,1765,1765.0007,,57.93314447592068,625,4235.359,0.2,-89.41552,-133.51956,15.332361,-499.9691,499.9691,0.0009999999
0.0009999999,499.9691,244608.78,-0.3011979,1.0000005,,,138.51007,102274,0.0009999999,-116.75802,,6652.4853637218475,15.356552,-0.2,6.2276725e-11,0.0009999999,,11,-0.2,1766,68.84124,15.576694,4146.004,1766,1766.0009,,57.91279728199321,625,4235.461,0.1,-89.45706,-133.51007,15.332199,-499.9691,499.9691,0.0009999999
0.0009999999,499.9691,244737.66,-0.10037999,0.9999999,,,138.50462,102308,0.0009999999,-123.86876,,6659.152208328247,16.160486,,6.2206254e-11,0.0009999999,,11,,1767,68.84124,15.576127,4146.091,1767,1766.9998,,57.89926428975665,625,4235.563,-0.1,-89.47231,-133.50462,15.3324995,-499.9691,499.9691,0.0009999999
0.0009999999,499.9691,244850.75,-0.004583314,0.99999964,-0.1,,138.49025,102329,0.0009999999,-108.0886,,6665.116067647934,16.030413,-0.1,6.213591e-11,0.0009999999,,11,0.1,1768,68.84124,15.575562,4146.1455,1768,1767.9994,,57.87839366515837,625,4235.665,0.1,-89.519516,-133.49025,15.33272,-499.9691,499.9691,0.0009999999
0.0009999999,499.9691,244986.78,0.099509045,0.9999997,0.2,,138.48885,102365,0.0009999999,-131.03491,,6671.2296776771545,13.747555,-0.1,6.206567e-11,0.0009999999,,11,0.1,1769,68.84124,15.574996,4146.1807,1769,1768.9995,,57.866026003391745,625,4235.7666,-0.1,-89.58613,-133.48885,15.331647,-499.9691,499.9691,0.0009999999
0.0009999999,499.9691,245114.55,-0.30424574,1.0000001,-0.2,,138.48279,102396,0.0009999999,-122.76907,,6677.537537574768,14.559881,-0.2,6.199557e-11,0.0009999999,,11,0.2,1770,68.84124,15.57443,4146.274,1770,1770.0002,,57.85084745762712,625,4235.8687,-0.1,-89.594666,-133.48279,15.331041,-499.9691,499.9691,0.0009999999
0.0009999999,499.9691,245226.16,0.096114494,0.9999999,0.1,,138.46762,102411,0.0009999999,-106.619225,,6683.947037696838,14.500556,-0.2,6.192557e-11,0.0009999999,,11,0.1,1771,68.84124,15.573866,4146.362,1771,1770.9998,,57.8266516092603,625,4235.9707,0.1,-89.60876,-133.46762,15.330397,-499.9691,499.9691,0.0009999999
0.0009999999,499.9691,245358.88,-0.30329806,1.0,-0.2,,138.46437,102454,0.0009999999,-127.72372,,6689.944848775864,13.488879,0.1,6.18557e-11,0.0009999999,,11,,1772,68.84124,15.573301,4146.4316,1772,1772.0,,57.818284424379236,625,4236.0723,-0.2,-89.64068,-133.46437,15.329184,-499.9691,499.9691,0.0009999999
0.0009999999,499.9691,245468.9,-0.39914066,1.0000004,-0.1,,138.44833,102473,0.0009999999,-105.01795,,6695.779856204987,14.23888,-0.2,6.1785944e-11,0.0009999999,,11,-0.1,1773,68.84124,15.572737,4146.504,1773,1773.0007,,57.79639029892837,625,4236.174,,-89.66991,-133.44833,15.3284,-499.9691,499.9691,0.0009999999
0.0009999999,499.9691,245590.44,0.19956675,1.0000001,0.1,,138.4388,102493,0.0009999999,-116.537994,,6701.53112578392,13.331368,-0.2,6.1716306e-11,0.0009999999,,11,0.2,1774,68.84124,15.572173,4146.3926,1774,1774.0002,,57.77508455467869,625,4236.2754,0.1,-89.88276,-133.4388,15.327098,-499.9691,499.9691,0.0009999999
0.0009999999,499.9691,245701.4,-0.09632502,1.0000002,0.2,,138.42332,102504,0.0009999999,-105.95543,,6707.088007926941,15.354506,-0.2,6.1646785e-11,0.0009999999,,11,-0.1,1775,68.84124,15.5716095,4146.431,1775,1775.0004,,57.7487323943662,625,4236.377,,-89.945984,-133.42332,15.326943,-499.9691,499.9691,0.0009999999
0.0009999999,499.9691,245817.0,-0.00045979023,0.99999964,-0.1,,138.41048,102519,0.0009999999,-110.60692,,6712.798496961594,14.487599,-0.2,6.157738e-11,0.0009999999,,11,0.2,1776,68.84124,15.571047,4146.5293,1776,1775.9994,,57.72466216216216,625,4236.479,0.1,-89.949776,-133.41048,15.326297,-499.9691,499.9691,0.0009999999
0.0009999999,499.9691,245930.88,0.29745206,1.0000004,,,138.39667,102544,0.0009999999,-108.862144,,6719.437259197235,13.448613,0.2,6.15081e-11,0.0009999999,,11,,1777,68.84124,15.570483,4146.562,1777,1777.0007,,57.70624648283624,625,4236.58,0.1,-90.01811,-133.39667,15.3250675,-499.9691,499.9691,0.0009999999
0.0009999999,499.9691,246057.78,-0.0012088567,0.9999995,-0.1,,138.3902,102576,0.0009999999,-121.91328,,6725.346733093262,15.671962,0.2,6.143894e-11,0.0009999999,,11,0.1,1778,68.84124,15.5699215,4146.6,1778,1777.9991,,57.691788526434195,625,4236.681,-0.2,-90.08129,-133.3902,15.325091,-499.9691,499.9691,0.0009999999
0.0009999999,499.9691,246168.64,0.20256664,0.99999994,0.1,,138.37473,102601,0.0009999999,-105.86053,,6731.185918569565,16.746439,,6.1369874e-11,0.0009999999,,11,0.1,1779,68.84124,15.569359,4146.683,1779,1778.9999,,57.6734120292299,625,4236.7827,,-90.09948,-133.37473,15.325714,-499.9691,499.9691,0.0009999999
0.0009999999,499.9691,246294.12,-0.09721487,0.99999964,-0.2,,138.3675,102633,0.0009999999,-120.47612,,6736.7746160030365,15.5396385,-0.2,6.1300943e-11,0.0009999999,,11,0.2,1780,68.84124,15.568797,4146.766,1780,1779.9994,,57.65898876404494,625,4236.8843,0.1,-90.118004,-133.3675,15.3256645,-499.9691,499.9691,0.0009999999
0.0009999999,499.9691,246404.44,-0.0036690657,0.9999997,-0.1,,138.35173,102656,0.0009999999,-105.3169,,6742.378371953964,14.28509,0.2,6.1232124e-11,0.0009999999,,11,-0.1,1781,68.84124,15.568235,4146.8643,1781,1780.9995,,57.63952835485682,625,4236.985,,-90.1205,-133.35173,15.324909,-499.9691,499.9691,0.0009999999
0.0009999999,499.9691,246539.11,0.20239364,1.0000001,0.2,,138.34967,102688,0.0009999999,-129.68338,,6747.442796945572,14.78971,0.1,6.1163415e-11,0.0009999999,,11,,1782,68.84124,15.567674,4146.914,1782,1782.0002,,57.62514029180696,625,4237.0864,-0.1,-90.172295,-133.34967,15.324433,-499.9691,499.9691,0.0009999999
0.0009999999,499.9691,246657.53,0.101052225,0.9999999,-0.1,,138.33849,102706,0.0009999999,-113.42471,,6752.5795085430145,13.706217,0.1,6.109483e-11,0.0009999999,,11,0.1,1783,68.84124,15.567113,4146.986,1783,1782.9998,,57.60291643297813,625,4237.1875,,-90.201775,-133.33849,15.323359,-499.9691,499.9691,0.0009999999
0.0009999999,499.9691,246786.66,0.30064163,0.99999994,,,138.33333,102740,0.0009999999,-124.126,,6757.764053583145,13.521986,0.1,6.102636e-11,0.0009999999,,11,0.2,1784,68.84124,15.566552,4147.0303,1784,1783.9999,,57.58968609865471,625,4237.288,,-90.25785,-133.33333,15.322174,-499.9691,499.9691,0.0009999999
0.0009999999,499.9691,246917.9,0.0013814941,1.0000004,0.1,,138.32936,102784,0.0009999999,-126.24775,,6762.985469579697,15.444291,-0.2,6.0957996e-11,0.0009999999,,11,,1785,68.84124,15.565991,4147.0386,1785,1785.0006,,57.582072829131654,625,4237.389,0.1,-90.35055,-133.32936,15.322072,-499.9691,499.9691,0.0009999999
0.0009999999,499.9691,247042.4,-0.103242055,1.0000001,0.2,,138.32161,102814,0.0009999999,-119.50788,,6768.24693274498,15.520521,-0.2,6.088975e-11,0.0009999999,,11,0.1,1786,68.84124,15.565432,4147.1226,1786,1786.0001,,57.56662933930571,625,4237.4897,-0.2,-90.36696,-133.32161,15.322012,-499.9691,499.9691,0.0009999999
0.0009999999,499.9691,247153.94,0.39535347,1.0000001,,,138.30663,102829,0.0009999999,-106.507805,,6773.325553894043,14.676328,0.1,6.0821626e-11,0.0009999999,,11,0.1,1787,68.84124,15.564872,4147.2197,1787,1787.0002,,57.54280917739228,625,4237.5913,0.2,-90.3717,-133.30663,15.321478,-499.9691,499.9691,0.0009999999
0.0009999999,499.9691,247326.88,0.39871752,1.0000005,-0.1,,138.32599,102905,0.0009999999,-167.93422,,6778.600338459015,10.741003,0.2,6.075361e-11,0.0009999999,,11,0.1,1788,68.84124,15.564313,4147.3047,1788,1788.0009,,57.55313199105145,625,4237.692,0.2,-90.38744,-133.32599,15.318745,-499.9691,499.9691,0.0009999999
0.0009999999,499.9691,247446.6,-0.7028662,1.0000002,-0.1,,138.3156,102924,0.0009999999,-114.72368,,6783.723361492157,15.108795,-0.2,6.068571e-11,0.0009999999,,11,-0.2,1789,68.84124,15.563753,4147.388,1789,1789.0004,,57.53158188932365,625,4237.7925,-0.2,-90.40438,-133.3156,15.318455,-499.9691,499.9691,0.0009999999
0.0009999999,499.9691,247571.81,0.100531355,1.0000002,-0.2,,138.30827,102972,0.0009999999,-120.234055,,6789.057730436325,14.96562,0.2,6.061793e-11,0.0009999999,,11,0.2,1790,68.84124,15.563194,4147.3867,1790,1790.0005,,57.52625698324022,625,4237.893,-0.1,-90.50612,-133.30827,15.318089,-499.9691,499.9691,0.0009999999
0.0009999999,499.9691,247695.69,-0.09933236,0.99999964,0.1,,138.30022,102999,0.0009999999,-118.85438,,6794.175095319748,15.634533,-0.2,6.055025e-11,0.0009999999,,11,-0.1,1791,68.84124,15.562636,4147.4814,1791,1790.9994,,57.50921273031826,625,4237.9937,0.1,-90.512344,-133.30022,15.318092,-499.9691,499.9691,0.0009999999
0.0009999999,499.9691,247813.62,-0.20269963,1.0000004,-0.1,,138.28885,103017,0.0009999999,-112.9514,,6799.66956615448,14.477405,-0.1,6.0482695e-11,0.0009999999,,11,-0.1,1792,68.84124,15.5620775,4147.569,1792,1792.0006,,57.48716517857143,625,4238.094,0.1,-90.52547,-133.28885,15.317452,-499.9691,499.9691,0.0009999999
0.0009999999,499.9691,247956.03,-0.29951996,1.0000004,,,138.29115,103067,0.0009999999,-137.41573,,6805.031002283096,15.822735,-0.2,6.041525e-11,0.0009999999,,11,,1793,68.84124,15.56152,4147.6274,1793,1793.0006,,57.482989403234804,625,4238.195,-0.1,-90.56755,-133.29115,15.317565,-499.9691,499.9691,0.0009999999
0.0009999999,499.9691,248075.12,0.19865815,0.9999997,0.1,,138.28044,103087,0.0009999999,-114.07692,,6810.774223566055,15.693986,-0.1,6.0347914e-11,0.0009999999,,11,,1794,68.84124,15.560963,4147.712,1794,1793.9995,,57.462095875139354,625,4238.2954,0.2,-90.58329,-133.28044,15.317601,-499.9691,499.9691,0.0009999999
0.0009999999,499.9691,248218.12,0.09923823,1.0000004,,,138.28308,103128,0.0009999999,-138.0187,,6816.510021448135,16.097221,,6.028069e-11,0.0009999999,,11,0.2,1795,68.84124,15.560405,4147.8,1795,1795.0006,,57.45292479108635,625,4238.3955,-0.1,-90.5958,-133.28308,15.317866,-499.9691,499.9691,0.0009999999
0.0009999999,499.9691,248335.77,-0.09929267,1.0000004,,,138.27159,103146,0.0009999999,-112.62765,,6822.301158189774,12.099469,-0.1,6.0213584e-11,0.0009999999,,11,0.1,1796,68.84124,15.559848,4147.843,1796,1796.0006,,57.430957683741646,625,4238.496,-0.1,-90.65316,-133.27159,15.315902,-499.9691,499.9691,0.0009999999
0.0009999999,499.9691,248461.69,0.59989816,0.9999997,0.2,,138.26471,103181,0.0009999999,-120.9318,,6827.369814872742,15.910512,0.2,6.014659e-11,0.0009999999,,11,0.1,1797,68.84124,15.559292,4147.9243,1797,1796.9995,,57.41847523650529,625,4238.596,0.1,-90.67204,-133.26471,15.316065,-499.9691,499.9691,0.0009999999
0.0009999999,499.9691,248576.8,-0.30083838,1.0000004,0.1,,138.25183,103199,0.0009999999,-110.09723,,6833.169385671616,17.080118,-0.2,6.00797e-11,0.0009999999,,11,-0.2,1798,68.84124,15.558735,4148.0205,1798,1798.0006,,57.39655172413793,625,4238.6963,,-90.67575,-133.25183,15.316874,-499.9691,499.9691,0.0009999999
0.0009999999,499.9691,248704.44,0.10314925,1.0000002,,,138.24594,103224,0.0009999999,-122.648155,,6839.164308547974,16.20367,-0.1,6.001294e-11,0.0009999999,,11,,1799,68.84124,15.558179,4148.119,1799,1799.0005,,57.378543635352976,625,4238.7964,0.2,-90.67728,-133.24594,15.317198,-499.9691,499.9691,0.0009999999
0.0009999999,499.9691,248856.19,-0.09819242,0.9999996,-0.2,,138.25343,103275,0.0009999999,-146.73453,,6844.777120113373,13.222523,-0.1,5.994627e-11,0.0009999999,,11,0.1,1800,68.84124,15.557624,4148.188,1800,1799.9993,,57.375,625,4238.8965,0.1,-90.70869,-133.25343,15.315863,-499.9691,499.9691,0.0009999999
0.0009999999,499.9691,248992.3,-0.30017918,1.0000002,,,138.25224,103313,0.0009999999,-131.11339,,6850.8532683849335,15.121069,-0.1,5.9879726e-11,0.0009999999,,11,,1801,68.84124,15.557068,4148.255,1801,1801.0004,,57.36424208772904,625,4238.9966,-0.2,-90.74191,-133.25224,15.315584,-499.9691,499.9691,0.0009999999
0.0009999999,499.9691,249106.12,0.40043074,1.0000001,0.2,,138.2387,103331,0.0009999999,-108.84148,,6857.227656364441,14.583193,-0.1,5.981328e-11,0.0009999999,,11,0.1,1802,68.84124,15.556513,4148.3447,1802,1802.0002,,57.34239733629301,625,4239.0967,0.2,-90.7519,-133.2387,15.315009,-499.9691,499.9691,0.0009999999
0.0009999999,499.9691,249224.22,-0.10000027,1.0000004,0.2,,138.22752,103348,0.0009999999,-113.07783,,6863.387317895889,16.145813,-0.1,5.974695e-11,0.0009999999,,11,,1803,68.84124,15.555958,4148.3867,1803,1803.0007,,57.32002218524681,625,4239.1963,-0.2,-90.80937,-133.22752,15.315297,-499.9691,499.9691,0.0009999999
0.0009999999,499.9691,249334.95,-0.0020240843,1.0,0.1,,138.21228,103364,0.0009999999,-105.74274,,6869.617125988007,15.151469,0.1,5.968073e-11,0.0009999999,,11,,1804,68.84124,15.555404,4148.419,1804,1804.0,,57.29711751662971,625,4239.2964,-0.2,-90.877396,-133.21228,15.31504,-499.9691,499.9691,0.0009999999
0.0009999999,499.9691,249446.39,-0.39665866,0.99999994,-0.2,,138.19745,103383,0.0009999999,-106.43826,,6875.770623683929,14.491357,0.1,5.961462e-11,0.0009999999,,11,-0.1,1805,68.84124,15.55485,4148.5015,1805,1804.9999,,57.27590027700831,625,4239.396,-0.2,-90.894485,-133.19745,15.314411,-499.9691,499.9691,0.0009999999
0.0009999999,499.9691,249551.08,-0.5013093,1.0000001,0.1,,138.1789,103431,0.0009999999,-99.6849,,6881.770718574524,15.019956,-0.2,5.954862e-11,0.0009999999,,11,-0.2,1806,68.84124,15.554296,4148.579,1806,1806.0002,,57.27076411960133,625,4239.496,-0.2,-90.91721,-133.1789,15.31408,-499.9691,499.9691,0.0009999999
0.0009999999,499.9691,249665.34,0.0005588308,0.9999997,,,138.16566,103447,0.0009999999,-109.26783,,6887.629637718201,13.914392,0.1,5.9482724e-11,0.0009999999,,11,,1807,68.84124,15.553742,4148.638,1807,1806.9995,,57.24792473713337,625,4239.5957,-0.1,-90.95772,-133.16566,15.313133,-499.9691,499.9691,0.0009999999
0.0009999999,499.9691,249786.14,-0.101706915,0.9999996,-0.1,,138.15605,103476,0.0009999999,-115.7981,,6894.04732966423,15.958355,-0.1,5.941695e-11,0.0009999999,,11,0.1,1808,68.84124,15.553189,4148.7236,1808,1807.9993,,57.232300884955755,625,4239.6953,,-90.97163,-133.15605,15.313323,-499.9691,499.9691,0.0009999999
0.0009999999,499.9691,249908.31,0.09907821,0.9999998,,,138.14722,103497,0.0009999999,-117.16482,,6899.606748342514,16.04896,0.2,5.9351274e-11,0.0009999999,,11,-0.1,1809,68.84124,15.552636,4148.7705,1809,1808.9996,,57.212271973466,625,4239.795,,-91.024216,-133.14722,15.313558,-499.9691,499.9691,0.0009999999
0.0009999999,499.9691,250036.36,0.19826396,1.0000002,-0.1,,138.14163,103528,0.0009999999,-123.04828,,6905.591565847397,16.158575,,5.928571e-11,0.0009999999,,11,0.2,1810,68.84124,15.552083,4148.865,1810,1810.0005,,57.19779005524862,625,4239.894,0.1,-91.02891,-133.14163,15.313859,-499.9691,499.9691,0.0009999999
0.0009999999,499.9691,250174.53,0.30076957,1.0000001,0.2,,138.14165,103565,0.0009999999,-133.16747,,6911.546775341034,16.66053,0.1,5.9220254e-11,0.0009999999,,11,0.1,1811,68.84124,15.551531,4148.908,1811,1811.0002,,57.18663721700718,625,4239.9937,-0.1,-91.0855,-133.14165,15.31443,-499.9691,499.9691,0.0009999999
0.0009999999,499.9691,250286.98,0.3993881,1.0000002,-0.1,,138.12747,103585,0.0009999999,-107.45995,,6917.231200218201,15.358392,0.2,5.915491e-11,0.0009999999,,11,0.2,1812,68.84124,15.550979,4148.7744,1812,1812.0005,,57.166114790286976,625,4240.093,0.1,-91.31834,-133.12747,15.314287,-499.9691,499.9691,0.0009999999
0.0009999999,499.9691,250408.0,0.40225083,0.9999998,0.1,,138.11804,103605,0.0009999999,-116.01144,,6923.023997545242,15.176176,0.1,5.908967e-11,0.0009999999,,11,0.2,1813,68.84124,15.550427,4148.8647,1813,1812.9996,,57.14561500275786,625,4240.1924,,-91.327446,-133.11804,15.31404,-499.9691,499.9691,0.0009999999
0.0009999999,499.9691,250534.02,0.0019340122,0.9999996,0.1,,138.11136,103642,0.0009999999,-121.0229,,6928.904732704163,15.037724,-0.1,5.9024535e-11,0.0009999999,,11,,1814,68.84124,15.549876,4148.8228,1814,1813.9993,,57.13450937155458,625,4240.2915,,-91.46861,-133.11136,15.31372,-499.9691,499.9691,0.0009999999
0.0009999999,499.9691,250672.83,0.102752045,0.9999997,0.1,,138.11176,103684,0.0009999999,-133.80978,,6934.611793756485,11.0809,0.1,5.895952e-11,0.0009999999,,11,,1815,68.84124,15.549325,4148.898,1815,1814.9995,,57.12617079889807,625,4240.391,-0.1,-91.492935,-133.11176,15.311217,-499.9691,499.9691,0.0009999999
0.0009999999,499.9691,250800.45,0.19995514,1.0000001,,,138.10597,103710,0.0009999999,-122.62824,,6940.093675374985,15.171952,,5.8894604e-11,0.0009999999,,11,0.1,1816,68.84124,15.548774,4148.993,1816,1816.0002,,57.109030837004404,625,4240.49,0.1,-91.496826,-133.10597,15.310973,-499.9691,499.9691,0.0009999999
0.0009999999,499.9691,250969.23,-0.0017840937,0.9999999,-0.1,,138.12286,103775,0.0009999999,-163.7746,,6945.467447280884,16.348116,0.2,5.882979e-11,0.0009999999,,11,,1817,68.84124,15.5482235,4148.897,1817,1816.9998,,57.11337369290039,625,4240.5894,-0.1,-91.692566,-133.12286,15.311376,-499.9691,499.9691,0.0009999999
0.0009999999,499.9691,251079.33,0.19872332,0.99999994,0.2,,138.10744,103797,0.0009999999,-105.0937,,6950.619774341583,16.288668,-0.1,5.876509e-11,0.0009999999,,11,0.1,1818,68.84124,15.547673,4148.9927,1818,1817.9999,,57.09405940594059,625,4240.688,,-91.6951,-133.10744,15.311744,-499.9691,499.9691,0.0009999999
0.0009999999,499.9691,251199.94,0.50164133,1.0000002,0.2,,138.09782,103826,0.0009999999,-115.60774,,6955.786389350891,15.368198,0.1,5.8700496e-11,0.0009999999,,11,0.1,1819,68.84124,15.547123,4148.931,1819,1819.0005,,57.07861462341946,625,4240.787,0.1,-91.85576,-133.09782,15.311606,-499.9691,499.9691,0.0009999999
0.0009999999,499.9691,251320.25,-0.19874805,1.0,-0.1,,138.08804,103846,0.0009999999,-115.32805,,6961.096903085709,12.147128,-0.2,5.863601e-11,0.0009999999,,11,,1820,68.84124,15.546574,4149.0225,1820,1820.0,,57.058241758241756,625,4240.886,0.1,-91.86382,-133.08804,15.309698,-499.9691,499.9691,0.0009999999
0.0009999999,499.9691,251445.55,0.59712636,1.0,0.1,,138.08102,103873,0.0009999999,-120.29029,,6966.25914978981,16.91989,0.1,5.857163e-11,0.0009999999,,11,0.2,1821,68.84124,15.546024,4149.1045,1821,1821.0,,57.04173531026908,625,4240.985,0.2,-91.88016,-133.08102,15.310416,-499.9691,499.9691,0.0009999999
0.0009999999,499.9691,251583.33,-0.201897,1.0000004,0.1,,138.08086,103913,0.0009999999,-132.7833,,6971.490412473679,15.116194,-0.2,5.850735e-11,0.0009999999,,11,-0.1,1822,68.84124,15.545475,4149.152,1822,1822.0006,,57.03238199780461,625,4241.0835,,-91.931435,-133.08086,15.31014,-499.9691,499.9691,0.0009999999
0.0009999999,499.9691,251703.17,-0.10003753,1.0,-0.1,,138.07086,103931,0.0009999999,-114.839226,,6976.7748301029205,15.009916,0.2,5.844318e-11,0.0009999999,,11,-0.1,1823,68.84124,15.544927,4149.075,1823,1823.0,,57.01097092704334,625,4241.1826,-0.1,-92.107574,-133.07086,15.309808,-499.9691,499.9691,0.0009999999
0.0009999999,499.9691,251824.8,0.4026631,1.0,-0.1,,138.06184,103955,0.0009999999,-116.62549,,6982.111118078232,16.01981,0.1,5.8379114e-11,0.0009999999,,11,0.2,1824,68.84124,15.544378,4149.0312,1824,1824.0,,56.99287280701754,625,4241.2812,0.2,-92.250015,-133.06184,15.310029,-499.9691,499.9691,0.0009999999
0.0009999999,499.9691,251962.97,0.5037635,1.0000002,0.2,,138.0619,103996,0.0009999999,-133.18439,,6988.155054569244,14.244895,0.2,5.831516e-11,0.0009999999,,11,0.1,1825,68.84124,15.54383,4149.103,1825,1825.0005,,56.9841095890411,625,4241.38,,-92.27668,-133.0619,15.309278,-499.9691,499.9691,0.0009999999
0.0009999999,499.9691,252093.4,0.3028064,0.9999999,-0.2,,138.05772,104029,0.0009999999,-125.436745,,6993.541348934174,15.015308,0.2,5.82513e-11,0.0009999999,,11,0.2,1826,68.84124,15.5432825,4149.122,1826,1825.9998,,56.97097480832421,625,4241.4785,0.1,-92.35632,-133.05772,15.308948,-499.9691,499.9691,0.0009999999
0.0009999999,499.9691,252204.86,0.002347678,0.9999998,0.1,,138.04317,104044,0.0009999999,-106.445465,,6999.144057273865,15.997839,0.2,5.8187552e-11,0.0009999999,,11,-0.1,1827,68.84124,15.542735,4149.178,1827,1826.9996,,56.9480021893815,625,4241.577,-0.2,-92.399086,-133.04317,15.309156,-499.9691,499.9691,0.0009999999
0.0009999999,499.9691,252326.55,-0.5006967,1.0,-0.1,,138.03421,104066,0.0009999999,-116.680046,,7004.650272130966,14.517653,-0.2,5.81239e-11,0.0009999999,,11,-0.1,1828,68.84124,15.542188,4149.106,1828,1828.0,,56.9288840262582,625,4241.6753,-0.1,-92.569336,-133.03421,15.3085575,-499.9691,499.9691,0.0009999999
0.0009999999,499.9691,252444.73,-0.098596886,0.9999995,,,138.02336,104086,0.0009999999,-113.182976,,7010.08309340477,16.36533,-0.2,5.8060362e-11,0.0009999999,,11,0.2,1829,68.84124,15.541641,4149.189,1829,1828.9991,,56.90869327501367,625,4241.774,-0.1,-92.585175,-133.02336,15.308968,-499.9691,499.9691,0.0009999999
0.0009999999,499.9691,252558.06,0.20093864,1.0000004,0.2,,138.00987,104112,0.0009999999,-108.33291,,7015.483201503754,16.686146,0.1,5.799693e-11,0.0009999999,,11,0.1,1830,68.84124,15.541094,4149.2812,1830,1830.0007,,56.89180327868853,625,4241.8726,-0.2,-92.59137,-133.00987,15.309553,-499.9691,499.9691,0.0009999999
0.0009999999,499.9691,252668.11,0.2994843,0.9999996,0.1,,137.9946,104128,0.0009999999,-105.050026,,7020.699817657471,14.41948,,5.7933592e-11,0.0009999999,,11,0.1,1831,68.84124,15.540548,4149.3096,1831,1830.9993,,56.86947023484435,625,4241.9707,0.1,-92.66115,-132.9946,15.308898,-499.9691,499.9691,0.0009999999
0.0009999999,499.9691,252786.16,-0.4996369,1.0,-0.1,,137.9837,104146,0.0009999999,-113.03997,,7025.875349521637,16.694675,-0.2,5.787036e-11,0.0009999999,,11,-0.2,1832,68.84124,15.540002,4149.123,1832,1832.0,,56.84825327510917,625,4242.069,,-92.94596,-132.9837,15.309488,-499.9691,499.9691,0.0009999999
0.0009999999,499.9691,252917.78,0.103335865,0.9999998,-0.1,,137.98024,104181,0.0009999999,-126.64233,,7031.140853881836,16.811996,0.2,5.7807238e-11,0.0009999999,,11,,1833,68.84124,15.539456,4149.2036,1833,1832.9996,,56.83633387888707,625,4242.1675,,-92.96381,-132.98024,15.31014,-499.9691,499.9691,0.0009999999
0.0009999999,499.9691,253039.53,-0.20037219,0.99999994,0.2,,137.97139,104206,0.0009999999,-116.75075,,7037.624568939209,15.218203,-0.2,5.7744212e-11,0.0009999999,,11,-0.1,1834,68.84124,15.538911,4149.2944,1834,1833.9999,,56.81897491821156,625,4242.265,-0.1,-92.97056,-132.97139,15.309924,-499.9691,499.9691,0.0009999999
0.0009999999,499.9691,253151.72,-0.10135137,1.0000004,,,137.95734,104219,0.0009999999,-107.16477,,7043.543685674667,16.755613,0.1,5.7681297e-11,0.0009999999,,11,-0.1,1835,68.84124,15.538365,4149.282,1835,1835.0006,,56.79509536784741,625,4242.3633,-0.1,-93.08086,-132.95734,15.310541,-499.9691,499.9691,0.0009999999
0.0009999999,499.9691,253274.58,0.19789559,1.0000001,,,137.94911,104256,0.0009999999,-117.864586,,7050.026304960251,16.28636,0.1,5.761848e-11,0.0009999999,,11,,1836,68.84124,15.537821,4149.2974,1836,1836.0001,,56.78431372549019,625,4242.4614,0.1,-93.163826,-132.94911,15.310909,-499.9691,499.9691,0.0009999999
0.0009999999,499.9691,253394.61,0.3031035,1.0000001,0.1,,137.93936,104277,0.0009999999,-115.035355,,7056.293388366699,15.925246,0.1,5.7555762e-11,0.0009999999,,11,,1837,68.84124,15.537276,4149.3774,1837,1837.0001,,56.764833968426785,625,4242.5596,0.1,-93.18216,-132.93936,15.311075,-499.9691,499.9691,0.0009999999
0.0009999999,499.9691,253552.4,0.39714032,1.0000004,0.1,,137.95016,104334,0.0009999999,-152.78976,,7062.487094402313,15.525055,0.2,5.7493156e-11,0.0009999999,,11,-0.1,1838,68.84124,15.536732,4149.373,1838,1838.0007,,56.764961915125134,625,4242.657,0.2,-93.284325,-132.95016,15.311024,-499.9691,499.9691,0.0009999999
0.0009999999,499.9691,253685.72,0.3007524,1.0000001,-0.1,,137.94765,104367,0.0009999999,-128.31026,,7068.831397533417,15.369637,0.2,5.7430644e-11,0.0009999999,,11,0.1,1839,68.84124,15.536188,4149.4263,1839,1839.0001,,56.752039151712886,625,4242.7554,0.1,-93.32901,-132.94765,15.310887,-499.9691,499.9691,0.0009999999
0.0009999999,499.9691,253810.81,0.3010468,1.0000001,0.1,,137.94066,104396,0.0009999999,-120.0986,,7075.589036464691,14.096043,-0.2,5.7368235e-11,0.0009999999,,11,0.2,1840,68.84124,15.535645,4149.5103,1840,1840.0001,,56.73695652173913,625,4242.8525,0.2,-93.34211,-132.94066,15.310062,-499.9691,499.9691,0.0009999999
0.0009999999,499.9691,253939.28,0.30115944,1.0000004,0.2,,137.93552,104430,0.0009999999,-123.48202,,7081.987486600876,15.397211,0.2,5.7305927e-11,0.0009999999,,11,,1841,68.84124,15.535101,4149.6055,1841,1841.0006,,56.7246061922868,625,4242.9507,-0.1,-93.34539,-132.93552,15.309944,-499.9691,499.9691,0.0009999999
0.0009999999,499.9691,254048.84,0.3990908,0.99999994,0.1,,137.9201,104443,0.0009999999,-104.549446,,7088.1730942726135,16.74501,0.2,5.7243727e-11,0.0009999999,,11,,1842,68.84124,15.534558,4149.694,1842,1841.9999,,56.70086862106406,625,4243.0483,0.1,-93.35435,-132.9201,15.310557,-499.9691,499.9691,0.0009999999
0.0009999999,499.9691,254176.47,0.20345111,0.9999998,-0.1,,137.91452,104476,0.0009999999,-122.64002,,7094.476399898529,15.619592,0.2,5.7181624e-11,0.0009999999,,11,,1843,68.84124,15.534016,4149.79,1843,1842.9996,,56.68800868149756,625,4243.146,0.1,-93.355965,-132.91452,15.310559,-499.9691,499.9691,0.0009999999
0.0009999999,499.9691,254298.56,-0.20198005,1.0,0.2,,137.90594,104497,0.0009999999,-117.097694,,7100.717740058899,13.82611,-0.1,5.7119615e-11,0.0009999999,,11,-0.2,1844,68.84124,15.533473,4149.856,1844,1844.0,,56.668655097613886,625,4243.2437,-0.1,-93.387474,-132.90594,15.309586,-499.9691,499.9691,0.0009999999
0.0009999999,499.9691,254428.81,-0.30209932,1.0000005,-0.1,,137.9018,104538,0.0009999999,-125.23301,,7106.886229515076,15.047262,-0.2,5.705772e-11,0.0009999999,,11,-0.2,1845,68.84124,15.532931,4149.841,1845,1845.001,,56.66016260162602,625,4243.3413,0.2,-93.50062,-132.9018,15.3092785,-499.9691,499.9691,0.0009999999
0.0009999999,499.9691,254561.97,0.20158681,1.0000004,0.1,,137.89923,104570,0.0009999999,-128.16348,,7112.712636470795,15.788647,0.2,5.699592e-11,0.0009999999,,11,-0.1,1846,68.84124,15.532389,4149.924,1846,1846.0006,,56.646803900325025,625,4243.4385,,-93.51483,-132.89923,15.309371,-499.9691,499.9691,0.0009999999
0.0009999999,499.9691,254676.1,0.29978383,1.0000005,0.2,,137.88635,104586,0.0009999999,-109.11819,,7118.522300004959,15.618483,0.2,5.6934218e-11,0.0009999999,,11,-0.2,1847,68.84124,15.531848,4149.978,1847,1847.0009,,56.62479696805631,625,4243.536,0.1,-93.558235,-132.88635,15.309373,-499.9691,499.9691,0.0009999999
0.0009999999,499.9691,254795.73,0.5028089,0.99999994,0.2,,137.87648,104604,0.0009999999,-114.644455,,7124.669903755188,15.239151,0.2,5.6872618e-11,0.0009999999,,11,,1848,68.84124,15.531306,4149.995,1848,1847.9999,,56.603896103896105,625,4243.6333,0.1,-93.638275,-132.87648,15.309168,-499.9691,499.9691,0.0009999999
0.0009999999,499.9691,254916.03,0.30255365,0.99999964,,,137.86697,104627,0.0009999999,-115.29885,,7130.363214015961,14.945128,,5.6811115e-11,0.0009999999,,11,0.2,1849,68.84124,15.530766,4150.014,1849,1848.9994,,56.585722011898326,625,4243.731,0.1,-93.71678,-132.86697,15.308806,-499.9691,499.9691,0.0009999999
0.0009999999,499.9691,255037.42,-0.09954758,1.0000007,-0.2,,137.85806,104652,0.0009999999,-116.395065,,7135.9310619831085,16.276854,-0.1,5.6749716e-11,0.0009999999,,11,0.2,1850,68.84124,15.530225,4150.103,1850,1850.0012,,56.56864864864865,625,4243.828,,-93.72531,-132.85806,15.309165,-499.9691,499.9691,0.0009999999
0.0009999999,499.9691,255159.94,-0.099628314,1.0000001,,,137.84978,104681,0.0009999999,-117.512215,,7141.180550813675,16.68963,-0.1,5.6688414e-11,0.0009999999,,11,,1851,68.84124,15.529684,4150.1924,1851,1851.0001,,56.5537547271745,625,4243.9253,,-93.73313,-132.84978,15.309746,-499.9691,499.9691,0.0009999999
0.0009999999,499.9691,255282.62,0.19574347,0.99999976,-0.1,,137.84158,104703,0.0009999999,-117.69244,,7146.4873242378235,15.901896,0.1,5.662721e-11,0.0009999999,,11,0.2,1852,68.84124,15.529144,4150.281,1852,1851.9995,,56.53509719222462,625,4244.0225,,-93.74187,-132.84158,15.309899,-499.9691,499.9691,0.0009999999
0.0009999999,499.9691,255393.1,-0.701279,0.99999976,-0.2,,137.82681,104719,0.0009999999,-105.45868,,7151.611302137375,14.836383,-0.2,5.6566106e-11,0.0009999999,,11,-0.1,1853,68.84124,15.5286045,4150.349,1853,1852.9995,,56.51322180248246,625,4244.1196,-0.2,-93.77064,-132.82681,15.309476,-499.9691,499.9691,0.0009999999
0.0009999999,499.9691,255506.38,0.50093067,1.0,0.2,,137.81358,104743,0.0009999999,-108.28939,,7157.181163072586,15.433627,,5.6505103e-11,0.0009999999,,11,0.1,1854,68.84124,15.528065,4150.352,1854,1854.0,,56.495685005393746,625,4244.217,0.2,-93.864685,-132.81358,15.30938,-499.9691,499.9691,0.0009999999
0.0009999999,499.9691,255645.77,-0.20024979,0.9999995,-0.2,,137.81442,104780,0.0009999999,-134.37965,,7162.863255739212,15.39043,,5.6444203e-11,0.0009999999,,11,0.1,1855,68.84124,15.527526,4150.408,1855,1854.9991,,56.485175202156334,625,4244.3135,-0.1,-93.90538,-132.81442,15.309258,-499.9691,499.9691,0.0009999999
0.0009999999,499.9691,255755.47,0.10017654,1.0000004,0.1,,137.79929,104801,0.0009999999,-104.69083,,7168.748562812805,15.349862,,5.6383398e-11,0.0009999999,,11,0.2,1856,68.84124,15.526986,4150.2896,1856,1856.0007,,56.46605603448276,625,4244.4106,-0.2,-94.121086,-132.79929,15.309115,-499.9691,499.9691,0.0009999999
0.0009999999,499.9691,255877.53,0.39911282,0.9999996,0.1,,137.7908,104824,0.0009999999,-117.0596,,7174.062814235687,16.570219,0.1,5.6322686e-11,0.0009999999,,11,,1857,68.84124,15.526448,4150.3623,1857,1856.9993,,56.448034464189554,625,4244.5073,0.2,-94.14521,-132.7908,15.309632,-499.9691,499.9691,0.0009999999
0.0009999999,499.9691,256007.19,0.10213778,1.0000001,,,137.78642,104851,0.0009999999,-124.65694,,7179.560567855835,15.911684,0.1,5.626208e-11,0.0009999999,,11,0.1,1858,68.84124,15.525909,4150.3716,1858,1858.0001,,56.43218514531755,625,4244.604,-0.1,-94.23242,-132.78642,15.309786,-499.9691,499.9691,0.0009999999
0.0009999999,499.9691,256130.4,0.40057003,0.9999999,0.2,,137.7786,104873,0.0009999999,-118.22839,,7184.843223333359,10.308324,0.1,5.6201568e-11,0.0009999999,,11,0.2,1859,68.84124,15.525372,4150.456,1859,1858.9998,,56.413663259817106,625,4244.7007,-0.1,-94.24452,-132.7786,15.306932,-499.9691,499.9691,0.0009999999
0.0009999999,499.9691,256250.06,0.39853656,1.0,0.2,,137.76884,104893,0.0009999999,-114.66059,,7190.157276630402,16.1325,0.1,5.6141147e-11,0.0009999999,,11,0.1,1860,68.84124,15.524834,4150.529,1860,1860.0,,56.39408602150537,625,4244.7974,,-94.268524,-132.76884,15.30721,-499.9691,499.9691,0.0009999999
0.0009999999,499.9691,256360.4,0.30034292,1.0000004,0.2,,137.75412,104912,0.0009999999,-105.34823,,7195.73560500145,14.792784,0.1,5.608083e-11,0.0009999999,,11,-0.2,1861,68.84124,15.524296,4150.5186,1861,1861.0007,,56.373992477162815,625,4244.894,0.2,-94.37564,-132.75412,15.306769,-499.9691,499.9691,0.0009999999
0.0009999999,499.9691,256576.78,0.1967729,1.0000001,0.2,,137.79634,105027,0.0009999999,-211.37201,,7201.259410142899,16.995869,0.2,5.6020615e-11,0.0009999999,,11,-0.1,1862,68.84124,15.523759,4150.5615,1862,1862.0001,,56.40547798066595,625,4244.9907,-0.1,-94.42924,-132.79634,15.307514,-499.9691,499.9691,0.0009999999
0.0009999999,499.9691,256701.4,-0.00078257173,1.0000001,-0.1,,137.78926,105050,0.0009999999,-119.644066,,7206.744144201279,12.802853,0.1,5.5960486e-11,0.0009999999,,11,0.1,1863,68.84124,15.523222,4150.6216,1863,1863.0002,,56.387546967257116,625,4245.0874,-0.1,-94.4659,-132.78926,15.306003,-499.9691,499.9691,0.0009999999
0.0009999999,499.9691,256821.78,0.19916925,0.9999994,,,137.77992,105081,0.0009999999,-115.35408,,7212.322126150131,15.994607,0.2,5.590046e-11,0.0009999999,,11,0.1,1864,68.84124,15.522685,4150.5806,1864,1863.9989,,56.37392703862661,625,4245.184,-0.1,-94.60358,-132.77992,15.306209,-499.9691,499.9691,0.0009999999
0.0009999999,499.9691,256932.22,0.50300944,1.0,0.1,,137.76526,105094,0.0009999999,-105.442474,,7217.939853191376,9.501336,0.2,5.584053e-11,0.0009999999,,11,0.2,1865,68.84124,15.522149,4150.606,1865,1865.0,,56.35067024128686,625,4245.2803,,-94.6741,-132.76526,15.30293,-499.9691,499.9691,0.0009999999
0.0009999999,499.9691,257043.2,-0.29556108,1.000001,-0.2,,137.75092,105115,0.0009999999,-105.982735,,7223.208598852158,14.637535,-0.2,5.5780693e-11,0.0009999999,,11,,1866,68.84124,15.521613,4150.6333,1866,1866.0017,,56.331725616291536,625,4245.3765,0.1,-94.743126,-132.75092,15.302412,-499.9691,499.9691,0.0009999999
0.0009999999,499.9691,257170.78,-0.29892135,1.0000001,0.2,,137.74547,105144,0.0009999999,-122.57117,,7228.444395780563,13.863009,-0.1,5.5720952e-11,0.0009999999,,11,-0.2,1867,68.84124,15.521077,4150.559,1867,1867.0002,,56.317086234600964,625,4245.473,-0.2,-94.91416,-132.74547,15.301478,-499.9691,499.9691,0.0009999999
0.0009999999,499.9691,257279.31,-0.4027703,0.9999997,-0.2,,137.72983,105168,0.0009999999,-103.54558,,7234.100255489349,16.205217,-0.1,5.566131e-11,0.0009999999,,11,0.1,1868,68.84124,15.520542,4150.424,1868,1867.9994,,56.29978586723769,625,4245.5693,-0.2,-95.14534,-132.72983,15.301793,-499.9691,499.9691,0.0009999999
0.0009999999,499.9691,257389.88,0.1002001,1.0000005,-0.1,,137.71529,105184,0.0009999999,-105.55722,,7240.593506813049,16.016655,0.2,5.5601766e-11,0.0009999999,,11,-0.2,1869,68.84124,15.520007,4150.5176,1869,1869.0009,,56.278223649010165,625,4245.6655,0.2,-95.14819,-132.71529,15.302013,-499.9691,499.9691,0.0009999999
0.0009999999,499.9691,257527.66,-0.10082701,0.9999996,,,137.71532,105219,0.0009999999,-132.78123,,7246.145813703537,14.315494,,5.5542314e-11,0.0009999999,,11,0.1,1870,68.84124,15.519472,4150.6,1870,1869.9993,,56.266844919786095,625,4245.762,-0.2,-95.162285,-132.71532,15.301322,-499.9691,499.9691,0.0009999999
0.0009999999,499.9691,257650.81,0.29956615,1.0,0.1,,137.70755,105242,0.0009999999,-118.15243,,7252.1139459609985,15.88239,0.2,5.5482955e-11,0.0009999999,,11,-0.1,1871,68.84124,15.518937,4150.693,1871,1871.0,,56.24906467129877,625,4245.858,0.1,-95.164825,-132.70755,15.30147,-499.9691,499.9691,0.0009999999
0.0009999999,499.9691,257779.4,0.30023235,0.99999976,0.2,,137.70267,105269,0.0009999999,-123.6066,,7258.00803232193,15.000217,-0.1,5.54237e-11,0.0009999999,,11,0.2,1872,68.84124,15.518403,4150.748,1872,1871.9995,,56.23344017094017,625,4245.954,,-95.20591,-132.70267,15.301146,-499.9691,499.9691,0.0009999999
0.0009999999,499.9691,257890.22,-0.50155574,0.99999976,-0.2,,137.68832,105282,0.0009999999,-105.81163,,7264.431404590607,14.851025,-0.2,5.536453e-11,0.0009999999,,11,-0.1,1873,68.84124,15.517869,4150.7983,1873,1872.9995,,56.21035771489589,625,4246.0503,,-95.25193,-132.68832,15.300739,-499.9691,499.9691,0.0009999999
0.0009999999,499.9691,258015.98,0.3028018,1.0,-0.2,,137.68196,105310,0.0009999999,-120.75607,,7270.82794547081,14.190894,0.2,5.530546e-11,0.0009999999,,11,0.1,1874,68.84124,15.517335,4150.808,1874,1874.0,,56.19530416221985,625,4246.146,0.2,-95.3381,-132.68196,15.299985,-499.9691,499.9691,0.0009999999
0.0009999999,499.9691,258138.19,0.10041215,0.9999997,,,137.6737,105331,0.0009999999,-117.20587,,7276.933645248413,14.182038,-0.1,5.5246484e-11,0.0009999999,,11,0.1,1875,68.84124,15.516802,4150.902,1875,1874.9994,,56.17653333333333,625,4246.2417,0.1,-95.3397,-132.6737,15.299225,-499.9691,499.9691,0.0009999999
0.0009999999,499.9691,258259.12,0.19836381,0.9999996,0.2,,137.66478,105351,0.0009999999,-115.92997,,7283.111088514328,17.000872,,5.5187598e-11,0.0009999999,,11,0.1,1876,68.84124,15.516269,4150.9585,1876,1875.9993,,56.15724946695096,625,4246.338,-0.1,-95.379265,-132.66478,15.299967,-499.9691,499.9691,0.0009999999
0.0009999999,499.9691,258379.25,0.50271,0.99999976,0.1,,137.65544,105369,0.0009999999,-115.12322,,7289.3974595069885,11.831571,0.2,5.5128808e-11,0.0009999999,,11,,1877,68.84124,15.515736,4150.9346,1877,1876.9995,,56.13692061800746,625,4246.4336,0.2,-95.49882,-132.65544,15.297956,-499.9691,499.9691,0.0009999999
0.0009999999,499.9691,258502.06,0.19815558,1.0000002,0.2,,137.64754,105390,0.0009999999,-117.817154,,7295.6717693805695,15.259425,0.1,5.507011e-11,0.0009999999,,11,-0.1,1878,68.84124,15.5152025,4150.8926,1878,1878.0005,,56.11821086261981,625,4246.5293,,-95.63685,-132.64754,15.297773,-499.9691,499.9691,0.0009999999
0.0009999999,499.9691,258691.03,0.10018806,1.0000001,0.2,,137.67485,105480,0.0009999999,-183.97404,,7301.932950496674,15.551999,0.1,5.5011513e-11,0.0009999999,,11,,1879,68.84124,15.51467,4150.7876,1879,1879.0001,,56.13624268227781,625,4246.625,-0.2,-95.837364,-132.67485,15.297744,-499.9691,499.9691,0.0009999999
0.0009999999,499.9691,258801.94,-0.30036718,1.0000001,0.2,,137.6606,105500,0.0009999999,-105.89509,,7307.769338607788,15.943145,-0.2,5.4953007e-11,0.0009999999,,11,-0.1,1880,68.84124,15.514138,4150.8755,1880,1880.0002,,56.11702127659574,625,4246.7207,-0.2,-95.8452,-132.6606,15.297926,-499.9691,499.9691,0.0009999999
0.0009999999,499.9691,258916.4,-0.10090384,0.9999996,-0.2,,137.64827,105525,0.0009999999,-109.46842,,7313.764246225357,15.208058,-0.2,5.4894592e-11,0.0009999999,,11,0.1,1881,68.84124,15.513607,4150.97,1881,1880.9993,,56.100478468899524,625,4246.8164,0.2,-95.84618,-132.64827,15.297715,-499.9691,499.9691,0.0009999999
0.0009999999,499.9691,259037.22,0.29972464,1.0000002,0.1,,137.63933,105549,0.0009999999,-115.819374,,7319.74196100235,16.83432,-0.1,5.483627e-11,0.0009999999,,11,0.2,1882,68.84124,15.513075,4151.0522,1882,1882.0005,,56.08342189160468,625,4246.9116,0.1,-95.859344,-132.63933,15.298368,-499.9691,499.9691,0.0009999999
0.0009999999,499.9691,259185.03,0.49982476,0.9999993,0.1,,137.64473,105600,0.0009999999,-142.81929,,7325.5718467235565,16.678663,0.1,5.4778047e-11,0.0009999999,,11,0.2,1883,68.84124,15.512544,4151.0464,1883,1882.9987,,56.080722251725966,625,4247.0073,0.1,-95.96084,-132.64473,15.298939,-499.9691,499.9691,0.0009999999
0.0009999999,499.9691,259342.45,0.3997132,0.9999995,0.2,,137.65523,105659,0.0009999999,-152.42117,,7331.543275594711,14.990578,0.1,5.4719913e-11,0.0009999999,,11,,1884,68.84124,15.512013,4150.9375,1884,1883.9991,,56.082271762208066,625,4247.1025,0.1,-96.165016,-132.65523,15.298611,-499.9691,499.9691,0.0009999999
0.0009999999,499.9691,259473.53,0.09963298,1.0000001,-0.1,,137.65173,105689,0.0009999999,-126.08828,,7337.342739582062,12.938314,-0.1,5.4661865e-11,0.0009999999,,11,0.1,1885,68.84124,15.511482,4151.026,1885,1885.0002,,56.0684350132626,625,4247.198,0.2,-96.172165,-132.65173,15.297196,-499.9691,499.9691,0.0009999999
0.0009999999,499.9691,259608.5,-0.20049024,1.0,-0.1,,137.65031,105725,0.0009999999,-129.95436,,7342.950215816498,15.258775,-0.1,5.4603915e-11,0.0009999999,,11,0.1,1886,68.84124,15.510952,4151.1167,1886,1886.0,,56.05779427359491,625,4247.2935,-0.1,-96.176636,-132.65031,15.297015,-499.9691,499.9691,0.0009999999
0.0009999999,499.9691,259732.38,0.09843592,1.0000001,,,137.64302,105753,0.0009999999,-118.883896,,7348.363844156265,16.591002,-0.2,5.454605e-11,0.0009999999,,11,0.1,1887,68.84124,15.510422,4151.1387,1887,1887.0002,,56.04292527821939,625,4247.3887,0.2,-96.24999,-132.64302,15.297538,-499.9691,499.9691,0.0009999999
0.0009999999,499.9691,259851.31,-0.60012364,0.9999996,-0.1,,137.63312,105775,0.0009999999,-113.93044,,7354.095296382904,16.63424,-0.2,5.4488292e-11,0.0009999999,,11,-0.1,1888,68.84124,15.509892,4151.1997,1888,1887.9993,,56.02489406779661,625,4247.484,-0.2,-96.28415,-132.63312,15.298084,-499.9691,499.9691,0.0009999999
0.0009999999,499.9691,259970.78,0.103132114,1.0000004,0.2,,137.62349,105799,0.0009999999,-114.467896,,7360.05223274231,16.21467,0.2,5.4430616e-11,0.0009999999,,11,-0.2,1889,68.84124,15.509362,4151.245,1889,1889.0006,,56.00794070937004,625,4247.579,-0.1,-96.33408,-132.62349,15.298408,-499.9691,499.9691,0.0009999999
0.0009999999,499.9691,260095.95,0.3961544,1.0000004,0.2,,137.61691,105823,0.0009999999,-120.17269,,7365.452568054199,11.022881,0.1,5.437303e-11,0.0009999999,,11,-0.1,1890,68.84124,15.508833,4151.217,1890,1890.0007,,55.991005291005294,625,4247.6743,0.2,-96.45728,-132.61691,15.29598,-499.9691,499.9691,0.0009999999
0.0009999999,499.9691,260242.47,0.09952183,0.99999976,0.1,,137.62161,105867,0.0009999999,-141.51918,,7370.980381011963,13.483533,,5.431554e-11,0.0009999999,,11,,1891,68.84124,15.508305,4151.26,1891,1890.9995,,55.9846641988366,625,4247.769,,-96.509094,-132.62161,15.294861,-499.9691,499.9691,0.0009999999
0.0009999999,499.9691,260371.86,-0.29902238,1.0000004,-0.1,,137.61726,105897,0.0009999999,-124.39158,,7376.247137069702,15.938727,0.2,5.4258136e-11,0.0009999999,,11,-0.2,1892,68.84124,15.507775,4151.253,1892,1892.0007,,55.97093023255814,625,4247.8643,-0.2,-96.61139,-132.61726,15.295039,-499.9691,499.9691,0.0009999999
0.0009999999,499.9691,260495.12,-0.19866148,1.0000004,-0.2,,137.60968,105929,0.0009999999,-118.26912,,7381.745754957199,12.959218,0.2,5.4200824e-11,0.0009999999,,11,-0.1,1893,68.84124,15.507247,4151.319,1893,1893.0006,,55.958267300581085,625,4247.9595,-0.1,-96.64042,-132.60968,15.293644,-499.9691,499.9691,0.0009999999
0.0009999999,499.9691,260600.94,-0.7019248,0.9999995,-0.2,,137.5929,105952,0.0009999999,-100.817444,,7387.079482078552,15.71783,-0.2,5.4143606e-11,0.0009999999,,11,-0.2,1894,68.84124,15.50672,4151.4077,1894,1893.9991,,55.94086589229145,625,4248.054,-0.1,-96.64641,-132.5929,15.293707,-499.9691,499.9691,0.0009999999
0.0009999999,499.9691,260728.05,0.2021515,1.0000001,-0.2,,137.58736,106000,0.0009999999,-122.10085,,7392.510517120361,15.644085,0.1,5.408648e-11,0.0009999999,,11,0.2,1895,68.84124,15.506191,4151.4976,1895,1895.0001,,55.93667546174142,625,4248.149,0.1,-96.65126,-132.58736,15.293732,-499.9691,499.9691,0.0009999999
0.0009999999,499.9691,260847.69,-0.0014751107,0.9999999,0.1,,137.5779,106023,0.0009999999,-114.62908,,7397.789904356003,13.752867,-0.2,5.402944e-11,0.0009999999,,11,-0.1,1896,68.84124,15.505664,4151.4736,1896,1895.9998,,55.91930379746835,625,4248.2437,0.2,-96.77004,-132.5779,15.292752,-499.9691,499.9691,0.0009999999
0.0009999999,499.9691,260971.0,0.2942472,1.0,-0.1,,137.57037,106044,0.0009999999,-118.326866,,7403.082978725433,15.180003,0.1,5.3972493e-11,0.0009999999,,11,0.2,1897,68.84124,15.5051365,4151.5557,1897,1897.0,,55.900896151818664,625,4248.3384,0.1,-96.782524,-132.57037,15.292532,-499.9691,499.9691,0.0009999999
0.0009999999,499.9691,261095.9,0.40077987,1.0000004,0.2,,137.5637,106067,0.0009999999,-119.906494,,7408.51365852356,10.047521,0.2,5.3915632e-11,0.0009999999,,11,-0.1,1898,68.84124,15.504609,4151.567,1898,1898.0007,,55.88356164383562,625,4248.4336,0.1,-96.866714,-132.5637,15.289608,-499.9691,499.9691,0.0009999999
0.0009999999,499.9691,261223.94,-0.09819064,1.0000001,-0.2,,137.55869,106093,0.0009999999,-123.03696,,7414.022298812866,16.178183,0.2,5.385887e-11,0.0009999999,,11,,1899,68.84124,15.504083,4151.652,1899,1899.0001,,55.867825171142705,625,4248.528,-0.1,-96.87605,-132.55869,15.289915,-499.9691,499.9691,0.0009999999
0.0009999999,499.9691,261332.23,0.49909052,1.0,0.2,,137.54327,106117,0.0009999999,-103.28878,,7419.985357761383,16.223303,0.1,5.380219e-11,0.0009999999,,11,0.2,1900,68.84124,15.503556,4151.7095,1900,1900.0,,55.851052631578945,625,4248.6226,,-96.91329,-132.54327,15.290245,-499.9691,499.9691,0.0009999999
0.0009999999,499.9691,261442.02,0.29764366,1.0000002,0.2,,137.52867,106133,0.0009999999,-104.78187,,7425.418840646744,15.805137,,5.3745595e-11,0.0009999999,,11,0.2,1901,68.84124,15.50303,4151.6143,1901,1901.0005,,55.83008942661757,625,4248.7173,-0.1,-97.10283,-132.52867,15.290356,-499.9691,499.9691,0.0009999999
0.0009999999,499.9691,261552.9,0.10007331,0.9999999,,,137.51468,106154,0.0009999999,-105.89121,,7431.208049058914,14.889085,0.1,5.36891e-11,0.0009999999,,11,-0.1,1902,68.84124,15.502504,4151.6157,1902,1901.9998,,55.8117770767613,625,4248.8115,0.1,-97.19568,-132.51468,15.289981,-499.9691,499.9691,0.0009999999
0.0009999999,499.9691,261689.42,0.095668726,0.9999997,0.1,,137.51414,106188,0.0009999999,-131.50513,,7437.798153400421,16.400377,0.2,5.3632685e-11,0.0009999999,,11,-0.2,1903,68.84124,15.501979,4151.613,1903,1902.9994,,55.80031529164477,625,4248.906,,-97.29302,-132.51414,15.290403,-499.9691,499.9691,0.0009999999
0.0009999999,499.9691,261826.38,-0.4990059,0.9999998,-0.1,,137.51385,106222,0.0009999999,-131.94363,,7444.205794095993,13.716178,-0.1,5.3576362e-11,0.0009999999,,11,-0.1,1904,68.84124,15.501453,4151.621,1904,1903.9996,,55.78886554621849,625,4249.0005,-0.2,-97.37915,-132.51385,15.289416,-499.9691,499.9691,0.0009999999
0.0009999999,499.9691,261942.11,-0.0039324313,1.0000002,0.1,,137.50243,106241,0.0009999999,-110.74773,,7450.082700014114,16.000544,-0.1,5.3520136e-11,0.0009999999,,11,-0.2,1905,68.84124,15.500928,4151.7144,1905,1905.0005,,55.76955380577428,625,4249.0947,0.2,-97.38036,-132.50243,15.289631,-499.9691,499.9691,0.0009999999
0.0009999999,499.9691,262083.12,0.099415295,0.99999994,-0.1,,137.50426,106279,0.0009999999,-136.01045,,7456.539927959442,14.259153,-0.1,5.3463983e-11,0.0009999999,,11,0.2,1906,68.84124,15.500403,4151.757,1906,1905.9999,,55.76023084994753,625,4249.189,0.1,-97.43214,-132.50426,15.288926,-499.9691,499.9691,0.0009999999
0.0009999999,499.9691,262204.56,0.20031296,1.000001,0.1,,137.49583,106307,0.0009999999,-116.45061,,7463.001742601395,16.924068,0.1,5.3407927e-11,0.0009999999,,11,,1907,68.84124,15.499879,4151.8384,1907,1907.0017,,55.74567383324594,625,4249.283,,-97.44477,-132.49583,15.289625,-499.9691,499.9691,0.0009999999
0.0009999999,499.9691,262319.25,0.0013751835,1.0000002,,,137.48389,106330,0.0009999999,-109.69496,,7469.022700548172,13.689282,-0.1,5.335196e-11,0.0009999999,,11,,1908,68.84124,15.499354,4151.8784,1908,1908.0005,,55.72851153039832,625,4249.3774,0.1,-97.49918,-132.48389,15.288627,-499.9691,499.9691,0.0009999999
0.0009999999,499.9691,262451.8,-1.1570752e-05,0.9999998,0.1,,137.48131,106360,0.0009999999,-127.54557,,7475.551415205002,14.556464,0.1,5.329608e-11,0.0009999999,,11,-0.1,1909,68.84124,15.498831,4151.9004,1909,1908.9996,,55.71503404924044,625,4249.4717,-0.1,-97.57132,-132.48131,15.288078,-499.9691,499.9691,0.0009999999
0.0009999999,499.9691,262578.7,0.5010624,0.9999997,0.2,,137.47574,106390,0.0009999999,-121.8608,,7481.507603168488,15.598637,0.1,5.3240298e-11,0.0009999999,,11,,1910,68.84124,15.498307,4151.9873,1910,1909.9994,,55.70157068062827,625,4249.566,0.2,-97.578445,-132.47574,15.288082,-499.9691,499.9691,0.0009999999
0.0009999999,499.9691,262713.75,0.3998036,0.9999998,0.2,,137.47449,106423,0.0009999999,-130.06157,,7487.636453866959,12.99195,,5.318459e-11,0.0009999999,,11,0.1,1911,68.84124,15.497784,4152.0073,1911,1910.9996,,55.68969126111983,625,4249.6597,0.1,-97.65248,-132.47449,15.28672,-499.9691,499.9691,0.0009999999
0.0009999999,499.9691,262847.34,-0.098824196,1.0000002,0.2,,137.47246,106454,0.0009999999,-128.60619,,7493.80814242363,16.653824,,5.312897e-11,0.0009999999,,11,-0.1,1912,68.84124,15.49726,4152.068,1912,1912.0005,,55.67677824267783,625,4249.7534,-0.2,-97.68548,-132.47246,15.287275,-499.9691,499.9691,0.0009999999
0.0009999999,499.9691,262973.22,0.098192565,1.0,0.2,,137.4664,106497,0.0009999999,-120.87743,,7499.766730070114,13.233554,0.1,5.3073445e-11,0.0009999999,,11,-0.1,1913,68.84124,15.4967375,4152.159,1913,1913.0,,55.670151594354415,625,4249.847,-0.1,-97.68808,-132.4664,15.28604,-499.9691,499.9691,0.0009999999
0.0009999999,499.9691,263108.94,-0.0029807761,1.0,-0.1,,137.4655,106537,0.0009999999,-130.74532,,7505.818706035614,16.434187,0.2,5.3017996e-11,0.0009999999,,11,-0.2,1914,68.84124,15.496215,4152.1978,1914,1914.0,,55.6619644723093,625,4249.941,0.1,-97.74295,-132.4655,15.286482,-499.9691,499.9691,0.0009999999
0.0009999999,499.9691,263233.22,0.102299355,1.0000002,0.1,,137.4586,106563,0.0009999999,-119.2673,,7511.683554410934,15.500606,-0.1,5.296264e-11,0.0009999999,,11,,1915,68.84124,15.495692,4152.131,1915,1915.0005,,55.646475195822454,625,4250.035,0.1,-97.90421,-132.4586,15.286435,-499.9691,499.9691,0.0009999999
0.0009999999,499.9691,263366.2,0.30342084,0.9999999,0.1,,137.45625,106594,0.0009999999,-127.94522,,7518.115565299988,15.347287,,5.290737e-11,0.0009999999,,11,0.2,1916,68.84124,15.495171,4152.2207,1916,1915.9998,,55.63361169102296,625,4250.129,,-97.90811,-132.45625,15.286302,-499.9691,499.9691,0.0009999999
0.0009999999,499.9691,263489.06,-0.2985465,0.99999976,-0.2,,137.44865,106616,0.0009999999,-117.8771,,7523.768960475922,15.04525,0.2,5.2852188e-11,0.0009999999,,11,-0.1,1917,68.84124,15.494649,4152.164,1917,1916.9995,,55.61606677099635,625,4250.2227,-0.2,-98.05842,-132.44865,15.286018,-499.9691,499.9691,0.0009999999
0.0009999999,499.9691,263611.53,-0.20235276,0.9999999,,,137.44084,106653,0.0009999999,-117.46581,,7529.771052598953,16.219921,-0.2,5.2797086e-11,0.0009999999,,11,-0.1,1918,68.84124,15.494127,4152.183,1918,1917.9998,,55.60636079249218,625,4250.316,0.1,-98.13273,-132.44084,15.2863455,-499.9691,499.9691,0.0009999999
0.0009999999,499.9691,263734.1,-0.39920187,1.0000004,-0.1,,137.43309,106674,0.0009999999,-117.56347,,7535.269674539566,16.022165,-0.2,5.2742078e-11,0.0009999999,,11,-0.2,1919,68.84124,15.493606,4152.221,1919,1919.0006,,55.58832725377801,625,4250.4097,0.1,-98.18838,-132.43309,15.286571,-499.9691,499.9691,0.0009999999
0.0009999999,499.9691,263864.56,0.0018859729,1.0000001,0.1,,137.42946,106706,0.0009999999,-125.47225,,7540.860188484192,16.663013,0.2,5.2687153e-11,0.0009999999,,11,-0.2,1920,68.84124,15.493085,4152.243,1920,1920.0001,,55.57604166666667,625,4250.5034,-0.1,-98.260185,-132.42946,15.2871275,-499.9691,499.9691,0.0009999999
0.0009999999,499.9691,263991.38,0.2027447,1.0000001,0.1,,137.42392,106736,0.0009999999,-121.79828,,7546.279575586319,14.795798,0.1,5.263231e-11,0.0009999999,,11,0.1,1921,68.84124,15.492564,4152.21,1921,1921.0001,,55.562727745965645,625,4250.5967,-0.1,-98.38672,-132.42392,15.286713,-499.9691,499.9691,0.0009999999
0.0009999999,499.9691,264102.88,0.10121059,1.0000004,0.2,,137.41045,106751,0.0009999999,-106.51398,,7551.581131219864,15.786725,,5.257756e-11,0.0009999999,,11,-0.1,1922,68.84124,15.4920435,4152.2725,1922,1922.0007,,55.54162330905307,625,4250.6904,,-98.41782,-132.41045,15.286814,-499.9691,499.9691,0.0009999999
0.0009999999,499.9691,264257.66,0.096059486,0.99999994,-0.2,,137.41948,106806,0.0009999999,-149.7917,,7556.812889814377,14.916522,0.1,5.252289e-11,0.0009999999,,11,,1923,68.84124,15.491524,4152.315,1923,1922.9999,,55.541341653666144,625,4250.784,0.2,-98.46915,-132.41948,15.28646,-499.9691,499.9691,0.0009999999
0.0009999999,499.9691,264397.7,-0.09539159,0.9999998,-0.1,,137.42084,106843,0.0009999999,-135.02672,,7562.318673610687,14.708946,,5.2468307e-11,0.0009999999,,11,0.1,1924,68.84124,15.491004,4152.373,1924,1923.9996,,55.53170478170478,625,4250.8774,-0.1,-98.504456,-132.42084,15.285998,-499.9691,499.9691,0.0009999999
0.0009999999,499.9691,264525.3,-0.0042911917,0.99999994,0.2,,137.41576,106908,0.0009999999,-122.64739,,7567.578177928925,12.0169325,-0.1,5.241381e-11,0.0009999999,,11,0.1,1925,68.84124,15.490484,4152.3555,1925,1924.9999,,55.536623376623375,625,4250.9707,-0.2,-98.61521,-132.41576,15.284142,-499.9691,499.9691,0.0009999999
0.0009999999,499.9691,264635.12,-0.3025835,0.9999994,-0.1,,137.40143,106920,0.0009999999,-104.81007,,7572.76548075676,13.729224,-0.2,5.2359398e-11,0.0009999999,,11,0.2,1926,68.84124,15.4899645,4152.4443,1926,1925.9989,,55.51401869158879,625,4251.064,-0.2,-98.61959,-132.40143,15.283176,-499.9691,499.9691,0.0009999999
0.0009999999,499.9691,264746.5,0.102590606,1.0000001,-0.2,,137.38791,106935,0.0009999999,-106.360535,,7578.040489912033,15.360591,0.2,5.2305067e-11,0.0009999999,,11,,1927,68.84124,15.489446,4152.4956,1927,1927.0001,,55.49299429164505,625,4251.1567,0.1,-98.66105,-132.38791,15.283058,-499.9691,499.9691,0.0009999999
0.0009999999,499.9691,264868.34,-0.39999375,1.0000001,,,137.37985,106957,0.0009999999,-116.831276,,7583.18568110466,15.36481,-0.1,5.225082e-11,0.0009999999,,11,-0.2,1928,68.84124,15.488927,4152.584,1928,1928.0001,,55.475622406639005,625,4251.25,-0.1,-98.66619,-132.37985,15.282942,-499.9691,499.9691,0.0009999999
0.0009999999,499.9691,265000.25,0.10237788,1.0000004,,,137.37701,106993,0.0009999999,-126.90705,,7588.33171582222,16.355795,,5.219666e-11,0.0009999999,,11,0.1,1929,68.84124,15.488408,4152.593,1929,1929.0006,,55.46552617936755,625,4251.3433,,-98.750626,-132.37701,15.2833395,-499.9691,499.9691,0.0009999999
0.0009999999,499.9691,265147.9,0.10029964,0.99999994,,,137.38234,107038,0.0009999999,-142.65463,,7593.404622793198,14.999675,-0.1,5.2142582e-11,0.0009999999,,11,0.2,1930,68.84124,15.48789,4152.678,1930,1929.9999,,55.460103626943,625,4251.4365,,-98.75853,-132.38234,15.283033,-499.9691,499.9691,0.0009999999
0.0009999999,499.9691,265270.44,0.39832237,0.99999976,0.1,,137.37465,107058,0.0009999999,-117.52892,,7599.0558977127075,16.355007,-0.1,5.2088594e-11,0.0009999999,,11,0.2,1931,68.84124,15.487372,4152.736,1931,1930.9995,,55.44174003107198,625,4251.5293,0.2,-98.79339,-132.37465,15.283429,-499.9691,499.9691,0.0009999999
0.0009999999,499.9691,265393.5,0.0013910308,0.9999999,0.2,,137.36723,107084,0.0009999999,-118.07494,,7604.636936903,14.650929,0.1,5.2034682e-11,0.0009999999,,11,-0.2,1932,68.84124,15.486855,4152.7134,1932,1931.9998,,55.42650103519669,625,4251.6226,-0.1,-98.909256,-132.36723,15.282941,-499.9691,499.9691,0.0009999999
0.0009999999,499.9691,265514.4,-0.004850708,1.0000002,-0.2,,137.35872,107103,0.0009999999,-115.9191,,7610.157075881958,14.422793,-0.1,5.198086e-11,0.0009999999,,11,0.2,1933,68.84124,15.486337,4152.7993,1933,1933.0005,,55.40765649249871,625,4251.715,0.1,-98.91561,-132.35872,15.282338,-499.9691,499.9691,0.0009999999
0.0009999999,499.9691,265631.97,-0.100157306,0.99999994,-0.2,,137.34848,107120,0.0009999999,-112.560356,,7615.748074531555,13.895685,-0.1,5.192712e-11,0.0009999999,,11,,1934,68.84124,15.48582,4152.8623,1934,1933.9999,,55.387797311271974,625,4251.808,0.2,-98.94558,-132.34848,15.281464,-499.9691,499.9691,0.0009999999
0.0009999999,499.9691,265755.4,0.5010883,0.9999999,0.1,,137.3413,107141,0.0009999999,-118.42204,,7621.204684257507,16.484922,0.2,5.1873464e-11,0.0009999999,,11,0.1,1935,68.84124,15.485303,4152.916,1935,1934.9998,,55.37002583979328,625,4251.901,0.1,-98.98488,-132.3413,15.281928,-499.9691,499.9691,0.0009999999
0.0009999999,499.9691,265875.97,0.20062205,1.0000001,-0.1,,137.33263,107169,0.0009999999,-115.56217,,7626.373116016388,16.69856,-0.1,5.181988e-11,0.0009999999,,11,0.2,1936,68.84124,15.484786,4153.005,1936,1936.0002,,55.35588842975206,625,4251.9937,0.2,-98.988655,-132.33263,15.282501,-499.9691,499.9691,0.0009999999
0.0009999999,499.9691,265986.47,0.30219105,0.9999997,,,137.31877,107182,0.0009999999,-105.50692,,7631.934537649155,16.5629,-0.1,5.1766397e-11,0.0009999999,,11,0.2,1937,68.84124,15.48427,4153.096,1937,1936.9994,,55.334021683014974,625,4252.0864,0.2,-98.99043,-132.31877,15.283005,-499.9691,499.9691,0.0009999999
0.0009999999,499.9691,266123.06,0.106096424,1.0000005,-0.1,,137.3184,107219,0.0009999999,-131.60089,,7638.251014947891,15.355774,0.1,5.1712988e-11,0.0009999999,,11,,1938,68.84124,15.483754,4153.0864,1938,1938.0009,,55.324561403508774,625,4252.179,0.1,-99.09291,-132.3184,15.282883,-499.9691,499.9691,0.0009999999
0.0009999999,499.9691,266264.78,0.29847062,0.9999996,0.1,,137.32068,107268,0.0009999999,-136.72354,,7644.074439525604,11.425088,-0.1,5.1659663e-11,0.0009999999,,11,0.1,1939,68.84124,15.483238,4153.1597,1939,1938.9991,,55.32129963898917,625,4252.2715,0.2,-99.11197,-132.32068,15.280736,-499.9691,499.9691,0.0009999999
0.0009999999,499.9691,266397.44,-0.09940997,0.9999999,,,137.31827,107300,0.0009999999,-127.638504,,7650.1551423072815,15.267376,-0.2,5.1606417e-11,0.0009999999,,11,-0.1,1940,68.84124,15.482722,4153.237,1940,1939.9998,,55.30927835051546,625,4252.3643,0.2,-99.127266,-132.31827,15.280567,-499.9691,499.9691,0.0009999999
0.0009999999,499.9691,266521.88,-0.101246506,1.0000005,-0.1,,137.31165,107323,0.0009999999,-119.455215,,7656.451205968857,16.310574,-0.1,5.1553258e-11,0.0009999999,,11,,1941,68.84124,15.482207,4153.275,1941,1941.001,,55.292632663575475,625,4252.4565,0.1,-99.181755,-132.31165,15.280942,-499.9691,499.9691,0.0009999999
0.0009999999,499.9691,266651.03,0.19682944,1.0000005,-0.1,,137.30743,107351,0.0009999999,-124.14582,,7662.819791793823,16.70222,0.1,5.1500176e-11,0.0009999999,,11,0.1,1942,68.84124,15.481691,4153.3228,1942,1942.0009,,55.27857878475798,625,4252.5493,0.1,-99.22654,-132.30743,15.281515,-499.9691,499.9691,0.0009999999
0.0009999999,499.9691,266790.4,0.0009932735,0.9999997,-0.2,,137.3085,107393,0.0009999999,-134.36807,,7668.894084215164,14.965763,0.1,5.144718e-11,0.0009999999,,11,0.1,1943,68.84124,15.481177,4153.3325,1943,1942.9994,,55.2717447246526,625,4252.6416,,-99.30921,-132.3085,15.281198,-499.9691,499.9691,0.0009999999
0.0009999999,499.9691,266922.62,-0.2028197,1.0000001,0.1,,137.30588,107432,0.0009999999,-127.242226,,7674.846333742142,15.470548,-0.2,5.1394264e-11,0.0009999999,,11,-0.2,1944,68.84124,15.480662,4153.4097,1944,1944.0002,,55.26337448559671,625,4252.7344,0.1,-99.324486,-132.30588,15.281137,-499.9691,499.9691,0.0009999999
0.0009999999,499.9691,267044.94,0.49762875,0.9999999,0.2,,137.29817,107454,0.0009999999,-117.30585,,7680.984699010849,14.316104,,5.1341428e-11,0.0009999999,,11,0.2,1945,68.84124,15.480148,4153.4526,1945,1944.9998,,55.246272493573265,625,4252.826,0.1,-99.373535,-132.29817,15.280481,-499.9691,499.9691,0.0009999999
0.0009999999,499.9691,267170.84,-0.0028823912,0.9999999,-0.2,,137.29231,107478,0.0009999999,-120.894165,,7687.239339351654,15.785046,0.2,5.1288675e-11,0.0009999999,,11,-0.1,1946,68.84124,15.479634,4153.505,1946,1945.9998,,55.23021582733813,625,4252.919,0.1,-99.41424,-132.29231,15.280585,-499.9691,499.9691,0.0009999999
0.0009999999,499.9691,267302.7,0.29872495,1.0000002,,,137.28952,107517,0.0009999999,-126.85493,,7693.871662378311,15.908733,0.2,5.1236005e-11,0.0009999999,,11,-0.1,1947,68.84124,15.47912,4153.3647,1947,1947.0004,,55.22187981510015,625,4253.0107,0.2,-99.64593,-132.28952,15.280749,-499.9691,499.9691,0.0009999999
0.0009999999,499.9691,267419.62,-0.19766514,0.99999976,-0.1,,137.27907,107535,0.0009999999,-111.91758,,7700.219514369965,14.807897,-0.2,5.118341e-11,0.0009999999,,11,-0.1,1948,68.84124,15.478607,4153.215,1948,1947.9995,,55.20277207392197,625,4253.103,0.2,-99.887985,-132.27907,15.28035,-499.9691,499.9691,0.0009999999
0.0009999999,499.9691,267551.5,-0.09977775,0.99999964,-0.1,,137.27629,107566,0.0009999999,-126.89069,,7706.214560508728,16.06873,0.1,5.1130905e-11,0.0009999999,,11,,1949,68.84124,15.478094,4153.105,1949,1948.9993,,55.19035402770652,625,4253.195,-0.1,-100.08978,-132.27629,15.280597,-499.9691,499.9691,0.0009999999
0.0009999999,499.9691,267663.84,-0.09683506,0.99999976,-0.1,,137.2635,107593,0.0009999999,-107.34223,,7711.868094205856,16.978949,0.2,5.1078475e-11,0.0009999999,,11,-0.2,1950,68.84124,15.477581,4153.187,1950,1949.9995,,55.17589743589743,625,4253.287,,-100.10021,-132.2635,15.281308,-499.9691,499.9691,0.0009999999
0.0009999999,499.9691,267792.53,0.5980661,1.0000001,0.1,,137.25911,107632,0.0009999999,-123.67361,,7717.6747081279755,14.720036,0.2,5.1026128e-11,0.0009999999,,11,0.1,1951,68.84124,15.477068,4153.272,1951,1951.0002,,55.167606355715016,625,4253.379,0.2,-100.10708,-132.25911,15.280864,-499.9691,499.9691,0.0009999999
0.0009999999,499.9691,267912.7,-0.09931272,0.9999999,0.2,,137.25037,107651,0.0009999999,-115.17493,,7723.256062746048,15.220278,-0.2,5.0973857e-11,0.0009999999,,11,-0.2,1952,68.84124,15.476556,4153.345,1952,1951.9998,,55.14907786885246,625,4253.471,0.1,-100.12576,-132.25037,15.280678,-499.9691,499.9691,0.0009999999
0.0009999999,499.9691,268038.5,0.30212843,0.9999998,-0.2,,137.24449,107674,0.0009999999,-120.794975,,7728.838300704956,14.991658,0.1,5.0921673e-11,0.0009999999,,11,0.2,1953,68.84124,15.476044,4153.4277,1953,1952.9996,,55.132616487455195,625,4253.563,0.2,-100.13514,-132.24449,15.280373,-499.9691,499.9691,0.0009999999
0.0009999999,499.9691,268160.7,0.30275652,1.0,0.1,,137.23679,107698,0.0009999999,-117.20709,,7734.457164525986,15.758557,0.2,5.0869562e-11,0.0009999999,,11,-0.2,1954,68.84124,15.475532,4153.5103,1954,1954.0,,55.11668372569089,625,4253.655,0.2,-100.14466,-132.23679,15.28046,-499.9691,499.9691,0.0009999999
0.0009999999,499.9691,268306.78,-0.20281859,0.9999996,0.1,,137.24132,107746,0.0009999999,-141.0689,,7740.006919145584,15.503407,0.1,5.0817538e-11,0.0009999999,,11,-0.2,1955,68.84124,15.47502,4153.3677,1955,1954.9991,,55.11304347826087,625,4253.747,-0.2,-100.37946,-132.24132,15.2804165,-499.9691,499.9691,0.0009999999
0.0009999999,499.9691,268433.94,0.002183959,1.0000004,0.1,,137.23618,107782,0.0009999999,-122.18345,,7745.302944421768,15.839619,-0.1,5.0765586e-11,0.0009999999,,11,-0.1,1956,68.84124,15.474508,4153.407,1956,1956.0006,,55.103271983640084,625,4253.8384,0.1,-100.431175,-132.23618,15.280547,-499.9691,499.9691,0.0009999999
0.0009999999,499.9691,268569.44,-0.5005312,1.0000004,-0.2,,137.23529,107815,0.0009999999,-130.50304,,7750.551415205002,15.908798,-0.2,5.071372e-11,0.0009999999,,11,-0.2,1957,68.84124,15.473997,4153.3467,1957,1957.0007,,55.09197751660705,625,4253.93,0.1,-100.583435,-132.23529,15.280711,-499.9691,499.9691,0.0009999999
0.0009999999,499.9691,268703.75,-0.39876622,0.9999997,-0.2,,137.23378,107853,0.0009999999,-129.29169,,7756.00509595871,15.407982,-0.2,5.0661933e-11,0.0009999999,,11,-0.1,1958,68.84124,15.473487,4153.4277,1958,1957.9994,,55.0832482124617,625,4254.022,0.1,-100.59421,-132.23378,15.28062,-499.9691,499.9691,0.0009999999
0.0009999999,499.9691,268818.44,0.0014950183,1.0000004,-0.1,,137.22227,107870,0.0009999999,-109.68299,,7761.570154905319,16.364738,0.1,5.0610228e-11,0.0009999999,,11,,1959,68.84124,15.472976,4153.518,1959,1959.0006,,55.06380806533946,625,4254.114,,-100.59571,-132.22227,15.281016,-499.9691,499.9691,0.0009999999
0.0009999999,499.9691,268949.44,0.0958623,1.0000002,0.2,,137.2191,107907,0.0009999999,-125.992645,,7766.918166399002,13.209972,-0.1,5.0558596e-11,0.0009999999,,11,-0.1,1960,68.84124,15.4724655,4153.5923,1960,1960.0004,,55.054591836734694,625,4254.205,0.1,-100.61267,-132.2191,15.279801,-499.9691,499.9691,0.0009999999
0.0009999999,499.9691,269071.28,0.0990881,1.0000004,,,137.21126,107927,0.0009999999,-116.85914,,7772.818185806274,14.872115,0.2,5.0507043e-11,0.0009999999,,11,-0.2,1961,68.84124,15.471955,4153.654,1961,1961.0006,,55.03671596124426,625,4254.2964,0.1,-100.642746,-132.21126,15.279436,-499.9691,499.9691,0.0009999999
0.0009999999,499.9691,269202.53,0.20333475,0.99999976,0.1,,137.20822,107959,0.0009999999,-126.25018,,7778.680930614471,16.413177,,5.0455567e-11,0.0009999999,,11,-0.1,1962,68.84124,15.471446,4153.718,1962,1961.9995,,55.0249745158002,625,4254.388,0.2,-100.6705,-132.20822,15.279859,-499.9691,499.9691,0.0009999999
0.0009999999,499.9691,269513.38,0.20009986,1.0000005,0.2,,137.29668,108166,0.0009999999,-305.8423,,7784.887567996979,15.548502,-0.1,5.0404177e-11,0.0009999999,,11,-0.1,1963,68.84124,15.470936,4153.6924,1963,1963.0009,,55.10239429444727,625,4254.4795,0.2,-100.78702,-132.29668,15.27984,-499.9691,499.9691,0.0009999999
0.0009999999,499.9691,269640.3,-0.097119294,1.0000004,,,137.2914,108195,0.0009999999,-121.94018,,7790.415452480316,16.237444,0.2,5.035286e-11,0.0009999999,,11,-0.2,1964,68.84124,15.470427,4153.756,1964,1964.0007,,55.08910386965377,625,4254.571,-0.1,-100.81477,-132.2914,15.280174,-499.9691,499.9691,0.0009999999
0.0009999999,499.9691,269771.03,-0.19952932,0.9999997,,,137.28806,108226,0.0009999999,-125.7078,,7795.81841301918,15.691566,-0.1,5.030163e-11,0.0009999999,,11,,1965,68.84124,15.469918,4153.6104,1965,1964.9994,,55.07684478371501,625,4254.662,-0.1,-101.051994,-132.28806,15.280226,-499.9691,499.9691,0.0009999999
0.0009999999,499.9691,269882.94,0.1017662,1.0000001,,,137.27515,108247,0.0009999999,-106.89955,,7801.412677764893,16.882393,0.1,5.0250474e-11,0.0009999999,,11,,1966,68.84124,15.469409,4153.4194,1966,1966.0002,,55.059511698880975,625,4254.7534,,-101.33381,-132.27515,15.280886,-499.9691,499.9691,0.0009999999
0.0009999999,499.9691,270024.66,-0.39821064,0.99999994,,,137.2774,108286,0.0009999999,-136.71484,,7806.955077886581,14.268977,-0.1,5.0199393e-11,0.0009999999,,11,-0.1,1967,68.84124,15.468901,4153.4214,1967,1966.9999,,55.051347229283174,625,4254.8447,-0.2,-101.42357,-132.2774,15.280213,-499.9691,499.9691,0.0009999999
0.0009999999,499.9691,270153.44,-0.09986845,1.0,-0.1,,137.27309,108323,0.0009999999,-123.779884,,7812.803102731705,15.71084,0.1,5.014839e-11,0.0009999999,,11,-0.1,1968,68.84124,15.468392,4153.485,1968,1968.0,,55.042174796747965,625,4254.936,,-101.45108,-132.27309,15.280277,-499.9691,499.9691,0.0009999999
0.0009999999,499.9691,270288.72,-0.10054921,1.0000004,-0.2,,137.27208,108371,0.0009999999,-130.29665,,7818.474667787552,15.10948,0.2,5.0097464e-11,0.0009999999,,11,-0.1,1969,68.84124,15.467884,4153.5254,1969,1969.0006,,55.038598273235145,625,4255.0273,,-101.50172,-132.27208,15.280034,-499.9691,499.9691,0.0009999999
0.0009999999,499.9691,270423.28,0.101833165,0.9999999,0.2,,137.2707,108407,0.0009999999,-129.55045,,7824.040876626968,15.950833,-0.2,5.0046616e-11,0.0009999999,,11,-0.1,1970,68.84124,15.467377,4153.528,1970,1969.9998,,55.028934010152284,625,4255.1187,0.2,-101.59091,-132.2707,15.28022,-499.9691,499.9691,0.0009999999
0.0009999999,499.9691,270557.78,-0.10047647,0.99999976,-0.2,,137.2693,108444,0.0009999999,-129.5168,,7829.5650980472565,15.74875,0.1,4.9995848e-11,0.0009999999,,11,,1971,68.84124,15.466869,4153.5757,1971,1970.9995,,55.01978691019787,625,4255.2095,,-101.63381,-132.2693,15.280303,-499.9691,499.9691,0.0009999999
0.0009999999,499.9691,270692.25,0.1985484,0.9999999,0.2,,137.26787,108481,0.0009999999,-129.44771,,7835.7273988723755,16.982214,-0.1,4.9945156e-11,0.0009999999,,11,,1972,68.84124,15.466362,4153.5483,1972,1971.9998,,55.0106490872211,625,4255.3003,0.1,-101.75179,-132.26787,15.281008,-499.9691,499.9691,0.0009999999
0.0009999999,499.9691,270809.7,-0.5011771,1.0000004,-0.2,,137.25781,108497,0.0009999999,-112.440674,,7841.881130695343,15.623068,0.1,4.989454e-11,0.0009999999,,11,-0.2,1973,68.84124,15.465855,4153.6206,1973,1973.0006,,54.990876837303595,625,4255.3916,-0.2,-101.77109,-132.25781,15.281026,-499.9691,499.9691,0.0009999999
0.0009999999,499.9691,270947.25,-0.09647796,1.0,,,137.25798,108611,0.0009999999,-132.594,,7848.077049255371,14.119189,-0.1,4.9843997e-11,0.0009999999,,11,-0.1,1974,68.84124,15.465348,4153.5444,1974,1974.0,,55.02077001013171,625,4255.4824,0.1,-101.9378,-132.25798,15.280282,-499.9691,499.9691,0.0009999999
0.0009999999,499.9691,271097.56,-0.2988504,0.99999994,0.1,,137.26459,108663,0.0009999999,-145.3057,,7854.808255434036,12.268424,-0.1,4.979354e-11,0.0009999999,,11,-0.2,1975,68.84124,15.464842,4153.6216,1975,1974.9999,,55.01924050632911,625,4255.573,-0.1,-101.95165,-132.26459,15.278604,-499.9691,499.9691,0.0009999999
0.0009999999,499.9691,271221.12,-0.29791492,1.0000001,-0.2,,137.25766,108701,0.0009999999,-118.57284,,7862.001227378845,16.517914,-0.2,4.974315e-11,0.0009999999,,11,-0.1,1976,68.84124,15.464335,4153.6895,1976,1976.0002,,55.010627530364374,625,4255.664,0.2,-101.97438,-132.25766,15.279076,-499.9691,499.9691,0.0009999999
0.0009999999,499.9691,271341.9,-0.10067857,0.99999964,0.2,,137.24931,108721,0.0009999999,-115.77092,,7868.672995567322,14.437891,-0.1,4.969284e-11,0.0009999999,,11,-0.1,1977,68.84124,15.46383,4153.655,1977,1976.9993,,54.99291856348002,625,4255.755,-0.1,-102.10012,-132.24931,15.278498,-499.9691,499.9691,0.0009999999
0.0009999999,499.9691,271459.8,-0.59888566,1.0000004,-0.2,,137.23955,108740,0.0009999999,-112.88808,,7875.360009431839,16.892952,-0.2,4.9642613e-11,0.0009999999,,11,-0.1,1978,68.84124,15.463324,4153.6724,1978,1978.0006,,54.9747219413549,625,4255.845,-0.1,-102.17275,-132.23955,15.279158,-499.9691,499.9691,0.0009999999
0.0009999999,499.9691,271594.38,0.29967925,1.0000004,0.2,,137.23819,108772,0.0009999999,-129.56912,,7881.525377511978,16.136086,0.1,4.9592455e-11,0.0009999999,,11,,1979,68.84124,15.462818,4153.7373,1979,1979.0007,,54.96311268317332,625,4255.936,,-102.198845,-132.23819,15.279434,-499.9691,499.9691,0.0009999999
0.0009999999,499.9691,271720.47,-0.19886875,1.0000006,-0.1,,137.23256,108796,0.0009999999,-121.09901,,7888.066544294357,16.557806,-0.1,4.9542374e-11,0.0009999999,,11,,1980,68.84124,15.462314,4153.8203,1980,1980.0012,,54.94747474747475,625,4256.027,,-102.206345,-132.23256,15.279924,-499.9691,499.9691,0.0009999999
0.0009999999,499.9691,271854.06,0.29918095,1.0000002,-0.1,,137.23073,108828,0.0009999999,-128.60225,,7894.48948931694,16.658512,0.2,4.949237e-11,0.0009999999,,11,,1981,68.84124,15.461808,4153.791,1981,1981.0004,,54.93589096415951,625,4256.117,0.2,-102.32593,-132.23073,15.280467,-499.9691,499.9691,0.0009999999
0.0009999999,499.9691,271981.7,-0.10497263,1.0,0.1,,137.22588,108854,0.0009999999,-122.59739,,7900.691101551056,16.035076,-0.2,4.9442436e-11,0.0009999999,,11,-0.2,1982,68.84124,15.461304,4153.789,1982,1982.0,,54.921291624621595,625,4256.2075,0.2,-102.41842,-132.22588,15.280692,-499.9691,499.9691,0.0009999999
0.0009999999,499.9691,272098.34,0.10114688,0.99999917,0.1,,137.2155,108870,0.0009999999,-111.667625,,7906.68945479393,12.586511,,4.9392584e-11,0.0009999999,,11,0.1,1983,68.84124,15.460799,4153.557,1983,1982.9983,,54.90166414523449,625,4256.298,-0.1,-102.74089,-132.2155,15.279179,-499.9691,499.9691,0.0009999999
0.0009999999,499.9691,272232.38,0.0034259558,1.0000005,-0.1,,137.2139,108910,0.0009999999,-129.03246,,7913.360624074936,14.71957,-0.1,4.9342804e-11,0.0009999999,,11,,1984,68.84124,15.460295,4153.126,1984,1984.0009,,54.89415322580645,625,4256.388,0.2,-103.26218,-132.2139,15.278743,-499.9691,499.9691,0.0009999999
0.0009999999,499.9691,272381.06,-0.10033656,1.0000001,0.1,,137.21968,108959,0.0009999999,-143.71214,,7919.624247074127,15.427483,-0.1,4.92931e-11,0.0009999999,,11,-0.1,1985,68.84124,15.459791,4152.937,1985,1985.0001,,54.8911838790932,625,4256.4785,,-103.54166,-132.21968,15.278665,-499.9691,499.9691,0.0009999999
0.0009999999,499.9691,272512.2,0.20298214,0.99999994,-0.1,,137.21661,108995,0.0009999999,-126.1147,,7925.656582355499,14.9684725,0.2,4.9243474e-11,0.0009999999,,11,-0.1,1986,68.84124,15.459288,4152.9673,1986,1985.9999,,54.88167170191339,625,4256.5693,0.2,-103.60223,-132.21661,15.27835,-499.9691,499.9691,0.0009999999
0.0009999999,499.9691,272644.1,0.50091726,1.0000001,0.2,,137.21394,109024,0.0009999999,-126.907814,,7931.450289487839,14.033461,0.2,4.919392e-11,0.0009999999,,11,-0.1,1987,68.84124,15.458784,4152.8555,1987,1987.0001,,54.86864620030196,625,4256.6597,0.2,-103.80424,-132.21394,15.277572,-499.9691,499.9691,0.0009999999
0.0009999999,499.9691,272761.84,0.10019779,0.9999995,-0.2,,137.20415,109041,0.0009999999,-112.73482,,7937.08166885376,16.729065,0.2,4.9144442e-11,0.0009999999,,11,-0.1,1988,68.84124,15.4582815,4152.902,1988,1987.999,,54.84959758551308,625,4256.7495,0.2,-103.847824,-132.20415,15.278147,-499.9691,499.9691,0.0009999999
0.0009999999,499.9691,272896.22,0.0012886375,1.0000002,-0.2,,137.20273,109075,0.0009999999,-129.37375,,7942.695005655289,16.918999,-0.1,4.9095037e-11,0.0009999999,,11,0.1,1989,68.84124,15.457778,4152.9116,1989,1989.0004,,54.83911513323278,625,4256.84,0.2,-103.92835,-132.20273,15.278816,-499.9691,499.9691,0.0009999999
0.0009999999,499.9691,273023.7,0.10277043,1.0000001,0.2,,137.19783,109102,0.0009999999,-122.48494,,7948.312752246857,16.309193,,4.9045705e-11,0.0009999999,,11,,1990,68.84124,15.457275,4152.9824,1990,1990.0002,,54.825125628140704,625,4256.93,-0.1,-103.94799,-132.19783,15.2791815,-499.9691,499.9691,0.0009999999
0.0009999999,499.9691,273149.25,0.19954666,1.0000004,0.1,,137.19199,109125,0.0009999999,-120.54701,,7954.255907535553,15.642648,0.2,4.8996453e-11,0.0009999999,,11,-0.2,1991,68.84124,15.456773,4152.992,1991,1991.0006,,54.809141135107986,625,4257.02,0.1,-104.02775,-132.19199,15.27921,-499.9691,499.9691,0.0009999999
0.0009999999,499.9691,273274.38,-0.19991788,0.9999998,,,137.18593,109149,0.0009999999,-120.143265,,7959.890661001205,15.374159,0.1,4.8947273e-11,0.0009999999,,11,-0.2,1992,68.84124,15.456271,4152.8066,1992,1991.9996,,54.79367469879518,625,4257.1104,-0.1,-104.303665,-132.18593,15.279104,-499.9691,499.9691,0.0009999999
0.0009999999,499.9691,273416.9,0.10341403,0.9999996,0.2,,137.18861,109192,0.0009999999,-137.51869,,7965.702603340149,16.522417,-0.1,4.889816e-11,0.0009999999,,11,,1993,68.84124,15.45577,4152.633,1993,1992.9991,,54.78775715002509,625,4257.2,,-104.56729,-132.18861,15.279576,-499.9691,499.9691,0.0009999999
0.0009999999,499.9691,273569.75,-0.0993001,0.9999996,0.2,,137.19646,109244,0.0009999999,-147.85246,,7971.167033672333,14.874214,,4.8849133e-11,0.0009999999,,11,-0.2,1994,68.84124,15.455268,4152.629,1994,1993.9991,,54.786359077231694,625,4257.29,-0.1,-104.660904,-132.19646,15.279217,-499.9691,499.9691,0.0009999999
0.0009999999,499.9691,273714.66,0.29722401,0.9999998,,,137.20033,109304,0.0009999999,-139.89015,,7976.735191583633,15.328674,0.1,4.8800172e-11,0.0009999999,,11,,1995,68.84124,15.454766,4152.7134,1995,1994.9996,,54.788972431077696,625,4257.38,0.2,-104.66669,-132.20033,15.279088,-499.9691,499.9691,0.0009999999
0.0009999999,499.9691,273856.7,0.000611566,1.0000004,0.2,,137.20274,109344,0.0009999999,-137.02788,,7982.242438316345,14.910876,-0.1,4.8751288e-11,0.0009999999,,11,-0.2,1996,68.84124,15.454265,4152.7305,1996,1996.0007,,54.78156312625251,625,4257.4697,0.1,-104.73909,-132.20274,15.278749,-499.9691,499.9691,0.0009999999
0.0009999999,499.9691,274008.5,-0.40052375,1.0000001,-0.1,,137.21007,109400,0.0009999999,-146.81952,,7987.902518033981,15.808218,-0.1,4.8702476e-11,0.0009999999,,11,-0.1,1997,68.84124,15.453764,4152.794,1997,1997.0002,,54.78217325988984,625,4257.5596,-0.1,-104.76568,-132.21007,15.278862,-499.9691,499.9691,0.0009999999
0.0009999999,499.9691,274153.7,0.20198998,1.0000002,,,137.21405,109468,0.0009999999,-140.16994,,7993.300335884094,15.782592,0.2,4.8653737e-11,0.0009999999,,11,-0.1,1998,68.84124,15.453263,4152.865,1998,1998.0004,,54.788788788788786,625,4257.6494,0.1,-104.78436,-132.21405,15.278962,-499.9691,499.9691,0.0009999999
0.0009999999,499.9691,274282.7,0.00030916766,1.0000005,-0.1,,137.20995,109504,0.0009999999,-124.01805,,7998.674312114716,14.647755,,4.860507e-11,0.0009999999,,11,0.1,1999,68.84124,15.452764,4152.4824,1999,1999.001,,54.779389694847424,625,4257.7393,,-105.256996,-132.20995,15.278492,-499.9691,499.9691,0.0009999999
0.0009999999,499.9691,274402.12,-0.2966136,1.0000001,-0.1,,137.20107,109528,0.0009999999,-114.41751,,8004.346963167191,14.954929,-0.1,4.855648e-11,0.0009999999,,11,-0.1,2000,68.84124,15.452263,4152.127,2000,2000.0002,,54.764,625,4257.8286,,-105.70171,-132.20107,15.278175,-499.9691,499.9691,0.0009999999
0.0009999999,499.9691,274530.97,0.29764268,0.99999994,0.2,,137.19688,109557,0.0009999999,-123.86949,,8009.929112672806,15.328174,-0.1,4.8507958e-11,0.0009999999,,11,,2001,68.84124,15.451763,4152.1064,2001,2000.9999,,54.75112443778111,625,4257.918,0.2,-105.811516,-132.19688,15.278048,-499.9691,499.9691,0.0009999999
0.0009999999,499.9691,274647.06,-0.19835606,1.0000001,-0.2,,137.18634,109573,0.0009999999,-111.10827,,8015.252902269363,15.173315,-0.1,4.845951e-11,0.0009999999,,11,,2002,68.84124,15.451263,4152.182,2002,2002.0001,,54.73176823176823,625,4258.008,0.1,-105.8259,-132.18634,15.277843,-499.9691,499.9691,0.0009999999
0.0009999999,499.9691,274781.12,0.09756493,1.0000005,0.2,,137.18478,109612,0.0009999999,-129.04147,,8020.615289926529,14.62015,0.1,4.8411133e-11,0.0009999999,,11,-0.2,2003,68.84124,15.450764,4151.8076,2003,2003.0009,,54.72391412880679,625,4258.097,,-106.289375,-132.18478,15.277361,-499.9691,499.9691,0.0009999999
0.0009999999,499.9691,274922.47,-0.20164482,1.0000001,,,137.18686,109653,0.0009999999,-136.31921,,8025.740972042084,15.265307,-0.1,4.836283e-11,0.0009999999,,11,-0.1,2004,68.84124,15.450265,4151.7,2004,2004.0001,,54.717065868263475,625,4258.187,,-106.4869,-132.18686,15.277202,-499.9691,499.9691,0.0009999999
0.0009999999,499.9691,275045.9,-0.09786462,0.99999994,0.1,,137.18001,109678,0.0009999999,-118.45028,,8030.694816350937,14.861701,0.1,4.83146e-11,0.0009999999,,11,-0.2,2005,68.84124,15.449766,4151.7104,2005,2004.9999,,54.702244389027435,625,4258.2764,-0.1,-106.56594,-132.18001,15.276839,-499.9691,499.9691,0.0009999999
0.0009999999,499.9691,275174.4,-0.0012665136,1.0000001,0.1,,137.17567,109719,0.0009999999,-123.50934,,8036.816036701202,15.085818,0.1,4.8266443e-11,0.0009999999,,11,-0.2,2006,68.84124,15.449267,4151.5737,2006,2006.0001,,54.69541375872383,625,4258.3657,,-106.79193,-132.17567,15.276592,-499.9691,499.9691,0.0009999999
0.0009999999,499.9691,275318.03,-0.20328927,1.0000005,-0.2,,137.1789,109770,0.0009999999,-138.6338,,8043.513850212097,16.758863,0.1,4.8218356e-11,0.0009999999,,11,,2007,68.84124,15.44877,4151.3784,2007,2007.001,,54.69357249626308,625,4258.455,-0.1,-107.076584,-132.1789,15.277179,-499.9691,499.9691,0.0009999999
0.0009999999,499.9691,275439.47,0.3964088,1.0000002,0.1,,137.17105,109812,0.0009999999,-116.441154,,8049.666734457016,14.868088,0.1,4.817034e-11,0.0009999999,,11,0.1,2008,68.84124,15.448271,4151.215,2008,2008.0004,,54.68725099601593,625,4258.5444,0.1,-107.3296,-132.17105,15.276822,-499.9691,499.9691,0.0009999999
0.0009999999,499.9691,275560.4,0.5014567,1.0000001,0.1,,137.16296,109836,0.0009999999,-115.92039,,8056.239925146103,14.385067,0.1,4.8122395e-11,0.0009999999,,11,0.1,2009,68.84124,15.447773,4151.287,2009,2009.0002,,54.67197610751618,625,4258.6333,0.2,-107.34606,-132.16296,15.276226,-499.9691,499.9691,0.0009999999
0.0009999999,499.9691,275693.0,0.00051537156,1.0000002,,,137.16069,109869,0.0009999999,-127.5955,,8062.974086523056,13.69216,-0.1,4.8074527e-11,0.0009999999,,11,-0.1,2010,68.84124,15.447275,4151.199,2010,2010.0005,,54.66119402985075,625,4258.723,0.2,-107.52379,-132.16069,15.275286,-499.9691,499.9691,0.0009999999
0.0009999999,499.9691,275815.1,0.0017831326,1.0000007,-0.2,,137.1532,109891,0.0009999999,-117.098976,,8069.191789388657,16.498821,0.1,4.8026725e-11,0.0009999999,,11,,2011,68.84124,15.446778,4150.8564,2011,2011.0015,,54.64495275982098,625,4258.812,0.1,-107.955765,-132.1532,15.275742,-499.9691,499.9691,0.0009999999
0.0009999999,499.9691,275945.03,0.09925109,1.0000005,0.1,,137.14961,109920,0.0009999999,-124.94331,,8075.108864784241,15.522477,-0.1,4.7979e-11,0.0009999999,,11,0.1,2012,68.84124,15.4462805,4150.762,2012,2012.0009,,54.63220675944334,625,4258.901,,-108.13871,-132.14961,15.275711,-499.9691,499.9691,0.0009999999
0.0009999999,499.9691,276073.9,0.19886635,1.0000004,,,137.14551,109951,0.0009999999,-123.88152,,8081.353695869446,14.335375,0.1,4.7931343e-11,0.0009999999,,11,0.1,2013,68.84124,15.445784,4150.5664,2013,2013.0007,,54.62046696472926,625,4258.99,,-108.42403,-132.14551,15.275093,-499.9691,499.9691,0.0009999999
0.0009999999,499.9691,276205.0,-0.10186096,0.99999964,0.2,,137.1425,109983,0.0009999999,-126.094055,,8087.668220996857,15.23803,-0.1,4.7883753e-11,0.0009999999,,11,-0.2,2014,68.84124,15.445288,4150.535,2014,2013.9993,,54.609235352532274,625,4259.079,,-108.54378,-132.1425,15.274923,-499.9691,499.9691,0.0009999999
0.0009999999,499.9691,276333.62,-0.50004095,1.0000001,-0.2,,137.13828,110009,0.0009999999,-123.60298,,8093.69902920723,15.050466,,4.783624e-11,0.0009999999,,11,-0.2,2015,68.84124,15.444791,4150.602,2015,2015.0002,,54.59503722084367,625,4259.168,-0.1,-108.56593,-132.13828,15.274661,-499.9691,499.9691,0.0009999999
0.0009999999,499.9691,276410.0,0.19990626,0.9999999,0.1,,137.10814,110509,0.0009999999,-71.408005,,8100.827091217041,14.534832,,4.7788797e-11,0.0009999999,,11,,2016,68.84124,15.444295,4150.5684,2016,2015.9998,,54.81597222222222,625,4259.2573,0.1,-108.68885,-132.10814,15.274141,-499.9691,499.9691,0.0009999999
0.0009999999,499.9691,276560.38,-0.10164123,0.9999999,-0.2,,137.11472,110558,0.0009999999,-145.3684,,8107.50496339798,16.896496,0.2,4.7741422e-11,0.0009999999,,11,-0.2,2017,68.84124,15.443799,4150.5845,2017,2016.9998,,54.81308874566187,625,4259.3457,0.1,-108.761086,-132.11472,15.274794,-499.9691,499.9691,0.0009999999
0.0009999999,499.9691,276698.2,0.09860991,1.0000001,0.1,,137.11505,110594,0.0009999999,-132.79651,,8113.417913675308,13.790797,0.1,4.7694116e-11,0.0009999999,,11,-0.1,2018,68.84124,15.443303,4150.553,2018,2018.0002,,54.80376610505451,625,4259.4346,,-108.88141,-132.11505,15.273905,-499.9691,499.9691,0.0009999999
0.0009999999,499.9691,276832.75,0.10440723,0.99999964,0.1,,137.1138,110638,0.0009999999,-129.58621,,8119.225925207138,15.25508,,4.7646883e-11,0.0009999999,,11,-0.1,2019,68.84124,15.442808,4150.1255,2019,2018.9993,,54.79841505695889,625,4259.524,0.1,-109.39838,-132.1138,15.273744,-499.9691,499.9691,0.0009999999
0.0009999999,499.9691,277005.3,-0.2001575,1.0000005,-0.1,,137.13135,110707,0.0009999999,-167.5404,,8124.872164011002,13.375988,0.2,4.7599716e-11,0.0009999999,,11,-0.2,2020,68.84124,15.442312,4149.454,2020,2020.0009,,54.80544554455445,625,4259.613,-0.1,-110.15862,-132.13135,15.272653,-499.9691,499.9691,0.0009999999
0.0009999999,499.9691,277141.1,0.0024256706,1.0000005,0.2,,137.13068,110743,0.0009999999,-130.78445,,8130.648859739304,15.066989,-0.1,4.7552635e-11,0.0009999999,,11,,2021,68.84124,15.441817,4149.3965,2021,2021.0009,,54.79614052449283,625,4259.701,-0.1,-110.30477,-132.13068,15.272398,-499.9691,499.9691,0.0009999999
0.0009999999,499.9691,277266.62,0.30114543,0.99999976,0.1,,137.12494,110766,0.0009999999,-120.54376,,8136.148879289627,14.760321,0.1,4.7505607e-11,0.0009999999,,11,-0.1,2022,68.84124,15.441323,4149.4365,2022,2021.9995,,54.78041543026706,625,4259.7896,0.2,-110.353264,-132.12494,15.271993,-499.9691,499.9691,0.0009999999
0.0009999999,499.9691,277412.44,-0.20364931,1.0000004,0.1,,137.12923,110811,0.0009999999,-140.82053,,8141.794032096863,13.950682,-0.1,4.7458655e-11,0.0009999999,,11,-0.2,2023,68.84124,15.440828,4149.361,2023,2023.0006,,54.77558082056352,625,4259.8784,,-110.51758,-132.12923,15.271188,-499.9691,499.9691,0.0009999999
0.0009999999,499.9691,277541.8,-0.10294153,1.0000001,0.1,,137.1254,110842,0.0009999999,-124.34224,,8147.0738270282745,14.063862,,4.7411772e-11,0.0009999999,,11,-0.1,2024,68.84124,15.440334,4149.307,2024,2024.0001,,54.76383399209486,625,4259.967,-0.1,-110.659454,-132.1254,15.27044,-499.9691,499.9691,0.0009999999
0.0009999999,499.9691,277678.25,-0.0018258542,1.0000001,,,137.12506,110947,0.0009999999,-131.44923,,8152.651643037796,13.994295,0.1,4.7364952e-11,0.0009999999,,11,-0.1,2025,68.84124,15.43984,4148.979,2025,2025.0002,,54.78864197530864,625,4260.0557,,-111.0768,-132.12506,15.269661,-499.9691,499.9691,0.0009999999
0.0009999999,499.9691,277807.56,0.50138503,1.0000005,,,137.1212,110976,0.0009999999,-124.27991,,8158.14305472374,14.73505,0.1,4.7318212e-11,0.0009999999,,11,0.2,2026,68.84124,15.439347,4148.399,2026,2026.0009,,54.77591312931885,625,4260.1436,0.2,-111.74463,-132.1212,15.269245,-499.9691,499.9691,0.0009999999
0.0009999999,499.9691,277939.7,0.19848454,1.0,-0.1,,137.11874,111012,0.0009999999,-127.15687,,8163.521834373474,15.743487,0.1,4.7271534e-11,0.0009999999,,11,,2027,68.84124,15.438853,4147.957,2027,2027.0,,54.76665022200296,625,4260.232,0.2,-112.27502,-132.11874,15.269329,-499.9691,499.9691,0.0009999999
0.0009999999,499.9691,278084.5,-0.2985845,0.9999999,-0.2,,137.12253,111054,0.0009999999,-139.80135,,8168.945698976517,14.83151,0.2,4.7224922e-11,0.0009999999,,11,-0.2,2028,68.84124,15.43836,4147.975,2028,2027.9998,,54.760355029585796,625,4260.321,-0.1,-112.345634,-132.12253,15.26896,-499.9691,499.9691,0.0009999999
0.0009999999,499.9691,278219.16,0.19797954,0.99999994,0.2,,137.12132,111095,0.0009999999,-129.6687,,8174.353822231293,13.407082,,4.717839e-11,0.0009999999,,11,-0.1,2029,68.84124,15.437867,4148.0527,2029,2028.9999,,54.753573188762935,625,4260.409,0.1,-112.35657,-132.12132,15.267891,-499.9691,499.9691,0.0009999999
0.0009999999,499.9691,278340.94,-0.29948524,1.0000002,-0.1,,137.11377,111118,0.0009999999,-116.790565,,8180.000986814499,14.655115,0.1,4.713192e-11,0.0009999999,,11,-0.2,2030,68.84124,15.437374,4148.044,2030,2030.0005,,54.737931034482756,625,4260.4976,-0.1,-112.453384,-132.11377,15.267439,-499.9691,499.9691,0.0009999999
0.0009999999,499.9691,278479.2,0.50032747,0.9999999,0.1,,137.11432,111192,0.0009999999,-133.23122,,8185.293180942535,16.261518,,4.708552e-11,0.0009999999,,11,0.2,2031,68.84124,15.436882,4147.94,2031,2030.9998,,54.74741506646972,625,4260.586,0.2,-112.64582,-132.11432,15.2677765,-499.9691,499.9691,0.0009999999
0.0009999999,499.9691,278600.88,0.0940659,0.9999997,-0.2,,137.10674,111212,0.0009999999,-116.70298,,8190.3265635967255,14.627902,0.1,4.7039185e-11,0.0009999999,,11,0.1,2032,68.84124,15.43639,4147.699,2032,2031.9994,,54.73031496062992,625,4260.674,0.1,-112.97448,-132.10674,15.26731,-499.9691,499.9691,0.0009999999
0.0009999999,499.9691,278725.28,-0.20071164,0.9999998,0.1,,137.10048,111235,0.0009999999,-119.40063,,8195.682507514954,9.018404,-0.1,4.699292e-11,0.0009999999,,11,-0.1,2033,68.84124,15.435898,4147.595,2033,2032.9996,,54.714707329070336,625,4260.762,-0.1,-113.16711,-132.10048,15.264086,-499.9691,499.9691,0.0009999999
0.0009999999,499.9691,278842.03,2.7380884e-05,1.0000001,,,137.09048,111271,0.0009999999,-111.748055,,8201.339079856873,15.002932,,4.6946724e-11,0.0009999999,,11,-0.1,2034,68.84124,15.435406,4147.468,2034,2034.0002,,54.7055063913471,625,4260.85,0.1,-113.38226,-132.09048,15.263806,-499.9691,499.9691,0.0009999999
0.0009999999,499.9691,279346.88,-0.0006103292,0.99999976,,,137.2712,111771,0.0009999999,-499.8254,,8207.409153461456,15.659382,0.1,4.6900595e-11,0.0009999999,,11,-0.2,2035,68.84124,15.434915,4147.317,2035,2034.9995,,54.924324324324324,625,4260.9385,0.1,-113.621376,-132.2712,15.263851,-499.9691,499.9691,0.0009999999
0.0009999999,499.9691,279488.1,-0.098976746,0.99999964,0.1,,137.27313,111813,0.0009999999,-136.24236,,8212.574313163757,16.59148,,4.6854534e-11,0.0009999999,,11,,2036,68.84124,15.434423,4147.034,2036,2035.9993,,54.91797642436149,625,4261.0264,-0.2,-113.99238,-132.27313,15.264353,-499.9691,499.9691,0.0009999999
0.0009999999,499.9691,279609.62,0.3948999,1.0000007,0.1,,137.2654,111843,0.0009999999,-116.525795,,8217.615134239197,15.931877,,4.680854e-11,0.0009999999,,11,0.1,2037,68.84124,15.433932,4146.785,2037,2037.0013,,54.90574374079529,625,4261.1143,0.2,-114.3289,-132.2654,15.26453,-499.9691,499.9691,0.0009999999
0.0009999999,499.9691,279730.5,-0.29758325,1.0000001,,,137.25735,111863,0.0009999999,-115.88589,,8223.02265906334,12.925461,-0.1,4.6762615e-11,0.0009999999,,11,-0.2,2038,68.84124,15.433441,4146.6943,2038,2038.0001,,54.88861629048086,625,4261.202,,-114.50772,-132.25735,15.263232,-499.9691,499.9691,0.0009999999
0.0009999999,499.9691,279880.44,0.10378582,0.9999997,-0.1,,137.26358,111910,0.0009999999,-144.92143,,8228.208214759827,14.227836,0.1,4.6716762e-11,0.0009999999,,11,-0.1,2039,68.84124,15.432951,4146.3887,2039,2038.9994,,54.88474742520844,625,4261.29,0.2,-114.90159,-132.26358,15.262573,-499.9691,499.9691,0.0009999999
0.0009999999,499.9691,280015.47,-0.09983467,0.9999996,,,137.26248,111943,0.0009999999,-130.03511,,8234.144510507584,14.862199,0.1,4.6670973e-11,0.0009999999,,11,-0.2,2040,68.84124,15.432461,4146.281,2040,2039.9991,,54.87401960784314,625,4261.378,,-115.0972,-132.26248,15.262227,-499.9691,499.9691,0.0009999999
0.0009999999,499.9691,280174.75,-0.10019356,0.9999997,-0.1,,137.27327,111999,0.0009999999,-154.27385,,8240.327472686768,15.560124,-0.1,4.6625252e-11,0.0009999999,,11,-0.1,2041,68.84124,15.431971,4145.957,2041,2040.9994,,54.87457128858403,625,4261.466,0.2,-115.50877,-132.27327,15.262222,-499.9691,499.9691,0.0009999999
0.0009999999,499.9691,280320.5,0.30099562,1.0,0.2,,137.27742,112041,0.0009999999,-140.73175,,8246.870382070541,16.420343,0.1,4.657959e-11,0.0009999999,,11,-0.1,2042,68.84124,15.43148,4145.955,2042,2042.0,,54.86826640548482,625,4261.553,0.1,-115.598335,-132.27742,15.26264,-499.9691,499.9691,0.0009999999
0.0009999999,499.9691,280439.25,0.0006239265,0.99999964,-0.1,,137.26836,112060,0.0009999999,-113.796005,,8253.012325286865,13.628061,0.1,4.6534006e-11,0.0009999999,,11,-0.1,2043,68.84124,15.430991,4145.9365,2043,2042.9993,,54.850709740577585,625,4261.641,0.1,-115.704765,-132.26836,15.26169,-499.9691,499.9691,0.0009999999
0.0009999999,499.9691,280565.47,0.09724929,0.9999995,-0.2,,137.26295,112087,0.0009999999,-121.19877,,8259.595826625824,16.094278,,4.6488487e-11,0.0009999999,,11,0.2,2044,68.84124,15.430502,4145.92,2044,2043.999,,54.83708414872798,625,4261.7285,0.1,-115.8086,-132.26295,15.261948,-499.9691,499.9691,0.0009999999
0.0009999999,499.9691,280720.94,-0.099661544,0.99999964,0.1,,137.27185,112144,0.0009999999,-150.45071,,8266.304532766342,13.387598,-0.1,4.6443027e-11,0.0009999999,,11,-0.2,2045,68.84124,15.430013,4143.1543,2045,2044.9993,,54.83814180929095,625,4261.816,0.1,-118.6616,-132.27185,15.260881,-499.9691,499.9691,0.0009999999
0.0009999999,499.9691,280861.62,0.0031926408,1.0,-0.2,,137.27353,112182,0.0009999999,-135.71288,,8272.652003526688,16.847528,,4.639764e-11,0.0009999999,,11,0.1,2046,68.84124,15.429523,4142.838,2046,2046.0,,54.82991202346041,625,4261.904,0.1,-119.06571,-132.27353,15.261507,-499.9691,499.9691,0.0009999999
0.0009999999,499.9691,281075.44,0.20039535,0.99999964,0.1,,137.31091,112297,0.0009999999,-208.81856,,8279.320212125778,15.397386,0.1,4.6352318e-11,0.0009999999,,11,-0.1,2047,68.84124,15.429035,4142.233,2047,2046.9993,,54.85930630190523,625,4261.9917,0.1,-119.75886,-132.31091,15.261423,-499.9691,499.9691,0.0009999999
0.0009999999,499.9691,281212.3,-0.39748707,0.9999995,-0.1,,137.3107,112331,0.0009999999,-131.87794,,8285.5404317379,15.911616,-0.1,4.6307066e-11,0.0009999999,,11,-0.2,2048,68.84124,15.428547,4141.878,2048,2047.999,,54.84912109375,625,4262.079,,-120.201256,-132.3107,15.261591,-499.9691,499.9691,0.0009999999
0.0009999999,499.9691,281406.94,0.09581263,0.99999964,,,137.33867,112425,0.0009999999,-189.6084,,8292.230670452118,15.223901,,4.6261876e-11,0.0009999999,,11,,2049,68.84124,15.428059,4141.312,2049,2048.9993,,54.86822840409956,625,4262.1665,0.1,-120.8543,-132.33867,15.261423,-499.9691,499.9691,0.0009999999
0.0009999999,499.9691,281555.38,-0.10076393,1.0,,,137.34409,112470,0.0009999999,-143.4503,,8298.675868749619,10.294238,-0.1,4.6216753e-11,0.0009999999,,11,-0.2,2050,68.84124,15.42757,4141.0283,2050,2050.0,,54.863414634146345,625,4262.2534,0.2,-121.22492,-132.34409,15.25885,-499.9691,499.9691,0.0009999999
0.0009999999,499.9691,281710.38,0.0033060238,0.99999964,0.2,,137.35269,112523,0.0009999999,-149.99248,,8305.270611524582,16.029333,,4.6171695e-11,0.0009999999,,11,-0.1,2051,68.84124,15.427083,4140.638,2051,2050.9993,,54.86250609458801,625,4262.341,-0.1,-121.70279,-132.35269,15.259077,-499.9691,499.9691,0.0009999999
0.0009999999,499.9691,281860.66,-0.09932944,0.9999995,-0.2,,137.359,112572,0.0009999999,-145.29277,,8311.528244972229,15.024095,,4.612671e-11,0.0009999999,,11,0.1,2052,68.84124,15.426596,4140.5703,2052,2051.999,,54.85964912280702,625,4262.428,,-121.85799,-132.359,15.258813,-499.9691,499.9691,0.0009999999
0.0009999999,499.9691,281981.75,0.20158789,0.99999964,,,137.35107,112606,0.0009999999,-116.07747,,8317.863060474396,16.76375,0.1,4.608178e-11,0.0009999999,,11,-0.1,2053,68.84124,15.426108,4139.6016,2053,2052.9993,,54.84948855333658,625,4262.5156,0.2,-122.914246,-132.35107,15.259396,-499.9691,499.9691,0.0009999999
0.0009999999,499.9691,282101.5,0.3002389,1.0,0.2,,137.3425,112624,0.0009999999,-114.73276,,8323.933075904846,15.626643,,4.603692e-11,0.0009999999,,11,0.1,2054,68.84124,15.425621,4139.4136,2054,2054.0,,54.8315481986368,625,4262.6025,,-123.188805,-132.3425,15.259425,-499.9691,499.9691,0.0009999999
0.0009999999,499.9691,282215.7,0.30223644,0.99999964,0.1,,137.33124,112640,0.0009999999,-109.19073,,8329.721829414368,14.826524,,4.599213e-11,0.0009999999,,11,,2055,68.84124,15.425135,4139.079,2055,2054.9993,,54.81265206812652,625,4262.69,0.2,-123.610695,-132.33124,15.259066,-499.9691,499.9691,0.0009999999
0.0009999999,499.9691,282374.8,-0.20091966,0.9999995,,,137.34183,112696,0.0009999999,-154.15233,,8335.636385679245,14.541514,-0.1,4.59474e-11,0.0009999999,,11,-0.2,2056,68.84124,15.424648,4138.8135,2056,2055.999,,54.81322957198444,625,4262.7773,0.1,-123.96372,-132.34183,15.258568,-499.9691,499.9691,0.0009999999
0.0009999999,499.9691,282513.66,0.19920883,0.99999964,0.1,,137.34256,112732,0.0009999999,-133.82806,,8341.376693725586,16.469715,0.1,4.5902736e-11,0.0009999999,,11,-0.2,2057,68.84124,15.424162,4137.572,2057,2056.9993,,54.80408361691784,625,4262.8643,0.2,-125.29249,-132.34256,15.2590065,-499.9691,499.9691,0.0009999999
0.0009999999,499.9691,282668.8,0.09649906,1.0,0.1,,137.35123,112784,0.0009999999,-150.13503,,8347.013284444809,14.212384,0.1,4.5858137e-11,0.0009999999,,11,-0.2,2058,68.84124,15.423676,4135.194,2058,2058.0,,54.802721088435376,625,4262.951,0.1,-127.75715,-132.35123,15.258348,-499.9691,499.9691,0.0009999999
0.0009999999,499.9691,282809.12,0.20233342,0.99999964,0.2,,137.35266,112821,0.0009999999,-135.31374,,8352.663797616959,13.445776,0.1,4.5813603e-11,0.0009999999,,11,-0.2,2059,68.84124,15.42319,4135.0083,2059,2058.9993,,54.79407479358912,625,4263.038,0.1,-128.02998,-132.35266,15.257321,-499.9691,499.9691,0.0009999999
0.0009999999,499.9691,282940.7,0.2021351,1.0000005,-0.1,,137.34985,112851,0.0009999999,-126.5898,,8358.344117164612,15.913753,,4.5769135e-11,0.0009999999,,11,0.1,2060,68.84124,15.422704,4134.7163,2060,2060.001,,54.78203883495146,625,4263.125,0.2,-128.40846,-132.34985,15.25749,-499.9691,499.9691,0.0009999999
0.0009999999,499.9691,283195.12,-0.19654542,0.9999995,-0.1,,137.40666,113003,0.0009999999,-249.43167,,8364.024099349976,15.247213,0.1,4.5724733e-11,0.0009999999,,11,-0.2,2061,68.84124,15.422219,4134.3228,2061,2060.999,,54.82920912178554,625,4263.2124,,-128.88971,-132.40666,15.257337,-499.9691,499.9691,0.0009999999
0.0009999999,499.9691,283385.78,-0.39983425,0.9999999,-0.2,,137.43248,113095,0.0009999999,-185.6683,,8369.862436056137,13.989511,0.1,4.568039e-11,0.0009999999,,11,-0.2,2062,68.84124,15.421734,4133.286,2062,2061.9998,,54.84723569350145,625,4263.299,-0.1,-130.01288,-132.43248,15.256572,-499.9691,499.9691,0.0009999999
0.0009999999,499.9691,283543.8,0.3005008,0.9999995,0.2,,137.44247,113595,0.0009999999,-153.01544,,8376.224738836288,16.333925,,4.5636116e-11,0.0009999999,,11,,2063,68.84124,15.421249,4133.3447,2063,2062.999,,55.0630150266602,625,4263.3857,0.1,-130.04097,-132.44247,15.256946,-499.9691,499.9691,0.0009999999
0.0009999999,499.9691,283686.75,-0.2020256,1.0000004,0.1,,137.44513,113638,0.0009999999,-137.92726,,8382.2661318779,11.418324,,4.5591902e-11,0.0009999999,,11,-0.2,2064,68.84124,15.420764,4132.5996,2064,2064.0007,,55.05717054263566,625,4263.4727,-0.1,-130.87292,-132.44513,15.254937,-499.9691,499.9691,0.0009999999
0.0009999999,499.9691,283841.44,0.2992217,1.0000005,,,137.45348,113762,0.0009999999,-149.69196,,8388.38771700859,15.344293,,4.554776e-11,0.0009999999,,11,0.1,2065,68.84124,15.4202795,4132.5923,2065,2065.001,,55.09055690072639,625,4263.559,0.2,-130.96687,-132.45348,15.254831,-499.9691,499.9691,0.0009999999
0.0009999999,499.9691,283979.44,0.3013476,0.99999976,0.2,,137.45375,113797,0.0009999999,-133.01007,,8394.142410755157,16.062918,,4.550368e-11,0.0009999999,,11,-0.1,2066,68.84124,15.419796,4129.9346,2066,2065.9995,,55.08083252662149,625,4263.646,0.2,-133.71153,-132.45375,15.255075,-499.9691,499.9691,0.0009999999
0.0009999999,499.9691,284104.88,-0.4973067,1.0000004,-0.1,,137.44794,113819,0.0009999999,-120.44821,,8400.340975999832,15.149656,-0.1,4.545966e-11,0.0009999999,,11,-0.2,2067,68.84124,15.419312,4129.872,2067,2067.0007,,55.0648282535075,625,4263.7324,-0.1,-133.86023,-132.44794,15.254876,-499.9691,499.9691,0.0009999999
0.0009999999,499.9691,284224.3,0.09716579,1.0000002,,,137.43922,113881,0.0009999999,-114.45394,,8406.754075288773,14.989928,0.1,4.5415706e-11,0.0009999999,,11,-0.2,2068,68.84124,15.418828,4128.779,2068,2068.0005,,55.06818181818182,625,4263.8193,0.2,-135.04073,-132.43922,15.2546,-499.9691,499.9691,0.0009999999
0.0009999999,499.9691,284364.75,0.09937153,1.0000002,-0.1,,137.44067,113918,0.0009999999,-135.44041,,8412.549611091614,15.397888,,4.537181e-11,0.0009999999,,11,0.2,2069,68.84124,15.4183445,4128.6914,2069,2069.0005,,55.05944900918318,625,4263.9053,,-135.21384,-132.44067,15.25452,-499.9691,499.9691,0.0009999999
0.0009999999,499.9691,284486.9,-0.4010661,0.99999964,-0.2,,137.43329,113939,0.0009999999,-117.14069,,8418.436369419098,15.335223,-0.1,4.532799e-11,0.0009999999,,11,,2070,68.84124,15.417862,4125.392,2070,2069.9993,,55.042995169082126,625,4263.992,-0.1,-138.6002,-132.43329,15.254413,-499.9691,499.9691,0.0009999999
0.0009999999,499.9691,284605.7,-0.10367058,1.0000001,-0.1,,137.42429,113968,0.0009999999,-113.79482,,8423.959407806396,15.736289,0.1,4.5284224e-11,0.0009999999,,11,-0.2,2071,68.84124,15.417378,4122.382,2071,2071.0002,,55.03042008691453,625,4264.0786,0.1,-141.69681,-132.42429,15.2544985,-499.9691,499.9691,0.0009999999
0.0009999999,499.9691,284810.75,-0.2977743,1.0,-0.1,,137.45692,114076,0.0009999999,-200.03915,,8429.580983638763,15.117666,-0.1,4.5240527e-11,0.0009999999,,11,-0.2,2072,68.84124,15.416896,4121.496,2072,2072.0,,55.05598455598456,625,4264.165,0.1,-142.66896,-132.45692,15.254281,-499.9691,499.9691,0.0009999999
0.0009999999,499.9691,285003.56,0.10055085,1.0,0.1,,137.48363,114179,0.0009999999,-187.79141,,8436.254865169525,10.6828375,,4.5196884e-11,0.0009999999,,11,-0.2,2073,68.84124,15.416413,4120.043,2073,2073.0,,55.079112397491556,625,4264.2515,0.2,-144.20847,-132.48363,15.251927,-499.9691,499.9691,0.0009999999
0.0009999999,499.9691,285227.0,0.09809982,1.0000004,-0.1,,137.52507,114300,0.0009999999,-218.445,,8442.630814790726,15.971478,,4.515331e-11,0.0009999999,,11,,2074,68.84124,15.415931,4120.057,2074,2074.0007,,55.11089681774349,625,4264.338,0.2,-144.28073,-132.52507,15.252129,-499.9691,499.9691,0.0009999999
0.0009999999,499.9691,285612.7,0.09835518,0.9999999,0.2,,137.64467,114585,0.0009999999,-380.66403,,8449.937665700912,13.713506,,4.5109805e-11,0.0009999999,,11,-0.2,2075,68.84124,15.415449,4113.259,2075,2074.9998,,55.22168674698795,625,4264.4243,0.1,-151.16554,-132.64467,15.251239,-499.9691,499.9691,0.0009999999
0.0009999999,499.9691,285785.38,0.10117162,0.99999964,-0.1,,137.66154,114655,0.0009999999,-167.68974,,8456.265180110931,15.709982,,4.506636e-11,0.0009999999,,11,0.1,2076,68.84124,15.414968,4111.8467,2076,2075.9993,,55.22880539499037,625,4264.5103,0.1,-152.66359,-132.66154,15.251312,-499.9691,499.9691,0.0009999999
0.0009999999,499.9691,285937.25,-0.19886406,0.99999964,-0.1,,137.6684,114704,0.0009999999,-146.88324,,8462.617190599442,16.509281,-0.1,4.5022975e-11,0.0009999999,,11,-0.2,2077,68.84124,15.414486,4109.7695,2077,2076.9993,,55.225806451612904,625,4264.5967,0.2,-154.8274,-132.6684,15.25177,-499.9691,499.9691,0.0009999999
0.0009999999,499.9691,286134.3,-0.00072824955,0.9999999,-0.1,,137.69698,114800,0.0009999999,-192.09987,,8469.251524209976,12.717352,0.1,4.4979652e-11,0.0009999999,,11,-0.2,2078,68.84124,15.414004,4108.0854,2078,2077.9998,,55.24542829643888,625,4264.6826,0.2,-156.59697,-132.69698,15.250402,-499.9691,499.9691,0.0009999999
0.0009999999,499.9691,286334.75,0.00047747424,1.0000005,0.1,,137.72716,114900,0.0009999999,-195.4203,,8476.015926599503,16.67918,,4.493639e-11,0.0009999999,,11,-0.1,2079,68.84124,15.413523,4100.55,2079,2079.001,,55.266955266955264,625,4264.7686,,-164.21873,-132.72716,15.250944,-499.9691,499.9691,0.0009999999
0.0009999999,499.9691,286496.44,-0.0011526495,1.0000002,0.1,,137.73868,114962,0.0009999999,-156.66942,,8482.611961126328,16.41792,,4.4893197e-11,0.0009999999,,11,-0.2,2080,68.84124,15.413042,4086.0867,2080,2080.0005,,55.270192307692305,625,4264.855,0.1,-178.7683,-132.73868,15.251358,-499.9691,499.9691,0.0009999999
0.0009999999,499.9691,286660.12,0.101280384,1.0000002,-0.2,,137.75114,115024,0.0009999999,-158.68715,,8489.553337812424,16.093315,,4.485006e-11,0.0009999999,,11,0.1,2081,68.84124,15.412561,4079.5771,2081,2081.0005,,55.27342623738587,625,4264.941,0.2,-185.36368,-132.75114,15.251615,-499.9691,499.9691,0.0009999999
0.0009999999,499.9691,286836.2,0.10115497,1.0000005,0.2,,137.76955,115098,0.0009999999,-171.09529,,8496.634052038193,14.727795,-0.1,4.4806985e-11,0.0009999999,,11,-0.2,2082,68.84124,15.412081,4074.352,2082,2082.001,,55.28242074927954,625,4265.027,0.2,-190.6749,-132.76955,15.251215,-499.9691,499.9691,0.0009999999
0.0009999999,499.9691,286972.2,-0.1010726,0.9999999,0.1,,137.76869,115131,0.0009999999,-130.98798,,8503.218829393387,16.06916,,4.4763974e-11,0.0009999999,,11,-0.2,2083,68.84124,15.411601,4069.0293,2083,2082.9998,,55.27172347575612,625,4265.113,,-196.08337,-132.76869,15.25146,-499.9691,499.9691,0.0009999999
0.0009999999,499.9691,287138.7,-0.39632955,0.99999964,-0.2,,137.78249,115195,0.0009999999,-161.51257,,8509.684216022491,11.795869,-0.1,4.4721025e-11,0.0009999999,,11,-0.1,2084,68.84124,15.411121,3932.6658,2084,2083.9993,,55.27591170825336,625,4265.1987,,-332.53305,-132.78249,15.249654,-499.9691,499.9691,0.0009999999
0.0009999999,499.9691,287570.16,-0.49807414,0.99999964,-0.2,,137.92334,115695,0.0009999999,-426.4578,,8516.513927698135,12.862764,-0.1,4.467814e-11,0.0009999999,,11,-0.2,2085,68.84124,15.410642,3928.2107,2085,2084.9993,,55.489208633093526,625,4265.2847,,-337.0739,-132.92334,15.2483635,-499.9691,499.9691,0.0009999999
0.0009999999,499.9691,288025.66,-0.10203955,0.9999999,-0.2,,138.07558,116195,0.0009999999,-450.49606,,8523.06954407692,16.493046,,4.4635313e-11,0.0009999999,,11,,2086,68.84124,15.410162,3913.0352,2086,2085.9998,,55.70230105465005,625,4265.37,0.1,-352.33496,-133.07558,15.248813,-499.9691,499.9691,0.0009999999
0.0009999999,499.9691,288330.5,-0.29906356,1.0000002,-0.2,,138.15549,116406,0.0009999999,-299.83484,,8528.923316717148,14.7353735,-0.1,4.459255e-11,0.0009999999,,11,,2087,68.84124,15.409682,3909.3098,2087,2087.0005,,55.77671298514614,625,4265.456,,-356.14627,-133.15549,15.248419,-499.9691,499.9691,0.0009999999
0.0009999999,499.9691,288450.34,-0.30006433,1.0,-0.2,,138.14671,116433,0.0009999999,-114.856926,,8534.40792965889,14.693287,,4.4549846e-11,0.0009999999,,11,-0.1,2088,68.84124,15.409204,3904.8472,2088,2088.0,,55.76293103448276,625,4265.542,,-360.69495,-133.14671,15.248006,-499.9691,499.9691,0.0009999999
0.0009999999,499.9691,288927.78,-0.10380842,0.9999999,-0.1,,138.30913,116933,0.0009999999,-472.4482,,8540.492337703705,16.24271,,4.45072e-11,0.0009999999,,11,,2089,68.84124,15.408725,3900.0928,2089,2088.9998,,55.97558640497846,625,4265.628,,-365.53525,-133.30913,15.248334,-499.9691,499.9691,0.0009999999
0.0009999999,499.9691,289381.25,-0.29907548,1.0,-0.1,,138.45993,117433,0.0009999999,-448.47745,,8546.630712985992,12.678586,,4.446462e-11,0.0009999999,,11,-0.2,2090,68.84124,15.408246,3892.056,2090,2090.0,,56.188038277511964,625,4265.7134,,-373.65747,-133.45993,15.246959,-499.9691,499.9691,0.0009999999
0.0009999999,499.9691,289877.9,-0.20096724,1.0000005,-0.1,,138.63123,117933,0.0009999999,-491.64264,,8552.90969991684,15.298017,,4.44221e-11,0.0009999999,,11,-0.1,2091,68.84124,15.407768,3887.9685,2091,2091.001,,56.40028694404591,625,4265.799,,-377.83032,-133.63123,15.246836,-499.9691,499.9691,0.0009999999
0.0009999999,499.9691,290379.47,-0.19865158,1.0000001,-0.2,,138.80472,118433,0.0009999999,-496.54547,,8559.485226392746,14.130135,0.1,4.4379646e-11,0.0009999999,,11,-0.1,2092,68.84124,15.4072895,3885.6558,2092,2092.0002,,56.612332695984705,625,4265.8843,,-380.22858,-133.80472,15.246157,-499.9691,499.9691,0.0009999999
0.0009999999,499.9691,290875.06,-0.29931802,1.0,-0.2,,138.97519,118933,0.0009999999,-490.58716,,8566.047865152359,12.040474,0.1,4.433725e-11,0.0009999999,,11,-0.2,2093,68.84124,15.406812,3882.9941,2093,2093.0,,56.824175824175825,625,4265.9697,,-382.97565,-133.97519,15.244479,-499.9691,499.9691,0.0009999999
0.0009999999,499.9691,291378.12,-0.3031845,1.0000001,-0.2,,139.14906,119433,0.0009999999,-498.0617,,8572.62040758133,16.73302,-0.1,4.4294908e-11,0.0009999999,,11,-0.1,2094,68.84124,15.406334,3881.3254,2094,2094.0002,,57.03581661891118,625,4266.055,0.1,-384.72977,-134.14906,15.245045,-499.9691,499.9691,0.0009999999
0.0009999999,499.9691,291877.5,-0.20204566,0.9999995,-0.1,,139.321,119933,0.0009999999,-494.37704,,8579.216522216797,11.66532,,4.4252633e-11,0.0009999999,,11,-0.2,2095,68.84124,15.405857,3878.6282,2095,2094.999,,57.2472553699284,625,4266.141,0.1,-387.51297,-134.321,15.24319,-499.9691,499.9691,0.0009999999
0.0009999999,499.9691,292374.88,-0.0970185,1.0000001,,,139.49184,120433,0.0009999999,-492.3685,,8585.745292186737,15.547404,,4.421042e-11,0.0009999999,,11,-0.1,2096,68.84124,15.405379,3877.0835,2096,2096.0002,,57.458492366412216,625,4266.226,,-389.14246,-134.49184,15.243188,-499.9691,499.9691,0.0009999999
0.0009999999,499.9691,292857.44,-0.29821575,1.0,-0.2,,139.65543,120933,0.0009999999,-477.5519,,8592.319212436676,12.833643,,4.4168263e-11,0.0009999999,,11,-0.2,2097,68.84124,15.404902,3876.5635,2097,2097.0,,57.66952789699571,625,4266.3115,0.1,-389.7481,-134.65543,15.241893,-499.9691,499.9691,0.0009999999
0.0009999999,499.9691,293362.2,-0.30278608,1.0,-0.2,,139.82945,121433,0.0009999999,-499.75024,,8599.142484664917,13.353341,-0.1,4.4126168e-11,0.0009999999,,11,-0.2,2098,68.84124,15.404426,3876.4983,2098,2098.0,,57.880362249761674,625,4266.397,0.2,-389.89874,-134.82945,15.240847,-499.9691,499.9691,0.0009999999
0.0009999999,499.9691,293863.66,-0.09694637,1.0000004,-0.2,,140.00174,121933,0.0009999999,-496.48206,,8605.405903577805,15.948232,,4.4084132e-11,0.0009999999,,11,-0.1,2099,68.84124,15.403949,3876.4783,2099,2099.0007,,58.090995712243924,625,4266.4824,0.2,-390.00418,-135.00174,15.241038,-499.9691,499.9691,0.0009999999
0.0009999999,499.9691,294364.44,-0.100639924,0.9999999,-0.2,,140.17354,122433,0.0009999999,-495.7925,,8611.565549135208,14.928639,0.1,4.404216e-11,0.0009999999,,11,-0.1,2100,68.84124,15.403473,3876.203,2100,2099.9998,,58.30142857142857,625,4266.5674,0.1,-390.36453,-135.17354,15.240742,-499.9691,499.9691,0.0009999999
0.0009999999,499.9691,294866.3,-0.0013447404,0.99999976,-0.2,,140.3457,122933,0.0009999999,-496.87418,,8617.652130365372,16.618109,0.1,4.400024e-11,0.0009999999,,11,-0.1,2101,68.84124,15.402997,3875.285,2101,2100.9995,,58.51166111375535,625,4266.653,0.2,-391.36795,-135.3457,15.241252,-499.9691,499.9691,0.0009999999
0.0009999999,499.9691,295368.1,-0.40177742,0.99999976,-0.2,,140.51765,123433,0.0009999999,-496.79257,,8623.6936647892,16.303425,-0.1,4.395839e-11,0.0009999999,,11,-0.2,2102,68.84124,15.402521,3874.7266,2102,2101.9995,,58.72169362511893,625,4266.738,0.1,-392.0112,-135.51765,15.2416115,-499.9691,499.9691,0.0009999999
0.0009999999,499.9691,295869.8,0.001505509,1.0,-0.1,,140.6894,123933,0.0009999999,-496.70392,,8629.468780755997,16.009718,,4.391659e-11,0.0009999999,,11,,2103,68.84124,15.402045,3874.3804,2103,2103.0,,58.93152639087018,625,4266.8228,0.1,-392.4425,-135.6894,15.241831,-499.9691,499.9691,0.0009999999
0.0009999999,577.64264,296452.44,-0.10147199,1.0000005,-0.2,,140.89944,124419,0.0009999999,-577.64264,,8636.86157822609,15.940264,0.1,4.3874855e-11,0.0009999999,,11,-0.2,2104,68.84124,15.40157,4537.1025,2104,2104.001,,59.13450570342205,625,4929.801,0.2,-392.6981,-135.89944,15.242019,-577.64264,577.64264,0.0009999999
0.0009999999,577.64264,296954.06,-0.19560221,1.0000002,-0.2,,141.07082,124919,0.0009999999,-496.59454,,8644.11974978447,14.318691,0.1,4.3833177e-11,0.0009999999,,11,-0.2,2105,68.84124,15.401094,4537.1553,2105,2105.0005,,59.34394299287411,625,4929.899,0.1,-392.74362,-136.07082,15.241432,-577.64264,577.64264,0.0009999999
0.0009999999,577.64264,297455.25,-0.19986232,1.0000002,-0.2,,141.2418,125419,0.0009999999,-496.20755,,8651.01234960556,14.461449,,4.379156e-11,0.0009999999,,11,-0.1,2106,68.84124,15.4006195,4537.153,2106,2106.0005,,59.55318138651472,625,4929.997,0.1,-392.84442,-136.2418,15.240917,-577.64264,577.64264,0.0009999999
0.0009999999,577.64264,297959.8,-0.099479355,1.0000005,-0.1,,141.41425,125919,0.0009999999,-499.55304,,8658.30788564682,16.240059,,4.3750004e-11,0.0009999999,,11,-0.1,2107,68.84124,15.400146,4536.686,2107,2107.001,,59.76222116753678,625,4930.0947,0.1,-393.40887,-136.41425,15.241245,-577.64264,577.64264,0.0009999999
0.0009999999,577.64264,298464.5,-0.19851744,0.9999999,-0.2,,141.58658,126419,0.0009999999,-499.71588,,8665.602970123291,16.394613,-0.1,4.3708506e-11,0.0009999999,,11,-0.1,2108,68.84124,15.399671,4536.765,2108,2107.9998,,59.97106261859582,625,4930.193,0.2,-393.4279,-136.58658,15.241647,-577.64264,577.64264,0.0009999999
0.0009999999,577.64264,298966.9,-0.10293771,0.99999964,-0.1,,141.75766,126919,0.0009999999,-497.3859,,8672.890746831894,16.311651,,4.3667066e-11,0.0009999999,,11,-0.2,2109,68.84124,15.399197,4536.7793,2109,2108.9993,,60.179706021811285,625,4930.291,0.2,-393.51196,-136.75766,15.242007,-577.64264,577.64264,0.0009999999
0.0009999999,577.64264,299464.0,-0.10205688,0.9999995,,,141.92607,127419,0.0009999999,-492.07144,,8680.247971773148,14.655491,,4.3625683e-11,0.0009999999,,11,-0.2,2110,68.84124,15.398723,4536.6523,2110,2109.999,,60.388151658767775,625,4930.389,0.1,-393.737,-136.92607,15.241584,-577.64264,577.64264,0.0009999999
0.0009999999,577.64264,299963.1,-0.0012101233,0.99999976,-0.1,,142.09526,127919,0.0009999999,-494.10306,,8687.648242473602,15.359767,,4.3584362e-11,0.0009999999,,11,-0.1,2111,68.84124,15.398249,4536.4717,2111,2110.9995,,60.596399810516345,625,4930.4873,0.2,-394.01538,-137.09526,15.241494,-577.64264,577.64264,0.0009999999
0.0009999999,577.64264,300466.4,0.09545665,1.0000001,,,142.2663,128419,0.0009999999,-498.31128,,8694.329818487167,15.828013,,4.3543096e-11,0.0009999999,,11,-0.1,2112,68.84124,15.397775,4536.4854,2112,2112.0002,,60.80445075757576,625,4930.585,0.2,-394.09964,-137.2663,15.241628,-577.64264,577.64264,0.0009999999
0.0009999999,577.64264,300966.7,-0.3998659,1.0000002,-0.2,,142.43573,128919,0.0009999999,-495.28528,,8701.393607139587,13.894339,,4.3501893e-11,0.0009999999,,11,-0.1,2113,68.84124,15.397302,3539.4473,2113,1056.5002,,61.01230477993374,625,3486.5193,-0.1,52.927933,-137.43573,15.240848,-577.64264,577.64264,0.0009999999
0.0009999999,577.64264,300893.1,-0.2011332,1.0000001,-0.1,,142.33354,129419,0.0009999999,78.57722,,8708.185236692429,16.547493,,4.3460745e-11,0.0009999999,,11,,2114,78.57722,15.396829,3510.792,2114,1057.0001,,61.21996215704825,625,3486.5884,-0.1,24.203705,-137.33354,15.241376,-577.64264,577.64264,0.0009999999
0.0009999999,577.64264,300856.25,-0.30107525,1.0000002,-0.1,,142.24883,129919,0.0009999999,41.822895,,8715.246389627457,14.614902,,4.3419657e-11,0.0009999999,,11,-0.1,2115,78.57722,15.396356,3501.6094,2115,1057.5002,,61.4274231678487,625,3486.6575,-0.1,14.951895,-137.24883,15.240991,-577.64264,577.64264,0.0009999999
0.0009999999,577.64264,300825.94,-0.59954,1.0,-0.2,,142.16727,130419,0.0009999999,35.33293,,8721.764573574066,17.1265,-0.1,4.337863e-11,0.0009999999,,11,-0.2,2116,78.57722,15.395883,3480.97,2116,1058.0005,,61.63468809073724,625,3486.7263,-0.1,-5.756469,-137.16727,15.241793,-577.64264,577.64264,0.0009999999
0.0009999999,577.64264,300819.44,-0.20152283,1.0000001,,,142.09705,130919,0.0009999999,11.497161,,8727.926522731781,16.220802,,4.3337656e-11,0.0009999999,,11,-0.1,2117,78.57722,15.395411,3463.4175,2117,1058.5001,,61.841757203589985,625,3486.7952,-0.1,-23.377623,-137.09705,15.242165,-577.64264,577.64264,0.0009999999
0.0009999999,577.64264,300945.1,-0.2990091,0.9999999,-0.2,,142.08928,130977,0.0009999999,-120.66157,,8733.878654003143,15.725844,0.1,4.3296745e-11,0.0009999999,,11,-0.1,2118,78.57722,15.3949375,3414.7236,2118,1058.9999,,61.8399433427762,625,3486.8647,-0.1,-72.14116,-137.08928,15.242304,-577.64264,577.64264,0.0009999999
0.0009999999,577.64264,301067.2,-0.4973244,1.0000005,-0.2,,142.07985,131061,0.0009999999,-117.1014,,8739.614953041077,16.181862,,4.325589e-11,0.0009999999,,11,-0.1,2119,78.57722,15.394465,3393.2595,2119,1059.501,,61.85040113260972,625,3486.9338,-0.2,-93.67436,-137.07985,15.242659,-577.64264,577.64264,0.0009999999
0.0009999999,577.64264,301165.1,-0.10045978,1.0000002,0.2,,142.059,131134,0.0009999999,-92.89501,,8745.180243492126,15.885034,0.1,4.3215088e-11,0.0009999999,,11,-0.2,2120,78.57722,15.393994,3391.526,2120,1060.0002,,61.85566037735849,625,3487.0024,-0.2,-95.47651,-137.059,15.242874,-577.64264,577.64264,0.0009999999
0.0009999999,577.64264,301285.84,-0.501347,0.99999976,-0.1,,142.04897,131173,0.0009999999,-115.74957,,8750.858154296875,14.440576,,4.317435e-11,0.0009999999,,11,-0.2,2121,78.57722,15.393522,3390.862,2121,1060.4998,,61.84488448844885,625,3487.0715,-0.2,-96.209465,-137.04897,15.242406,-577.64264,577.64264,0.0009999999
0.0009999999,577.64264,301393.28,-0.30079827,1.0,0.1,,142.03265,131252,0.0009999999,-102.43499,,8756.608376264572,14.649813,,4.3133667e-11,0.0009999999,,11,-0.2,2122,78.57722,15.393051,3388.65,2122,1061.0005,,61.85296889726673,625,3487.1401,-0.2,-98.490326,-137.03265,15.242037,-577.64264,577.64264,0.0009999999
0.0009999999,577.64264,301515.16,-0.50194603,1.0,-0.2,,142.02315,131298,0.0009999999,-116.8867,,8762.701168060303,13.33239,-0.1,4.3093043e-11,0.0009999999,,11,-0.1,2123,78.57722,15.39258,3387.4941,2123,1061.5005,,61.84550164861046,625,3487.209,-0.1,-99.71484,-137.02315,15.241047,-577.64264,577.64264,0.0009999999
0.0009999999,577.64264,301641.7,-0.30254117,0.99999964,-0.1,,142.01585,131377,0.0009999999,-121.53948,,8768.398865699768,15.061667,0.1,4.3052475e-11,0.0009999999,,11,-0.1,2124,78.57722,15.392109,3386.073,2124,1061.9996,,61.85357815442561,625,3487.2776,-0.2,-101.20455,-137.01585,15.240874,-577.64264,577.64264,0.0009999999
0.0009999999,577.64264,301787.38,-0.2992492,1.0000001,-0.2,,142.0176,131442,0.0009999999,-140.6683,,8773.995419025421,14.473641,,4.3011962e-11,0.0009999999,,11,,2125,78.57722,15.391639,3385.6055,2125,1062.5001,,61.85505882352941,625,3487.3467,-0.1,-101.74115,-137.0176,15.240423,-577.64264,577.64264,0.0009999999
0.0009999999,577.64264,301899.56,-0.39786255,0.99999976,-0.1,,142.00356,131560,0.0009999999,-107.17467,,8779.724073410034,17.022348,,4.2971512e-11,0.0009999999,,11,-0.1,2126,78.57722,15.391168,3385.5342,2126,1062.9998,,61.88146754468485,625,3487.4153,-0.2,-101.88116,-137.00356,15.241172,-577.64264,577.64264,0.0009999999
0.0009999999,577.64264,302010.44,-0.39944974,0.99999964,-0.1,,141.98892,131584,0.0009999999,-105.8778,,8785.561792612076,15.150138,-0.1,4.2931114e-11,0.0009999999,,11,,2127,78.57722,15.3906975,3384.64,2127,1063.4996,,61.86365773389751,625,3487.4841,-0.2,-102.844215,-136.98892,15.241042,-577.64264,577.64264,0.0009999999
0.0009999999,577.64264,302119.12,-0.20154826,1.0000002,0.2,,141.97327,131635,0.0009999999,-103.6803,,8791.356482982635,16.974047,-0.1,4.2890774e-11,0.0009999999,,11,-0.1,2128,78.57722,15.390227,3383.722,2128,1064.0007,,61.858552631578945,625,3487.5527,-0.2,-103.8309,-136.97327,15.241769,-577.64264,577.64264,0.0009999999
0.0009999999,577.64264,302236.22,-0.0954293,1.0000001,-0.2,,141.9616,131658,0.0009999999,-112.112854,,8797.113006353378,16.870373,0.1,4.285049e-11,0.0009999999,,11,0.1,2129,78.57722,15.389758,3383.5967,2129,1064.5001,,61.840300610615316,625,3487.6216,-0.1,-104.025024,-136.9616,15.242444,-577.64264,577.64264,0.0009999999
0.0009999999,577.64264,302360.1,0.30231762,0.99999976,0.2,,141.9531,131688,0.0009999999,-118.87194,,8802.760713100433,12.891099,0.1,4.2810266e-11,0.0009999999,,11,0.2,2130,78.57722,15.389288,3383.3926,2130,1064.9998,,61.82535211267606,625,3487.69,-0.2,-104.29726,-136.9531,15.241254,-577.64264,577.64264,0.0009999999
0.0009999999,577.64264,302482.3,0.0002361685,0.9999995,0.1,,141.94383,131708,0.0009999999,-117.21007,,8808.246694087982,15.31445,-0.2,4.2770096e-11,0.0009999999,,11,0.2,2131,78.57722,15.388819,3383.3682,2131,1065.4995,,61.80572501173158,625,3487.7585,-0.1,-104.39038,-136.94383,15.241198,-577.64264,577.64264,0.0009999999
0.0009999999,577.64264,302595.22,-0.20070712,0.99999964,-0.1,,141.93022,131722,0.0009999999,-107.9064,,8813.44435763359,12.471269,,4.272999e-11,0.0009999999,,11,0.1,2132,78.57722,15.38835,3383.4355,2132,1065.9996,,61.78330206378987,625,3487.827,-0.2,-104.39133,-136.93022,15.239809,-577.64264,577.64264,0.0009999999
0.0009999999,577.64264,302704.75,-0.10231903,0.9999999,-0.1,,141.91502,131736,0.0009999999,-104.54841,,8818.850421905518,17.05053,-0.2,4.268993e-11,0.0009999999,,11,0.2,2133,78.57722,15.38788,3383.481,2133,1066.4999,,61.760900140646974,625,3487.8953,,-104.41437,-136.91502,15.24057,-577.64264,577.64264,0.0009999999
0.0009999999,577.64264,302820.8,-0.49733377,1.0000005,-0.2,,141.90291,131760,0.0009999999,-111.029335,,8824.320559740067,16.214664,-0.2,4.2649932e-11,0.0009999999,,11,0.1,2134,78.57722,15.387412,3383.5051,2134,1067.0005,,61.743205248359885,625,3487.964,-0.2,-104.45905,-136.90291,15.240939,-577.64264,577.64264,0.0009999999
0.0009999999,577.64264,302935.88,-0.4988311,0.99999964,-0.2,,141.89034,131777,0.0009999999,-110.0989,,8830.769008874893,14.731482,,4.2609992e-11,0.0009999999,,11,-0.2,2135,78.57722,15.386944,3383.4634,2135,1067.5001,,61.72224824355972,625,3488.0327,-0.1,-104.56929,-136.89034,15.240612,-577.64264,577.64264,0.0009999999
0.0009999999,577.64264,303042.38,-0.10082529,1.0000001,0.1,,141.87376,132277,0.0009999999,-101.506165,,8838.163918018341,12.220469,0.1,4.25701e-11,0.0009999999,,11,-0.1,2136,78.57722,15.386476,3383.4563,2136,1068.0001,,61.927434456928836,625,3488.101,-0.2,-104.644775,-136.87376,15.23911,-577.64264,577.64264,0.0009999999
0.0009999999,577.64264,303173.47,-0.20439096,1.0000004,,,141.86873,132306,0.0009999999,-126.08321,,8844.27860569954,16.4842,-0.2,4.253027e-11,0.0009999999,,11,0.1,2137,78.57722,15.386007,3383.4355,2137,1068.5004,,61.91202620496023,625,3488.1694,-0.1,-104.73378,-136.86873,15.239602,-577.64264,577.64264,0.0009999999
0.0009999999,577.64264,303291.12,0.094703004,1.0000002,,,141.8574,132324,0.0009999999,-112.676025,,8851.216591119766,12.807705,0.1,4.2490494e-11,0.0009999999,,11,0.2,2138,78.57722,15.385539,3383.2678,2138,1069.0009,,61.89148737137511,625,3488.2375,-0.2,-104.96977,-136.8574,15.238377,-577.64264,577.64264,0.0009999999
0.0009999999,577.64264,303402.44,-0.40276802,1.0000005,-0.1,,141.84312,132338,0.0009999999,-106.30915,,8858.04169845581,11.598849,-0.2,4.2450776e-11,0.0009999999,,11,0.1,2139,78.57722,15.385072,3383.081,2139,1069.5005,,61.86909770920991,625,3488.306,-0.2,-105.224846,-136.84312,15.236587,-577.64264,577.64264,0.0009999999
0.0009999999,577.64264,303515.25,0.09925737,1.0000004,0.2,,141.82956,132353,0.0009999999,-107.80112,,8864.520835399628,14.31932,-0.2,4.241111e-11,0.0009999999,,11,0.2,2140,78.57722,15.384604,3383.089,2140,1070.0004,,61.84719626168224,625,3488.3745,-0.1,-105.285515,-136.82956,15.236072,-577.64264,577.64264,0.0009999999
0.0009999999,577.64264,303626.94,-0.30013806,1.0000005,0.1,,141.81548,132365,0.0009999999,-106.68231,,8871.250863075256,16.880388,-0.2,4.2371502e-11,0.0009999999,,11,,2141,78.57722,15.384137,3383.113,2141,1070.5005,,61.823914058851,625,3488.4426,-0.2,-105.32962,-136.81548,15.236751,-577.64264,577.64264,0.0009999999
0.0009999999,577.64264,303739.03,-0.40600753,1.0000004,-0.1,,141.8016,132378,0.0009999999,-107.08092,,8877.90436220169,12.992615,-0.2,4.2331947e-11,0.0009999999,,11,,2142,78.57722,15.38367,3383.147,2142,1071.0009,,61.80112044817927,625,3488.5105,-0.1,-105.36353,-136.8016,15.235615,-577.64264,577.64264,0.0009999999
0.0009999999,577.64264,303847.94,-0.202765,1.0000005,-0.2,,141.78625,132390,0.0009999999,-103.89571,,8884.725172758102,11.275339,-0.1,4.229245e-11,0.0009999999,,11,0.2,2143,78.57722,15.3832035,3383.1797,2143,1071.5005,,61.77788147456836,625,3488.5786,-0.1,-105.39897,-136.78625,15.233678,-577.64264,577.64264,0.0009999999
0.0009999999,577.64264,303962.06,0.1982227,1.0000002,-0.1,,141.77335,132408,0.0009999999,-109.15813,,8891.189249515533,15.696507,0.2,4.2253007e-11,0.0009999999,,11,0.2,2144,78.57722,15.382737,3383.247,2144,1072.0002,,61.757462686567166,625,3488.647,-0.1,-105.399994,-136.77335,15.233807,-577.64264,577.64264,0.0009999999
0.0009999999,577.64264,304078.6,-0.6011013,1.0000002,-0.1,,141.76158,132427,0.0009999999,-111.5081,,8896.974226474762,14.934341,-0.1,4.2213618e-11,0.0009999999,,11,-0.2,2145,78.57722,15.382271,3383.278,2145,1072.5002,,61.73752913752914,625,3488.7148,-0.2,-105.4367,-136.76158,15.23358,-577.64264,577.64264,0.0009999999
0.0009999999,577.64264,304190.53,-0.50156546,1.0,,,141.74768,132489,0.0009999999,-106.95068,,8903.272062540054,16.69253,-0.1,4.2174285e-11,0.0009999999,,11,-0.2,2146,78.57722,15.381804,3383.3184,2146,1073.0006,,61.737651444548,625,3488.783,-0.2,-105.46451,-136.74768,15.234171,-577.64264,577.64264,0.0009999999
0.0009999999,577.64264,304296.75,0.302247,1.0,0.2,,141.73114,132513,0.0009999999,-101.21329,,8909.742370605469,16.658459,0.2,4.2135007e-11,0.0009999999,,11,0.1,2147,78.57722,15.381339,3383.3765,2147,1073.5,,61.72007452258966,625,3488.8513,-0.2,-105.47481,-136.73114,15.234746,-577.64264,577.64264,0.0009999999
0.0009999999,577.64264,304406.8,0.0017861426,0.99999976,,,141.7164,132532,0.0009999999,-105.045876,,8915.609496355057,13.668496,-0.1,4.2095785e-11,0.0009999999,,11,0.2,2148,78.57722,15.380873,3383.381,2148,1073.9998,,61.700186219739294,625,3488.919,-0.1,-105.53775,-136.7164,15.23393,-577.64264,577.64264,0.0009999999
0.0009999999,577.64264,304534.7,-0.30158305,0.99999976,,,141.70995,132559,0.0009999999,-122.914185,,8921.476909160614,14.39969,-0.2,4.2056615e-11,0.0009999999,,11,0.1,2149,78.57722,15.380407,3383.437,2149,1074.4998,,61.68403908794788,625,3488.987,-0.2,-105.55008,-136.70995,15.233452,-577.64264,577.64264,0.0009999999
0.0009999999,577.64264,304645.75,-0.69710517,0.9999999,-0.2,,141.6957,132583,0.0009999999,-106.06041,,8927.534955263138,16.444704,-0.1,4.2017504e-11,0.0009999999,,11,-0.2,2150,78.57722,15.379942,3383.4307,2150,1074.9999,,61.66651162790698,625,3489.055,-0.2,-105.62434,-136.6957,15.233927,-577.64264,577.64264,0.0009999999
0.0009999999,577.64264,304770.8,-0.0984275,1.0000002,0.1,,141.68796,132641,0.0009999999,-120.0595,,8933.482239723206,14.718167,0.2,4.197845e-11,0.0009999999,,11,-0.2,2151,78.57722,15.3794775,3383.4429,2151,1075.5002,,61.664807066480705,625,3489.1228,-0.2,-105.680016,-136.68796,15.233602,-577.64264,577.64264,0.0009999999
0.0009999999,577.64264,304879.44,0.1003948,0.9999999,0.2,,141.6726,132660,0.0009999999,-103.61781,,8939.006682157516,16.15435,,4.1939438e-11,0.0009999999,,11,0.1,2152,78.57722,15.379012,3383.3704,2152,1075.9999,,61.6449814126394,625,3489.1907,-0.2,-105.820244,-136.6726,15.233941,-577.64264,577.64264,0.0009999999
0.0009999999,577.64264,304991.56,0.099552974,0.99999976,0.2,,141.65887,132687,0.0009999999,-107.11303,,8944.686851263046,17.269423,-0.1,4.190049e-11,0.0009999999,,11,0.2,2153,78.57722,15.378548,3383.41,2153,1076.4998,,61.62888992104041,625,3489.2588,-0.2,-105.848816,-136.65887,15.234799,-577.64264,577.64264,0.0009999999
0.0009999999,577.64264,305107.0,0.20151752,1.0000004,0.1,,141.6467,132732,0.0009999999,-110.429756,,8950.42411327362,16.073317,,4.1861594e-11,0.0009999999,,11,0.2,2154,78.57722,15.378083,3383.3225,2154,1077.0009,,61.62116991643454,625,3489.3264,-0.1,-106.003944,-136.6467,15.235099,-577.64264,577.64264,0.0009999999
0.0009999999,577.64264,305219.0,-0.0027817637,1.0000001,0.1,,141.63295,132749,0.0009999999,-107.00841,,8956.160010576248,16.916214,,4.1822754e-11,0.0009999999,,11,0.1,2155,78.57722,15.37762,3383.222,2155,1077.5001,,61.60046403712297,625,3489.394,-0.2,-106.17217,-136.63295,15.235792,-577.64264,577.64264,0.0009999999
0.0009999999,577.64264,305335.9,0.09973568,0.99999976,0.1,,141.62148,132768,0.0009999999,-111.89879,,8961.926187038422,15.800914,-0.1,4.1783965e-11,0.0009999999,,11,0.2,2156,78.57722,15.377155,3383.1814,2156,1077.9998,,61.580705009276436,625,3489.4617,-0.1,-106.28022,-136.62148,15.23597,-577.64264,577.64264,0.0009999999
0.0009999999,577.64264,305462.06,-0.60214293,1.0000005,-0.2,,141.6143,132797,0.0009999999,-121.17465,,8967.698224067688,16.795315,-0.1,4.1745232e-11,0.0009999999,,11,-0.1,2157,78.57722,15.376692,3383.166,2157,1078.5005,,61.56560037088549,625,3489.5295,-0.2,-106.36343,-136.6143,15.236603,-577.64264,577.64264,0.0009999999
0.0009999999,577.64264,305574.16,-0.19693685,1.0,-0.2,,141.60063,132845,0.0009999999,-107.08094,,8973.279515028,15.268969,0.1,4.1706548e-11,0.0009999999,,11,0.1,2158,78.57722,15.376228,3383.2283,2158,1079.0005,,61.55931417979611,625,3489.5972,-0.2,-106.368935,-136.60063,15.236529,-577.64264,577.64264,0.0009999999
0.0009999999,577.64264,305688.3,-0.09582524,0.99999964,0.2,,141.58792,132909,0.0009999999,-109.17094,,8979.113578796387,14.208463,-0.2,4.1667926e-11,0.0009999999,,11,,2159,78.57722,15.375765,3383.2722,2159,1079.4996,,61.560444650301065,625,3489.665,-0.1,-106.39294,-136.58792,15.235964,-577.64264,577.64264,0.0009999999
0.0009999999,577.64264,305811.25,0.097639576,1.0000001,0.1,,141.57928,132933,0.0009999999,-117.91023,,8985.107620954514,14.904998,0.2,4.1629353e-11,0.0009999999,,11,,2160,78.57722,15.375302,3383.3157,2160,1080.0001,,61.543055555555554,625,3489.733,-0.2,-106.41713,-136.57928,15.235724,-577.64264,577.64264,0.0009999999
0.0009999999,577.64264,305933.5,-0.10071027,0.99999976,0.1,,141.57034,132962,0.0009999999,-117.23953,,8990.891253232956,16.554838,-0.2,4.1590835e-11,0.0009999999,,11,0.2,2161,78.57722,15.374839,3383.158,2161,1080.4998,,61.52799629801018,625,3489.8,-0.2,-106.64206,-136.57034,15.236251,-577.64264,577.64264,0.0009999999
0.0009999999,577.64264,306046.66,-0.298223,0.99999964,,,141.55719,132981,0.0009999999,-108.18239,,8996.861488819122,13.060035,,4.1552366e-11,0.0009999999,,11,-0.1,2162,78.57722,15.374376,3383.1924,2162,1080.9996,,61.50832562442183,625,3489.8674,-0.2,-106.674965,-136.55719,15.235155,-577.64264,577.64264,0.0009999999
0.0009999999,577.64264,306133.2,0.3989332,0.99999976,0.2,,141.53175,133073,0.0009999999,-81.54639,,9002.500014066696,16.554482,0.2,4.1513955e-11,0.0009999999,,11,0.1,2163,78.57722,15.373914,3383.1174,2163,1081.4998,,61.522422561257514,625,3489.935,-0.1,-106.81753,-136.53175,15.235679,-577.64264,577.64264,0.0009999999
0.0009999999,577.64264,306245.94,-0.20020553,1.0000001,-0.1,,141.51845,133090,0.0009999999,-107.72751,,9008.15054321289,16.609943,-0.2,4.1475597e-11,0.0009999999,,11,0.2,2164,78.57722,15.373452,3383.1514,2164,1082.0001,,61.50184842883549,625,3490.0027,-0.1,-106.85142,-136.51845,15.236223,-577.64264,577.64264,0.0009999999
0.0009999999,577.64264,306360.62,-0.20143302,0.99999964,-0.1,,141.50606,133112,0.0009999999,-109.69872,,9013.475467681885,16.757023,0.2,4.1437288e-11,0.0009999999,,11,-0.1,2165,78.57722,15.37299,3383.1836,2165,1082.4996,,61.483602771362584,625,3490.07,-0.2,-106.88651,-136.50606,15.236839,-577.64264,577.64264,0.0009999999
0.0009999999,577.64264,306471.12,-0.30321145,1.0,0.1,,141.49174,133129,0.0009999999,-105.502304,,9019.29158949852,14.854929,-0.1,4.1399037e-11,0.0009999999,,11,-0.1,2166,78.57722,15.372528,3383.2207,2166,1083.0005,,61.463065558633424,625,3490.1375,-0.2,-106.916824,-136.49174,15.236577,-577.64264,577.64264,0.0009999999
0.0009999999,577.64264,306593.25,-0.50157356,1.0000005,-0.2,,141.4828,133156,0.0009999999,-117.10332,,9024.679246664047,15.448685,-0.1,4.136084e-11,0.0009999999,,11,,2167,78.57722,15.3720665,3383.1685,2167,1083.5005,,61.44716197508075,625,3490.2048,-0.2,-107.0364,-136.4828,15.2365885,-577.64264,577.64264,0.0009999999
0.0009999999,577.64264,306710.3,0.20000008,0.99999964,0.1,,141.47154,133233,0.0009999999,-112.069916,,9030.544163227081,16.531767,0.2,4.1322692e-11,0.0009999999,,11,0.1,2168,78.57722,15.371605,3383.1453,2168,1083.9996,,61.454335793357934,625,3490.2722,-0.2,-107.12685,-136.47154,15.237096,-577.64264,577.64264,0.0009999999
0.0009999999,577.64264,306820.06,-0.3985182,1.0000001,-0.1,,141.45692,133245,0.0009999999,-104.74721,,9037.26596045494,15.014205,0.1,4.1284594e-11,0.0009999999,,11,-0.2,2169,78.57722,15.371144,3383.197,2169,1084.5001,,61.43153526970954,625,3490.3398,-0.2,-107.14275,-136.45692,15.236905,-577.64264,577.64264,0.0009999999
0.0009999999,577.64264,306928.28,-0.30007496,1.0000008,0.2,,141.4416,133269,0.0009999999,-103.216965,,9043.477284193039,15.681429,-0.2,4.1246555e-11,0.0009999999,,11,-0.2,2170,78.57722,15.370683,3383.1946,2170,1085.0009,,61.41428571428571,625,3490.4072,-0.1,-107.212585,-136.4416,15.237024,-577.64264,577.64264,0.0009999999
0.0009999999,577.64264,307065.1,0.00020245463,0.99999964,0.2,,141.43947,133303,0.0009999999,-131.837,,9049.970642328262,15.811727,-0.2,4.1208568e-11,0.0009999999,,11,0.1,2171,78.57722,15.370222,3383.2244,2171,1085.4996,,61.4016582220175,625,3490.474,-0.1,-107.249725,-136.43947,15.2372055,-577.64264,577.64264,0.0009999999
0.0009999999,577.64264,307180.1,-0.09935334,0.99999976,,,141.42729,133319,0.0009999999,-109.98717,,9056.565694570541,16.440058,-0.1,4.117063e-11,0.0009999999,,11,0.2,2172,78.57722,15.369761,3383.271,2172,1085.9998,,61.38075506445672,625,3490.5415,-0.2,-107.27047,-136.42729,15.237674,-577.64264,577.64264,0.0009999999
0.0009999999,577.64264,307292.53,0.298442,1.0000001,,,141.41396,133335,0.0009999999,-107.42964,,9063.160883426666,17.19639,0.2,4.1132747e-11,0.0009999999,,11,0.2,2173,78.57722,15.369302,3383.164,2173,1086.5001,,61.35987114588127,625,3490.6084,-0.1,-107.444244,-136.41396,15.238484,-577.64264,577.64264,0.0009999999
0.0009999999,577.64264,307404.56,-0.39902744,0.99999976,-0.2,,141.40044,133356,0.0009999999,-107.04568,,9069.644479513168,15.5211935,0.1,4.1094912e-11,0.0009999999,,11,-0.1,2174,78.57722,15.368841,3383.1768,2174,1086.9998,,61.34130634774609,625,3490.6753,-0.2,-107.49845,-136.40044,15.238529,-577.64264,577.64264,0.0009999999
0.0009999999,577.64264,307513.5,0.5986344,1.0,0.1,,141.38551,133376,0.0009999999,-103.92642,,9076.273707389832,17.092588,0.2,4.1057133e-11,0.0009999999,,11,0.2,2175,78.57722,15.3683815,3383.2092,2175,1087.5005,,61.32229885057471,625,3490.7427,0.1,-107.533455,-136.38551,15.239294,-577.64264,577.64264,0.0009999999
0.0009999999,577.64264,307630.44,-0.10150194,0.9999995,-0.1,,141.37428,133398,0.0009999999,-111.933395,,9083.247428178787,16.996456,0.2,4.1019407e-11,0.0009999999,,11,,2176,78.57722,15.367922,3383.231,2176,1087.9995,,61.30422794117647,625,3490.81,-0.2,-107.57903,-136.37428,15.240013,-577.64264,577.64264,0.0009999999
0.0009999999,577.64264,307756.53,-0.19906276,0.99999976,-0.1,,141.36726,133425,0.0009999999,-121.10915,,9090.168405294418,15.305335,-0.2,4.098173e-11,0.0009999999,,11,0.1,2177,78.57722,15.367462,3383.203,2177,1088.4998,,61.28847037207166,625,3490.877,,-107.673996,-136.36726,15.239955,-577.64264,577.64264,0.0009999999
0.0009999999,577.64264,307867.78,-0.099574715,1.0000002,,,141.35344,133437,0.0009999999,-106.240616,,9096.27949643135,14.056085,-0.2,4.0944106e-11,0.0009999999,,11,0.1,2178,78.57722,15.367003,3383.2542,2178,1089.0002,,61.26584022038568,625,3490.944,,-107.68991,-136.35344,15.2393265,-577.64264,577.64264,0.0009999999
0.0009999999,577.64264,307980.53,0.20082256,1.0000004,-0.1,,141.3403,133451,0.0009999999,-107.74343,,9102.821700811386,15.243637,0.2,4.090653e-11,0.0009999999,,11,0.1,2179,78.57722,15.366544,3383.2178,2179,1089.5009,,61.24414869206058,625,3491.011,,-107.79314,-136.3403,15.2392435,-577.64264,577.64264,0.0009999999
0.0009999999,577.64264,308097.3,0.10105932,0.99999976,-0.1,,141.32904,133468,0.0009999999,-111.78534,,9108.969366073608,16.324648,0.1,4.0869013e-11,0.0009999999,,11,0.2,2180,78.57722,15.366085,3383.2837,2180,1089.9998,,61.22385321100917,625,3491.078,-0.1,-107.79417,-136.32904,15.2396555,-577.64264,577.64264,0.0009999999
0.0009999999,577.64264,308209.2,0.19812587,0.9999999,0.1,,141.31554,133490,0.0009999999,-106.88764,,9115.286529779434,16.868803,0.2,4.0831543e-11,0.0009999999,,11,,2181,78.57722,15.365626,3383.208,2181,1090.4999,,61.20586886749198,625,3491.145,-0.1,-107.93691,-136.31554,15.240315,-577.64264,577.64264,0.0009999999
0.0009999999,577.64264,308331.28,0.20109311,1.0000002,0.1,,141.30673,133511,0.0009999999,-117.0704,,9121.123329162598,16.193232,-0.1,4.079413e-11,0.0009999999,,11,0.2,2182,78.57722,15.365169,3383.2117,2182,1091.0002,,61.18744271310724,625,3491.212,,-108.0003,-136.30673,15.240665,-577.64264,577.64264,0.0009999999
0.0009999999,577.64264,308441.44,-0.20034261,0.99999976,,,141.29247,133525,0.0009999999,-105.157425,,9127.066852092743,16.108307,0.1,4.0756763e-11,0.0009999999,,11,-0.1,2183,78.57722,15.36471,3383.191,2183,1091.4998,,61.16582684379294,625,3491.2786,-0.2,-108.08777,-136.29247,15.240978,-577.64264,577.64264,0.0009999999
0.0009999999,577.64264,308557.94,0.2998296,0.9999995,0.1,,141.28111,133566,0.0009999999,-111.51119,,9132.809366703033,16.951681,0.2,4.0719445e-11,0.0009999999,,11,0.2,2184,78.57722,15.364252,3383.2576,2184,1091.9995,,61.15659340659341,625,3491.3455,-0.2,-108.087944,-136.28111,15.2416725,-577.64264,577.64264,0.0009999999
0.0009999999,577.64264,308676.3,0.7016366,1.0,0.2,,141.27063,133583,0.0009999999,-113.37564,,9138.668315410614,15.304199,0.2,4.0682183e-11,0.0009999999,,11,0.2,2185,78.57722,15.363794,3383.3027,2185,1092.5005,,61.13638443935927,625,3491.412,0.1,-108.10932,-136.27063,15.2416115,-577.64264,577.64264,0.0009999999
0.0009999999,577.64264,308815.12,-0.09899543,0.99999976,-0.2,,141.2695,133638,0.0009999999,-133.80911,,9144.272559404373,13.7315855,,4.064497e-11,0.0009999999,,11,0.2,2186,78.57722,15.363337,3383.3682,2186,1092.9998,,61.13357731015554,625,3491.4792,-0.1,-108.110985,-136.2695,15.240835,-577.64264,577.64264,0.0009999999
0.0009999999,577.64264,308925.44,-0.20308992,1.0000001,,,141.25534,133655,0.0009999999,-105.32664,,9149.708044528961,16.883808,-0.1,4.0607816e-11,0.0009999999,,11,0.1,2187,78.57722,15.36288,3383.3262,2187,1093.5001,,61.11339734796525,625,3491.546,-0.2,-108.21978,-136.25534,15.241504,-577.64264,577.64264,0.0009999999
0.0009999999,577.64264,309034.7,-0.29906645,0.99999976,-0.2,,141.24072,133678,0.0009999999,-104.24793,,9155.272643089294,15.112503,-0.2,4.0570703e-11,0.0009999999,,11,0.1,2188,78.57722,15.362422,3383.3064,2188,1093.9998,,61.09597806215722,625,3491.6125,,-108.306076,-136.24072,15.241358,-577.64264,577.64264,0.0009999999
0.0009999999,577.64264,309154.22,0.099881075,0.99999964,-0.1,,141.2308,133697,0.0009999999,-114.539795,,9160.852409362793,16.530489,0.2,4.0533642e-11,0.0009999999,,11,0.1,2189,78.57722,15.361965,3383.373,2189,1094.4996,,61.076747373229786,625,3491.6794,-0.1,-108.306305,-136.2308,15.241859,-577.64264,577.64264,0.0009999999
0.0009999999,577.64264,309275.56,-0.30037755,0.99999976,-0.1,,141.22173,133727,0.0009999999,-116.342155,,9166.485345363617,16.437698,,4.0496637e-11,0.0009999999,,11,,2190,78.57722,15.361508,3383.1506,2190,1094.9998,,61.06255707762557,625,3491.7456,-0.2,-108.59508,-136.22173,15.242321,-577.64264,577.64264,0.0009999999
0.0009999999,577.64264,309376.66,0.101848036,1.0000001,-0.1,,141.2034,133842,0.0009999999,-96.09889,,9172.642704963684,16.618477,0.2,4.045968e-11,0.0009999999,,11,0.2,2191,78.57722,15.3610525,3383.0867,2191,1095.5001,,61.08717480602465,625,3491.8123,-0.2,-108.7256,-136.2034,15.242862,-577.64264,577.64264,0.0009999999
0.0009999999,577.64264,309490.97,-0.098348595,0.9999996,0.1,,141.19113,133857,0.0009999999,-109.28927,,9178.580440759659,15.90652,-0.1,4.042277e-11,0.0009999999,,11,0.1,2192,78.57722,15.360596,3383.1365,2192,1095.9995,,61.066149635036496,625,3491.879,-0.2,-108.742455,-136.19113,15.243078,-577.64264,577.64264,0.0009999999
0.0009999999,577.64264,309611.2,0.29875064,0.99999976,,,141.18158,133877,0.0009999999,-115.21531,,9184.533613681793,14.900017,0.2,4.0385917e-11,0.0009999999,,11,0.1,2193,78.57722,15.36014,3383.1675,2193,1096.5004,,61.047423620611035,625,3491.9456,,-108.778175,-136.18158,15.242834,-577.64264,577.64264,0.0009999999
0.0009999999,577.64264,309730.7,-0.09609895,0.99999976,-0.2,,141.17169,133895,0.0009999999,-114.497986,,9190.359911441803,15.533356,0.1,4.034911e-11,0.0009999999,,11,0.2,2194,78.57722,15.359684,3383.127,2194,1097.0004,,61.0278030993619,625,3492.0122,-0.2,-108.88513,-136.17169,15.242882,-577.64264,577.64264,0.0009999999
0.0009999999,577.64264,309842.62,0.09956158,1.0,0.2,,141.15837,133907,0.0009999999,-106.95102,,9196.37581372261,13.860178,-0.2,4.031235e-11,0.0009999999,,11,0.1,2195,78.57722,15.359228,3383.1694,2195,1097.5005,,61.005466970387246,625,3492.0786,,-108.90924,-136.15837,15.242169,-577.64264,577.64264,0.0009999999
0.0009999999,577.64264,309954.8,0.30090204,0.9999999,0.2,,141.14517,133922,0.0009999999,-107.18961,,9202.31415438652,17.009708,-0.2,4.0275644e-11,0.0009999999,,11,0.2,2196,78.57722,15.358772,3383.1943,2196,1097.9999,,60.98451730418944,625,3492.1448,0.1,-108.95043,-136.14517,15.242887,-577.64264,577.64264,0.0009999999
0.0009999999,577.64264,310066.3,-0.20150656,1.0000005,0.1,,141.13168,133936,0.0009999999,-106.51606,,9208.05617570877,16.936888,-0.2,4.023899e-11,0.0009999999,,11,0.1,2197,78.57722,15.358317,3383.2588,2197,1098.5005,,60.9631315430132,625,3492.2112,-0.2,-108.95241,-136.13168,15.24357,-577.64264,577.64264,0.0009999999
0.0009999999,577.64264,310177.88,-4.7698617e-05,0.99999976,0.1,,141.11823,133947,0.0009999999,-106.523155,,9213.378119945526,16.90524,-0.1,4.0202383e-11,0.0009999999,,11,0.2,2198,78.57722,15.357862,3383.2507,2198,1099.0004,,60.94040036396724,625,3492.278,-0.2,-109.02744,-136.11823,15.244242,-577.64264,577.64264,0.0009999999
0.0009999999,577.64264,310295.8,0.40257835,1.0000004,0.2,,141.1077,133966,0.0009999999,-112.96664,,9218.684207201004,16.31261,-0.1,4.016583e-11,0.0009999999,,11,0.2,2199,78.57722,15.357408,3383.3047,2199,1099.5004,,60.921327876307416,625,3492.344,0.1,-109.03922,-136.1077,15.244638,-577.64264,577.64264,0.0009999999
0.0009999999,577.64264,310407.22,-0.3016194,0.99999964,-0.1,,141.0942,133980,0.0009999999,-106.39634,,9224.127577781677,14.321589,-0.1,4.012932e-11,0.0009999999,,11,0.1,2200,78.57722,15.356953,3383.249,2200,1099.9996,,60.9,625,3492.4104,-0.2,-109.16142,-136.0942,15.244134,-577.64264,577.64264,0.0009999999
0.0009999999,577.64264,310518.5,-0.30091834,1.0000001,-0.2,,141.08064,133998,0.0009999999,-106.298584,,9231.06339263916,14.538132,-0.1,4.0092863e-11,0.0009999999,,11,0.2,2201,78.57722,15.356499,3383.2493,2201,1100.5001,,60.88050885960927,625,3492.4766,-0.2,-109.22737,-136.08064,15.243726,-577.64264,577.64264,0.0009999999
0.0009999999,577.64264,310627.88,0.3999865,1.0000002,0.1,,141.06625,134018,0.0009999999,-104.344765,,9237.754621982574,15.443066,0.2,4.0056458e-11,0.0009999999,,11,0.1,2202,78.57722,15.356044,3383.2231,2202,1101.0009,,60.86194368755677,625,3492.5432,,-109.32015,-136.06625,15.243732,-577.64264,577.64264,0.0009999999
0.0009999999,577.64264,310737.72,-0.304044,1.0000002,-0.2,,141.05208,134045,0.0009999999,-104.855095,,9244.44689321518,15.929726,0.1,4.00201e-11,0.0009999999,,11,,2203,78.57722,15.35559,3383.2395,2203,1101.5007,,60.84657285519746,625,3492.6091,-0.2,-109.369705,-136.05208,15.243958,-577.64264,577.64264,0.0009999999
0.0009999999,577.64264,310825.16,-0.0003380105,0.9999999,-0.2,,141.02774,134125,0.0009999999,-82.43645,,9251.441646575928,14.966269,0.1,3.9983794e-11,0.0009999999,,11,0.2,2204,78.57722,15.355136,3383.2866,2204,1101.9999,,60.85526315789474,625,3492.6755,-0.1,-109.38899,-136.02774,15.243747,-577.64264,577.64264,0.0009999999
0.0009999999,577.64264,310938.4,0.096653506,1.0000002,0.1,,141.01515,134143,0.0009999999,-108.2584,,9258.058303833008,16.375166,0.1,3.9947535e-11,0.0009999999,,11,0.1,2205,78.57722,15.354683,3383.2856,2205,1102.5002,,60.83582766439909,625,3492.7417,-0.2,-109.456024,-136.01515,15.244175,-577.64264,577.64264,0.0009999999
0.0009999999,577.64264,311059.75,-0.60243183,0.99999976,-0.1,,141.00623,134169,0.0009999999,-116.329124,,9264.493016004562,15.847667,-0.2,3.9911324e-11,0.0009999999,,11,-0.2,2206,78.57722,15.354229,3383.334,2206,1102.9998,,60.82003626473255,625,3492.808,-0.1,-109.47414,-136.00623,15.244362,-577.64264,577.64264,0.0009999999
0.0009999999,577.64264,311174.5,-0.49955556,0.9999996,-0.1,,140.99434,134195,0.0009999999,-109.76015,,9270.891139030457,15.015165,-0.2,3.9875166e-11,0.0009999999,,11,,2207,78.57722,15.353776,3383.1665,2207,1103.4995,,60.804259175351156,625,3492.874,-0.2,-109.707535,-135.99434,15.244173,-577.64264,577.64264,0.0009999999
0.0009999999,577.64264,311287.38,-0.29856253,0.9999996,,,140.9816,134212,0.0009999999,-107.903015,,9278.186485767365,16.779398,-0.2,3.9839056e-11,0.0009999999,,11,-0.1,2208,78.57722,15.353323,3383.2317,2208,1103.9995,,60.78442028985507,625,3492.94,,-109.70819,-135.9816,15.2447815,-577.64264,577.64264,0.0009999999
0.0009999999,577.64264,311409.56,0.09606937,0.99999976,0.2,,140.9731,134232,0.0009999999,-117.139915,,9284.1415579319,15.835482,-0.2,3.9802994e-11,0.0009999999,,11,,2209,78.57722,15.35287,3383.277,2209,1104.4998,,60.765957446808514,625,3493.0059,0.1,-109.72871,-135.9731,15.244967,-577.64264,577.64264,0.0009999999
0.0009999999,577.64264,311534.12,-0.1959782,1.0000002,-0.2,,140.96567,134262,0.0009999999,-119.571266,,9290.624286651611,14.161298,-0.2,3.976698e-11,0.0009999999,,11,0.1,2210,78.57722,15.352418,3383.31,2210,1105.0002,,60.75203619909502,625,3493.0723,0.1,-109.762314,-135.96567,15.24439,-577.64264,577.64264,0.0009999999
0.0009999999,577.64264,311650.38,-0.3010227,0.99999976,-0.2,,140.95448,134291,0.0009999999,-111.27596,,9296.792181253433,15.123342,,3.9731017e-11,0.0009999999,,11,0.1,2211,78.57722,15.351965,3383.36,2211,1105.4998,,60.73767526006332,625,3493.1382,-0.2,-109.77814,-135.95448,15.244249,-577.64264,577.64264,0.0009999999
0.0009999999,577.64264,311758.53,-0.0019242465,0.99999964,0.2,,140.93967,134388,0.0009999999,-103.14054,,9303.566169977188,16.095387,0.1,3.96951e-11,0.0009999999,,11,-0.1,2212,78.57722,15.351513,3383.4026,2212,1105.9996,,60.75406871609403,625,3493.204,-0.2,-109.80158,-135.93967,15.244549,-577.64264,577.64264,0.0009999999
0.0009999999,577.64264,311872.84,-0.10160076,0.99999976,-0.2,,140.92763,134473,0.0009999999,-109.320175,,9309.638985872269,15.194036,-0.2,3.9659234e-11,0.0009999999,,11,0.2,2213,78.57722,15.351061,3383.4478,2213,1106.4998,,60.76502485314053,625,3493.2698,0.1,-109.821915,-135.92763,15.24444,-577.64264,577.64264,0.0009999999
0.0009999999,577.64264,311984.8,-0.09996552,1.0,0.1,,140.91455,134486,0.0009999999,-106.97249,,9315.224007844925,16.741556,-0.2,3.9623416e-11,0.0009999999,,11,0.1,2214,78.57722,15.35061,3383.4482,2214,1107.0,,60.74345076784101,625,3493.336,-0.1,-109.88781,-135.91455,15.245029,-577.64264,577.64264,0.0009999999
0.0009999999,577.64264,312098.06,0.29634038,1.0000005,-0.1,,140.90205,134500,0.0009999999,-108.23117,,9320.895077943802,17.2391,0.2,3.958765e-11,0.0009999999,,11,0.2,2215,78.57722,15.350158,3383.4216,2215,1107.5005,,60.72234762979684,625,3493.4016,,-109.98005,-135.90205,15.245845,-577.64264,577.64264,0.0009999999
0.0009999999,577.64264,312215.25,0.20425886,1.0000002,0.1,,140.89136,134520,0.0009999999,-112.17729,,9326.662056446075,14.609535,-0.2,3.9551924e-11,0.0009999999,,11,0.2,2216,78.57722,15.349707,3383.4756,2216,1108.0002,,60.70397111913358,625,3493.4675,0.1,-109.992004,-135.89136,15.245473,-577.64264,577.64264,0.0009999999
0.0009999999,577.64264,312327.53,-0.09833072,1.0000001,,,140.87845,134533,0.0009999999,-107.29491,,9332.282543182373,11.402282,-0.2,3.9516255e-11,0.0009999999,,11,,2217,78.57722,15.349256,3383.485,2217,1108.5001,,60.682453766350925,625,3493.5332,0.1,-110.04815,-135.87845,15.243657,-577.64264,577.64264,0.0009999999
0.0009999999,577.64264,312442.75,-0.19853073,0.99999976,-0.1,,140.86688,134549,0.0009999999,-110.22425,,9337.912179470062,15.686638,0.1,3.9480627e-11,0.0009999999,,11,,2218,78.57722,15.348804,3383.5352,2218,1109.0002,,60.66230838593327,625,3493.5994,-0.2,-110.06409,-135.86688,15.243769,-577.64264,577.64264,0.0009999999
0.0009999999,577.64264,312552.78,-0.0006221086,1.0000007,-0.1,,140.85298,134572,0.0009999999,-105.02667,,9343.85815191269,16.117958,0.2,3.944505e-11,0.0009999999,,11,0.1,2219,78.57722,15.348353,3383.5945,2219,1109.5007,,60.64533573681839,625,3493.665,-0.2,-110.070526,-135.85298,15.244078,-577.64264,577.64264,0.0009999999
0.0009999999,577.64264,312668.75,-0.30173174,1.0000002,-0.2,,140.84178,134588,0.0009999999,-110.9847,,9349.598912239075,14.681283,-0.2,3.9409528e-11,0.0009999999,,11,0.2,2220,78.57722,15.347903,3383.5896,2220,1110.0002,,60.62522522522522,625,3493.7307,-0.1,-110.14116,-135.84178,15.243741,-577.64264,577.64264,0.0009999999
0.0009999999,577.64264,312777.38,0.0007177666,1.0,0.1,,140.82727,134613,0.0009999999,-103.62734,,9355.416702508926,15.241752,,3.9374046e-11,0.0009999999,,11,,2221,78.57722,15.347453,3383.5896,2221,1110.5,,60.609185051778475,625,3493.7961,-0.1,-110.20658,-135.82727,15.243652,-577.64264,577.64264,0.0009999999
0.0009999999,577.64264,312911.38,-0.3975479,1.0,-0.2,,140.8242,134656,0.0009999999,-128.9733,,9361.158142328262,17.035883,-0.2,3.9338612e-11,0.0009999999,,11,0.1,2222,78.57722,15.347002,3383.399,2222,1111.0,,60.601260126012605,625,3493.8623,-0.1,-110.46348,-135.8242,15.244374,-577.64264,577.64264,0.0009999999
0.0009999999,577.64264,313021.62,-0.10081642,1.0000001,0.2,,140.81044,134681,0.0009999999,-105.27292,,9366.926377296448,14.437135,-0.1,3.9303227e-11,0.0009999999,,11,,2223,78.57722,15.346553,3383.454,2223,1111.5001,,60.585245164192536,625,3493.9275,-0.2,-110.47341,-135.81044,15.243927,-577.64264,577.64264,0.0009999999
0.0009999999,577.64264,313133.7,-0.499242,0.9999996,,,140.79752,134699,0.0009999999,-107.04462,,9373.03515124321,16.693712,-0.2,3.926789e-11,0.0009999999,,11,-0.1,2224,78.57722,15.346103,3383.4497,2224,1111.9995,,60.56609712230216,625,3493.9932,-0.2,-110.54346,-135.79752,15.244495,-577.64264,577.64264,0.0009999999
0.0009999999,577.64264,313247.06,-0.1016911,1.0000002,0.2,,140.7852,134716,0.0009999999,-108.378136,,9379.204042196274,15.8608,-0.2,3.92326e-11,0.0009999999,,11,0.1,2225,78.57722,15.345654,3383.4832,2225,1112.5002,,60.54651685393259,625,3494.0586,-0.2,-110.575325,-135.7852,15.244686,-577.64264,577.64264,0.0009999999
0.0009999999,577.64264,313372.38,-0.4009911,1.0,0.1,,140.77824,134742,0.0009999999,-120.315445,,9385.183317661285,15.861178,-0.1,3.919736e-11,0.0009999999,,11,-0.2,2226,78.57722,15.345204,3383.5388,2226,1113.0,,60.53099730458221,625,3494.1243,-0.2,-110.58535,-135.77824,15.24488,-577.64264,577.64264,0.0009999999
0.0009999999,577.64264,313511.2,-0.40180343,1.0000001,,,140.77736,134788,0.0009999999,-133.8321,,9391.011472463608,16.640642,-0.2,3.916217e-11,0.0009999999,,11,-0.1,2227,78.57722,15.344755,3383.6,2227,1113.5001,,60.524472384373595,625,3494.19,-0.1,-110.58989,-135.77736,15.24542,-577.64264,577.64264,0.0009999999
0.0009999999,577.64264,313619.0,0.0045245215,1.0000004,-0.1,,140.76257,134810,0.0009999999,-102.803925,,9396.693883180618,14.156297,0.2,3.912702e-11,0.0009999999,,11,,2228,78.57722,15.344306,3383.546,2228,1114.0004,,60.507181328545784,625,3494.2551,-0.1,-110.709145,-135.76257,15.244845,-577.64264,577.64264,0.0009999999
0.0009999999,577.64264,313729.25,-0.098467775,0.99999976,,,140.74887,134832,0.0009999999,-105.25633,,9402.304090976715,14.547721,0.2,3.909192e-11,0.0009999999,,11,-0.1,2229,78.57722,15.343857,3383.6096,2229,1114.4998,,60.48990578734859,625,3494.3203,-0.2,-110.71068,-135.74887,15.244448,-577.64264,577.64264,0.0009999999
0.0009999999,577.64264,313838.56,-0.19909629,1.0000005,-0.1,,140.73479,134854,0.0009999999,-104.28626,,9407.644721508026,13.283699,-0.1,3.905687e-11,0.0009999999,,11,0.2,2230,78.57722,15.343409,3383.6301,2230,1115.0005,,60.47264573991031,625,3494.386,-0.2,-110.75578,-135.73479,15.243485,-577.64264,577.64264,0.0009999999
0.0009999999,577.64264,313952.94,-0.09873102,0.9999999,,,140.72296,134871,0.0009999999,-109.39623,,9412.793085336685,14.180016,,3.9021866e-11,0.0009999999,,11,,2231,78.57722,15.34296,3383.653,2231,1115.5004,,60.45316001792918,625,3494.4512,-0.1,-110.798195,-135.72296,15.242923,-577.64264,577.64264,0.0009999999
0.0009999999,577.64264,314098.2,0.0011969209,1.0000005,-0.2,,140.72499,134925,0.0009999999,-140.24805,,9418.127311706543,15.294981,0.2,3.8986907e-11,0.0009999999,,11,0.1,2232,78.57722,15.342512,3383.7166,2232,1116.0005,,60.450268817204304,625,3494.5164,-0.1,-110.79978,-135.72499,15.242863,-577.64264,577.64264,0.0009999999
0.0009999999,577.64264,314213.56,-0.29603532,0.99999976,-0.1,,140.71364,134948,0.0009999999,-110.36927,,9424.944936037064,16.021528,-0.2,3.8951994e-11,0.0009999999,,11,,2233,78.57722,15.342064,3383.7637,2233,1116.4998,,60.433497536945815,625,3494.582,,-110.81827,-135.71364,15.243125,-577.64264,577.64264,0.0009999999
0.0009999999,577.64264,314333.0,-0.2991072,1.0000004,-0.1,,140.70412,134974,0.0009999999,-114.44342,,9431.588021278381,14.4988985,-0.2,3.891713e-11,0.0009999999,,11,0.1,2234,78.57722,15.341617,3383.789,2234,1117.0004,,60.418084153983884,625,3494.6472,-0.1,-110.85806,-135.70412,15.242708,-577.64264,577.64264,0.0009999999
0.0009999999,577.64264,314449.5,-0.004371971,1.0,0.1,,140.69328,134990,0.0009999999,-111.51046,,9437.967127084732,16.187037,0.1,3.8882314e-11,0.0009999999,,11,,2235,78.57722,15.341169,3383.8484,2235,1117.5,,60.39821029082774,625,3494.7126,-0.2,-110.86431,-135.69328,15.243048,-577.64264,577.64264,0.0009999999
0.0009999999,577.64264,314562.38,0.20025146,1.0,,,140.68085,135051,0.0009999999,-107.8654,,9444.572199583054,13.242932,0.1,3.884754e-11,0.0009999999,,11,0.2,2236,78.57722,15.340722,3383.857,2236,1118.0,,60.3984794275492,625,3494.7776,-0.1,-110.92057,-135.68085,15.24207,-577.64264,577.64264,0.0009999999
0.0009999999,577.64264,314680.2,0.40012544,1.0000001,,,140.67062,135068,0.0009999999,-112.81029,,9451.519121408463,16.148417,0.2,3.8812818e-11,0.0009999999,,11,0.1,2237,78.57722,15.340275,3383.784,2237,1118.5001,,60.37907912382656,625,3494.843,0.1,-111.05919,-135.67062,15.24239,-577.64264,577.64264,0.0009999999
0.0009999999,577.64264,314804.62,0.29785654,1.0000005,0.1,,140.66338,135097,0.0009999999,-119.41722,,9457.962791442871,16.562864,0.2,3.877814e-11,0.0009999999,,11,,2238,78.57722,15.339828,3383.8308,2238,1119.0005,,60.3650580875782,625,3494.908,,-111.07725,-135.66338,15.242896,-577.64264,577.64264,0.0009999999
0.0009999999,577.64264,314927.9,0.505092,1.0000001,0.2,,140.65561,135122,0.0009999999,-118.29237,,9464.511090517044,15.762593,0.2,3.874351e-11,0.0009999999,,11,0.2,2239,78.57722,15.339381,3383.8125,2239,1119.5001,,60.349263063867795,625,3494.9731,-0.1,-111.16069,-135.65561,15.243042,-577.64264,577.64264,0.0009999999
0.0009999999,577.64264,315051.0,0.19635774,0.9999999,0.2,,140.64777,135145,0.0009999999,-118.089905,,9471.07056069374,13.071425,0.1,3.8708925e-11,0.0009999999,,11,0.1,2240,78.57722,15.338934,3383.7808,2240,1119.9999,,60.332589285714285,625,3495.038,-0.2,-111.25738,-135.64777,15.241987,-577.64264,577.64264,0.0009999999
0.0009999999,577.64264,315173.06,0.2945305,0.9999999,0.2,,140.63948,135184,0.0009999999,-117.04659,,9477.439595460892,15.181642,-0.2,3.8674383e-11,0.0009999999,,11,0.1,2241,78.57722,15.338488,3383.8423,2241,1120.4999,,60.32307005800982,625,3495.1035,0.2,-111.26132,-135.63948,15.241876,-577.64264,577.64264,0.0009999999
0.0009999999,577.64264,315285.75,0.20068826,1.0,0.1,,140.62701,135198,0.0009999999,-107.70815,,9483.829910755157,12.8858385,0.1,3.86399e-11,0.0009999999,,11,0.2,2242,78.57722,15.338042,3383.886,2242,1121.0,,60.302408563782336,625,3495.1685,-0.2,-111.282394,-135.62701,15.240742,-577.64264,577.64264,0.0009999999
0.0009999999,577.64264,315396.9,0.30013752,1.0000005,0.1,,140.61386,135211,0.0009999999,-106.160034,,9490.085970163345,11.671697,0.1,3.8605452e-11,0.0009999999,,11,0.2,2243,78.57722,15.337596,3383.8826,2243,1121.5005,,60.28131966116808,625,3495.2332,-0.1,-111.35059,-135.61386,15.239067,-577.64264,577.64264,0.0009999999
0.0009999999,577.64264,315509.0,-0.00030050427,0.9999996,-0.1,,140.60117,135225,0.0009999999,-107.11769,,9496.098525762558,15.246435,,3.8571053e-11,0.0009999999,,11,0.2,2244,78.57722,15.337151,3383.9424,2244,1122.0001,,60.26069518716577,625,3495.2986,-0.1,-111.35627,-135.60117,15.238984,-577.64264,577.64264,0.0009999999
0.0009999999,577.64264,315621.2,-0.001171195,0.9999999,,,140.5885,135239,0.0009999999,-107.17454,,9501.847235918045,16.834864,-0.1,3.8536698e-11,0.0009999999,,11,0.1,2245,78.57722,15.336704,3383.9324,2245,1122.4999,,60.24008908685969,625,3495.3635,,-111.43108,-135.5885,15.239613,-577.64264,577.64264,0.0009999999
0.0009999999,577.64264,315739.22,0.29967496,1.0000005,0.2,,140.57846,135256,0.0009999999,-113.016335,,9507.949938774109,16.448431,0.2,3.850239e-11,0.0009999999,,11,,2246,78.57722,15.336259,3383.9426,2246,1123.001,,60.220837043633125,625,3495.428,-0.1,-111.485435,-135.57846,15.240066,-577.64264,577.64264,0.0009999999
0.0009999999,577.64264,315850.72,-0.0012256727,1.0000002,-0.1,,140.56552,135271,0.0009999999,-106.50245,,9513.901436328888,16.85067,-0.2,3.8468128e-11,0.0009999999,,11,0.2,2247,78.57722,15.335814,3384.0051,2247,1123.5002,,60.20071206052514,625,3495.493,0.1,-111.48787,-135.56552,15.2407,-577.64264,577.64264,0.0009999999
0.0009999999,577.64264,315966.9,-0.0017981493,0.9999997,0.1,,140.55467,135288,0.0009999999,-111.184616,,9519.877928972244,16.462162,-0.2,3.8433912e-11,0.0009999999,,11,0.1,2248,78.57722,15.335369,3384.0571,2248,1123.9996,,60.18149466192171,625,3495.5579,,-111.50062,-135.55467,15.2411585,-577.64264,577.64264,0.0009999999
0.0009999999,577.64264,316085.47,0.30173844,1.0000002,0.2,,140.54489,135309,0.0009999999,-113.562294,,9525.754563093185,14.710566,0.1,3.8399738e-11,0.0009999999,,11,0.1,2249,78.57722,15.334925,3384.1157,2249,1124.5002,,60.164072921298356,625,3495.6228,-0.1,-111.50719,-135.54489,15.24084,-577.64264,577.64264,0.0009999999
0.0009999999,577.64264,316227.75,0.4981607,0.9999996,,,140.54567,135374,0.0009999999,-137.2808,,9531.544521808624,15.777145,0.2,3.8365613e-11,0.0009999999,,11,0.2,2250,78.57722,15.33448,3384.0798,2250,1125.0001,,60.166222222222224,625,3495.6873,0.1,-111.6074,-135.54567,15.240996,-577.64264,577.64264,0.0009999999
0.0009999999,577.64264,316343.47,-0.20339078,1.0000002,-0.2,,140.53464,135392,0.0009999999,-110.706024,,9537.56181883812,16.659492,0.2,3.8331532e-11,0.0009999999,,11,-0.1,2251,78.57722,15.334036,3384.043,2251,1125.5002,,60.14749000444247,625,3495.7524,-0.1,-111.70952,-135.53464,15.241538,-577.64264,577.64264,0.0009999999
0.0009999999,577.64264,316452.3,0.29565477,1.0,-0.2,,140.52057,135414,0.0009999999,-103.850914,,9544.048969745636,14.520544,0.2,3.8297497e-11,0.0009999999,,11,0.2,2252,78.57722,15.333591,3384.0112,2252,1126.0005,,60.13055062166963,625,3495.8171,0.1,-111.80602,-135.52057,15.241137,-577.64264,577.64264,0.0009999999
0.0009999999,577.64264,316564.44,2.5987625e-05,1.0,,,140.50797,135430,0.0009999999,-107.12111,,9549.91550707817,13.029511,0.2,3.826351e-11,0.0009999999,,11,-0.1,2253,78.57722,15.333148,3384.0498,2253,1126.5,,60.1109631602308,625,3495.8816,-0.1,-111.831825,-135.50797,15.240072,-577.64264,577.64264,0.0009999999
0.0009999999,577.64264,316687.28,-0.20018868,0.9999997,0.1,,140.50012,135454,0.0009999999,-117.8507,,9555.64936208725,16.777767,-0.2,3.8229565e-11,0.0009999999,,11,,2254,78.57722,15.332704,3384.0818,2254,1126.9996,,60.09494232475599,625,3495.9465,-0.1,-111.86483,-135.50012,15.240669,-577.64264,577.64264,0.0009999999
0.0009999999,577.64264,316800.38,-0.20021212,0.9999996,-0.2,,140.48798,135470,0.0009999999,-108.08345,,9561.742362260818,15.568274,,3.8195665e-11,0.0009999999,,11,0.1,2255,78.57722,15.33226,3384.1,2255,1127.4995,,60.07538802660754,625,3496.0112,-0.1,-111.911255,-135.48798,15.240729,-577.64264,577.64264,0.0009999999
0.0009999999,577.64264,316909.75,-0.30096364,1.0000006,0.2,,140.47418,135492,0.0009999999,-104.38126,,9567.405659914017,16.323744,-0.1,3.816181e-11,0.0009999999,,11,-0.2,2256,78.57722,15.331817,3384.0972,2256,1128.0007,,60.058510638297875,625,3496.0757,-0.2,-111.97863,-135.47418,15.241126,-577.64264,577.64264,0.0009999999
0.0009999999,577.64264,317021.2,-0.29865706,1.0,,,140.46132,135511,0.0009999999,-106.45093,,9573.080127239227,13.954183,-0.1,3.8128004e-11,0.0009999999,,11,,2257,78.57722,15.331374,3384.16,2257,1128.5,,60.04031900753212,625,3496.14,-0.2,-111.97998,-135.46132,15.240473,-577.64264,577.64264,0.0009999999
0.0009999999,577.64264,317134.5,-0.10058858,1.0,-0.1,,140.4493,135526,0.0009999999,-108.29088,,9578.51480436325,16.602211,-0.1,3.8094236e-11,0.0009999999,,11,0.2,2258,78.57722,15.330931,3384.1987,2258,1129.0005,,60.020372010628876,625,3496.2048,-0.1,-112.00604,-135.4493,15.2409935,-577.64264,577.64264,0.0009999999
0.0009999999,577.64264,317247.0,0.20043044,1.0000002,-0.1,,140.43692,135544,0.0009999999,-107.509315,,9584.01597070694,15.914425,0.1,3.806052e-11,0.0009999999,,11,0.2,2259,78.57722,15.330488,3384.0776,2259,1129.5002,,60.00177069499779,625,3496.2693,,-112.19153,-135.43692,15.241207,-577.64264,577.64264,0.0009999999
0.0009999999,577.64264,317385.44,0.10139157,1.0000001,0.2,,140.43604,135589,0.0009999999,-133.41924,,9589.604153871536,16.592915,0.2,3.8026846e-11,0.0009999999,,11,-0.1,2260,78.57722,15.330046,3384.1165,2260,1130.0001,,59.99513274336283,625,3496.3335,-0.2,-112.21709,-135.43604,15.241721,-577.64264,577.64264,0.0009999999
0.0009999999,577.64264,317512.5,0.39972952,1.0000002,,,140.43011,135614,0.0009999999,-122.05708,,9595.10322213173,14.186163,0.1,3.7993216e-11,0.0009999999,,11,0.2,2261,78.57722,15.329603,3384.149,2261,1130.5002,,59.9796550199027,625,3496.3984,0.1,-112.24939,-135.43011,15.241172,-577.64264,577.64264,0.0009999999
0.0009999999,577.64264,317623.62,-0.50118506,0.9999996,0.1,,140.41716,135633,0.0009999999,-106.16094,,9600.599821329117,16.430363,-0.2,3.795963e-11,0.0009999999,,11,-0.2,2262,78.57722,15.329161,3384.1584,2262,1130.9995,,59.96153846153846,625,3496.4626,-0.2,-112.30429,-135.41716,15.241612,-577.64264,577.64264,0.0009999999
0.0009999999,577.64264,317742.56,-0.09935998,1.0000001,0.2,,140.40767,135654,0.0009999999,-113.905464,,9605.990729570389,13.662793,-0.2,3.7926086e-11,0.0009999999,,11,-0.1,2263,78.57722,15.328719,3384.169,2263,1131.5001,,59.94432169686257,625,3496.5269,,-112.35785,-135.40767,15.24083,-577.64264,577.64264,0.0009999999
0.0009999999,577.64264,317859.44,0.00025331974,0.9999999,-0.1,,140.39728,135674,0.0009999999,-111.8815,,9611.569661617279,14.639605,0.1,3.7892592e-11,0.0009999999,,11,0.2,2264,78.57722,15.328277,3384.1733,2264,1131.9999,,59.92667844522968,625,3496.5916,-0.2,-112.418106,-135.39728,15.240483,-577.64264,577.64264,0.0009999999
0.0009999999,577.64264,317969.62,0.0983191,0.99999976,0.1,,140.38394,135692,0.0009999999,-105.228806,,9617.8035094738,17.202345,0.2,3.7859143e-11,0.0009999999,,11,-0.1,2265,78.57722,15.327835,3384.197,2265,1132.4998,,59.908167770419425,625,3496.6558,-0.1,-112.458694,-135.38394,15.241266,-577.64264,577.64264,0.0009999999
0.0009999999,577.64264,318082.47,0.40072167,1.0,0.2,,140.37178,135707,0.0009999999,-107.82062,,9624.79788184166,16.56253,0.1,3.7825732e-11,0.0009999999,,11,0.1,2266,78.57722,15.3273945,3384.2495,2266,1133.0,,59.88834951456311,625,3496.72,,-112.47035,-135.37178,15.241765,-577.64264,577.64264,0.0009999999
0.0009999999,577.64264,318231.06,-0.19844633,1.0000004,0.2,,140.37541,135757,0.0009999999,-143.6002,,9631.01555943489,13.98511,-0.2,3.779237e-11,0.0009999999,,11,-0.1,2267,78.57722,15.326953,3384.229,2267,1133.5004,,59.88398764887516,625,3496.7844,-0.1,-112.55533,-135.37541,15.241126,-577.64264,577.64264,0.0009999999
0.0009999999,577.64264,318350.25,0.5997015,0.9999999,0.2,,140.36607,135775,0.0009999999,-114.20355,,9637.8356487751,16.401012,0.2,3.775905e-11,0.0009999999,,11,0.1,2268,78.57722,15.326511,3384.2852,2268,1133.9999,,59.86552028218695,625,3496.8486,0.1,-112.56352,-135.36607,15.241557,-577.64264,577.64264,0.0009999999
0.0009999999,577.64264,318464.06,-0.09941043,0.9999997,0.1,,140.35437,135789,0.0009999999,-108.80386,,9644.705359458923,17.1812,-0.2,3.7725777e-11,0.0009999999,,11,,2269,78.57722,15.326071,3384.3154,2269,1134.4996,,59.84530630233583,625,3496.913,,-112.59768,-135.35437,15.242329,-577.64264,577.64264,0.0009999999
0.0009999999,577.64264,318583.53,0.39556536,0.9999997,0.1,,140.34517,135811,0.0009999999,-114.46588,,9650.979398727417,16.045666,0.2,3.7692544e-11,0.0009999999,,11,0.2,2270,78.57722,15.32563,3384.3533,2270,1134.9996,,59.82863436123348,625,3496.9773,-0.1,-112.624016,-135.34517,15.242597,-577.64264,577.64264,0.0009999999
0.0009999999,577.64264,318700.94,-0.101987645,0.99999976,-0.1,,140.33507,135828,0.0009999999,-112.41346,,9657.691804647446,13.39054,-0.2,3.765936e-11,0.0009999999,,11,0.1,2271,78.57722,15.32519,3384.4106,2271,1135.4998,,59.80977542932629,625,3497.0415,0.1,-112.630875,-135.33507,15.241701,-577.64264,577.64264,0.0009999999
0.0009999999,577.64264,318811.0,0.19910344,1.0000002,,,140.32175,135840,0.0009999999,-105.06151,,9664.217827558517,15.219592,0.2,3.762621e-11,0.0009999999,,11,0.1,2272,78.57722,15.32475,3384.3752,2272,1136.0002,,59.7887323943662,625,3497.1052,-0.1,-112.73002,-135.32175,15.241607,-577.64264,577.64264,0.0009999999
0.0009999999,577.64264,318936.1,0.00018372387,1.0000002,,,140.31505,135865,0.0009999999,-120.0779,,9670.341164588928,16.90925,,3.7593113e-11,0.0009999999,,11,0.1,2273,78.57722,15.324309,3384.404,2273,1136.5009,,59.77342718873735,625,3497.17,-0.1,-112.7659,-135.31505,15.242256,-577.64264,577.64264,0.0009999999
0.0009999999,577.64264,319054.1,-0.10139802,0.9999996,,,140.30524,135916,0.0009999999,-112.99079,,9676.816119909286,16.780766,-0.2,3.7560056e-11,0.0009999999,,11,0.2,2274,78.57722,15.32387,3384.3389,2274,1136.9995,,59.76956904133685,625,3497.2336,-0.1,-112.89486,-135.30524,15.242854,-577.64264,577.64264,0.0009999999
0.0009999999,577.64264,319168.03,0.0008834526,1.0,0.1,,140.29364,135932,0.0009999999,-108.939,,9683.201795816422,14.326398,-0.1,3.7527044e-11,0.0009999999,,11,0.1,2275,78.57722,15.32343,3384.3926,2275,1137.5006,,59.75032967032967,625,3497.2976,-0.1,-112.90498,-135.29364,15.242366,-577.64264,577.64264,0.0009999999
0.0009999999,577.64264,319279.75,0.19778654,0.99999976,0.2,,140.28108,135947,0.0009999999,-106.70477,,9689.24652004242,13.438001,-0.1,3.7494074e-11,0.0009999999,,11,0.2,2276,78.57722,15.32299,3384.4124,2276,1137.9998,,59.73066783831283,625,3497.3618,-0.1,-112.949455,-135.28108,15.241489,-577.64264,577.64264,0.0009999999
0.0009999999,577.64264,319398.88,0.6988648,1.0000001,0.1,,140.27179,135965,0.0009999999,-114.156334,,9695.178845405579,14.709156,0.2,3.746115e-11,0.0009999999,,11,0.2,2277,78.57722,15.322552,3384.469,2277,1138.5001,,59.71234079929732,625,3497.4258,0.2,-112.95677,-135.27179,15.24117,-577.64264,577.64264,0.0009999999
0.0009999999,577.64264,319518.53,-0.3979901,1.0000002,0.1,,140.26274,135986,0.0009999999,-114.63414,,9701.520370721817,16.960258,-0.2,3.7428265e-11,0.0009999999,,11,-0.2,2278,78.57722,15.322112,3384.458,2278,1139.0007,,59.69534679543459,625,3497.4895,-0.1,-113.03156,-135.26274,15.241844,-577.64264,577.64264,0.0009999999
0.0009999999,577.64264,319644.25,0.503689,0.9999996,0.1,,140.25636,136014,0.0009999999,-120.73241,,9707.520986557007,16.4703,0.2,3.7395427e-11,0.0009999999,,11,0.2,2279,78.57722,15.321673,3384.5088,2279,1139.4995,,59.68143922773146,625,3497.5537,,-113.04482,-135.25636,15.242304,-577.64264,577.64264,0.0009999999
0.0009999999,577.64264,319753.6,-0.09917541,1.0,-0.2,,140.2428,136026,0.0009999999,-104.344505,,9713.135846853256,15.135608,0.2,3.736263e-11,0.0009999999,,11,,2280,78.57722,15.321235,3384.523,2280,1140.0006,,59.660526315789475,625,3497.6177,-0.1,-113.09463,-135.2428,15.24217,-577.64264,577.64264,0.0009999999
0.0009999999,577.64264,319861.38,0.0004995465,1.0000002,,,140.22858,136047,0.0009999999,-102.80043,,9718.92189669609,15.556101,0.1,3.732988e-11,0.0009999999,,11,0.1,2281,78.57722,15.320796,3384.581,2281,1140.5007,,59.64357737834283,625,3497.6812,-0.2,-113.10015,-135.22858,15.242227,-577.64264,577.64264,0.0009999999
0.0009999999,577.64264,319981.38,-0.39830917,1.0000001,-0.2,,140.21971,136067,0.0009999999,-115.00171,,9724.798839330673,15.231237,-0.1,3.7297165e-11,0.0009999999,,11,0.1,2282,78.57722,15.320358,3384.6143,2282,1141.0001,,59.626205083260295,625,3497.7454,-0.2,-113.13104,-135.21971,15.242138,-577.64264,577.64264,0.0009999999
0.0009999999,577.64264,320107.5,0.09703249,0.9999997,,,140.21353,136109,0.0009999999,-121.12099,,9730.265140771866,15.733321,0.2,3.72645e-11,0.0009999999,,11,0.1,2283,78.57722,15.31992,3384.6172,2283,1141.4996,,59.61848445028471,625,3497.8088,-0.2,-113.19167,-135.21353,15.2422695,-577.64264,577.64264,0.0009999999
0.0009999999,577.64264,320226.8,0.0028216485,1.0,-0.1,,140.20438,136130,0.0009999999,-114.32794,,9735.964715003967,15.13832,-0.1,3.7231877e-11,0.0009999999,,11,0.2,2284,78.57722,15.319482,3384.5837,2284,1142.0006,,59.601576182136604,625,3497.8728,,-113.289,-135.20438,15.242143,-577.64264,577.64264,0.0009999999
0.0009999999,577.64264,320366.62,0.29732665,0.9999996,0.2,,140.20421,136175,0.0009999999,-134.79782,,9741.986722946167,16.057938,-0.1,3.7199296e-11,0.0009999999,,11,0.2,2285,78.57722,15.319044,3384.6401,2285,1142.4995,,59.59518599562363,625,3497.9368,,-113.2966,-135.20421,15.242416,-577.64264,577.64264,0.0009999999
0.0009999999,577.64264,320486.88,0.20126285,1.0000002,0.2,,140.19548,136194,0.0009999999,-115.24194,,9747.763949394226,14.394642,-0.2,3.716676e-11,0.0009999999,,11,0.1,2286,78.57722,15.318606,3384.7012,2286,1143.0007,,59.577427821522306,625,3498.0002,0.1,-113.299034,-135.19548,15.241963,-577.64264,577.64264,0.0009999999
0.0009999999,577.64264,320606.3,0.29552794,1.0000001,0.1,,140.1864,136213,0.0009999999,-114.42293,,9753.461500883102,17.103298,0.2,3.7134264e-11,0.0009999999,,11,0.1,2287,78.57722,15.31817,3384.757,2287,1143.5001,,59.559685177087886,625,3498.0642,-0.1,-113.3072,-135.1864,15.242695,-577.64264,577.64264,0.0009999999
0.0009999999,577.64264,320718.44,-0.09820705,0.99999976,,,140.17415,136231,0.0009999999,-107.15802,,9759.273374795914,13.78715,0.1,3.7101808e-11,0.0009999999,,11,,2288,78.57722,15.317732,3384.657,2288,1143.9998,,59.54152097902098,625,3498.128,-0.2,-113.47095,-135.17415,15.241976,-577.64264,577.64264,0.0009999999
0.0009999999,577.64264,320829.38,-0.7015118,0.9999996,-0.2,,140.16138,136246,0.0009999999,-105.93944,,9764.975486516953,16.555338,-0.2,3.70694e-11,0.0009999999,,11,-0.1,2289,78.57722,15.317295,3384.5664,2289,1144.4995,,59.5220620358235,625,3498.1914,-0.2,-113.62506,-135.16138,15.242467,-577.64264,577.64264,0.0009999999
0.0009999999,577.64264,320943.5,0.10060768,0.9999996,,,140.15,136291,0.0009999999,-109.11385,,9770.44279384613,16.831936,-0.2,3.7037033e-11,0.0009999999,,11,0.2,2290,78.57722,15.316858,3384.6138,2290,1144.9995,,59.51572052401747,625,3498.2546,0.1,-113.6409,-135.15,15.243078,-577.64264,577.64264,0.0009999999
0.0009999999,577.64264,321058.3,0.0054808855,0.99999976,-0.1,,140.13895,136311,0.0009999999,-109.80119,,9775.93615937233,15.570945,-0.2,3.7004705e-11,0.0009999999,,11,0.1,2291,78.57722,15.3164215,3384.6765,2291,1145.4998,,59.49847228284592,625,3498.3186,0.2,-113.64216,-135.13895,15.243142,-577.64264,577.64264,0.0009999999
0.0009999999,577.64264,321185.06,0.100800574,1.0000002,0.2,,140.1331,136340,0.0009999999,-121.77884,,9781.853957176208,12.529872,0.1,3.697242e-11,0.0009999999,,11,,2292,78.57722,15.315986,3384.643,2292,1146.0002,,59.48516579406632,625,3498.382,-0.2,-113.73895,-135.1331,15.241872,-577.64264,577.64264,0.0009999999
0.0009999999,577.64264,321313.38,0.295509,0.99999976,0.2,,140.12794,136390,0.0009999999,-123.29638,,9787.433037281036,15.616699,0.2,3.6940184e-11,0.0009999999,,11,-0.1,2293,78.57722,15.315549,3384.704,2293,1146.4998,,59.48102921936328,625,3498.4456,,-113.74155,-135.12794,15.241952,-577.64264,577.64264,0.0009999999
0.0009999999,577.64264,321424.88,0.09982463,0.9999996,,,140.11546,136405,0.0009999999,-106.48953,,9792.813329696655,13.828422,,3.6907984e-11,0.0009999999,,11,0.2,2294,78.57722,15.315113,3384.7288,2294,1146.9995,,59.461639058413255,625,3498.509,-0.1,-113.780334,-135.11546,15.241256,-577.64264,577.64264,0.0009999999
0.0009999999,577.64264,321547.44,0.10038343,0.9999996,0.1,,140.10782,136426,0.0009999999,-117.58414,,9798.061754226685,16.174505,-0.2,3.6875825e-11,0.0009999999,,11,0.2,2295,78.57722,15.314677,3384.7761,2295,1147.4995,,59.44488017429194,625,3498.5728,,-113.7967,-135.10782,15.241578,-577.64264,577.64264,0.0009999999
0.0009999999,577.64264,321664.12,0.20094144,0.99999976,0.1,,140.09761,136442,0.0009999999,-111.676056,,9803.343033790588,17.074196,-0.2,3.684371e-11,0.0009999999,,11,0.1,2296,78.57722,15.314241,3384.806,2296,1147.9998,,59.42595818815331,625,3498.6357,0.2,-113.829834,-135.09761,15.242296,-577.64264,577.64264,0.0009999999
0.0009999999,577.64264,321791.5,0.49779588,1.0000002,0.2,,140.09207,136471,0.0009999999,-122.360695,,9809.386992931366,15.880434,0.1,3.681164e-11,0.0009999999,,11,0.2,2297,78.57722,15.313807,3384.835,2297,1148.5002,,59.41271223334785,625,3498.6997,,-113.864815,-135.09207,15.242492,-577.64264,577.64264,0.0009999999
0.0009999999,577.64264,321913.75,0.19960436,1.0000002,0.1,,140.08432,136492,0.0009999999,-117.25017,,9816.436015367508,15.746143,0.2,3.6779614e-11,0.0009999999,,11,-0.1,2298,78.57722,15.313371,3384.8857,2298,1149.0009,,59.395996518711925,625,3498.763,,-113.87727,-135.08432,15.242633,-577.64264,577.64264,0.0009999999
0.0009999999,577.64264,322039.03,-0.19844705,0.9999996,0.1,,140.07788,136522,0.0009999999,-120.27756,,9823.244647979736,16.816809,-0.1,3.6747622e-11,0.0009999999,,11,,2299,78.57722,15.312936,3384.9438,2299,1149.4995,,59.38321009134406,625,3498.8262,-0.2,-113.88222,-135.07788,15.243231,-577.64264,577.64264,0.0009999999
0.0009999999,577.64264,322147.75,-0.0962808,0.9999996,0.1,,140.06424,136548,0.0009999999,-103.70904,,9830.013303756714,15.982361,-0.2,3.6715676e-11,0.0009999999,,11,-0.1,2300,78.57722,15.312501,3385.0005,2300,1149.9995,,59.36869565217391,625,3498.8896,0.1,-113.88927,-135.06424,15.243471,-577.64264,577.64264,0.0009999999
0.0009999999,577.64264,322271.12,0.20386511,1.0000002,0.2,,140.05699,136579,0.0009999999,-118.36521,,9836.63710308075,13.580788,0.1,3.668377e-11,0.0009999999,,11,,2301,78.57722,15.312066,3385.0425,2301,1150.5009,,59.356366797044764,625,3498.953,-0.1,-113.91031,-135.05699,15.242664,-577.64264,577.64264,0.0009999999
0.0009999999,577.64264,322392.44,0.4954242,1.0000002,,,140.04884,136616,0.0009999999,-116.35429,,9843.059940338135,13.87043,0.2,3.6651904e-11,0.0009999999,,11,0.1,2302,78.57722,15.311632,3385.0442,2302,1151.0002,,59.34665508253693,625,3499.016,0.2,-113.97199,-135.04884,15.241987,-577.64264,577.64264,0.0009999999
0.0009999999,577.64264,322513.4,-0.3018525,0.99999976,-0.1,,140.04056,136642,0.0009999999,-115.96328,,9849.765554904938,13.703063,-0.2,3.6620082e-11,0.0009999999,,11,-0.1,2303,78.57722,15.311197,3384.9756,2303,1151.4998,,59.33217542336083,625,3499.0796,0.1,-114.10407,-135.04056,15.241238,-577.64264,577.64264,0.0009999999
0.0009999999,577.64264,322625.75,0.4001301,0.9999996,0.2,,140.02853,136656,0.0009999999,-107.35401,,9856.55151963234,14.238506,-0.1,3.65883e-11,0.0009999999,,11,0.1,2304,78.57722,15.310763,3385.0378,2304,1151.9995,,59.3125,625,3499.1423,0.2,-114.10444,-135.02853,15.240718,-577.64264,577.64264,0.0009999999
0.0009999999,577.64264,322749.16,-0.20086592,0.9999996,0.1,,140.02133,136680,0.0009999999,-118.3913,,9863.216207265854,17.115149,,3.655656e-11,0.0009999999,,11,-0.1,2305,78.57722,15.310329,3385.0662,2305,1152.4995,,59.297180043383946,625,3499.2058,-0.2,-114.13962,-135.02133,15.241452,-577.64264,577.64264,0.0009999999
0.0009999999,577.64264,322864.47,0.6973548,0.99999976,0.2,,140.0106,136747,0.0009999999,-110.30507,,9870.09495139122,15.820866,0.1,3.6524863e-11,0.0009999999,,11,0.2,2306,78.57722,15.3098955,3385.0994,2306,1152.9998,,59.30052038161318,625,3499.2688,0.2,-114.16953,-135.0106,15.241622,-577.64264,577.64264,0.0009999999
0.0009999999,577.64264,322982.78,-0.29773092,1.0000001,-0.2,,140.0012,136765,0.0009999999,-113.30851,,9876.643034934998,15.239512,-0.1,3.6493204e-11,0.0009999999,,11,0.1,2307,78.57722,15.309463,3385.0999,2307,1153.5001,,59.282618118768966,625,3499.332,-0.1,-114.2322,-135.0012,15.241541,-577.64264,577.64264,0.0009999999
0.0009999999,577.64264,323111.06,-0.39562264,0.9999997,0.1,,139.99612,136798,0.0009999999,-123.26431,,9882.675639629364,14.322434,-0.2,3.6461587e-11,0.0009999999,,11,-0.1,2308,78.57722,15.309029,3385.1143,2308,1153.9996,,59.27123050259965,625,3499.395,-0.2,-114.28075,-134.99612,15.241057,-577.64264,577.64264,0.0009999999
0.0009999999,577.64264,323231.4,0.30296034,1.0,,,139.98761,136817,0.0009999999,-115.359474,,9888.944945812225,10.622089,0.1,3.6430012e-11,0.0009999999,,11,0.1,2309,78.57722,15.308596,3385.1145,2309,1154.5005,,59.25378951927241,625,3499.458,0.1,-114.34361,-134.98761,15.2389765,-577.64264,577.64264,0.0009999999
0.0009999999,577.64264,323352.25,-0.5015941,1.0,-0.2,,139.97932,136836,0.0009999999,-115.84399,,9895.142260313034,15.133894,-0.2,3.6398478e-11,0.0009999999,,11,,2310,78.57722,15.308163,3385.1445,2310,1155.0005,,59.236363636363635,625,3499.5212,-0.1,-114.376625,-134.97932,15.238848,-577.64264,577.64264,0.0009999999
0.0009999999,577.64264,323463.8,-0.09892532,0.9999996,-0.1,,139.96703,136854,0.0009999999,-106.55296,,9901.252457857132,14.93134,,3.6366986e-11,0.0009999999,,11,0.2,2311,78.57722,15.30773,3385.196,2311,1155.4995,,59.21852012115967,625,3499.5842,-0.2,-114.38808,-134.96703,15.238634,-577.64264,577.64264,0.0009999999
0.0009999999,577.64264,323585.44,0.10001565,1.0,-0.2,,139.9591,136900,0.0009999999,-116.61397,,9907.048669099808,15.362723,0.2,3.6335532e-11,0.0009999999,,11,0.1,2312,78.57722,15.307298,3385.1624,2312,1156.0,,59.21280276816609,625,3499.6472,,-114.48478,-134.9591,15.2386055,-577.64264,577.64264,0.0009999999
0.0009999999,577.64264,323709.5,-0.3029886,0.9999996,,,139.95222,136922,0.0009999999,-119.07886,,9912.823693037033,12.613674,-0.2,3.630412e-11,0.0009999999,,11,,2313,78.57722,15.306865,3385.2231,2313,1156.4995,,59.19671422395158,625,3499.7102,-0.1,-114.48706,-134.95222,15.237388,-577.64264,577.64264,0.0009999999
0.0009999999,577.64264,323820.7,0.30112845,1.0000004,0.2,,139.93979,136944,0.0009999999,-106.172165,,9918.596063613892,15.953432,,3.627275e-11,0.0009999999,,11,0.2,2314,78.57722,15.306433,3385.2334,2314,1157.0004,,59.18063958513397,625,3499.7732,-0.1,-114.539734,-134.93979,15.237617,-577.64264,577.64264,0.0009999999
0.0009999999,577.64264,323929.84,0.69812214,1.0000002,0.2,,139.9265,136961,0.0009999999,-104.165344,,9924.987842321396,12.373141,0.2,3.624142e-11,0.0009999999,,11,0.1,2315,78.57722,15.306001,3385.2954,2315,1157.5002,,59.16241900647948,625,3499.836,0.2,-114.54046,-134.9265,15.236299,-577.64264,577.64264,0.0009999999
0.0009999999,577.64264,324052.78,0.094935745,1.0000005,-0.2,,139.91916,136986,0.0009999999,-117.93441,,9931.499114990234,16.375877,-0.1,3.6210125e-11,0.0009999999,,11,0.2,2316,78.57722,15.305569,3385.2722,2316,1158.0005,,59.14766839378238,625,3499.8992,0.2,-114.626945,-134.91916,15.23671,-577.64264,577.64264,0.0009999999
0.0009999999,577.64264,324169.8,0.50087535,1.0000002,-0.1,,139.90929,137003,0.0009999999,-112.04254,,9937.462537765503,11.981215,0.2,3.617888e-11,0.0009999999,,11,0.2,2317,78.57722,15.305137,3385.3054,2317,1158.5009,,59.129477772982305,625,3499.9617,0.2,-114.65622,-134.90929,15.235221,-577.64264,577.64264,0.0009999999
0.0009999999,577.64264,324290.3,0.39833114,1.0000002,-0.1,,139.90091,137023,0.0009999999,-115.51752,,9943.327549934387,13.905665,0.2,3.6147668e-11,0.0009999999,,11,0.1,2318,78.57722,15.304706,3385.3281,2318,1159.0002,,59.112597066436585,625,3500.0244,0.2,-114.696266,-134.90091,15.234567,-577.64264,577.64264,0.0009999999
0.0009999999,577.64264,324422.75,0.10268369,1.0,,,139.89769,137058,0.0009999999,-127.418045,,9949.275269269943,16.414337,0.2,3.61165e-11,0.0009999999,,11,,2319,78.57722,15.304275,3385.1968,2319,1159.5,,59.10219922380336,625,3500.0874,-0.1,-114.890526,-134.89769,15.234993,-577.64264,577.64264,0.0009999999
0.0009999999,577.64264,324545.62,0.00023506582,1.0,0.2,,139.89035,137081,0.0009999999,-117.859795,,9955.292126178741,15.314881,-0.1,3.6085374e-11,0.0009999999,,11,0.1,2320,78.57722,15.303843,3385.1914,2320,1160.0,,59.08663793103448,625,3500.15,-0.2,-114.95844,-134.89035,15.234949,-577.64264,577.64264,0.0009999999
0.0009999999,577.64264,324656.53,0.19852631,1.0000001,0.1,,139.87787,137094,0.0009999999,-105.9261,,9961.036304950714,15.357802,-0.1,3.6054285e-11,0.0009999999,,11,0.1,2321,78.57722,15.303412,3385.1301,2321,1160.5001,,59.066781559672556,625,3500.2131,0.1,-115.0831,-134.87787,15.2349205,-577.64264,577.64264,0.0009999999
0.0009999999,577.64264,324781.28,0.102976866,1.0000005,0.1,,139.87135,137118,0.0009999999,-119.75338,,9967.030440807343,14.825793,-0.2,3.6023236e-11,0.0009999999,,11,,2322,78.57722,15.302981,3385.1787,2322,1161.0005,,59.05167958656331,625,3500.2756,0.2,-115.09694,-134.87135,15.234663,-577.64264,577.64264,0.0009999999
0.0009999999,577.64264,324898.4,-5.056709e-05,1.0000005,,,139.86156,137135,0.0009999999,-112.12644,,9972.726881504059,14.572384,-0.2,3.5992227e-11,0.0009999999,,11,0.1,2323,78.57722,15.30255,3385.2324,2323,1161.501,,59.03357727077056,625,3500.3381,0.1,-115.10579,-134.86156,15.234296,-577.64264,577.64264,0.0009999999
0.0009999999,577.64264,325019.88,-0.39915118,0.9999996,-0.1,,139.85365,137157,0.0009999999,-116.46314,,9978.658621311188,16.524572,-0.2,3.5961262e-11,0.0009999999,,11,-0.1,2324,78.57722,15.30212,3385.2527,2324,1161.9995,,59.01764199655766,625,3500.401,,-115.14821,-134.85365,15.234768,-577.64264,577.64264,0.0009999999
0.0009999999,577.64264,325136.0,0.30183077,1.0,0.1,,139.84344,137177,0.0009999999,-111.11143,,9984.435906648636,13.63158,,3.593033e-11,0.0009999999,,11,0.1,2325,78.57722,15.30169,3385.1667,2325,1162.5006,,59.00086021505376,625,3500.4634,0.1,-115.29664,-134.84344,15.233997,-577.64264,577.64264,0.0009999999
0.0009999999,577.64264,325340.06,-0.49899068,0.9999996,-0.1,,139.87105,137280,0.0009999999,-199.09409,,9990.200560092926,16.169212,-0.2,3.5899443e-11,0.0009999999,,11,-0.1,2326,78.57722,15.30126,3385.216,2326,1162.9995,,59.019776440240754,625,3500.526,-0.1,-115.30984,-134.87105,15.234318,-577.64264,577.64264,0.0009999999
0.0009999999,577.64264,325448.2,-0.30228755,0.9999999,,,139.8574,137302,0.0009999999,-103.138664,,9995.705152273178,16.477709,-0.1,3.5868596e-11,0.0009999999,,11,-0.1,2327,78.57722,15.30083,3385.2144,2327,1163.4999,,59.00386764073915,625,3500.5886,-0.1,-115.37431,-134.8574,15.234771,-577.64264,577.64264,0.0009999999
0.0009999999,577.64264,325567.8,0.100782566,1.0000005,-0.1,,139.84871,137324,0.0009999999,-114.610695,,10001.249621629715,14.350402,-0.2,3.5837788e-11,0.0009999999,,11,0.2,2328,78.57722,15.300401,3385.2139,2328,1164.0005,,58.987972508591064,625,3500.6511,0.2,-115.4372,-134.84871,15.234311,-577.64264,577.64264,0.0009999999
0.0009999999,577.64264,325688.7,0.60166085,1.0,0.2,,139.84058,137346,0.0009999999,-115.871956,,10008.020407915115,16.396395,0.1,3.580702e-11,0.0009999999,,11,0.1,2329,78.57722,15.299972,3385.269,2329,1164.5,,58.9720910261915,625,3500.7136,0.2,-115.44465,-134.84058,15.234731,-577.64264,577.64264,0.0009999999
0.0009999999,577.64264,325811.44,-0.30334845,0.9999999,0.2,,139.83324,137367,0.0009999999,-117.75396,,10015.219473600388,15.261119,-0.2,3.5776288e-11,0.0009999999,,11,-0.1,2330,78.57722,15.299541,3385.2456,2330,1164.9999,,58.95579399141631,625,3500.7761,-0.2,-115.53054,-134.83324,15.234658,-577.64264,577.64264,0.0009999999
0.0009999999,577.64264,325922.1,0.20105097,1.0,-0.1,,139.82072,137381,0.0009999999,-105.66083,,10021.665714740753,14.983228,-0.1,3.5745604e-11,0.0009999999,,11,0.2,2331,78.57722,15.299113,3385.2947,2331,1165.5,,58.93650793650794,625,3500.8384,0.2,-115.543755,-134.82072,15.234468,-577.64264,577.64264,0.0009999999
0.0009999999,577.64264,326045.84,-0.10226525,1.0000002,-0.1,,139.81383,137407,0.0009999999,-118.74225,,10028.756980419159,16.632288,-0.2,3.5714952e-11,0.0009999999,,11,,2332,78.57722,15.298684,3385.318,2332,1166.0002,,58.92238421955403,625,3500.9011,0.2,-115.58294,-134.81383,15.234988,-577.64264,577.64264,0.0009999999
0.0009999999,577.64264,326169.88,-0.0018947199,0.9999997,,,139.80707,137430,0.0009999999,-119.03106,,10035.273395061493,16.283464,0.1,3.568434e-11,0.0009999999,,11,,2333,78.57722,15.298255,3385.3682,2333,1166.4996,,58.906986712387486,625,3500.9634,-0.1,-115.595146,-134.80707,15.235356,-577.64264,577.64264,0.0009999999
0.0009999999,577.64264,326298.28,-0.096988015,0.99999976,-0.1,,139.80217,137456,0.0009999999,-123.39302,,10041.798514842987,15.600109,0.1,3.5653768e-11,0.0009999999,,11,0.1,2334,78.57722,15.297827,3385.3672,2334,1167.0004,,58.892887746358184,625,3501.026,-0.2,-115.65879,-134.80217,15.235431,-577.64264,577.64264,0.0009999999
0.0009999999,577.64264,326406.94,0.20124853,1.0000002,0.1,,139.78883,137476,0.0009999999,-103.63789,,10048.588185310364,15.293235,0.1,3.5623237e-11,0.0009999999,,11,0.1,2335,78.57722,15.297399,3385.4224,2335,1167.5002,,58.876231263383296,625,3501.088,-0.1,-115.6655,-134.78883,15.235375,-577.64264,577.64264,0.0009999999
0.0009999999,577.64264,326520.25,-0.1980856,1.0000002,0.1,,139.77751,137495,0.0009999999,-108.34043,,10055.318763971329,16.88797,-0.2,3.5592744e-11,0.0009999999,,11,-0.1,2336,78.57722,15.29697,3385.417,2336,1168.0002,,58.85916095890411,625,3501.1504,,-115.73341,-134.77751,15.236004,-577.64264,577.64264,0.0009999999
0.0009999999,577.64264,326638.7,-0.30169162,1.0000005,-0.1,,139.76837,137513,0.0009999999,-113.459984,,10061.829588890076,16.518576,-0.2,3.556229e-11,0.0009999999,,11,0.2,2337,78.57722,15.296542,3385.4763,2337,1168.5005,,58.841677364142065,625,3501.213,-0.2,-115.73651,-134.76837,15.236471,-577.64264,577.64264,0.0009999999
0.0009999999,577.64264,326759.88,0.49670658,0.99999976,0.2,,139.76042,137555,0.0009999999,-116.17282,,10068.609435796738,15.932948,0.1,3.5531876e-11,0.0009999999,,11,0.1,2338,78.57722,15.296114,3385.345,2338,1168.9998,,58.83447390932421,625,3501.2747,0.1,-115.92977,-134.76042,15.236688,-577.64264,577.64264,0.0009999999
0.0009999999,577.64264,326882.62,0.39899668,1.0000005,-0.1,,139.75316,137578,0.0009999999,-117.75089,,10075.357335805893,15.409739,0.2,3.55015e-11,0.0009999999,,11,0.2,2339,78.57722,15.295687,3385.4065,2339,1169.5005,,58.81915348439504,625,3501.3372,0.1,-115.93065,-134.75316,15.23668,-577.64264,577.64264,0.0009999999
0.0009999999,577.64264,327005.6,0.20204183,1.0000002,0.2,,139.74599,137607,0.0009999999,-117.96513,,10081.787070274353,15.797165,-0.1,3.547116e-11,0.0009999999,,11,0.1,2340,78.57722,15.295259,3385.4316,2340,1170.0002,,58.80641025641026,625,3501.3994,,-115.96776,-134.74599,15.23684,-577.64264,577.64264,0.0009999999
0.0009999999,577.64264,327115.47,0.5028784,1.0000002,0.2,,139.73322,137620,0.0009999999,-104.87636,,10087.673494577408,16.639603,-0.1,3.5440862e-11,0.0009999999,,11,0.2,2341,78.57722,15.294832,3385.1782,2341,1170.5002,,58.78684322938915,625,3501.4614,0.2,-116.28316,-134.73322,15.237358,-577.64264,577.64264,0.0009999999
0.0009999999,577.64264,327231.3,-0.099000804,1.0000004,-0.1,,139.72302,137636,0.0009999999,-110.86958,,10093.409828662872,15.129137,-0.1,3.5410605e-11,0.0009999999,,11,0.1,2342,78.57722,15.294405,3385.2363,2342,1171.0005,,58.768573868488474,625,3501.5237,,-116.287415,-134.72302,15.23723,-577.64264,577.64264,0.0009999999
0.0009999999,577.64264,327357.12,-0.30083776,0.9999998,0.1,,139.71709,137662,0.0009999999,-120.806755,,10099.106781721115,15.342599,-0.2,3.5380386e-11,0.0009999999,,11,-0.1,2343,78.57722,15.293978,3385.2822,2343,1171.4998,,58.75458813486983,625,3501.5857,-0.1,-116.30343,-134.71709,15.237196,-577.64264,577.64264,0.0009999999
0.0009999999,577.64264,327468.78,0.19872579,1.0000004,,,139.70511,137678,0.0009999999,-106.64505,,10105.00146651268,15.335998,-0.1,3.5350205e-11,0.0009999999,,11,0.1,2344,78.57722,15.293551,3385.2874,2344,1172.0004,,58.73634812286689,625,3501.648,0.2,-116.3605,-134.70511,15.237158,-577.64264,577.64264,0.0009999999
0.0009999999,577.64264,327597.6,-0.49914932,1.0000001,,,139.70047,137705,0.0009999999,-123.81571,,10111.006989002228,16.995401,-0.2,3.532006e-11,0.0009999999,,11,-0.2,2345,78.57722,15.293125,3385.3472,2345,1172.5001,,58.7228144989339,625,3501.7097,-0.1,-116.3625,-134.70047,15.237826,-577.64264,577.64264,0.0009999999
0.0009999999,577.64264,327727.88,0.0007918626,1.0,0.2,,139.69646,137734,0.0009999999,-125.26066,,10116.656706094742,16.79805,-0.2,3.528996e-11,0.0009999999,,11,-0.1,2346,78.57722,15.292699,3385.162,2346,1173.0,,58.710144927536234,625,3501.7722,0.1,-116.61,-134.69646,15.238411,-577.64264,577.64264,0.0009999999
0.0009999999,577.64264,327846.3,0.1977697,1.0000001,,,139.6874,137752,0.0009999999,-113.43594,,10122.768079996109,17.126797,0.1,3.525989e-11,0.0009999999,,11,,2347,78.57722,15.292273,3385.2207,2347,1173.5001,,58.69279931827865,625,3501.834,0.1,-116.61319,-134.6874,15.239135,-577.64264,577.64264,0.0009999999
0.0009999999,577.64264,327972.75,-0.100309014,1.0000004,-0.2,,139.68175,137778,0.0009999999,-121.4655,,10128.983871221542,16.574413,0.2,3.5229864e-11,0.0009999999,,11,0.1,2348,78.57722,15.291846,3385.2822,2348,1174.0005,,58.67887563884157,625,3501.8958,-0.2,-116.613434,-134.68175,15.239626,-577.64264,577.64264,0.0009999999
0.0009999999,577.64264,328082.3,0.19843887,1.0,0.1,,139.66893,137795,0.0009999999,-104.54304,,10135.835371255875,13.517209,0.1,3.5199874e-11,0.0009999999,,11,,2349,78.57722,15.291421,3385.2996,2349,1174.5,,58.66113239676458,625,3501.958,,-116.65847,-134.66893,15.238809,-577.64264,577.64264,0.0009999999
0.0009999999,577.64264,328205.56,0.29871976,0.9999997,0.2,,139.66194,137829,0.0009999999,-118.275375,,10142.371755123138,15.036336,0.2,3.5169923e-11,0.0009999999,,11,-0.2,2350,78.57722,15.290995,3385.3518,2350,1174.9996,,58.65063829787234,625,3502.0198,0.1,-116.66787,-134.66194,15.238644,-577.64264,577.64264,0.0009999999
0.0009999999,577.64264,328329.44,-0.10257248,0.9999996,-0.1,,139.65523,137853,0.0009999999,-118.83404,,10148.537482976913,16.302332,0.2,3.514001e-11,0.0009999999,,11,-0.1,2351,78.57722,15.290569,3385.3438,2351,1175.4995,,58.63589961718418,625,3502.082,-0.1,-116.7382,-134.65523,15.239016,-577.64264,577.64264,0.0009999999
0.0009999999,577.64264,328455.06,0.1049201,0.9999997,-0.2,,139.64926,137884,0.0009999999,-120.62193,,10154.782732009888,15.828591,0.2,3.5110134e-11,0.0009999999,,11,0.2,2352,78.57722,15.290144,3385.3064,2352,1175.9996,,58.624149659863946,625,3502.1433,-0.1,-116.83683,-134.64926,15.239186,-577.64264,577.64264,0.0009999999
0.0009999999,577.64264,328566.25,-0.0020715445,0.9999999,0.1,,139.63716,137903,0.0009999999,-106.21499,,10160.440827131271,13.938693,0.2,3.5080303e-11,0.0009999999,,11,-0.1,2353,78.57722,15.289719,3385.255,2353,1176.4999,,58.60730981725457,625,3502.2053,-0.2,-116.950424,-134.63716,15.238555,-577.64264,577.64264,0.0009999999
0.0009999999,577.64264,328676.12,0.20096286,1.0000004,-0.2,,139.62453,137920,0.0009999999,-104.856804,,10166.3660094738,15.780862,0.2,3.5050504e-11,0.0009999999,,11,0.1,2354,78.57722,15.289294,3385.3147,2354,1177.0005,,58.58963466440102,625,3502.2673,0.1,-116.95262,-134.62453,15.238703,-577.64264,577.64264,0.0009999999
0.0009999999,577.64264,328791.94,0.49923494,1.0,0.2,,139.61441,137935,0.0009999999,-110.80882,,10172.481510400772,14.682362,0.2,3.5020743e-11,0.0009999999,,11,,2355,78.57722,15.28887,3385.283,2355,1177.5,,58.57112526539278,625,3502.3289,0.1,-117.04588,-134.61441,15.238386,-577.64264,577.64264,0.0009999999
0.0009999999,577.64264,328910.62,0.0040299743,0.9999999,0.1,,139.60553,137954,0.0009999999,-113.703545,,10178.437889099121,14.248538,-0.2,3.499102e-11,0.0009999999,,11,,2356,78.57722,15.2884445,3385.326,2356,1177.9999,,58.554329371816635,625,3502.3909,0.1,-117.06491,-134.60553,15.2378845,-577.64264,577.64264,0.0009999999
0.0009999999,577.64264,329025.56,0.101100184,1.0000004,-0.2,,139.59506,137970,0.0009999999,-109.91624,,10183.896175861359,13.985428,0.1,3.4961336e-11,0.0009999999,,11,0.2,2357,78.57722,15.28802,3385.3547,2357,1178.501,,58.53627492575308,625,3502.4524,,-117.09754,-134.59506,15.237275,-577.64264,577.64264,0.0009999999
0.0009999999,577.64264,329143.22,0.4014293,1.0000001,0.2,,139.58575,137988,0.0009999999,-112.66546,,10189.362926959991,16.754164,0.1,3.4931686e-11,0.0009999999,,11,0.2,2358,78.57722,15.287597,3385.4033,2358,1179.0001,,58.51908396946565,625,3502.5146,-0.1,-117.11132,-134.58575,15.237841,-577.64264,577.64264,0.0009999999
0.0009999999,577.64264,329256.06,0.20044881,0.9999996,,,139.57442,138002,0.0009999999,-107.814575,,10195.099184513092,15.702085,-0.1,3.4902078e-11,0.0009999999,,11,0.2,2359,78.57722,15.287172,3385.4482,2359,1179.4995,,58.50021195421789,625,3502.5757,0.1,-117.12743,-134.57442,15.237955,-577.64264,577.64264,0.0009999999
0.0009999999,577.64264,329386.2,-0.5031002,1.0000001,-0.1,,139.57042,138030,0.0009999999,-125.12763,,10200.568531513214,16.770882,-0.1,3.4872508e-11,0.0009999999,,11,-0.1,2360,78.57722,15.286749,3385.4941,2360,1180.0001,,58.48728813559322,625,3502.6375,-0.2,-117.143234,-134.57042,15.238526,-577.64264,577.64264,0.0009999999
0.0009999999,577.64264,329495.8,-0.102474235,1.0000004,-0.1,,139.55774,138079,0.0009999999,-104.63606,,10207.907060146332,13.888241,0.1,3.4842972e-11,0.0009999999,,11,,2361,78.57722,15.2863245,3385.5393,2361,1180.501,,58.48326980093181,625,3502.6992,-0.1,-117.15992,-134.55774,15.237874,-577.64264,577.64264,0.0009999999
0.0009999999,577.64264,329621.4,0.09962151,0.9999999,-0.1,,139.55182,138118,0.0009999999,-120.614235,,10215.359026908875,14.818317,0.2,3.481348e-11,0.0009999999,,11,,2362,78.57722,15.285901,3385.4167,2362,1180.9999,,58.47502116850127,625,3502.7607,,-117.34399,-134.55182,15.237615,-577.64264,577.64264,0.0009999999
0.0009999999,577.64264,329749.16,0.1947411,1.0,0.1,,139.54683,138145,0.0009999999,-122.76207,,10221.652587890625,16.280216,,3.4784016e-11,0.0009999999,,11,0.1,2363,78.57722,15.285479,3385.4326,2363,1181.5,,58.46170122725349,625,3502.8225,,-117.389786,-134.54683,15.237975,-577.64264,577.64264,0.0009999999
0.0009999999,577.64264,329885.84,-0.6984135,1.0000004,-0.1,,139.54562,138181,0.0009999999,-131.68642,,10228.36965584755,11.906895,-0.2,3.4754595e-11,0.0009999999,,11,-0.2,2364,78.57722,15.285055,3385.4219,2364,1182.0005,,58.45219966159053,625,3502.884,-0.2,-117.46222,-134.54562,15.236488,-577.64264,577.64264,0.0009999999
0.0009999999,577.64264,329995.53,-0.19813183,0.9999999,,,139.53299,138204,0.0009999999,-104.667656,,10235.496119737625,15.59975,-0.1,3.4725212e-11,0.0009999999,,11,,2365,78.57722,15.284632,3385.3967,2365,1182.4999,,58.437209302325584,625,3502.9456,-0.1,-117.548874,-134.53299,15.236562,-577.64264,577.64264,0.0009999999
0.0009999999,577.64264,330118.94,0.00010865927,0.9999997,-0.1,,139.52618,138242,0.0009999999,-118.38958,,10242.69761800766,16.50603,0.1,3.4695864e-11,0.0009999999,,11,0.1,2366,78.57722,15.284209,3385.4084,2366,1182.9996,,58.42857142857143,625,3503.0068,-0.1,-117.59843,-134.52618,15.23702,-577.64264,577.64264,0.0009999999
0.0009999999,577.64264,330231.06,0.30240807,0.9999996,,,139.5146,138269,0.0009999999,-107.135925,,10249.436871528625,16.75915,,3.466655e-11,0.0009999999,,11,0.2,2367,78.57722,15.283787,3385.4243,2367,1183.4995,,58.415293620616815,625,3503.068,0.1,-117.643745,-134.5146,15.237581,-577.64264,577.64264,0.0009999999
0.0009999999,577.64264,330354.06,0.19667283,0.9999997,-0.1,,139.50763,138290,0.0009999999,-117.993935,,10256.88902759552,14.726791,0.2,3.463728e-11,0.0009999999,,11,,2368,78.57722,15.283364,3385.3638,2368,1183.9996,,58.39949324324324,625,3503.13,0.1,-117.76619,-134.50763,15.237287,-577.64264,577.64264,0.0009999999
0.0009999999,577.64264,330476.12,-0.10007789,0.9999999,,,139.50026,138310,0.0009999999,-117.06269,,10263.683147192001,13.253148,-0.1,3.4608046e-11,0.0009999999,,11,0.1,2369,78.57722,15.282942,3385.2222,2369,1184.4999,,58.38328408611228,625,3503.191,-0.1,-117.96883,-134.50026,15.236368,-577.64264,577.64264,0.0009999999
0.0009999999,577.64264,330590.2,-0.098724954,0.9999999,,,139.48953,138334,0.0009999999,-109.08359,,10270.155433416367,13.932436,0.1,3.4578843e-11,0.0009999999,,11,-0.1,2370,78.57722,15.28252,3385.2776,2370,1185.0005,,58.368776371308016,625,3503.2527,-0.1,-117.97516,-134.48953,15.23574,-577.64264,577.64264,0.0009999999
0.0009999999,577.64264,330722.97,0.10147798,0.9999996,,,139.4867,138371,0.0009999999,-127.78609,,10276.717797517776,15.907066,-0.2,3.4549683e-11,0.0009999999,,11,0.1,2371,78.57722,15.282099,3385.2957,2371,1185.5,,58.35976381273724,625,3503.314,0.2,-118.018295,-134.4867,15.235942,-577.64264,577.64264,0.0009999999
0.0009999999,577.64264,330839.34,0.30001965,0.9999999,,,139.47696,138388,0.0009999999,-111.37502,,10282.749773263931,16.58428,0.2,3.4520557e-11,0.0009999999,,11,,2372,78.57722,15.281676,3385.3186,2372,1185.9999,,58.342327150084316,625,3503.3752,0.1,-118.05674,-134.47696,15.23643,-577.64264,577.64264,0.0009999999
0.0009999999,577.64264,330959.56,0.2001028,0.9999999,0.2,,139.46884,138408,0.0009999999,-115.20163,,10288.595711946487,14.931126,,3.4491472e-11,0.0009999999,,11,0.1,2373,78.57722,15.281255,3385.374,2373,1186.4999,,58.32616940581542,625,3503.4365,-0.1,-118.06239,-134.46884,15.236225,-577.64264,577.64264,0.0009999999
0.0009999999,577.64264,331068.53,-0.1020213,1.0000001,0.1,,139.456,138427,0.0009999999,-103.96825,,10294.81553196907,17.037535,-0.1,3.4462416e-11,0.0009999999,,11,,2374,78.57722,15.280834,3385.3745,2374,1187.0001,,58.309604043807916,625,3503.4976,-0.1,-118.12304,-134.456,15.236902,-577.64264,577.64264,0.0009999999
0.0009999999,577.64264,331208.53,-0.098448895,0.9999996,-0.2,,139.45622,138466,0.0009999999,-135.0,,10300.615099906921,15.361614,-0.1,3.4433404e-11,0.0009999999,,11,0.2,2375,78.57722,15.280413,3385.3513,2375,1187.4995,,58.30147368421053,625,3503.559,,-118.207726,-134.45622,15.236878,-577.64264,577.64264,0.0009999999
0.0009999999,577.64264,331319.1,0.100823805,1.0000001,0.2,,139.44406,138486,0.0009999999,-105.57004,,10306.971286535263,15.667491,-0.1,3.4404424e-11,0.0009999999,,11,0.1,2376,78.57722,15.279992,3385.4094,2376,1188.0001,,58.285353535353536,625,3503.62,-0.1,-118.21065,-134.44406,15.236978,-577.64264,577.64264,0.0009999999
0.0009999999,577.64264,331431.2,0.10116188,1.0000004,0.1,,139.43256,138503,0.0009999999,-107.08622,,10313.045568704605,16.747606,,3.437548e-11,0.0009999999,,11,0.2,2377,78.57722,15.279571,3385.449,2377,1188.501,,58.267984854859066,625,3503.6816,-0.2,-118.23255,-134.43256,15.237534,-577.64264,577.64264,0.0009999999
0.0009999999,577.64264,331564.56,-0.098918244,0.9999999,,,139.43001,138535,0.0009999999,-128.38893,,10319.362421035767,16.693571,-0.1,3.4346574e-11,0.0009999999,,11,,2378,78.57722,15.27915,3385.4397,2378,1188.9999,,58.2569386038688,625,3503.7424,,-118.30284,-134.43001,15.238066,-577.64264,577.64264,0.0009999999
0.0009999999,577.64264,331686.2,0.2994293,1.0,0.2,,139.42253,138556,0.0009999999,-116.62915,,10325.402996063232,16.56765,-0.1,3.431771e-11,0.0009999999,,11,0.1,2379,78.57722,15.27873,3385.4963,2379,1189.5,,58.24127784783523,625,3503.8037,0.1,-118.30748,-134.42253,15.238545,-577.64264,577.64264,0.0009999999
0.0009999999,577.64264,331798.4,-0.60191995,1.0000004,-0.1,,139.4111,138570,0.0009999999,-107.20488,,10331.494662046432,11.596654,-0.2,3.4288874e-11,0.0009999999,,11,-0.1,2380,78.57722,15.27831,3385.5562,2380,1190.0004,,58.22268907563025,625,3503.865,-0.2,-118.30877,-134.4111,15.236936,-577.64264,577.64264,0.0009999999
0.0009999999,577.64264,331916.16,-0.19879971,0.9999999,-0.1,,139.402,138593,0.0009999999,-112.75953,,10337.560727119446,15.944503,-0.2,3.4260077e-11,0.0009999999,,11,,2381,78.57722,15.277889,3385.51,2381,1190.4999,,58.20789584208316,625,3503.926,0.1,-118.41603,-134.402,15.237154,-577.64264,577.64264,0.0009999999
0.0009999999,577.64264,332030.88,0.10099578,0.9999996,,,139.39163,138608,0.0009999999,-109.73487,,10343.826076507568,14.416972,-0.1,3.4231323e-11,0.0009999999,,11,0.1,2382,78.57722,15.27747,3385.5461,2382,1190.9995,,58.18975650713686,625,3503.9868,0.1,-118.440636,-134.39163,15.236732,-577.64264,577.64264,0.0009999999
0.0009999999,577.64264,332149.1,0.4011847,1.0000004,0.1,,139.38275,138626,0.0009999999,-113.21267,,10349.918613910675,16.173407,0.1,3.4202596e-11,0.0009999999,,11,0.2,2383,78.57722,15.27705,3385.6062,2383,1191.5005,,58.172891313470416,625,3504.0483,,-118.44214,-134.38275,15.237043,-577.64264,577.64264,0.0009999999
0.0009999999,577.64264,332262.97,0.19977607,0.99999946,-0.2,,139.37206,138640,0.0009999999,-108.86947,,10355.919982671738,14.845343,0.1,3.417391e-11,0.0009999999,,11,0.2,2384,78.57722,15.27663,3385.487,2384,1191.9994,,58.15436241610738,625,3504.1091,0.1,-118.62213,-134.37206,15.2368,-577.64264,577.64264,0.0009999999
0.0009999999,577.64264,332377.88,-0.39919615,0.9999998,-0.2,,139.36179,138655,0.0009999999,-109.92114,,10361.879205465317,15.324292,-0.2,3.4145256e-11,0.0009999999,,11,-0.1,2385,78.57722,15.276211,3385.5195,2385,1192.4998,,58.136268343815516,625,3504.1697,0.1,-118.6502,-134.36179,15.236758,-577.64264,577.64264,0.0009999999
0.0009999999,577.64264,332504.12,-0.30104023,1.0000002,,,139.3563,138680,0.0009999999,-121.239174,,10367.632373809814,15.109105,-0.2,3.411664e-11,0.0009999999,,11,-0.2,2386,78.57722,15.275792,3385.5522,2386,1193.0002,,58.12238055322716,625,3504.231,0.1,-118.67865,-134.3563,15.236625,-577.64264,577.64264,0.0009999999
0.0009999999,577.64264,332623.5,-0.09678133,1.0000004,-0.2,,139.34793,138698,0.0009999999,-114.38576,,10373.464581489563,16.07475,-0.2,3.4088062e-11,0.0009999999,,11,0.1,2387,78.57722,15.2753725,3385.585,2387,1193.501,,58.105571847507335,625,3504.2917,0.2,-118.706696,-134.34793,15.236898,-577.64264,577.64264,0.0009999999
0.0009999999,577.64264,332735.94,-0.29908517,0.9999996,0.1,,139.33665,138711,0.0009999999,-107.42738,,10379.104532718658,15.566941,-0.2,3.4059523e-11,0.0009999999,,11,-0.2,2388,78.57722,15.274954,3385.5115,2388,1193.9995,,58.086683417085425,625,3504.3528,,-118.8413,-134.33665,15.236957,-577.64264,577.64264,0.0009999999
0.0009999999,577.64264,332857.62,0.10233607,0.9999996,,,139.32927,138731,0.0009999999,-116.69237,,10384.544804811478,15.547567,0.1,3.403101e-11,0.0009999999,,11,0.1,2389,78.57722,15.274535,3385.5261,2389,1194.4995,,58.07074089577229,625,3504.4136,-0.1,-118.88748,-134.32927,15.237009,-577.64264,577.64264,0.0009999999
0.0009999999,577.64264,332977.66,0.0014226511,0.9999998,-0.2,,139.3212,138749,0.0009999999,-115.028656,,10389.929029941559,14.946685,-0.1,3.4002537e-11,0.0009999999,,11,0.2,2390,78.57722,15.2741165,3385.4504,2390,1194.9998,,58.05397489539749,625,3504.4746,0.1,-119.02411,-134.3212,15.236807,-577.64264,577.64264,0.0009999999
0.0009999999,577.64264,333098.2,0.30168352,1.0000001,-0.2,,139.31334,138768,0.0009999999,-115.544846,,10395.437475204468,16.87154,0.2,3.39741e-11,0.0009999999,,11,0.1,2391,78.57722,15.273699,3385.4578,2391,1195.5001,,58.03764115432873,625,3504.5354,0.2,-119.07764,-134.31334,15.237411,-577.64264,577.64264,0.0009999999
0.0009999999,577.64264,333228.3,0.29928166,0.9999997,,,139.3095,138801,0.0009999999,-125.12207,,10402.531111955643,14.785744,0.2,3.3945704e-11,0.0009999999,,11,-0.1,2392,78.57722,15.27328,3385.4302,2392,1195.9996,,58.02717391304348,625,3504.5962,0.2,-119.16597,-134.3095,15.237144,-577.64264,577.64264,0.0009999999
0.0009999999,577.64264,333359.0,0.3011763,1.0000004,-0.1,,139.3059,138830,0.0009999999,-125.65324,,10408.961419820786,13.928201,0.2,3.3917338e-11,0.0009999999,,11,0.1,2393,78.57722,15.272862,3385.4072,2393,1196.5005,,58.01504387797743,625,3504.657,0.1,-119.24963,-134.3059,15.236517,-577.64264,577.64264,0.0009999999
0.0009999999,577.64264,333473.78,0.099947244,1.0000004,,,139.29565,138844,0.0009999999,-109.80076,,10415.401124954224,16.94026,0.2,3.388901e-11,0.0009999999,,11,-0.1,2394,78.57722,15.272445,3385.4553,2394,1197.0004,,57.996658312447785,625,3504.7178,,-119.26248,-134.29565,15.237152,-577.64264,577.64264,0.0009999999
0.0009999999,577.64264,333593.22,0.099004924,1.0000004,-0.1,,139.28735,138876,0.0009999999,-114.439674,,10422.358711004257,16.09822,0.1,3.3860716e-11,0.0009999999,,11,0.1,2395,78.57722,15.272027,3385.4983,2395,1197.5005,,57.98580375782881,625,3504.778,,-119.27967,-134.28735,15.237432,-577.64264,577.64264,0.0009999999
0.0009999999,577.64264,333712.8,0.098605044,0.9999997,0.1,,139.27914,138898,0.0009999999,-114.585815,,10429.361497402191,16.997118,0.1,3.3832454e-11,0.0009999999,,11,,2396,78.57722,15.271609,3385.4897,2396,1197.9996,,57.97078464106845,625,3504.8394,-0.1,-119.34971,-134.27914,15.238089,-577.64264,577.64264,0.0009999999
0.0009999999,577.64264,333840.78,-0.09668439,1.0000001,,,139.27441,138943,0.0009999999,-122.962746,,10436.31796002388,11.901949,,3.3804234e-11,0.0009999999,,11,0.1,2397,78.57722,15.271193,3385.4602,2397,1198.5001,,57.965373383395914,625,3504.8997,-0.2,-119.43938,-134.27441,15.236617,-577.64264,577.64264,0.0009999999
0.0009999999,577.64264,333982.6,0.5019101,0.9999998,0.1,,139.27548,138984,0.0009999999,-136.82034,,10443.571660757065,11.743663,0.2,3.377604e-11,0.0009999999,,11,,2398,78.57722,15.270775,3385.475,2398,1198.9998,,57.95829858215179,625,3504.9602,0.2,-119.48518,-134.27548,15.235081,-577.64264,577.64264,0.0009999999
0.0009999999,577.64264,334114.25,0.20187177,0.9999996,0.2,,139.27231,139017,0.0009999999,-126.665146,,10450.432747364044,15.63114,0.2,3.3747893e-11,0.0009999999,,11,-0.1,2399,78.57722,15.270358,3385.3008,2399,1199.4995,,57.947894956231764,625,3505.021,-0.1,-119.72015,-134.27231,15.2351675,-577.64264,577.64264,0.0009999999
0.0009999999,577.64264,334228.72,0.09753889,0.9999996,-0.1,,139.26196,139032,0.0009999999,-109.465515,,10457.19733262062,16.181398,-0.1,3.3719774e-11,0.0009999999,,11,0.2,2400,78.57722,15.269941,3385.053,2400,1199.9995,,57.93,625,3505.0813,0.1,-120.02823,-134.26196,15.235483,-577.64264,577.64264,0.0009999999
0.0009999999,577.64264,334380.22,0.29823214,1.0000002,,,139.26706,139086,0.0009999999,-146.50438,,10463.812621355057,13.028959,0.1,3.3691692e-11,0.0009999999,,11,0.2,2401,78.57722,15.269525,3384.766,2401,1200.5009,,57.928363182007494,625,3505.142,,-120.37609,-134.26706,15.234486,-577.64264,577.64264,0.0009999999
0.0009999999,577.64264,334492.8,-0.30037326,1.0000001,-0.1,,139.25597,139101,0.0009999999,-107.58124,,10470.068017721176,15.243518,0.2,3.3663645e-11,0.0009999999,,11,-0.2,2402,78.57722,15.269109,3384.7854,2402,1201.0001,,57.91049125728559,625,3505.2024,-0.2,-120.41693,-134.25597,15.234411,-577.64264,577.64264,0.0009999999
0.0009999999,577.64264,334599.94,0.102088995,0.9999997,-0.1,,139.24258,139120,0.0009999999,-102.13851,,10476.164940357208,14.769343,0.2,3.363563e-11,0.0009999999,,11,-0.1,2403,78.57722,15.268692,3384.819,2403,1201.4996,,57.894298793175196,625,3505.2632,0.1,-120.44418,-134.24258,15.234141,-577.64264,577.64264,0.0009999999
0.0009999999,577.64264,334736.12,-0.2027893,0.9999999,-0.1,,139.24132,139155,0.0009999999,-131.16336,,10482.71913933754,6.6074586,-0.1,3.360765e-11,0.0009999999,,11,0.1,2404,78.57722,15.268276,3384.8752,2404,1202.0005,,57.88477537437604,625,3505.3237,-0.1,-120.448524,-134.24132,15.230472,-577.64264,577.64264,0.0009999999
0.0009999999,577.64264,334857.66,0.40163642,1.0000004,0.1,,139.23395,139176,0.0009999999,-116.550995,,10489.022140264511,13.582758,0.2,3.3579712e-11,0.0009999999,,11,,2405,78.57722,15.26786,3384.8477,2405,1202.5004,,57.86943866943867,625,3505.384,0.1,-120.53639,-134.23395,15.229704,-577.64264,577.64264,0.0009999999
0.0009999999,577.64264,334982.03,0.0029758662,1.0000002,0.1,,139.22778,139204,0.0009999999,-119.38086,,10495.316563606262,15.048006,-0.2,3.3551804e-11,0.0009999999,,11,-0.1,2406,78.57722,15.267445,3384.8982,2406,1203.0005,,57.857024106400665,625,3505.4446,0.2,-120.54645,-134.22778,15.229549,-577.64264,577.64264,0.0009999999
0.0009999999,577.64264,335099.5,0.4988641,0.9999997,0.1,,139.21873,139220,0.0009999999,-112.483894,,10501.532501220703,14.165221,0.2,3.3523934e-11,0.0009999999,,11,0.1,2407,78.57722,15.267029,3384.936,2407,1203.4996,,57.83963439966764,625,3505.505,0.1,-120.56894,-134.21873,15.2290325,-577.64264,577.64264,0.0009999999
0.0009999999,577.64264,335222.2,0.29763997,1.0000001,0.1,,139.21187,139248,0.0009999999,-117.656654,,10507.714953660965,15.14273,0.1,3.3496098e-11,0.0009999999,,11,0.1,2408,78.57722,15.266614,3384.9507,2408,1204.0001,,57.82724252491694,625,3505.565,,-120.6143,-134.21187,15.228921,-577.64264,577.64264,0.0009999999
0.0009999999,577.64264,335358.44,0.001762487,0.9999998,0.2,,139.21065,139285,0.0009999999,-131.28473,,10514.023751974106,15.677471,0.1,3.3468294e-11,0.0009999999,,11,-0.2,2409,78.57722,15.266198,3384.9263,2409,1204.4998,,57.81859692818597,625,3505.6257,-0.1,-120.69946,-134.21065,15.229027,-577.64264,577.64264,0.0009999999
0.0009999999,577.64264,335487.25,0.100123815,0.9999996,0.1,,139.20633,139311,0.0009999999,-123.804344,,10520.655824661255,16.492748,-0.2,3.3440525e-11,0.0009999999,,11,0.1,2410,78.57722,15.265783,3384.9834,2410,1204.9995,,57.80539419087137,625,3505.6858,0.1,-120.70227,-134.20633,15.229473,-577.64264,577.64264,0.0009999999
0.0009999999,577.64264,335600.47,0.20230928,0.9999996,0.2,,139.19556,139326,0.0009999999,-108.20878,,10527.132415771484,16.130783,-0.1,3.341279e-11,0.0009999999,,11,,2411,78.57722,15.265368,3384.9832,2411,1205.4995,,57.78763998340937,625,3505.7463,0.1,-120.7633,-134.19556,15.229769,-577.64264,577.64264,0.0009999999
0.0009999999,577.64264,335716.16,-0.5009733,0.9999998,-0.2,,139.1858,139341,0.0009999999,-110.691765,,10533.412596702576,13.037,-0.2,3.338509e-11,0.0009999999,,11,-0.1,2412,78.57722,15.264954,3385.0083,2412,1205.9998,,57.76990049751244,625,3505.8064,,-120.79804,-134.1858,15.22878,-577.64264,577.64264,0.0009999999
0.0009999999,577.64264,335844.4,-0.10409345,0.9999996,0.1,,139.18127,139368,0.0009999999,-123.24725,,10539.679753780365,15.637045,-0.2,3.3357424e-11,0.0009999999,,11,-0.2,2413,78.57722,15.26454,3385.0671,2413,1206.5001,,57.75714877745545,625,3505.8667,0.2,-120.79963,-134.18127,15.228871,-577.64264,577.64264,0.0009999999
0.0009999999,577.64264,335976.62,-0.2985794,1.0000002,-0.2,,139.17839,139401,0.0009999999,-127.214165,,10545.661497354507,9.585176,0.2,3.3329794e-11,0.0009999999,,11,-0.1,2414,78.57722,15.264125,3384.9937,2414,1207.0007,,57.74689312344656,625,3505.9268,-0.2,-120.93315,-134.17839,15.226456,-577.64264,577.64264,0.0009999999
0.0009999999,577.64264,336083.53,0.302374,1.0000004,0.1,,139.16502,139422,0.0009999999,-101.90505,,10551.447754621506,16.189247,-0.2,3.33022e-11,0.0009999999,,11,0.2,2415,78.57722,15.263711,3385.0376,2415,1207.5005,,57.73167701863354,625,3505.9873,0.2,-120.94965,-134.16502,15.226776,-577.64264,577.64264,0.0009999999
0.0009999999,577.64264,336197.06,0.09786299,1.0000004,-0.2,,139.15442,139442,0.0009999999,-108.52875,,10557.251549720764,14.242127,0.2,3.3274637e-11,0.0009999999,,11,,2416,78.57722,15.263297,3385.0493,2416,1208.0004,,57.716059602649004,625,3506.0474,0.1,-120.99816,-134.15442,15.226291,-577.64264,577.64264,0.0009999999
0.0009999999,577.64264,336323.6,-0.20027578,1.0000004,,,139.14919,139466,0.0009999999,-121.529495,,10562.999596834183,15.6860895,-0.2,3.3247106e-11,0.0009999999,,11,-0.1,2417,78.57722,15.262883,3385.0784,2417,1208.5004,,57.70211005378569,625,3506.1074,0.1,-121.029144,-134.14919,15.226404,-577.64264,577.64264,0.0009999999
0.0009999999,577.64264,336444.56,-0.30297244,0.9999996,-0.1,,139.14168,139491,0.0009999999,-115.95597,,10568.722027540207,15.547415,-0.1,3.3219615e-11,0.0009999999,,11,,2418,78.57722,15.262469,3385.13,2418,1208.9995,,57.688585607940446,625,3506.1675,-0.1,-121.03753,-134.14168,15.226456,-577.64264,577.64264,0.0009999999
0.0009999999,577.64264,336573.44,0.30331668,1.0,0.1,,139.13742,139522,0.0009999999,-123.89293,,10574.500524520874,15.087299,,3.3192154e-11,0.0009999999,,11,0.2,2419,78.57722,15.262056,3385.184,2419,1209.5,,57.67755270773047,625,3506.2275,,-121.043434,-134.13742,15.22632,-577.64264,577.64264,0.0009999999
0.0009999999,577.64264,336699.38,0.59911376,0.9999997,0.1,,139.13197,139547,0.0009999999,-120.91836,,10580.449542284012,13.7708845,0.2,3.3164728e-11,0.0009999999,,11,0.1,2420,78.57722,15.261642,3385.2004,2420,1209.9996,,57.66404958677686,625,3506.2876,0.2,-121.087166,-134.13197,15.225641,-577.64264,577.64264,0.0009999999
0.0009999999,577.64264,336825.66,0.098712504,1.0,0.2,,139.12666,139574,0.0009999999,-121.279854,,10586.08162856102,15.713174,0.2,3.3137333e-11,0.0009999999,,11,-0.2,2421,78.57722,15.2612295,3385.1548,2421,1210.5005,,57.65138372573317,625,3506.3477,-0.1,-121.192795,-134.12666,15.225769,-577.64264,577.64264,0.0009999999
0.0009999999,577.64264,336949.06,-0.10221091,1.0,0.2,,139.12018,139598,0.0009999999,-118.43069,,10591.810693502426,13.940586,-0.1,3.310998e-11,0.0009999999,,11,-0.1,2422,78.57722,15.260817,3385.1995,2422,1211.0005,,57.637489677952104,625,3506.4075,-0.1,-121.20799,-134.12018,15.225156,-577.64264,577.64264,0.0009999999
0.0009999999,577.64264,337063.56,0.50074255,0.9999996,0.2,,139.11002,139614,0.0009999999,-109.480705,,10599.273411035538,14.886036,0.2,3.3082655e-11,0.0009999999,,11,0.1,2423,78.57722,15.260404,3385.2168,2423,1211.4995,,57.62030540652084,625,3506.4678,,-121.2511,-134.11002,15.224939,-577.64264,577.64264,0.0009999999
0.0009999999,577.64264,337174.56,0.2977361,0.9999999,-0.1,,139.09842,139630,0.0009999999,-106.02437,,10606.02197933197,17.174673,0.1,3.3055364e-11,0.0009999999,,11,0.2,2424,78.57722,15.259991,3385.1833,2424,1211.9999,,57.603135313531354,625,3506.5276,0.1,-121.34414,-134.09842,15.225665,-577.64264,577.64264,0.0009999999
0.0009999999,577.64264,337337.0,-0.30319202,0.9999999,-0.2,,139.10805,139695,0.0009999999,-157.41878,,10611.78086924553,14.728359,-0.2,3.3028108e-11,0.0009999999,,11,,2425,78.57722,15.259579,3385.2048,2425,1212.5005,,57.60618556701031,625,3506.5876,0.1,-121.38286,-134.10805,15.22538,-577.64264,577.64264,0.0009999999
0.0009999999,577.64264,337458.5,0.39936578,0.9999996,0.1,,139.10078,139715,0.0009999999,-116.509735,,10619.270494222641,14.597479,,3.3000887e-11,0.0009999999,,11,0.2,2426,78.57722,15.259167,3385.2637,2426,1213.0001,,57.59068425391591,625,3506.6475,0.1,-121.38387,-134.10078,15.225046,-577.64264,577.64264,0.0009999999
0.0009999999,577.64264,337600.8,0.100318946,1.0000004,,,139.10211,139755,0.0009999999,-137.32841,,10625.771231412888,14.038305,-0.1,3.2973693e-11,0.0009999999,,11,0.2,2427,78.57722,15.258755,3385.2986,2427,1213.5011,,57.58343634116193,625,3506.7075,,-121.40884,-134.10211,15.22448,-577.64264,577.64264,0.0009999999
0.0009999999,577.64264,337724.0,0.6018507,1.0,0.2,,139.09555,139781,0.0009999999,-118.18162,,10632.621074438095,16.382883,0.1,3.2946538e-11,0.0009999999,,11,0.2,2428,78.57722,15.258343,3385.2847,2428,1214.0,,57.570428336079075,625,3506.7673,0.1,-121.48274,-134.09555,15.224876,-577.64264,577.64264,0.0009999999
0.0009999999,577.64264,337856.2,0.00032707304,1.0000002,-0.1,,139.09271,139815,0.0009999999,-127.19753,,10639.564636707306,11.415541,0.2,3.2919417e-11,0.0009999999,,11,-0.2,2429,78.57722,15.257931,3385.1936,2429,1214.5002,,57.560724578015645,625,3506.8274,0.1,-121.6338,-134.09271,15.223233,-577.64264,577.64264,0.0009999999
0.0009999999,577.64264,337988.44,-0.19969389,0.9999996,0.1,,139.08989,139844,0.0009999999,-127.232994,,10646.073348999023,16.131819,-0.2,3.289233e-11,0.0009999999,,11,-0.2,2430,78.57722,15.257519,3385.2305,2430,1214.9995,,57.54897119341564,625,3506.8867,0.1,-121.6562,-134.08989,15.223529,-577.64264,577.64264,0.0009999999
0.0009999999,577.64264,338112.75,0.397754,1.0000002,0.1,,139.08382,139869,0.0009999999,-119.29672,,10652.806413888931,16.755617,-0.1,3.2865276e-11,0.0009999999,,11,0.2,2431,78.57722,15.257108,3385.243,2431,1215.5002,,57.53558206499383,625,3506.9468,0.2,-121.703926,-134.08382,15.224078,-577.64264,577.64264,0.0009999999
0.0009999999,577.64264,338228.25,-0.19845924,1.0,0.2,,139.07411,139885,0.0009999999,-110.50738,,10659.182369232178,16.444817,-0.1,3.2838253e-11,0.0009999999,,11,-0.2,2432,78.57722,15.256697,3385.1523,2432,1216.0,,57.518503289473685,625,3507.006,-0.1,-121.853874,-134.07411,15.2245035,-577.64264,577.64264,0.0009999999
0.0009999999,577.64264,338370.06,-0.40258932,0.9999999,-0.1,,139.07524,139926,0.0009999999,-136.8059,,10665.778064489365,13.964557,,3.2811264e-11,0.0009999999,,11,-0.2,2433,78.57722,15.256285,3385.1719,2433,1216.4999,,57.511713933415535,625,3507.0662,-0.1,-121.89428,-134.07524,15.223908,-577.64264,577.64264,0.0009999999
0.0009999999,577.64264,338455.8,-0.10161288,0.9999995,-0.2,,139.05333,140426,0.0009999999,-80.73704,,10672.955683231354,15.262234,-0.1,3.2784307e-11,0.0009999999,,11,,2434,78.57722,15.255875,3385.1519,2434,1217.0,,57.69350862777321,625,3507.1257,0.2,-121.97394,-134.05333,15.22385,-577.64264,577.64264,0.0009999999
0.0009999999,577.64264,338569.12,0.0032075779,1.0000004,-0.1,,139.04276,140442,0.0009999999,-108.34575,,10679.2069003582,14.760161,0.2,3.2757387e-11,0.0009999999,,11,-0.1,2435,78.57722,15.255464,3385.179,2435,1217.5004,,57.676386036960984,625,3507.1858,,-122.00679,-134.04276,15.22358,-577.64264,577.64264,0.0009999999
0.0009999999,577.64264,338699.62,0.39672518,0.9999998,0.1,,139.03926,140471,0.0009999999,-125.46652,,10685.071031332016,13.684373,0.1,3.2730495e-11,0.0009999999,,11,,2436,78.57722,15.255053,3385.1987,2436,1217.9998,,57.664614121510674,625,3507.245,0.2,-122.04646,-134.03926,15.222871,-577.64264,577.64264,0.0009999999
0.0009999999,577.64264,338850.3,0.29699284,1.0000004,-0.2,,139.04404,140521,0.0009999999,-145.68178,,10691.320472955704,12.452175,0.1,3.2703642e-11,0.0009999999,,11,0.2,2437,78.57722,15.2546425,3385.1838,2437,1218.5005,,57.66146901928601,625,3507.305,0.2,-122.121124,-134.04404,15.221655,-577.64264,577.64264,0.0009999999
0.0009999999,577.64264,338976.94,-0.20333274,0.9999997,-0.2,,139.03894,140550,0.0009999999,-121.6315,,10697.950551986694,15.948784,-0.1,3.267682e-11,0.0009999999,,11,0.1,2438,78.57722,15.254232,3385.2,2438,1219.0002,,57.64971287940935,625,3507.3643,,-122.164246,-134.03894,15.221877,-577.64264,577.64264,0.0009999999
0.0009999999,577.64264,339095.72,0.2977639,1.0000002,0.1,,139.03064,140570,0.0009999999,-113.78591,,10704.499008178711,15.768482,0.2,3.265003e-11,0.0009999999,,11,-0.1,2439,78.57722,15.253822,3385.2556,2439,1219.5002,,57.63427634276343,625,3507.4238,0.1,-122.1681,-134.03064,15.22202,-577.64264,577.64264,0.0009999999
0.0009999999,577.64264,339223.12,0.5015353,0.9999998,0.2,,139.02586,140595,0.0009999999,-122.42205,,10711.072747707367,14.866575,0.2,3.2623272e-11,0.0009999999,,11,-0.1,2440,78.57722,15.253412,3385.271,2440,1220.0004,,57.62090163934426,625,3507.4834,0.2,-122.212296,-134.02586,15.221802,-577.64264,577.64264,0.0009999999
0.0009999999,577.64264,339353.12,0.10192932,0.9999997,0.2,,139.02217,140624,0.0009999999,-124.96795,,10717.463016748428,16.284117,-0.1,3.2596547e-11,0.0009999999,,11,-0.1,2441,78.57722,15.253002,3385.293,2441,1220.4996,,57.60917656698074,625,3507.543,0.1,-122.24998,-134.02217,15.222158,-577.64264,577.64264,0.0009999999
0.0009999999,577.64264,339492.3,-0.50049907,1.0000002,-0.1,,139.02225,140665,0.0009999999,-134.19278,,10723.960690021515,16.585196,-0.2,3.2569857e-11,0.0009999999,,11,-0.2,2442,78.57722,15.252593,3385.324,2442,1221.0002,,57.6023751023751,625,3507.6025,,-122.278496,-134.02225,15.22264,-577.64264,577.64264,0.0009999999
0.0009999999,577.64264,339615.12,-0.0008439794,0.9999999,-0.1,,139.01561,140690,0.0009999999,-117.81287,,10730.022585868835,15.413773,-0.1,3.2543197e-11,0.0009999999,,11,0.1,2443,78.57722,15.252183,3385.3606,2443,1221.4999,,57.58902988129349,625,3507.6619,0.1,-122.30129,-134.01561,15.22264,-577.64264,577.64264,0.0009999999
0.0009999999,577.64264,339735.72,-0.69744325,0.9999998,-0.2,,139.00807,140709,0.0009999999,-115.61916,,10735.99211359024,16.704578,-0.2,3.2516573e-11,0.0009999999,,11,-0.2,2444,78.57722,15.251774,3385.3662,2444,1221.9998,,57.573240589198036,625,3507.7212,-0.1,-122.35497,-134.00807,15.223167,-577.64264,577.64264,0.0009999999
0.0009999999,577.64264,339853.8,-0.099084795,0.9999998,0.2,,138.99951,140770,0.0009999999,-113.115715,,10741.873636245728,14.639267,,3.248998e-11,0.0009999999,,11,-0.1,2445,78.57722,15.251365,3385.3787,2445,1222.4998,,57.574642126789364,625,3507.781,-0.2,-122.402374,-133.99951,15.222855,-577.64264,577.64264,0.0009999999
0.0009999999,577.64264,339962.94,-0.29927212,1.0,-0.2,,138.9873,140828,0.0009999999,-104.11169,,10747.620423793793,16.076754,-0.2,3.2463417e-11,0.0009999999,,11,-0.1,2446,78.57722,15.250957,3385.2705,2446,1223.0,,57.574816026165166,625,3507.84,0.2,-122.56966,-133.9873,15.223125,-577.64264,577.64264,0.0009999999
0.0009999999,577.64264,340082.28,-0.10332127,1.0,,,138.97928,140847,0.0009999999,-114.33681,,10753.874500274658,15.0835285,-0.2,3.243689e-11,0.0009999999,,11,-0.1,2447,78.57722,15.250547,3385.2937,2447,1223.5005,,57.559051900286065,625,3507.8994,0.2,-122.60583,-133.97928,15.22299,-577.64264,577.64264,0.0009999999
0.0009999999,577.64264,340208.4,0.29876265,1.0,0.2,,138.97403,140874,0.0009999999,-121.12557,,10759.903113603592,14.337624,-0.1,3.2410394e-11,0.0009999999,,11,,2448,78.57722,15.250139,3385.2864,2448,1224.0,,57.54656862745098,625,3507.9587,0.2,-122.672295,-133.97403,15.222554,-577.64264,577.64264,0.0009999999
0.0009999999,577.64264,340335.22,0.0003059432,0.9999998,0.1,,138.96906,140900,0.0009999999,-121.80692,,10765.76612329483,17.03368,0.1,3.238393e-11,0.0009999999,,11,-0.1,2449,78.57722,15.24973,3385.1965,2449,1224.4998,,57.533687219273176,625,3508.018,-0.1,-122.82164,-133.96906,15.223214,-577.64264,577.64264,0.0009999999
0.0009999999,577.64264,340473.16,0.40342307,0.9999997,0.2,,138.96863,140937,0.0009999999,-132.93524,,10771.48601102829,16.52295,0.2,3.2357502e-11,0.0009999999,,11,-0.1,2450,78.57722,15.249322,3385.1145,2450,1224.9996,,57.52530612244898,625,3508.0771,0.1,-122.96275,-133.96863,15.223667,-577.64264,577.64264,0.0009999999
0.0009999999,577.64264,340598.66,0.001171645,0.9999998,0.2,,138.96313,140960,0.0009999999,-120.48496,,10777.017362356186,15.498713,-0.1,3.2331107e-11,0.0009999999,,11,-0.1,2451,78.57722,15.248914,3385.1606,2451,1225.4998,,57.51121991024072,625,3508.1365,,-122.9758,-133.96313,15.223703,-577.64264,577.64264,0.0009999999
0.0009999999,577.64264,340767.5,-0.09434368,1.0000001,-0.2,,138.97533,141028,0.0009999999,-163.8596,,10782.747814655304,16.510609,-0.1,3.230474e-11,0.0009999999,,11,0.1,2452,78.57722,15.248507,3385.101,2452,1226.0001,,57.515497553017944,625,3508.196,0.1,-123.09487,-133.97533,15.224151,-577.64264,577.64264,0.0009999999
0.0009999999,577.64264,340883.2,0.19863719,1.0,-0.2,,138.96584,141045,0.0009999999,-110.69895,,10788.78217959404,11.551732,0.1,3.2278402e-11,0.0009999999,,11,0.1,2453,78.57722,15.248098,3385.151,2453,1226.5006,,57.49898083978802,625,3508.255,0.2,-123.104,-133.96584,15.222575,-577.64264,577.64264,0.0009999999
0.0009999999,577.64264,341016.44,0.00058797,1.0000001,0.1,,138.9635,141077,0.0009999999,-128.22897,,10795.934262990952,14.736964,0.2,3.22521e-11,0.0009999999,,11,-0.2,2454,78.57722,15.247691,3385.0874,2454,1227.0001,,57.48859005704971,625,3508.3147,-0.1,-123.22737,-133.9635,15.222302,-577.64264,577.64264,0.0009999999
0.0009999999,577.64264,341131.7,0.3993502,1.0000004,0.1,,138.95384,141104,0.0009999999,-110.25756,,10802.10154223442,16.81022,0.2,3.222583e-11,0.0009999999,,11,-0.1,2455,78.57722,15.247283,3385.0464,2455,1227.5011,,57.47617107942973,625,3508.3735,0.2,-123.32711,-133.95384,15.222871,-577.64264,577.64264,0.0009999999
0.0009999999,577.64264,341248.25,-0.3003732,0.9999999,-0.1,,138.94473,141121,0.0009999999,-111.54067,,10808.665194272995,16.683313,-0.2,3.2199597e-11,0.0009999999,,11,-0.2,2456,78.57722,15.246876,3385.042,2456,1227.9999,,57.45969055374593,625,3508.4329,0.2,-123.39087,-133.94473,15.223388,-577.64264,577.64264,0.0009999999
0.0009999999,577.64264,341381.3,0.100382075,1.0,0.1,,138.94234,141152,0.0009999999,-128.08849,,10815.774261713028,16.460175,,3.217339e-11,0.0009999999,,11,,2457,78.57722,15.2464695,3385.0786,2457,1228.5,,57.448921448921446,625,3508.492,,-123.41326,-133.94234,15.223815,-577.64264,577.64264,0.0009999999
0.0009999999,577.64264,341515.12,0.4975312,1.0000002,0.2,,138.94025,141190,0.0009999999,-128.8207,,10823.1713180542,14.571847,,3.2147215e-11,0.0009999999,,11,0.2,2458,78.57722,15.246062,3385.0698,2458,1229.0004,,57.441008950366154,625,3508.5513,0.1,-123.48157,-133.94025,15.2234745,-577.64264,577.64264,0.0009999999
0.0009999999,577.64264,341635.3,-0.102004394,0.9999998,-0.1,,138.93262,141210,0.0009999999,-115.16299,,10830.142345666885,11.386832,,3.2121077e-11,0.0009999999,,11,0.1,2459,78.57722,15.245655,3384.803,2459,1229.4998,,57.42578283855226,625,3508.6099,-0.1,-123.80683,-133.93262,15.221836,-577.64264,577.64264,0.0009999999
0.0009999999,577.64264,341767.0,-0.10236991,1.0,0.2,,138.92967,141303,0.0009999999,-126.7202,,10836.96376824379,14.388735,-0.2,3.2094966e-11,0.0009999999,,11,-0.2,2460,78.57722,15.245249,3384.7598,2460,1230.0006,,57.44024390243902,625,3508.669,0.1,-123.90907,-133.92967,15.221422,-577.64264,577.64264,0.0009999999
0.0009999999,577.64264,341887.62,-0.29805398,0.9999994,0.1,,138.92224,141322,0.0009999999,-115.60251,,10843.85425901413,14.276968,-0.1,3.206889e-11,0.0009999999,,11,-0.2,2461,78.57722,15.244843,3384.772,2461,1230.4993,,57.424624136529864,625,3508.728,-0.1,-123.95614,-133.92224,15.220961,-577.64264,577.64264,0.0009999999
0.0009999999,577.64264,342014.8,-0.00087322725,0.9999998,-0.1,,138.91747,141373,0.0009999999,-122.17252,,10850.55777835846,14.398766,,3.204284e-11,0.0009999999,,11,0.1,2462,78.57722,15.244436,3384.812,2462,1231.0004,,57.422014622258324,625,3508.787,,-123.97514,-133.91747,15.220548,-577.64264,577.64264,0.0009999999
0.0009999999,577.64264,342188.62,0.39847943,0.9999996,0.2,,138.93164,141450,0.0009999999,-168.84299,,10857.497793197632,15.668077,0.1,3.201683e-11,0.0009999999,,11,,2463,78.57722,15.24403,3384.8025,2463,1231.4995,,57.4299634591961,625,3508.8457,0.1,-124.043304,-133.93164,15.2206545,-577.64264,577.64264,0.0009999999
0.0009999999,577.64264,342328.44,0.19960937,0.9999999,-0.1,,138.93199,141488,0.0009999999,-134.78712,,10864.196630001068,16.285606,,3.199085e-11,0.0009999999,,11,0.2,2464,78.57722,15.243624,3384.58,2464,1231.9999,,57.422077922077925,625,3508.905,0.1,-124.325005,-133.93199,15.221012,-577.64264,577.64264,0.0009999999
0.0009999999,577.64264,342461.25,0.60161036,1.0000004,0.1,,138.92952,141520,0.0009999999,-127.80891,,10870.50137758255,16.837772,0.1,3.19649e-11,0.0009999999,,11,0.2,2465,78.57722,15.243218,3384.2905,2465,1232.5005,,57.411764705882355,625,3508.9634,0.2,-124.67294,-133.92952,15.22159,-577.64264,577.64264,0.0009999999
0.0009999999,577.64264,342578.28,-0.20348272,0.9999996,0.1,,138.92064,141538,0.0009999999,-112.03504,,10876.6395611763,14.732531,0.1,3.193898e-11,0.0009999999,,11,-0.2,2466,78.57722,15.242813,3384.2588,2466,1233.0001,,57.39578264395783,625,3509.023,-0.2,-124.76419,-133.92064,15.221316,-577.64264,577.64264,0.0009999999
0.0009999999,577.64264,342706.47,0.20284411,1.0,0.2,,138.91628,141577,0.0009999999,-123.20024,,10883.401084899902,14.721282,-0.1,3.1913094e-11,0.0009999999,,11,-0.1,2467,78.57722,15.242408,3384.1807,2467,1233.5,,57.38832590190515,625,3509.0818,0.2,-124.90112,-133.91628,15.221036,-577.64264,577.64264,0.0009999999
0.0009999999,577.64264,342853.2,-0.00200164,1.0,0.1,,138.91945,141621,0.0009999999,-141.70343,,10889.937515974045,15.370768,-0.1,3.1887236e-11,0.0009999999,,11,,2468,78.57722,15.2420025,3384.2156,2468,1234.0,,57.38290113452188,625,3509.1406,,-124.925095,-133.91945,15.22102,-577.64264,577.64264,0.0009999999
0.0009999999,577.64264,342990.28,-0.097885676,1.0000002,-0.1,,138.9187,141667,0.0009999999,-132.11241,,10896.500172138214,14.181624,-0.1,3.186141e-11,0.0009999999,,11,,2469,78.57722,15.241597,3384.2134,2469,1234.5002,,57.37829080599433,625,3509.1992,0.1,-124.985725,-133.9187,15.220522,-577.64264,577.64264,0.0009999999
0.0009999999,577.64264,343113.44,-0.3947842,0.9999996,-0.1,,138.91232,141688,0.0009999999,-118.142365,,10902.909831285477,15.47791,-0.2,3.1835617e-11,0.0009999999,,11,-0.2,2470,78.57722,15.241192,3384.2393,2470,1234.9995,,57.36356275303644,625,3509.258,0.1,-125.01875,-133.91232,15.220552,-577.64264,577.64264,0.0009999999
0.0009999999,577.64264,343241.97,0.1013426,1.0000002,0.1,,138.90813,141715,0.0009999999,-123.53391,,10909.057616710663,13.543261,-0.1,3.1809853e-11,0.0009999999,,11,-0.1,2471,78.57722,15.2407875,3384.253,2471,1235.5002,,57.35127478753541,625,3509.3171,0.2,-125.06422,-133.90813,15.219793,-577.64264,577.64264,0.0009999999
0.0009999999,577.64264,343364.5,0.395581,1.0000004,-0.1,,138.90149,141736,0.0009999999,-117.517654,,10915.151494503021,16.252144,0.1,3.1784124e-11,0.0009999999,,11,0.2,2472,78.57722,15.240382,3384.2673,2472,1236.0011,,57.336569579288025,625,3509.3755,0.2,-125.108086,-133.90149,15.220138,-577.64264,577.64264,0.0009999999
0.0009999999,577.64264,343504.03,-0.10250438,0.9999998,-0.1,,138.90175,141776,0.0009999999,-134.53226,,10921.188628911972,14.157923,0.2,3.1758422e-11,0.0009999999,,11,-0.2,2473,78.57722,15.239978,3384.102,2473,1236.4998,,57.32955923978973,625,3509.4343,,-125.33216,-133.90175,15.219631,-577.64264,577.64264,0.0009999999
0.0009999999,577.64264,343632.2,0.29998767,1.0000004,0.2,,138.89742,141806,0.0009999999,-123.1504,,10927.495146036148,15.310457,0.1,3.1732755e-11,0.0009999999,,11,,2474,78.57722,15.2395735,3384.1165,2474,1237.0011,,57.31851253031528,625,3509.4927,,-125.37614,-133.89742,15.21959,-577.64264,577.64264,0.0009999999
0.0009999999,577.64264,343749.5,0.0012844577,1.0000002,,,138.88869,141823,0.0009999999,-112.34228,,10933.928349494934,16.363924,-0.1,3.170712e-11,0.0009999999,,11,,2475,78.57722,15.23917,3383.9333,2475,1237.5002,,57.30222222222222,625,3509.5518,0.1,-125.61831,-133.88869,15.2199745,-577.64264,577.64264,0.0009999999
0.0009999999,577.64264,343885.25,0.29741737,0.9999996,-0.1,,138.88742,141862,0.0009999999,-130.75478,,10940.046845912933,14.853507,0.1,3.168151e-11,0.0009999999,,11,0.1,2476,78.57722,15.238766,3383.828,2476,1237.9995,,57.294830371567045,625,3509.61,0.2,-125.78229,-133.88742,15.219753,-577.64264,577.64264,0.0009999999
0.0009999999,577.64264,344033.56,0.09958723,1.0000002,-0.1,,138.89122,141916,0.0009999999,-143.32912,,10946.020378351212,16.0302,-0.1,3.165594e-11,0.0009999999,,11,0.1,2477,78.57722,15.238362,3383.688,2477,1238.5002,,57.293500201857086,625,3509.669,0.2,-125.98095,-133.89122,15.220004,-577.64264,577.64264,0.0009999999
0.0009999999,577.64264,344163.25,-0.4028686,1.0000004,,,138.88751,141943,0.0009999999,-124.65958,,10951.743468284607,15.734913,-0.1,3.1630393e-11,0.0009999999,,11,-0.2,2478,78.57722,15.237958,3383.6882,2478,1239.0011,,57.28127522195319,625,3509.7275,-0.1,-126.03932,-133.88751,15.220134,-577.64264,577.64264,0.0009999999
0.0009999999,577.64264,344320.38,0.3969619,0.9999999,0.1,,138.89487,142000,0.0009999999,-152.13165,,10957.628384590149,14.791665,0.1,3.160488e-11,0.0009999999,,11,0.1,2479,78.57722,15.237555,3383.7446,2479,1239.4999,,57.2811617587737,625,3509.786,0.1,-126.0413,-133.89487,15.219886,-577.64264,577.64264,0.0009999999
0.0009999999,577.64264,344476.3,0.20217016,1.0,0.1,,138.90173,142061,0.0009999999,-150.93872,,10963.664646148682,15.824196,0.2,3.15794e-11,0.0009999999,,11,-0.2,2480,78.57722,15.237152,3383.7861,2480,1240.0,,57.28266129032258,625,3509.8445,0.1,-126.05832,-133.90173,15.220053,-577.64264,577.64264,0.0009999999
0.0009999999,577.64264,344596.66,0.101551294,1.0000002,0.1,,138.89426,142081,0.0009999999,-115.31956,,10969.37645149231,15.032016,-0.1,3.1553943e-11,0.0009999999,,11,,2481,78.57722,15.236749,3383.828,2481,1240.5002,,57.26763401854091,625,3509.9028,0.1,-126.07504,-133.89426,15.219899,-577.64264,577.64264,0.0009999999
0.0009999999,577.64264,344722.3,-0.20259294,0.9999997,-0.1,,138.88893,142105,0.0009999999,-120.66205,,10975.006998062134,15.361342,-0.1,3.1528523e-11,0.0009999999,,11,-0.1,2482,78.57722,15.236345,3383.8318,2482,1240.9996,,57.25423045930701,625,3509.9617,0.1,-126.12977,-133.88893,15.219887,-577.64264,577.64264,0.0009999999
0.0009999999,577.64264,344871.72,-0.20164141,1.0000002,-0.2,,138.89316,142151,0.0009999999,-144.42236,,10980.754725694656,15.181185,0.1,3.1503133e-11,0.0009999999,,11,,2483,78.57722,15.235943,3383.879,2483,1241.5004,,57.249697946033024,625,3510.02,-0.1,-126.141235,-133.89316,15.2197895,-577.64264,577.64264,0.0009999999
0.0009999999,577.64264,344981.12,0.2966514,1.0000001,-0.1,,138.88129,142168,0.0009999999,-104.40225,,10986.914413690567,15.359415,0.2,3.1477772e-11,0.0009999999,,11,,2484,78.57722,15.23554,3383.8728,2484,1242.0001,,57.23349436392915,625,3510.0786,0.2,-126.205894,-133.88129,15.219772,-577.64264,577.64264,0.0009999999
0.0009999999,577.64264,345112.84,0.10236187,1.0,0.2,,138.8784,142198,0.0009999999,-126.718124,,10994.170490264893,15.091839,,3.145244e-11,0.0009999999,,11,,2485,78.57722,15.235138,3383.927,2485,1242.5,,57.222535211267605,625,3510.1367,-0.1,-126.20961,-133.8784,15.219643,-577.64264,577.64264,0.0009999999
0.0009999999,577.64264,345243.44,-0.40152723,1.0000002,,,138.87508,142227,0.0009999999,-125.61634,,11001.114292621613,14.361259,-0.1,3.1427142e-11,0.0009999999,,11,-0.1,2486,78.57722,15.2347355,3383.9705,2486,1243.0002,,57.21118262268705,625,3510.1953,-0.2,-126.22477,-133.87508,15.21922,-577.64264,577.64264,0.0009999999
0.0009999999,577.64264,345353.06,0.39823633,1.0,0.2,,138.86331,142242,0.0009999999,-104.59588,,11008.216393470764,15.189852,,3.1401874e-11,0.0009999999,,11,0.1,2487,78.57722,15.234333,3384.0078,2487,1243.5005,,57.19420989143546,625,3510.2537,0.1,-126.24583,-133.86331,15.219135,-577.64264,577.64264,0.0009999999
0.0009999999,577.64264,345488.44,0.20335938,0.9999999,0.1,,138.86191,142280,0.0009999999,-130.41112,,11015.478962421417,15.164315,-0.1,3.1376637e-11,0.0009999999,,11,,2488,78.57722,15.233931,3383.844,2488,1243.9999,,57.18649517684887,625,3510.312,0.2,-126.46796,-133.86191,15.219037,-577.64264,577.64264,0.0009999999
0.0009999999,577.64264,345620.1,0.0011218786,0.9999996,-0.2,,138.85902,142309,0.0009999999,-126.63585,,11022.21132683754,13.155468,0.2,3.1351432e-11,0.0009999999,,11,-0.1,2489,78.57722,15.233529,3383.8828,2489,1244.4995,,57.17517075130574,625,3510.3704,0.1,-126.48767,-133.85902,15.218133,-577.64264,577.64264,0.0009999999
0.0009999999,577.64264,345747.8,-0.0010869496,1.0000002,-0.2,,138.85454,142334,0.0009999999,-122.73948,,11028.917507648468,16.244368,0.1,3.1326254e-11,0.0009999999,,11,0.1,2490,78.57722,15.233128,3383.814,2490,1245.0004,,57.16224899598394,625,3510.4287,,-126.614784,-133.85454,15.218468,-577.64264,577.64264,0.0009999999
0.0009999999,577.64264,345859.62,0.29775748,1.0000002,0.1,,138.84369,142352,0.0009999999,-106.813225,,11035.906984090805,15.435679,-0.1,3.1301108e-11,0.0009999999,,11,0.1,2491,78.57722,15.232726,3383.7993,2491,1245.5004,,57.146527498996385,625,3510.487,0.2,-126.6878,-133.84369,15.218477,-577.64264,577.64264,0.0009999999
0.0009999999,577.64264,345982.62,0.50360054,1.0000004,0.2,,138.83733,142375,0.0009999999,-117.97571,,11042.991637706757,16.026691,,3.127599e-11,0.0009999999,,11,0.1,2492,78.57722,15.232325,3383.8152,2492,1246.0005,,57.13282504012841,625,3510.5452,0.2,-126.729935,-133.83733,15.218726,-577.64264,577.64264,0.0009999999
0.0009999999,577.64264,346111.38,0.09687093,0.9999998,-0.1,,138.83328,142401,0.0009999999,-123.754944,,11049.642634630203,15.140844,0.2,3.1250905e-11,0.0009999999,,11,-0.2,2493,78.57722,15.231923,3383.8586,2493,1246.4998,,57.120336943441636,625,3510.6035,0.2,-126.74481,-133.83328,15.218621,-577.64264,577.64264,0.0009999999
0.0009999999,577.64264,346252.66,-0.00045230985,1.0000002,,,138.83426,142447,0.0009999999,-136.26044,,11056.499065876007,15.475699,-0.1,3.122585e-11,0.0009999999,,11,-0.1,2494,78.57722,15.231523,3383.908,2494,1247.0002,,57.1158781074579,625,3510.6619,0.2,-126.7538,-133.83426,15.218648,-577.64264,577.64264,0.0009999999
0.0009999999,577.64264,346386.75,-0.20200314,0.9999999,,,138.83237,142478,0.0009999999,-129.09917,,11063.382354736328,12.6168165,-0.1,3.1200823e-11,0.0009999999,,11,-0.1,2495,78.57722,15.231121,3383.9482,2495,1247.4999,,57.10541082164329,625,3510.72,,-126.77169,-133.83237,15.217528,-577.64264,577.64264,0.0009999999
0.0009999999,577.64264,346525.8,-0.09966908,0.9999997,,,138.83246,142514,0.0009999999,-134.08679,,11069.77972149849,16.291922,0.2,3.117583e-11,0.0009999999,,11,-0.2,2496,78.57722,15.2307205,3383.9758,2496,1247.9996,,57.09695512820513,625,3510.7783,-0.1,-126.802505,-133.83246,15.217885,-577.64264,577.64264,0.0009999999
0.0009999999,577.64264,346652.5,0.0028858671,0.9999997,-0.1,,138.82759,142542,0.0009999999,-121.67393,,11076.065795183182,16.94039,0.1,3.1150863e-11,0.0009999999,,11,,2497,78.57722,15.23032,3384.03,2497,1248.4996,,57.0853023628354,625,3510.836,,-126.80597,-133.82759,15.218496,-577.64264,577.64264,0.0009999999
0.0009999999,577.64264,346785.72,-0.20226109,0.9999998,-0.1,,138.82535,142572,0.0009999999,-128.20341,,11082.349271297455,14.914386,-0.2,3.1125925e-11,0.0009999999,,11,-0.1,2498,78.57722,15.229919,3384.0881,2498,1248.9998,,57.074459567654124,625,3510.8943,0.2,-126.80608,-133.82535,15.2183,-577.64264,577.64264,0.0009999999
0.0009999999,577.64264,346914.44,0.4983927,1.0000001,0.2,,138.8213,142599,0.0009999999,-123.73915,,11088.535596132278,15.267024,0.1,3.110102e-11,0.0009999999,,11,,2499,78.57722,15.22952,3384.0256,2499,1249.5001,,57.062424969987994,625,3510.9521,0.2,-126.92657,-133.8213,15.218246,-577.64264,577.64264,0.0009999999
0.0009999999,577.64264,347068.0,0.10235274,1.0000006,,,138.8272,142652,0.0009999999,-148.52473,,11094.599252700806,15.215418,0.2,3.1076145e-11,0.0009999999,,11,-0.2,2500,78.57722,15.229119,3384.0457,2500,1250.0007,,57.0608,625,3511.0103,0.1,-126.964676,-133.8272,15.218167,-577.64264,577.64264,0.0009999999
0.0009999999,577.64264,347195.44,0.0015972853,0.99999934,-0.2,,138.82265,142677,0.0009999999,-122.46034,,11100.775940418243,16.19691,-0.1,3.1051297e-11,0.0009999999,,11,0.1,2501,78.57722,15.22872,3383.9026,2501,1250.4991,,57.04798080767693,625,3511.0686,0.2,-127.16603,-133.82265,15.218485,-577.64264,577.64264,0.0009999999
0.0009999999,577.64264,347314.62,0.09780143,1.0000001,0.2,,138.8148,142700,0.0009999999,-114.20035,,11106.98191356659,15.941237,0.1,3.102648e-11,0.0009999999,,11,-0.1,2502,78.57722,15.22832,3383.7886,2502,1251.0001,,57.0343725019984,625,3511.1265,-0.1,-127.33799,-133.8148,15.218697,-577.64264,577.64264,0.0009999999
0.0009999999,577.64264,347442.75,0.09561512,0.9999996,,,138.81053,142755,0.0009999999,-123.11648,,11113.684694051743,16.154257,0.1,3.1001698e-11,0.0009999999,,11,-0.1,2503,78.57722,15.227921,3383.779,2503,1251.5001,,57.03355972832601,625,3511.1846,0.1,-127.40549,-133.81053,15.218997,-577.64264,577.64264,0.0009999999
0.0009999999,577.64264,347583.7,-0.200839,1.0000002,0.1,,138.81137,142796,0.0009999999,-135.96922,,11119.973799467087,14.331006,-0.1,3.097694e-11,0.0009999999,,11,-0.1,2504,78.57722,15.227521,3383.5842,2504,1252.0002,,57.02715654952077,625,3511.2422,-0.1,-127.658,-133.81137,15.218568,-577.64264,577.64264,0.0009999999
0.0009999999,577.64264,347703.62,0.10172673,0.9999996,0.1,,138.80385,142815,0.0009999999,-114.90441,,11126.17593073845,16.829954,0.2,3.0952213e-11,0.0009999999,,11,-0.2,2505,78.57722,15.227121,3383.6138,2505,1252.4995,,57.01197604790419,625,3511.3003,,-127.6865,-133.80385,15.219133,-577.64264,577.64264,0.0009999999
0.0009999999,577.64264,347830.25,-0.3005157,1.0,,,138.79898,142839,0.0009999999,-121.63578,,11132.070698022842,15.872221,0.1,3.0927514e-11,0.0009999999,,11,-0.2,2506,78.57722,15.226723,3383.458,2506,1253.0,,56.99880287310455,625,3511.3586,-0.2,-127.90061,-133.79898,15.219317,-577.64264,577.64264,0.0009999999
0.0009999999,577.64264,347952.25,-0.4994822,1.0000002,-0.2,,138.79228,142877,0.0009999999,-116.97599,,11138.068967103958,15.330599,-0.2,3.0902846e-11,0.0009999999,,11,-0.2,2507,78.57722,15.226323,3382.9685,2507,1253.5009,,56.99122457120064,625,3511.4163,0.1,-128.44777,-133.79228,15.219289,-577.64264,577.64264,0.0009999999
0.0009999999,577.64264,348089.25,0.20183216,0.9999996,,,138.79156,142912,0.0009999999,-132.01512,,11144.17567229271,17.003597,0.2,3.0878206e-11,0.0009999999,,11,-0.1,2508,78.57722,15.2259245,3382.9983,2508,1253.9995,,56.98245614035088,625,3511.4739,0.1,-128.4756,-133.79156,15.219924,-577.64264,577.64264,0.0009999999
0.0009999999,577.64264,348210.94,0.3033269,0.9999995,,,138.78474,142932,0.0009999999,-116.693695,,11150.076682806015,14.240205,-0.1,3.0853597e-11,0.0009999999,,11,0.2,2509,78.57722,15.225526,3382.9397,2509,1254.4994,,56.96771622160223,625,3511.5315,0.2,-128.59181,-133.78474,15.219459,-577.64264,577.64264,0.0009999999
0.0009999999,577.64264,348347.94,-0.0993745,1.0000002,0.1,,138.78404,142970,0.0009999999,-131.95471,,11155.973683357239,15.240038,-0.1,3.082902e-11,0.0009999999,,11,-0.1,2510,78.57722,15.225127,3382.8538,2510,1255.0009,,56.9601593625498,625,3511.5896,,-128.73573,-133.78404,15.219393,-577.64264,577.64264,0.0009999999
0.0009999999,577.64264,348468.06,-0.19819753,1.0,-0.1,,138.77661,142989,0.0009999999,-115.16001,,11161.727978229523,16.74929,0.1,3.080447e-11,0.0009999999,,11,-0.1,2511,78.57722,15.22473,3382.8198,2511,1255.5,,56.94504181600956,625,3511.6472,-0.1,-128.82745,-133.77661,15.219926,-577.64264,577.64264,0.0009999999
0.0009999999,577.64264,348593.84,-0.0012250245,1.0,0.1,,138.77144,143044,0.0009999999,-120.77328,,11167.40285229683,13.626308,-0.1,3.0779948e-11,0.0009999999,,11,-0.1,2512,78.57722,15.224331,3382.7485,2512,1256.0006,,56.94426751592356,625,3511.7053,0.1,-128.95683,-133.77144,15.219216,-577.64264,577.64264,0.0009999999
0.0009999999,577.64264,348730.56,-0.2982547,1.0000002,-0.1,,138.77061,143078,0.0009999999,-131.71375,,11173.014652967453,16.680843,-0.1,3.0755454e-11,0.0009999999,,11,-0.1,2513,78.57722,15.223933,3382.7798,2513,1256.5002,,56.935137286112216,625,3511.7632,,-128.98329,-133.77061,15.219723,-577.64264,577.64264,0.0009999999
0.0009999999,577.64264,348862.44,-0.20257653,1.000001,-0.1,,138.76787,143113,0.0009999999,-126.875694,,11178.688593864441,16.258995,-0.1,3.0730994e-11,0.0009999999,,11,,2514,78.57722,15.223536,3382.688,2514,1257.0012,,56.926412092283215,625,3511.8206,,-129.13258,-133.76787,15.220059,-577.64264,577.64264,0.0009999999
0.0009999999,577.64264,348988.62,-0.09893962,1.0,-0.2,,138.76288,143142,0.0009999999,-121.22187,,11186.185007572174,13.555179,0.2,3.070656e-11,0.0009999999,,11,-0.1,2515,78.57722,15.223138,3382.719,2515,1257.5,,56.91530815109344,625,3511.8787,,-129.15959,-133.76288,15.219325,-577.64264,577.64264,0.0009999999
0.0009999999,577.64264,349123.88,0.19810541,0.9999996,-0.1,,138.76147,143176,0.0009999999,-130.24713,,11192.249561548233,16.736532,0.2,3.0682158e-11,0.0009999999,,11,-0.1,2516,78.57722,15.22274,3382.7651,2516,1258.0001,,56.90620031796502,625,3511.9358,0.2,-129.17062,-133.76147,15.219851,-577.64264,577.64264,0.0009999999
0.0009999999,577.64264,349255.0,-0.10192474,1.0000004,-0.2,,138.75844,143204,0.0009999999,-126.10884,,11198.58602976799,12.893212,0.1,3.0657782e-11,0.0009999999,,11,,2517,78.57722,15.2223425,3382.8015,2517,1258.5005,,56.89471593166468,625,3511.9937,,-129.19206,-133.75844,15.218851,-577.64264,577.64264,0.0009999999
0.0009999999,577.64264,349381.75,0.102521315,0.9999999,0.2,,138.75368,143245,0.0009999999,-121.72616,,11205.762929439545,8.889823,-0.2,3.0633433e-11,0.0009999999,,11,-0.1,2518,78.57722,15.221945,3382.852,2518,1258.9999,,56.88840349483717,625,3512.0515,0.2,-129.19934,-133.75368,15.216262,-577.64264,577.64264,0.0009999999
0.0009999999,577.64264,349503.75,-0.09951443,0.9999996,0.1,,138.74702,143267,0.0009999999,-117.02886,,11212.467619657516,14.271108,0.1,3.060912e-11,0.0009999999,,11,-0.2,2519,78.57722,15.221548,3382.7576,2519,1259.4995,,56.87455339420405,625,3512.109,-0.1,-129.35133,-133.74702,15.215812,-577.64264,577.64264,0.0009999999
0.0009999999,577.64264,349636.62,-0.09982957,1.0000004,-0.1,,138.74469,143300,0.0009999999,-127.86861,,11219.266418218613,16.061512,0.1,3.058483e-11,0.0009999999,,11,-0.1,2520,78.57722,15.221151,3382.6658,2520,1260.0005,,56.86507936507937,625,3512.1665,,-129.50063,-133.74469,15.216073,-577.64264,577.64264,0.0009999999
0.0009999999,577.64264,349789.1,-0.60187274,1.0000004,-0.2,,138.75014,143352,0.0009999999,-147.47954,,11226.456537723541,15.65237,-0.2,3.0560575e-11,0.0009999999,,11,-0.1,2521,78.57722,15.220755,3382.6292,2521,1260.5005,,56.86314954383181,625,3512.2239,-0.1,-129.59464,-133.75014,15.216171,-577.64264,577.64264,0.0009999999
0.0009999999,577.64264,349914.28,0.20182806,0.9999995,0.2,,138.74477,143377,0.0009999999,-120.18081,,11234.017226696014,16.507917,,3.0536344e-11,0.0009999999,,11,-0.1,2522,78.57722,15.220358,3382.6165,2522,1260.9994,,56.850515463917525,625,3512.2815,0.1,-129.66502,-133.74477,15.216609,-577.64264,577.64264,0.0009999999
0.0009999999,577.64264,350055.25,0.09974359,0.9999998,0.1,,138.74564,143415,0.0009999999,-135.97984,,11240.918594837189,15.115609,,3.051214e-11,0.0009999999,,11,0.1,2523,78.57722,15.219961,3382.6526,2523,1261.4998,,56.84304399524376,625,3512.339,-0.1,-129.68661,-133.74564,15.216493,-577.64264,577.64264,0.0009999999
0.0009999999,577.64264,350181.5,0.0027158558,1.0000002,0.1,,138.74069,143441,0.0009999999,-121.21816,,11247.666025876999,15.693265,-0.1,3.0487966e-11,0.0009999999,,11,-0.2,2524,78.57722,15.219565,3382.621,2524,1262.0004,,56.83082408874802,625,3512.3965,0.2,-129.77539,-133.74069,15.216608,-577.64264,577.64264,0.0009999999
0.0009999999,577.64264,350304.5,0.500469,1.0,0.1,,138.73445,143462,0.0009999999,-118.03182,,11253.862901449203,15.495996,,3.0463822e-11,0.0009999999,,11,0.2,2525,78.57722,15.219169,3382.6494,2525,1262.5,,56.81663366336634,625,3512.454,0.2,-129.80478,-133.73445,15.216643,-577.64264,577.64264,0.0009999999
0.0009999999,577.64264,350447.84,0.09740564,0.9999998,-0.2,,138.73628,143503,0.0009999999,-138.33023,,11260.116089820862,14.129519,0.1,3.0439706e-11,0.0009999999,,11,,2526,78.57722,15.218773,3382.5374,2526,1262.9998,,56.81037212984956,625,3512.5115,0.2,-129.97409,-133.73628,15.21614,-577.64264,577.64264,0.0009999999
0.0009999999,577.64264,350586.88,0.19832425,0.9999997,-0.1,,138.7364,143539,0.0009999999,-134.02234,,11266.464291095734,14.815701,0.1,3.041562e-11,0.0009999999,,11,0.1,2527,78.57722,15.218377,3382.4436,2527,1263.4996,,56.802136921250494,625,3512.5688,0.1,-130.1252,-133.7364,15.215906,-577.64264,577.64264,0.0009999999
0.0009999999,577.64264,350711.44,0.2987592,0.9999998,0.2,,138.73079,143563,0.0009999999,-119.58711,,11272.86125922203,16.221813,0.1,3.039156e-11,0.0009999999,,11,-0.1,2528,78.57722,15.217981,3382.4023,2528,1263.9998,,56.78916139240506,625,3512.6265,0.1,-130.22409,-133.73079,15.2162285,-577.64264,577.64264,0.0009999999
0.0009999999,577.64264,350833.0,-0.00043734163,1.0000002,0.2,,138.724,143583,0.0009999999,-116.53228,,11279.429069757462,12.58707,-0.1,3.0367535e-11,0.0009999999,,11,,2529,78.57722,15.2175865,3382.4436,2529,1264.5002,,56.77461447212337,625,3512.6838,-0.1,-130.24022,-133.724,15.215114,-577.64264,577.64264,0.0009999999
0.0009999999,577.64264,350968.25,0.39806235,1.0000001,0.1,,138.72263,143639,0.0009999999,-130.26367,,11286.400456428528,17.172813,,3.034353e-11,0.0009999999,,11,0.1,2530,78.57722,15.217191,3382.277,2530,1265.0007,,56.774308300395255,625,3512.741,0.2,-130.46385,-133.72263,15.215815,-577.64264,577.64264,0.0009999999
0.0009999999,577.64264,351097.3,0.0998892,1.0000002,0.1,,138.71881,143665,0.0009999999,-124.07439,,11292.973321437836,13.689219,-0.1,3.031956e-11,0.0009999999,,11,0.1,2531,78.57722,15.216796,3382.2632,2531,1265.5002,,56.76214934808376,625,3512.7983,,-130.53514,-133.71881,15.21514,-577.64264,577.64264,0.0009999999
0.0009999999,577.64264,351209.97,0.10119815,1.0,-0.2,,138.70851,143678,0.0009999999,-107.64769,,11299.565640687943,14.8166685,0.2,3.0295613e-11,0.0009999999,,11,-0.1,2532,78.57722,15.216401,3382.2964,2532,1266.0,,56.74486571879937,625,3512.8557,0.2,-130.55943,-133.70851,15.214902,-577.64264,577.64264,0.0009999999
0.0009999999,577.64264,351344.94,-0.10355767,1.0,0.1,,138.70705,143711,0.0009999999,-129.95595,,11305.85625076294,16.831554,,3.0271702e-11,0.0009999999,,11,,2533,78.57722,15.216006,3382.3428,2533,1266.5,,56.73549151204106,625,3512.913,-0.2,-130.57033,-133.70705,15.215468,-577.64264,577.64264,0.0009999999
0.0009999999,577.64264,351471.53,-0.10056839,1.0000001,0.2,,138.70226,143746,0.0009999999,-121.61389,,11311.657433986664,13.695849,-0.1,3.024781e-11,0.0009999999,,11,-0.2,2534,78.57722,15.215611,3382.3171,2534,1267.0001,,56.72691397000789,625,3512.97,,-130.6528,-133.70226,15.214793,-577.64264,577.64264,0.0009999999
0.0009999999,577.64264,351608.16,-0.50410104,1.0000004,-0.2,,138.70145,143781,0.0009999999,-131.60748,,11317.728024244308,13.620141,0.1,3.0223952e-11,0.0009999999,,11,-0.2,2535,78.57722,15.215217,3382.1753,2535,1267.5005,,56.71834319526627,625,3513.0276,-0.2,-130.8523,-133.70145,15.21409,-577.64264,577.64264,0.0009999999
0.0009999999,577.64264,351733.84,0.1005158,0.9999998,,,138.6963,143828,0.0009999999,-120.68967,,11324.065025568008,14.141108,-0.1,3.020012e-11,0.0009999999,,11,,2536,78.57722,15.214822,3382.1987,2536,1267.9998,,56.714511041009466,625,3513.0842,0.2,-130.88548,-133.6963,15.213594,-577.64264,577.64264,0.0009999999
0.0009999999,577.64264,351863.5,-0.003569968,0.9999999,-0.2,,138.69275,143855,0.0009999999,-124.67557,,11330.271042823792,16.867538,0.1,3.0176316e-11,0.0009999999,,11,,2537,78.57722,15.214428,3382.192,2537,1268.5005,,56.70279858100118,625,3513.1418,0.1,-130.94994,-133.69275,15.214168,-577.64264,577.64264,0.0009999999
0.0009999999,577.64264,351994.25,0.102792405,1.0000002,-0.1,,138.68962,143892,0.0009999999,-125.70376,,11336.416198253632,15.049035,0.1,3.0152544e-11,0.0009999999,,11,,2538,78.57722,15.214034,3381.9807,2538,1269.0002,,56.695035460992905,625,3513.199,0.1,-131.21823,-133.68962,15.214029,-577.64264,577.64264,0.0009999999
0.0009999999,577.64264,352123.8,0.10276765,1.0000001,-0.2,,138.68602,143919,0.0009999999,-124.56857,,11342.664881944656,15.034519,0.1,3.0128795e-11,0.0009999999,,11,0.1,2539,78.57722,15.21364,3381.8938,2539,1269.5001,,56.68333989759748,625,3513.2559,0.1,-131.36208,-133.68602,15.213883,-577.64264,577.64264,0.0009999999
0.0009999999,577.64264,352266.44,-0.29870355,1.0000002,,,138.68758,143964,0.0009999999,-137.65054,,11348.696984291077,13.584094,,3.0105078e-11,0.0009999999,,11,-0.2,2540,78.57722,15.213246,3381.7573,2540,1270.0002,,56.67874015748031,625,3513.3132,-0.1,-131.55598,-133.68758,15.213167,-577.64264,577.64264,0.0009999999
0.0009999999,577.64264,352382.75,-0.19946927,1.0000005,-0.2,,138.67877,144464,0.0009999999,-111.31026,,11355.170206785202,15.7206135,-0.1,3.0081385e-11,0.0009999999,,11,,2541,78.57722,15.2128525,3381.7222,2541,1270.5006,,56.853207398661944,625,3513.3704,0.1,-131.64809,-133.67877,15.213296,-577.64264,577.64264,0.0009999999
0.0009999999,577.64264,352534.44,0.19772667,0.9999999,,,138.68388,144514,0.0009999999,-146.66772,,11360.956470012665,15.343281,0.1,3.0057724e-11,0.0009999999,,11,0.1,2542,78.57722,15.212459,3381.6047,2542,1270.9999,,56.85051140833989,625,3513.427,,-131.82234,-133.68388,15.213273,-577.64264,577.64264,0.0009999999
0.0009999999,577.64264,352645.5,0.5038474,1.0000005,0.1,,138.67302,144537,0.0009999999,-106.06289,,11366.745111227036,14.689769,0.1,3.0034086e-11,0.0009999999,,11,0.1,2543,78.57722,15.212066,3381.595,2543,1271.5006,,56.83720015729453,625,3513.4844,0.2,-131.88936,-133.67302,15.212992,-577.64264,577.64264,0.0009999999
0.0009999999,577.64264,352769.56,0.39624196,1.0000002,0.2,,138.66728,144561,0.0009999999,-119.05429,,11372.890926361084,13.332007,0.1,3.001048e-11,0.0009999999,,11,-0.1,2544,78.57722,15.211673,3381.597,2544,1272.0002,,56.824292452830186,625,3513.5413,0.2,-131.94423,-133.66728,15.212178,-577.64264,577.64264,0.0009999999
0.0009999999,577.64264,352896.62,0.30025586,1.0000001,0.1,,138.66272,144587,0.0009999999,-122.08451,,11379.809849739075,14.39104,-0.1,2.9986902e-11,0.0009999999,,11,0.2,2545,78.57722,15.21128,3381.3833,2545,1272.5001,,56.812180746561886,625,3513.5984,0.1,-132.21498,-133.66272,15.2117815,-577.64264,577.64264,0.0009999999
0.0009999999,577.64264,353006.62,-0.19520375,1.0000002,0.1,,138.65146,144599,0.0009999999,-104.98925,,11386.934277534485,16.392473,-0.1,2.996335e-11,0.0009999999,,11,-0.2,2546,78.57722,15.210887,3381.3809,2546,1273.0002,,56.79457973291438,625,3513.6553,,-132.27444,-133.65146,15.212171,-577.64264,577.64264,0.0009999999
0.0009999999,577.64264,353136.44,-0.001673048,1.0000004,,,138.648,144629,0.0009999999,-124.834755,,11393.350156784058,13.875108,0.1,2.9939825e-11,0.0009999999,,11,-0.1,2547,78.57722,15.210494,3381.1143,2547,1273.5005,,56.784059678052614,625,3513.7124,,-132.59804,-133.648,15.211573,-577.64264,577.64264,0.0009999999
0.0009999999,577.64264,353283.66,0.0992021,0.9999998,,,138.65135,144673,0.0009999999,-142.21005,,11400.93314909935,16.384556,0.1,2.991633e-11,0.0009999999,,11,,2548,78.57722,15.210101,3381.134,2548,1273.9998,,56.779042386185246,625,3513.7693,,-132.63527,-133.65135,15.211959,-577.64264,577.64264,0.0009999999
0.0009999999,577.64264,353411.75,0.30042356,0.9999999,0.2,,138.64722,144701,0.0009999999,-123.10888,,11407.915103197098,15.356413,,2.9892862e-11,0.0009999999,,11,0.1,2549,78.57722,15.209709,3381.0898,2549,1274.5005,,56.76775205963123,625,3513.8262,,-132.73624,-133.64722,15.21194,-577.64264,577.64264,0.0009999999
0.0009999999,577.64264,353538.62,0.1038241,1.0000001,0.1,,138.6426,144726,0.0009999999,-121.84406,,11414.770979642868,15.424428,0.1,2.986942e-11,0.0009999999,,11,-0.1,2550,78.57722,15.209317,3380.0242,2550,1275.0001,,56.75529411764706,625,3513.8828,,-133.85858,-133.6426,15.21195,-577.64264,577.64264,0.0009999999
0.0009999999,577.64264,353663.12,0.100979775,0.9999999,,,138.63705,144758,0.0009999999,-119.53626,,11421.819789409637,14.749752,,2.9846008e-11,0.0009999999,,11,0.1,2551,78.57722,15.208924,3379.9731,2551,1275.4999,,56.74558996471972,625,3513.9397,,-133.96661,-133.63705,15.211693,-577.64264,577.64264,0.0009999999
0.0009999999,577.64264,353834.88,0.0011693239,1.0,-0.1,,138.65002,144836,0.0009999999,-166.71806,,11428.958979129791,16.431376,0.1,2.9822624e-11,0.0009999999,,11,-0.1,2552,78.57722,15.208533,3380.0034,2552,1276.0,,56.7539184952978,625,3513.9963,0.1,-133.99303,-133.65002,15.212099,-577.64264,577.64264,0.0009999999
0.0009999999,577.64264,353994.06,0.30087376,1.0000002,0.1,,138.65808,144893,0.0009999999,-154.18715,,11435.97920203209,15.4163475,0.2,2.9799264e-11,0.0009999999,,11,-0.2,2553,78.57722,15.208141,3379.9954,2553,1276.5002,,56.75401488444967,625,3514.0535,0.2,-134.05806,-133.65808,15.212107,-577.64264,577.64264,0.0009999999
0.0009999999,577.64264,354124.06,0.5012479,0.9999995,,,138.65468,144920,0.0009999999,-125.0077,,11442.818394899368,13.010589,0.1,2.977593e-11,0.0009999999,,11,0.2,2554,78.57722,15.207749,3379.6504,2554,1276.9994,,56.74236491777604,625,3514.1104,0.2,-134.46,-133.65468,15.211168,-577.64264,577.64264,0.0009999999
0.0009999999,577.64264,354259.4,0.29947117,1.0,,,138.65338,144956,0.0009999999,-130.36427,,11449.500135183334,16.610256,0.1,2.975263e-11,0.0009999999,,11,,2555,78.57722,15.207358,3379.261,2555,1277.5,,56.73424657534247,625,3514.167,0.2,-134.90591,-133.65338,15.211644,-577.64264,577.64264,0.0009999999
0.0009999999,577.64264,354403.4,-0.20234147,0.9999997,,,138.65549,144999,0.0009999999,-138.98647,,11456.291349887848,15.95106,0.1,2.972935e-11,0.0009999999,,11,-0.2,2556,78.57722,15.206966,3379.3027,2556,1277.9996,,56.728873239436616,625,3514.2236,-0.1,-134.92102,-133.65549,15.211855,-577.64264,577.64264,0.0009999999
0.0009999999,577.64264,354537.7,-0.19850671,0.99999964,-0.1,,138.65376,145060,0.0009999999,-129.26959,,11463.052908420563,16.2173,0.2,2.9706106e-11,0.0009999999,,11,-0.2,2557,78.57722,15.206575,3379.0127,2557,1278.4995,,56.730543605788036,625,3514.2805,-0.1,-135.26779,-133.65376,15.212178,-577.64264,577.64264,0.0009999999
0.0009999999,577.64264,354666.22,0.19853702,0.99999964,,,138.64981,145091,0.0009999999,-123.543915,,11469.467463493347,15.719861,0.1,2.968288e-11,0.0009999999,,11,-0.1,2558,78.57722,15.206184,3379.004,2558,1278.9995,,56.72048475371384,625,3514.337,0.2,-135.33305,-133.64981,15.212301,-577.64264,577.64264,0.0009999999
0.0009999999,577.64264,354807.72,-0.099784575,0.9999997,-0.2,,138.65092,145129,0.0009999999,-136.50813,,11476.364504814148,14.88054,,2.9659688e-11,0.0009999999,,11,0.1,2559,78.57722,15.205793,3379.0583,2559,1279.4996,,56.713169206721375,625,3514.3938,,-135.33543,-133.65092,15.212097,-577.64264,577.64264,0.0009999999
0.0009999999,577.64264,354959.16,-0.0996311,1.0,-0.2,,138.65591,145195,0.0009999999,-146.43088,,11483.02998661995,15.539094,0.2,2.9636522e-11,0.0009999999,,11,-0.2,2560,78.57722,15.205403,3379.063,2560,1280.0,,56.716796875,625,3514.4504,0.1,-135.38737,-133.65591,15.2121525,-577.64264,577.64264,0.0009999999
0.0009999999,577.64264,355081.12,0.3030355,1.0,0.1,,138.6494,145221,0.0009999999,-116.9608,,11489.257323741913,13.558023,0.1,2.961338e-11,0.0009999999,,11,,2561,78.57722,15.205012,3379.005,2561,1280.5006,,56.7048028114018,625,3514.5068,0.1,-135.502,-133.6494,15.2114315,-577.64264,577.64264,0.0009999999
0.0009999999,577.64264,355235.56,0.09751067,1.0000002,0.2,,138.65556,145279,0.0009999999,-149.44879,,11495.930892467499,10.9670315,0.1,2.959027e-11,0.0009999999,,11,-0.2,2562,78.57722,15.204622,3378.983,2562,1281.0002,,56.705308352849336,625,3514.5637,,-135.58092,-133.65556,15.2097025,-577.64264,577.64264,0.0009999999
0.0009999999,577.64264,355361.62,-0.10168921,1.0,0.1,,138.65065,145302,0.0009999999,-121.052795,,11502.533905982971,14.965863,,2.9567182e-11,0.0009999999,,11,-0.1,2563,78.57722,15.204232,3378.702,2563,1281.5,,56.69215762777995,625,3514.6199,-0.1,-135.91792,-133.65065,15.209534,-577.64264,577.64264,0.0009999999
0.0009999999,577.64264,355501.88,-0.298973,0.9999999,-0.2,,138.65128,145361,0.0009999999,-135.23427,,11508.916316270828,15.084349,0.2,2.954412e-11,0.0009999999,,11,-0.2,2564,78.57722,15.203841,3378.5793,2564,1281.9999,,56.69305772230889,625,3514.6765,-0.1,-136.09721,-133.65128,15.209411,-577.64264,577.64264,0.0009999999
0.0009999999,577.64264,355651.75,-0.101076424,1.0,0.2,,138.65565,145408,0.0009999999,-144.87642,,11515.390894651413,14.434621,,2.952109e-11,0.0009999999,,11,-0.2,2565,78.57722,15.203452,3378.3997,2565,1282.5,,56.68927875243665,625,3514.7332,-0.1,-136.33339,-133.65565,15.209035,-577.64264,577.64264,0.0009999999
0.0009999999,577.64264,355811.6,-0.40408418,1.0000002,-0.1,,138.66391,145467,0.0009999999,-154.84637,,11521.248665571213,16.785488,-0.1,2.9498085e-11,0.0009999999,,11,-0.1,2566,78.57722,15.203062,3378.2498,2566,1283.0004,,56.69017926734217,625,3514.7896,-0.1,-136.53978,-133.66391,15.209574,-577.64264,577.64264,0.0009999999
0.0009999999,577.64264,355966.44,-0.0019461059,1.0000002,0.1,,138.67021,145529,0.0009999999,-149.8605,,11527.242983818054,12.990501,0.1,2.947511e-11,0.0009999999,,11,-0.2,2567,78.57722,15.202672,3377.7893,2567,1283.501,,56.692247760031165,625,3514.8462,,-137.05699,-133.67021,15.208636,-577.64264,577.64264,0.0009999999
0.0009999999,577.64264,356095.72,0.49788883,1.0000004,0.1,,138.66655,145562,0.0009999999,-124.28381,,11533.12102174759,15.819926,0.1,2.9452156e-11,0.0009999999,,11,0.2,2568,78.57722,15.202283,3377.8225,2568,1284.0005,,56.68302180685358,625,3514.9028,0.1,-137.08034,-133.66655,15.208803,-577.64264,577.64264,0.0009999999
0.0009999999,577.64264,356226.2,-0.10253264,1.0000001,,,138.66336,145599,0.0009999999,-125.46029,,11539.063493728638,14.921407,-0.1,2.942923e-11,0.0009999999,,11,-0.1,2569,78.57722,15.201894,3377.645,2569,1284.5001,,56.675360062281044,625,3514.959,0.1,-137.31386,-133.66336,15.208617,-577.64264,577.64264,0.0009999999
0.0009999999,577.64264,356366.0,0.10111209,1.0,0.2,,138.66382,145640,0.0009999999,-134.82904,,11545.206790447235,14.882157,,2.9406335e-11,0.0009999999,,11,-0.1,2570,78.57722,15.201505,3377.6917,2570,1285.0,,56.6692607003891,625,3515.0156,,-137.32408,-133.66382,15.208416,-577.64264,577.64264,0.0009999999
0.0009999999,577.64264,356488.3,0.0008016825,1.0000001,-0.1,,138.65746,145663,0.0009999999,-117.31811,,11551.406816959381,15.788793,-0.1,2.9383464e-11,0.0009999999,,11,,2571,78.57722,15.201116,3377.7148,2571,1285.5001,,56.65616491637495,625,3515.072,0.2,-137.35716,-133.65746,15.208569,-577.64264,577.64264,0.0009999999
0.0009999999,577.64264,356621.6,0.097429544,1.0000002,-0.1,,138.65536,145694,0.0009999999,-128.27019,,11557.415019750595,15.904403,0.1,2.9360618e-11,0.0009999999,,11,-0.1,2572,78.57722,15.2007265,3377.2263,2572,1286.0004,,56.64618973561431,625,3515.1282,0.2,-137.90175,-133.65536,15.208766,-577.64264,577.64264,0.0009999999
0.0009999999,577.64264,356778.56,-0.30194086,1.0000007,-0.1,,138.66248,145754,0.0009999999,-151.98003,,11563.490040779114,15.630543,0.1,2.9337803e-11,0.0009999999,,11,-0.2,2573,78.57722,15.200337,3377.2375,2573,1286.5009,,56.647493198600856,625,3515.1846,-0.1,-137.94693,-133.66248,15.208858,-577.64264,577.64264,0.0009999999
0.0009999999,577.64264,356920.8,-0.0039180666,1.0000002,0.2,,138.66388,145825,0.0009999999,-137.19356,,11569.46182847023,12.074518,-0.1,2.9315012e-11,0.0009999999,,11,-0.2,2574,78.57722,15.199949,3375.3936,2574,1287.0004,,56.653069153069154,625,3515.2412,0.1,-139.8477,-133.66388,15.207565,-577.64264,577.64264,0.0009999999
0.0009999999,577.64264,357069.25,0.19686908,1.0,,,138.66766,145871,0.0009999999,-143.47058,,11576.495251655579,13.234532,,2.9292253e-11,0.0009999999,,11,0.1,2575,78.57722,15.199561,3375.3718,2575,1287.5,,56.64893203883495,625,3515.297,0.1,-139.92538,-133.66766,15.206726,-577.64264,577.64264,0.0009999999
0.0009999999,577.64264,357187.72,-0.0021834597,1.0000002,,,138.65984,145890,0.0009999999,-113.46469,,11583.226724386215,11.243689,0.1,2.926951e-11,0.0009999999,,11,-0.2,2576,78.57722,15.199172,3375.1604,2576,1288.001,,56.63431677018634,625,3515.3538,0.1,-140.19331,-133.65984,15.205114,-577.64264,577.64264,0.0009999999
0.0009999999,577.64264,357352.5,0.09947905,0.9999998,0.2,,138.66997,145955,0.0009999999,-159.76572,,11590.243945121765,15.798051,-0.1,2.92468e-11,0.0009999999,,11,,2577,78.57722,15.198784,3375.1545,2577,1288.4998,,56.63756305781917,625,3515.4097,,-140.25513,-133.66997,15.20527,-577.64264,577.64264,0.0009999999
0.0009999999,577.64264,357466.8,0.2997825,0.9999995,0.1,,138.66052,145977,0.0009999999,-109.33199,,11597.389742612839,16.573467,0.1,2.9224113e-11,0.0009999999,,11,-0.1,2578,78.57722,15.198397,3375.0566,2578,1289.0,,56.62412723041117,625,3515.4658,0.2,-140.40929,-133.66052,15.205727,-577.64264,577.64264,0.0009999999
0.0009999999,577.64264,357614.12,0.30067196,1.0000004,-0.1,,138.66386,146021,0.0009999999,-142.33075,,11604.197272539139,15.934581,,2.9201457e-11,0.0009999999,,11,0.2,2579,78.57722,15.198009,3374.4265,2579,1289.5005,,56.61923226056611,625,3515.5222,0.2,-141.09566,-133.66386,15.205937,-577.64264,577.64264,0.0009999999
0.0009999999,577.64264,357731.62,0.20326602,0.9999999,-0.1,,138.65567,146038,0.0009999999,-112.49949,,11611.488150119781,16.841396,0.1,2.9178823e-11,0.0009999999,,11,,2580,78.57722,15.19762,3374.4595,2580,1289.9999,,56.60387596899225,625,3515.5781,0.2,-141.11874,-133.65567,15.206497,-577.64264,577.64264,0.0009999999
0.0009999999,577.64264,357857.06,0.3998618,1.0,,,138.65054,146061,0.0009999999,-120.439095,,11618.622587442398,15.7858515,0.1,2.915622e-11,0.0009999999,,11,0.1,2581,78.57722,15.197233,3374.3428,2581,1290.5006,,56.590856257264626,625,3515.6343,0.2,-141.29153,-133.65054,15.20665,-577.64264,577.64264,0.0009999999
0.0009999999,577.64264,357974.1,0.19967948,0.9999994,0.1,,138.64218,146078,0.0009999999,-112.013824,,11625.703540086746,16.412313,,2.9133636e-11,0.0009999999,,11,,2582,78.57722,15.196846,3374.0635,2582,1290.9993,,56.57552285050348,625,3515.691,0.1,-141.62743,-133.64218,15.207044,-577.64264,577.64264,0.0009999999
0.0009999999,577.64264,358129.5,0.20169893,1.0000002,0.1,,138.64867,146133,0.0009999999,-150.41939,,11632.998433113098,16.537724,0.1,2.9111085e-11,0.0009999999,,11,-0.1,2583,78.57722,15.196459,3373.8423,2583,1291.5004,,56.57491289198606,625,3515.7466,0.1,-141.90424,-133.64867,15.207482,-577.64264,577.64264,0.0009999999
0.0009999999,577.64264,358258.44,-0.5013698,1.0000004,-0.1,,138.64491,146160,0.0009999999,-123.92221,,11640.17339348793,15.511887,-0.1,2.9088556e-11,0.0009999999,,11,-0.2,2584,78.57722,15.196072,3373.666,2584,1292.0005,,56.56346749226006,625,3515.803,-0.1,-142.137,-133.64491,15.207529,-577.64264,577.64264,0.0009999999
0.0009999999,577.64264,358384.97,-0.100659296,0.9999997,0.1,,138.64021,146220,0.0009999999,-121.539536,,11646.939574956894,16.326199,-0.1,2.9066053e-11,0.0009999999,,11,-0.2,2585,78.57722,15.195684,3372.7334,2585,1292.4996,,56.56479690522244,625,3515.8591,0.1,-143.12561,-133.64021,15.207888,-577.64264,577.64264,0.0009999999
0.0009999999,577.64264,358545.9,-0.098364756,1.0000002,-0.1,,138.64885,146286,0.0009999999,-155.93375,,11653.750881195068,16.67345,-0.1,2.9043578e-11,0.0009999999,,11,-0.1,2586,78.57722,15.195298,3372.2798,2586,1293.0002,,56.56844547563805,625,3515.915,0.2,-143.63521,-133.64885,15.2083845,-577.64264,577.64264,0.0009999999
0.0009999999,577.64264,358664.88,0.099268086,0.9999998,-0.1,,138.64124,146306,0.0009999999,-113.96291,,11660.344517230988,16.448587,,2.902113e-11,0.0009999999,,11,0.2,2587,78.57722,15.194911,3371.632,2587,1293.4998,,56.55431001159644,625,3515.971,,-144.33891,-133.64124,15.208789,-577.64264,577.64264,0.0009999999
0.0009999999,577.64264,358782.2,0.2018187,0.9999995,0.2,,138.633,146326,0.0009999999,-112.32971,,11666.54959654808,16.563547,0.1,2.8998708e-11,0.0009999999,,11,-0.2,2588,78.57722,15.194525,3371.5203,2588,1293.9994,,56.54018547140649,625,3516.0269,0.1,-144.50658,-133.633,15.209241,-577.64264,577.64264,0.0009999999
0.0009999999,577.64264,358953.94,-0.39861992,1.0000004,-0.2,,138.64578,146398,0.0009999999,-166.7338,,11673.441104888916,16.04403,-0.1,2.897631e-11,0.0009999999,,11,,2589,78.57722,15.194139,3371.2686,2589,1294.5005,,56.54615681730398,625,3516.0828,-0.1,-144.81409,-133.64578,15.209489,-577.64264,577.64264,0.0009999999
0.0009999999,577.64264,359072.34,0.2975589,0.9999995,0.2,,138.63797,146428,0.0009999999,-113.412,,11680.572485685349,14.870317,,2.8953936e-11,0.0009999999,,11,-0.1,2590,78.57722,15.193752,3371.099,2590,1294.9994,,56.53590733590734,625,3516.139,0.2,-145.0397,-133.63797,15.209286,-577.64264,577.64264,0.0009999999
0.0009999999,577.64264,359221.88,-0.3016664,0.9999997,,,138.64218,146476,0.0009999999,-144.5187,,11687.080716609955,16.199266,-0.1,2.8931595e-11,0.0009999999,,11,-0.2,2591,78.57722,15.193366,3371.1,2591,1295.4996,,56.53261289077576,625,3516.195,,-145.09499,-133.64218,15.209599,-577.64264,577.64264,0.0009999999
0.0009999999,577.64264,359373.9,-0.20239076,1.0000001,,,138.64734,146530,0.0009999999,-147.04381,,11693.750863790512,16.548546,-0.1,2.8909273e-11,0.0009999999,,11,-0.2,2592,78.57722,15.192981,3370.7043,2592,1296.0001,,56.53163580246913,625,3516.2507,0.1,-145.54648,-133.64734,15.210036,-577.64264,577.64264,0.0009999999
0.0009999999,577.64264,359507.66,0.101209916,0.99999964,,,138.64545,146563,0.0009999999,-128.73291,,11699.941051244736,15.615464,,2.8886978e-11,0.0009999999,,11,,2593,78.57722,15.192595,3367.9214,2593,1296.4995,,56.52256074045507,625,3516.3066,0.1,-148.38518,-133.64545,15.210122,-577.64264,577.64264,0.0009999999
0.0009999999,577.64264,359714.62,0.10057733,1.0000002,-0.2,,138.67178,146666,0.0009999999,-201.96733,,11706.358873844147,16.009874,,2.8864711e-11,0.0009999999,,11,0.2,2594,78.57722,15.192209,3367.678,2594,1297.0004,,56.54047802621434,625,3516.3628,0.1,-148.68489,-133.67178,15.210358,-577.64264,577.64264,0.0009999999
0.0009999999,577.64264,359905.3,0.10261287,1.0000002,0.1,,138.69183,146757,0.0009999999,-185.71669,,11712.479084253311,16.919413,0.1,2.8842468e-11,0.0009999999,,11,-0.2,2595,78.57722,15.191824,3367.723,2595,1297.5002,,56.55375722543353,625,3516.4185,0.1,-148.69559,-133.69183,15.21094,-577.64264,577.64264,0.0009999999
0.0009999999,577.64264,360071.94,0.3051135,1.0000002,,,138.70259,146826,0.0009999999,-161.58911,,11718.682947158813,15.801804,,2.8820252e-11,0.0009999999,,11,0.1,2596,78.57722,15.191439,3366.8945,2596,1298.0002,,56.558551617873654,625,3516.4744,0.2,-149.57974,-133.70259,15.2111,-577.64264,577.64264,0.0009999999
0.0009999999,577.64264,360186.8,-0.0006037578,1.0000002,0.2,,138.69342,146841,0.0009999999,-109.88496,,11724.913589477539,13.705891,,2.8798063e-11,0.0009999999,,11,-0.1,2597,78.57722,15.191053,3366.6855,2597,1298.5004,,56.54254909510974,625,3516.5303,-0.1,-149.84473,-133.69342,15.210447,-577.64264,577.64264,0.0009999999
0.0009999999,577.64264,360323.4,-0.10006003,0.99999964,,,138.69261,146877,0.0009999999,-131.60043,,11730.815430402756,13.59834,0.1,2.8775897e-11,0.0009999999,,11,-0.2,2598,78.57722,15.190668,3366.4407,2598,1298.9995,,56.53464203233256,625,3516.5857,,-150.14511,-133.69261,15.209753,-577.64264,577.64264,0.0009999999
0.0009999999,577.64264,360455.06,0.29957163,1.0000001,0.2,,138.68991,146912,0.0009999999,-126.67627,,11736.9640583992,16.107975,,2.8753758e-11,0.0009999999,,11,,2599,78.57722,15.190284,3365.1907,2599,1299.5001,,56.52635629088111,625,3516.6416,0.1,-151.45099,-133.68991,15.210025,-577.64264,577.64264,0.0009999999
0.0009999999,577.64264,360595.3,-0.10178967,1.0000002,,,138.6905,146952,0.0009999999,-135.21468,,11742.995656251907,14.959488,-0.1,2.8731644e-11,0.0009999999,,11,-0.2,2600,78.57722,15.1898985,3364.8062,2600,1300.0009,,56.52,625,3516.6975,0.2,-151.89145,-133.6905,15.209856,-577.64264,577.64264,0.0009999999
0.0009999999,577.64264,360772.47,0.19676487,1.0000005,0.2,,138.70529,147030,0.0009999999,-172.17378,,11749.042007684708,14.871499,0.1,2.8709556e-11,0.0009999999,,11,-0.1,2601,78.57722,15.189514,3364.1013,2601,1300.5006,,56.528258362168394,625,3516.7527,,-152.65129,-133.70529,15.209655,-577.64264,577.64264,0.0009999999
0.0009999999,577.64264,360911.75,0.09654272,1.0000004,0.1,,138.70552,147066,0.0009999999,-134.28726,,11754.756488084793,15.407422,,2.868749e-11,0.0009999999,,11,-0.1,2602,78.57722,15.18913,3363.645,2602,1301.0005,,56.52036894696388,625,3516.8086,0.1,-153.16364,-133.70552,15.209656,-577.64264,577.64264,0.0009999999
0.0009999999,577.64264,361056.25,0.0993481,0.9999995,,,138.70775,147107,0.0009999999,-139.50534,,11760.560556173325,15.306885,0.1,2.8665454e-11,0.0009999999,,11,-0.2,2603,78.57722,15.1887455,3363.4856,2603,1301.4994,,56.514406454091436,625,3516.8645,0.2,-153.3789,-133.70775,15.2096195,-577.64264,577.64264,0.0009999999
0.0009999999,577.64264,361217.8,0.19946676,0.9999998,0.1,,138.71652,147165,0.0009999999,-156.54247,,11767.285874843597,16.063911,0.1,2.8643442e-11,0.0009999999,,11,-0.2,2604,78.57722,15.188361,3362.3772,2604,1301.9998,,56.514976958525345,625,3516.92,0.2,-154.54277,-133.71652,15.209878,-577.64264,577.64264,0.0009999999
0.0009999999,577.64264,361365.38,0.29778826,1.0000002,0.1,,138.71991,147209,0.0009999999,-142.58823,,11774.572669744492,16.933308,,2.8621452e-11,0.0009999999,,11,,2605,78.57722,15.187978,3361.4912,2605,1302.5002,,56.510172744721686,625,3516.9758,0.2,-155.48471,-133.71991,15.210469,-577.64264,577.64264,0.0009999999
0.0009999999,577.64264,361525.06,-0.20121527,0.9999997,0.1,,138.72797,147265,0.0009999999,-154.67215,,11781.170345783234,14.477178,,2.8599494e-11,0.0009999999,,11,-0.2,2606,78.57722,15.187593,3359.1702,2606,1302.9996,,56.50997697620875,625,3517.0312,-0.1,-157.861,-133.72797,15.210114,-577.64264,577.64264,0.0009999999
0.0009999999,577.64264,361652.88,-0.3955841,0.9999999,-0.2,,138.72377,147348,0.0009999999,-122.798546,,11788.508486270905,16.47959,0.1,2.8577557e-11,0.0009999999,,11,-0.2,2607,78.57722,15.18721,3358.1094,2607,1303.5005,,56.52013808975834,625,3517.0867,-0.1,-158.97723,-133.72377,15.210527,-577.64264,577.64264,0.0009999999
0.0009999999,577.64264,361820.8,0.30111367,0.9999998,0.2,,138.73497,147848,0.0009999999,-162.93231,,11796.137509346008,13.5867195,0.1,2.855565e-11,0.0009999999,,11,-0.2,2608,78.57722,15.186827,3351.5925,2608,1304.0004,,56.690184049079754,625,3517.1426,0.2,-165.55013,-133.73497,15.209834,-577.64264,577.64264,0.0009999999
0.0009999999,577.64264,361961.3,0.101413265,0.99999934,-0.1,,138.73566,147886,0.0009999999,-135.51286,,11803.591729164124,15.938028,,2.8533764e-11,0.0009999999,,11,0.1,2609,78.57722,15.186443,3346.9192,2609,1304.4991,,56.68302031429666,625,3517.198,0.1,-170.2788,-133.73566,15.210037,-577.64264,577.64264,0.0009999999
0.0009999999,577.64264,362088.28,-0.39957526,1.0,-0.1,,138.73114,147913,0.0009999999,-121.976036,,11811.021831035614,15.469599,-0.1,2.8511903e-11,0.0009999999,,11,-0.2,2610,78.57722,15.18606,3346.2036,2610,1305.0006,,56.67164750957854,625,3517.2537,,-171.05005,-133.73114,15.210068,-577.64264,577.64264,0.0009999999
0.0009999999,577.64264,362268.12,-0.1984366,0.9999998,-0.1,,138.74689,148008,0.0009999999,-174.84518,,11818.329912185669,15.809234,0.1,2.8490066e-11,0.0009999999,,11,-0.2,2611,78.57722,15.185677,3342.7175,2611,1305.4998,,56.68632707774799,625,3517.3088,,-174.5912,-133.74689,15.210224,-577.64264,577.64264,0.0009999999
0.0009999999,577.64264,362462.16,0.09958258,1.0000002,0.2,,138.76805,148099,0.0009999999,-189.03464,,11826.027332305908,15.703891,,2.8468256e-11,0.0009999999,,11,-0.2,2612,78.57722,15.185294,3337.6326,2612,1306.0004,,56.69946401225115,625,3517.3645,0.1,-179.73196,-133.76805,15.2103405,-577.64264,577.64264,0.0009999999
0.0009999999,577.64264,362653.94,0.00039619207,0.9999999,-0.2,,138.78835,148189,0.0009999999,-186.78879,,11833.283950805664,15.35342,,2.844647e-11,0.0009999999,,11,0.1,2613,78.57722,15.184911,3337.4854,2613,1306.4999,,56.71220818982013,625,3517.4202,0.1,-179.9348,-133.78835,15.210321,-577.64264,577.64264,0.0009999999
0.0009999999,577.64264,362856.5,-0.0027503385,0.9999997,0.1,,138.81274,148293,0.0009999999,-197.53577,,11840.165337324142,15.732434,,2.8424709e-11,0.0009999999,,11,-0.1,2614,78.57722,15.184528,3334.9736,2614,1306.9996,,56.73029839326702,625,3517.475,,-182.50157,-133.81274,15.21045,-577.64264,577.64264,0.0009999999
0.0009999999,577.64264,363075.72,-0.30002707,0.99999964,-0.1,,138.84349,148413,0.0009999999,-214.23723,,11846.84858751297,14.878437,-0.1,2.8402973e-11,0.0009999999,,11,-0.2,2615,78.57722,15.184146,3333.1375,2615,1307.4995,,56.75449330783939,625,3517.5305,0.1,-184.39314,-133.84349,15.21025,-577.64264,577.64264,0.0009999999
0.0009999999,577.64264,363282.12,0.0998646,0.9999997,0.2,,138.86931,148516,0.0009999999,-201.41692,,11853.989044427872,16.354492,-0.1,2.8381263e-11,0.0009999999,,11,-0.2,2616,78.57722,15.1837635,3331.1438,2616,1307.9996,,56.77217125382263,625,3517.5862,0.2,-186.44247,-133.86931,15.210613,-577.64264,577.64264,0.0009999999
0.0009999999,577.64264,363396.94,-0.099551626,1.0,-0.1,,138.86012,148532,0.0009999999,-109.80547,,11860.42851114273,15.168999,0.1,2.8359579e-11,0.0009999999,,11,-0.2,2617,78.57722,15.183382,3327.741,2617,1308.5,,56.7565915170042,625,3517.6414,0.1,-189.90044,-133.86012,15.210527,-577.64264,577.64264,0.0009999999
0.0009999999,577.64264,363596.12,-0.0008385107,1.0000004,0.1,,138.88316,148635,0.0009999999,-194.16333,,11867.50636768341,16.42509,,2.8337915e-11,0.0009999999,,11,-0.2,2618,78.57722,15.183,3324.957,2618,1309.0005,,56.7742551566081,625,3517.6968,0.1,-192.73962,-133.88316,15.210919,-577.64264,577.64264,0.0009999999
0.0009999999,577.64264,363948.4,-0.19923937,0.9999999,-0.1,,138.96465,148886,0.0009999999,-347.2907,,11874.642195224762,13.426133,-0.1,2.831628e-11,0.0009999999,,11,-0.2,2619,78.57722,15.182617,3323.4924,2619,1309.4999,,56.84841542573501,625,3517.7522,0.2,-194.25974,-133.96465,15.210168,-577.64264,577.64264,0.0009999999
0.0009999999,577.64264,364151.12,0.000657171,0.99999964,-0.1,,138.98898,148985,0.0009999999,-197.7302,,11881.046872377396,15.804324,0.1,2.8294667e-11,0.0009999999,,11,-0.2,2620,78.57722,15.182236,3320.7646,2620,1309.9995,,56.86450381679389,625,3517.8071,0.2,-197.04237,-133.98898,15.21032,-577.64264,577.64264,0.0009999999
0.0009999999,577.64264,364345.94,0.09941021,1.0000005,0.1,,139.01028,149076,0.0009999999,-189.78423,,11887.404047727585,15.931877,,2.827308e-11,0.0009999999,,11,-0.2,2621,78.57722,15.181854,3317.1655,2621,1310.5006,,56.877527661198016,625,3517.8623,0.2,-200.69666,-134.01028,15.210524,-577.64264,577.64264,0.0009999999
0.0009999999,577.64264,364532.62,0.095784314,1.0000005,-0.2,,139.02846,149160,0.0009999999,-181.6884,,11894.22715473175,16.934181,,2.825152e-11,0.0009999999,,11,0.1,2622,78.57722,15.181473,3314.7908,2622,1311.0006,,56.88787185354691,625,3517.918,0.2,-203.12729,-134.02846,15.21111,-577.64264,577.64264,0.0009999999
0.0009999999,577.64264,364745.6,-0.099837795,0.99999964,0.1,,139.05666,149275,0.0009999999,-207.9845,,11900.846585035324,14.645352,,2.8229983e-11,0.0009999999,,11,-0.2,2623,78.57722,15.181091,3312.8376,2623,1311.4995,,56.91002668699962,625,3517.9731,,-205.13544,-134.05666,15.210821,-577.64264,577.64264,0.0009999999
0.0009999999,577.64264,364924.7,0.19841498,1.0,-0.1,,139.07191,149351,0.0009999999,-174.1216,,11907.14060497284,15.200828,,2.8208469e-11,0.0009999999,,11,0.1,2624,78.57722,15.180711,3311.8604,2624,1312.0,,56.91730182926829,625,3518.028,0.2,-206.16763,-134.07191,15.210746,-577.64264,577.64264,0.0009999999
0.0009999999,577.64264,365063.8,0.20024382,1.0000004,0.1,,139.07193,149387,0.0009999999,-134.11713,,11913.427315473557,14.260673,,2.818698e-11,0.0009999999,,11,-0.1,2625,78.57722,15.180329,3301.305,2625,1312.5005,,56.909333333333336,625,3518.0833,0.2,-216.77835,-134.07193,15.21031,-577.64264,577.64264,0.0009999999
0.0009999999,577.64264,365234.16,0.09759242,1.0,-0.1,,139.08383,149454,0.0009999999,-165.32347,,11919.871578216553,15.020443,,2.8165519e-11,0.0009999999,,11,,2626,78.57722,15.179949,3236.287,2626,1313.0,,56.913175932977914,625,3518.139,0.2,-281.8519,-134.08383,15.210169,-577.64264,577.64264,0.0009999999
0.0009999999,577.64264,365491.34,-0.29821023,0.9999998,-0.2,,139.1288,149612,0.0009999999,-252.17188,,11926.12756061554,15.361922,-0.1,2.8144077e-11,0.0009999999,,11,,2627,78.57722,15.179567,3234.8555,2627,1313.4998,,56.95165588123334,625,3518.1938,,-283.33847,-134.1288,15.210153,-577.64264,577.64264,0.0009999999
0.0009999999,577.64264,365617.84,-0.0007459074,0.9999997,,,139.124,149638,0.0009999999,-121.516975,,11932.062649965286,15.9578,,2.8122662e-11,0.0009999999,,11,-0.1,2628,78.57722,15.179187,3196.4158,2628,1313.9996,,56.93987823439878,625,3518.2488,0.1,-321.83304,-134.124,15.210368,-577.64264,577.64264,0.0009999999
0.0009999999,577.64264,366119.84,-0.10062951,0.9999998,-0.2,,139.26202,150138,0.0009999999,-497.00336,,11938.627115488052,15.318616,,2.8101277e-11,0.0009999999,,11,,2629,78.57722,15.178806,3144.894,2629,1314.4998,,57.10840623811335,625,3518.304,0.1,-373.4098,-134.26202,15.210334,-577.64264,577.64264,0.0009999999
0.0009999999,577.64264,366500.94,-0.4014476,1.0,-0.2,,139.35397,150432,0.0009999999,-376.08813,,11945.296204328537,16.994991,-0.1,2.807991e-11,0.0009999999,,11,-0.1,2630,78.57722,15.178427,3094.1982,2630,1315.0,,57.19847908745247,625,3518.359,,-424.16064,-134.35397,15.21094,-577.64264,577.64264,0.0009999999
0.0009999999,577.64264,366974.06,-0.49771053,1.0000004,-0.2,,139.48083,150932,0.0009999999,-468.14923,,11951.818047046661,14.8770685,-0.1,2.8058568e-11,0.0009999999,,11,-0.2,2631,78.57722,15.178046,3079.3538,2631,1315.5005,,57.36678069175218,625,3518.414,,-439.06033,-134.48083,15.210745,-577.64264,577.64264,0.0009999999
0.0009999999,577.64264,367409.47,-0.10020447,1.0,-0.1,,139.59326,151432,0.0009999999,-430.3831,,11958.377554416656,16.089537,,2.803725e-11,0.0009999999,,11,,2632,78.57722,15.177666,3062.3652,2632,1316.0,,57.53495440729483,625,3518.4695,,-456.10434,-134.59326,15.211002,-577.64264,577.64264,0.0009999999
0.0009999999,577.64264,367903.75,-0.30074176,0.99999964,-0.2,,139.72797,151932,0.0009999999,-489.30994,,11965.311561107635,16.788097,,2.801596e-11,0.0009999999,,11,-0.1,2633,78.57722,15.177286,3053.505,2633,1316.4995,,57.70300037979491,625,3518.5242,,-465.0193,-134.72797,15.211533,-577.64264,577.64264,0.0009999999
0.0009999999,577.64264,368387.72,-0.2993958,1.0000005,-0.1,,139.85866,152432,0.0009999999,-478.95465,,11972.771550893784,11.971958,,2.799469e-11,0.0009999999,,11,-0.2,2634,78.57722,15.176907,3035.74,2634,1317.0006,,57.87091875474563,625,3518.579,,-482.8392,-134.85866,15.210232,-577.64264,577.64264,0.0009999999
0.0009999999,577.64264,368884.62,-0.09666077,1.0000005,,,139.99417,152932,0.0009999999,-491.89703,,11979.111310958862,14.15913,,2.7973445e-11,0.0009999999,,11,-0.1,2635,78.57722,15.176527,3033.0176,2635,1317.5006,,58.038709677419355,625,3518.634,,-485.61633,-134.99417,15.209761,-577.64264,577.64264,0.0009999999
0.0009999999,577.64264,369367.06,-0.20150347,0.99999964,-0.2,,140.12407,153432,0.0009999999,-477.4244,,11986.10864162445,15.077889,0.1,2.7952226e-11,0.0009999999,,11,-0.1,2636,78.57722,15.176147,3032.21,2636,1317.9995,,58.20637329286798,625,3518.6892,,-486.47934,-135.12407,15.209638,-577.64264,577.64264,0.0009999999
0.0009999999,577.64264,369866.3,-0.20019895,0.9999999,-0.1,,140.26027,153932,0.0009999999,-494.26617,,11994.032382249832,16.446709,,2.7931027e-11,0.0009999999,,11,-0.1,2637,78.57722,15.175768,3030.8066,2637,1318.4999,,58.3739097459234,625,3518.744,,-487.93735,-135.26027,15.21004,-577.64264,577.64264,0.0009999999
0.0009999999,577.64264,370347.16,-0.3006924,1.0000002,-0.2,,140.38937,154432,0.0009999999,-475.8356,,12002.141117811203,15.637542,-0.1,2.7909853e-11,0.0009999999,,11,-0.1,2638,78.57722,15.175389,3027.569,2638,1319.0004,,58.54131918119788,625,3518.7988,0.1,-491.2297,-135.38937,15.210126,-577.64264,577.64264,0.0009999999
0.0009999999,577.64264,370849.38,-0.2986569,1.0000004,-0.2,,140.52647,154932,0.0009999999,-497.22122,,12010.058166503906,15.808058,0.1,2.7888709e-11,0.0009999999,,11,-0.2,2639,78.57722,15.17501,3026.8945,2639,1319.5011,,58.7086017430845,625,3518.854,,-491.95944,-135.52647,15.210283,-577.64264,577.64264,0.0009999999
0.0009999999,577.64264,371340.2,-0.20128217,0.99999964,-0.1,,140.65916,155432,0.0009999999,-485.80136,,12018.115994691849,16.640253,,2.7867582e-11,0.0009999999,,11,-0.2,2640,78.57722,15.174631,3026.9177,2640,1319.9995,,58.875757575757575,625,3518.9084,0.1,-491.99063,-135.65916,15.210754,-577.64264,577.64264,0.0009999999
0.0009999999,577.64264,371835.0,-0.09877814,1.0,-0.2,,140.79326,155932,0.0009999999,-489.8402,,12025.891274929047,16.23435,,2.7846484e-11,0.0009999999,,11,-0.1,2641,78.57722,15.1742525,3023.6804,2641,1320.5007,,59.04278682317304,625,3518.9634,0.2,-495.28293,-135.79326,15.211066,-577.64264,577.64264,0.0009999999
0.0009999999,577.64264,372336.0,-0.3005902,0.99999964,-0.2,,140.9296,156432,0.0009999999,-495.97238,,12033.736558675766,16.148493,-0.1,2.782541e-11,0.0009999999,,11,-0.2,2642,78.57722,15.173874,3023.4575,2642,1320.9995,,59.20968962906889,625,3519.0183,0.2,-495.5607,-135.9296,15.211351,-577.64264,577.64264,0.0009999999
0.0009999999,577.64264,372840.78,-0.10288584,0.9999998,-0.1,,141.06726,156932,0.0009999999,-499.7964,,12041.453520774841,15.119402,,2.7804358e-11,0.0009999999,,11,-0.2,2643,78.57722,15.173495,3023.4258,2643,1321.4998,,59.37646613696557,625,3519.0732,0.2,-495.64743,-136.06726,15.211242,-577.64264,577.64264,0.0009999999
0.0009999999,577.64264,373339.22,-0.09870065,1.0000001,-0.2,,141.20242,157432,0.0009999999,-493.43924,,12049.0839138031,16.09748,0.1,2.778333e-11,0.0009999999,,11,-0.1,2644,78.57722,15.173118,3023.0752,2644,1322.0001,,59.54311649016641,625,3519.1277,0.1,-496.05243,-136.20242,15.211508,-577.64264,577.64264,0.0009999999
0.0009999999,577.64264,373843.06,-0.0017348081,0.99999964,-0.2,,141.33954,157932,0.0009999999,-498.85123,,12056.296491622925,16.170397,0.1,2.7762325e-11,0.0009999999,,11,-0.1,2645,78.57722,15.172739,3022.5344,2645,1322.4995,,59.70964083175804,625,3519.1824,0.2,-496.64792,-136.33954,15.2118,-577.64264,577.64264,0.0009999999
0.0009999999,577.64264,374346.62,-0.10525285,1.0000002,,,141.47643,158432,0.0009999999,-498.5211,,12064.048904180527,15.020412,,2.7741342e-11,0.0009999999,,11,-0.2,2646,78.57722,15.172361,3022.4312,2646,1323.0002,,59.876039304610735,625,3519.2373,0.1,-496.80612,-136.47643,15.211658,-577.64264,577.64264,0.0009999999
0.0009999999,577.64264,374849.5,-0.4029231,1.0000005,-0.2,,141.61296,158932,0.0009999999,-497.90247,,12072.141363620758,12.272881,-0.1,2.7720385e-11,0.0009999999,,11,-0.2,2647,78.57722,15.171984,3022.2798,2647,1323.5012,,60.04231205137892,625,3519.2917,0.1,-497.012,-136.61296,15.210474,-577.64264,577.64264,0.0009999999
0.0009999999,577.64264,375352.0,-0.30195826,0.9999999,-0.2,,141.74925,159432,0.0009999999,-497.48636,,12079.59421467781,13.207731,,2.7699454e-11,0.0009999999,,11,-0.2,2648,78.57722,15.171605,3022.2473,2648,1323.9999,,60.20845921450151,625,3519.3467,0.1,-497.09937,-136.74925,15.209648,-577.64264,577.64264,0.0009999999
0.0009999999,577.64264,375846.8,-0.20321396,1.0,-0.2,,141.88252,159932,0.0009999999,-489.81482,,12086.911884307861,15.139439,0.1,2.7678545e-11,0.0009999999,,11,-0.2,2649,78.57722,15.171228,3022.1733,2649,1324.5,,60.37448093620234,625,3519.4014,0.1,-497.22815,-136.88252,15.209548,-577.64264,577.64264,0.0009999999
0.0009999999,577.64264,376349.84,-0.09743433,1.0000002,-0.2,,142.01881,160432,0.0009999999,-498.0324,,12093.837548732758,12.400633,0.1,2.7657663e-11,0.0009999999,,11,-0.2,2650,78.57722,15.170851,3022.0632,2650,1325.0004,,60.54037735849057,625,3519.456,0.2,-497.3929,-137.01881,15.208418,-577.64264,577.64264,0.0009999999
0.0009999999,577.64264,376853.75,0.09724476,0.99999964,,,142.15532,160932,0.0009999999,-498.9104,,12100.778804540634,14.326516,,2.7636797e-11,0.0009999999,,11,-0.1,2651,78.57722,15.170473,3021.8833,2651,1325.4995,,60.70614862316107,625,3519.5103,0.2,-497.62698,-137.15532,15.2080145,-577.64264,577.64264,0.0009999999
0.0009999999,577.64264,377357.8,-0.19818605,1.0000002,-0.2,,142.29178,161432,0.0009999999,-499.07443,,12107.664667129517,14.710658,-0.1,2.7615956e-11,0.0009999999,,11,-0.1,2652,78.57722,15.170096,3021.3137,2652,1326.0002,,60.87179487179487,625,3519.5652,0.2,-498.2515,-137.29178,15.207753,-577.64264,577.64264,0.0009999999
0.0009999999,577.64264,377862.0,-0.20060043,1.0000004,-0.2,,142.42819,161932,0.0009999999,-499.16772,,12114.768706321716,15.853697,,2.7595145e-11,0.0009999999,,11,-0.1,2653,78.57722,15.169719,3020.6548,2653,1326.5011,,61.03731624575952,625,3519.6199,0.1,-498.96503,-137.42819,15.207927,-577.64264,577.64264,0.0009999999
0.0009999999,577.64264,378363.56,0.0032906383,0.9999997,-0.1,,142.5635,162432,0.0009999999,-496.59116,,12121.423773765564,16.426596,,2.757435e-11,0.0009999999,,11,-0.1,2654,78.57722,15.169342,3020.5876,2654,1326.9996,,61.2027128862095,625,3519.6743,0.2,-499.0866,-137.5635,15.208316,-577.64264,577.64264,0.0009999999
0.0009999999,577.64264,378866.88,-0.09910681,1.0000002,-0.1,,142.69939,162932,0.0009999999,-498.27286,,12128.139735937119,13.401009,,2.7553586e-11,0.0009999999,,11,-0.1,2655,78.57722,15.168965,3020.3247,2655,1327.5009,,61.36798493408663,625,3519.729,0.1,-499.40442,-137.69939,15.207565,-577.64264,577.64264,0.0009999999
0.0009999999,577.64264,379371.66,0.0008140132,0.9999998,-0.1,,142.83571,163432,0.0009999999,-499.7997,,12134.884382247925,12.972314,,2.7532839e-11,0.0009999999,,11,,2656,78.57722,15.168589,2982.0288,2656,1327.9998,,61.53313253012048,625,3519.7834,0.1,-537.75464,-137.83571,15.206651,-577.64264,577.64264,0.0009999999
0.0009999999,577.64264,379871.4,-0.4008249,1.0000001,-0.2,,142.97005,163932,0.0009999999,-494.75967,,12141.629392623901,13.567083,,2.7512121e-11,0.0009999999,,11,-0.1,2657,78.57722,15.168213,2935.4136,2657,885.66675,,61.69815581482875,625,2873.9358,-0.1,61.477688,-137.97005,15.205962,-577.64264,577.64264,0.0009999999
0.0009999999,577.64264,379777.62,-0.19717164,1.0000002,-0.1,,142.88097,164432,0.0009999999,98.77659,,12148.286655664444,16.457535,,2.7491424e-11,0.0009999999,,11,,2658,98.77659,15.167836,2904.0566,2658,886.0004,,61.863054928517684,625,2873.98,-0.1,30.07677,-137.88097,15.206382,-577.64264,577.64264,0.0009999999
0.0009999999,577.64264,379743.2,-0.30127043,0.99999946,-0.1,,142.81429,164932,0.0009999999,39.4363,,12155.183729887009,15.702013,,2.7470748e-11,0.0009999999,,11,-0.1,2659,98.77659,15.16746,2895.77,2659,886.3334,,62.02783001128244,625,2874.0244,-0.1,21.74555,-137.81429,15.206518,-577.64264,577.64264,0.0009999999
0.0009999999,577.64264,379731.16,-0.60089123,0.9999998,-0.2,,142.75607,165432,0.0009999999,17.050148,,12163.278939962387,14.666596,-0.1,2.7450096e-11,0.0009999999,,11,-0.2,2660,98.77659,15.167084,2874.0637,2660,886.6665,,62.19248120300752,625,2874.069,-0.1,-0.0052578347,-137.75607,15.206262,-577.64264,577.64264,0.0009999999
0.0009999999,577.64264,379747.94,-0.20148204,0.99999964,,,142.70874,165932,0.0009999999,-11.785387,,12169.985366106033,15.2473,,2.742947e-11,0.0009999999,,11,-0.1,2661,98.77659,15.166708,2818.3079,2661,886.9997,,62.35700864336715,625,2874.1135,-0.1,-55.805584,-137.70874,15.206226,-577.64264,577.64264,0.0009999999
0.0009999999,577.64264,379779.84,-0.29606116,0.9999997,-0.2,,142.66711,166432,0.0009999999,-26.909285,,12177.257597208023,15.967174,0.1,2.7408863e-11,0.0009999999,,11,-0.1,2662,98.77659,15.166332,2787.0295,2662,887.33307,,62.5214124718257,625,2874.1575,-0.1,-87.127884,-137.66711,15.206462,-577.64264,577.64264,0.0009999999
0.0009999999,577.64264,379913.12,-0.59869784,1.0000002,-0.2,,142.66359,166720,0.0009999999,-128.28246,,12185.298146247864,12.495145,,2.7388284e-11,0.0009999999,,11,-0.2,2663,98.77659,15.1659565,2781.432,2663,887.66736,,62.606083364626365,625,2874.2021,-0.2,-92.77035,-137.66359,15.205391,-577.64264,577.64264,0.0009999999
0.0009999999,577.64264,380019.94,-0.5002237,0.9999998,-0.2,,142.65013,166812,0.0009999999,-101.8262,,12192.485866308212,16.114536,,2.7367724e-11,0.0009999999,,11,-0.1,2664,98.77659,15.165582,2780.832,2664,888.0001,,62.61711711711712,625,2874.2466,-0.2,-93.414536,-137.65013,15.205682,-577.64264,577.64264,0.0009999999
0.0009999999,577.64264,380126.22,-0.19793738,0.99999964,,,142.63647,166904,0.0009999999,-101.286835,,12199.985651493073,9.47473,,2.7347189e-11,0.0009999999,,11,,2665,98.77659,15.165206,2777.7515,2665,888.333,,62.6281425891182,625,2874.291,-0.2,-96.5396,-137.63647,15.203477,-577.64264,577.64264,0.0009999999
0.0009999999,577.64264,380238.38,-0.5028985,1.0000002,-0.1,,142.62505,166973,0.0009999999,-107.133705,,12207.506007909775,15.327884,,2.7326679e-11,0.0009999999,,11,-0.2,2666,98.77659,15.164831,2776.0505,2666,888.6669,,62.63053263315829,625,2874.3352,-0.2,-98.28468,-137.62505,15.203475,-577.64264,577.64264,0.0009999999
0.0009999999,577.64264,380351.8,-0.29682958,1.0000004,,,142.6141,167042,0.0009999999,-108.43063,,12214.349833250046,15.7980385,,2.7306189e-11,0.0009999999,,11,-0.1,2667,98.77659,15.164456,2776.0806,2667,889.00085,,62.63292088488939,625,2874.3794,-0.2,-98.29883,-137.6141,15.203648,-577.64264,577.64264,0.0009999999
0.0009999999,577.64264,380439.72,-0.40491754,0.9999999,-0.2,,142.5936,167112,0.0009999999,-82.92831,,12221.41577243805,13.580532,,2.7285724e-11,0.0009999999,,11,,2668,98.77659,15.164081,2776.018,2668,889.33325,,62.63568215892054,625,2874.424,-0.2,-98.40611,-137.5936,15.202991,-577.64264,577.64264,0.0009999999
0.0009999999,577.64264,380550.8,-0.29845747,1.0000002,-0.2,,142.5818,167132,0.0009999999,-106.11467,,12228.517177820206,13.350724,0.1,2.7265282e-11,0.0009999999,,11,,2669,98.77659,15.163707,2774.076,2669,889.6675,,62.61970775571375,625,2874.468,-0.2,-100.391975,-137.5818,15.202243,-577.64264,577.64264,0.0009999999
0.0009999999,577.64264,380672.5,-0.09872264,1.0000002,0.2,,142.57397,167191,0.0009999999,-116.67599,,12235.308881521225,14.516286,0.1,2.7244861e-11,0.0009999999,,11,-0.2,2670,98.77659,15.163332,2772.2783,2670,890.0001,,62.618352059925094,625,2874.5125,-0.2,-102.2342,-137.57397,15.201934,-577.64264,577.64264,0.0009999999
0.0009999999,577.64264,380782.4,-0.3980112,0.99999946,-0.1,,142.56174,167218,0.0009999999,-104.88762,,12242.414414167404,16.883247,-0.1,2.7224466e-11,0.0009999999,,11,,2671,98.77659,15.162957,2771.4336,2671,890.3329,,62.605016847622615,625,2874.5564,-0.2,-103.12288,-137.56174,15.202512,-577.64264,577.64264,0.0009999999
0.0009999999,577.64264,380901.4,-0.40097523,1.0,-0.1,,142.55292,167242,0.0009999999,-114.00757,,12249.121694087982,15.768421,,2.7204093e-11,0.0009999999,,11,-0.1,2672,98.77659,15.162583,2771.3877,2672,890.6667,,62.59056886227545,625,2874.601,-0.2,-103.213394,-137.55292,15.202675,-577.64264,577.64264,0.0009999999
0.0009999999,577.64264,381010.06,-0.49823648,1.0,-0.2,,142.54024,167311,0.0009999999,-103.65994,,12255.912158966064,14.096982,,2.718374e-11,0.0009999999,,11,-0.2,2673,98.77659,15.162209,2771.0967,2673,891.00055,,62.59296670407782,625,2874.645,-0.1,-103.548294,-137.54024,15.202208,-577.64264,577.64264,0.0009999999
0.0009999999,577.64264,381084.4,-0.29874545,1.0000005,-0.2,,142.51474,167811,0.0009999999,-69.33204,,12263.538868427277,16.778063,,2.7163412e-11,0.0009999999,,11,,2674,98.77659,15.161835,2771.1367,2674,891.33374,,62.7565445026178,625,2874.6892,-0.1,-103.55237,-137.51474,15.202745,-577.64264,577.64264,0.0009999999
0.0009999999,577.64264,381181.5,-0.40012395,1.0000004,,,142.49776,168205,0.0009999999,-92.114426,,12270.942220449448,16.560154,,2.7143109e-11,0.0009999999,,11,-0.2,2675,98.77659,15.161461,2770.9507,2675,891.667,,62.8803738317757,625,2874.7334,-0.2,-103.78272,-137.49776,15.203202,-577.64264,577.64264,0.0009999999
0.0009999999,577.64264,381280.6,-0.4994511,1.0000004,,,142.48154,168275,0.0009999999,-94.090645,,12277.583228111267,14.886474,-0.1,2.7122825e-11,0.0009999999,,11,-0.2,2676,98.77659,15.161087,2770.7305,2676,892.00037,,62.88303437967115,625,2874.7778,-0.2,-104.04747,-137.48154,15.203032,-577.64264,577.64264,0.0009999999
0.0009999999,577.64264,381403.94,-0.29860535,1.0000004,-0.1,,142.4744,168325,0.0009999999,-118.33866,,12284.10697388649,16.50464,,2.7102565e-11,0.0009999999,,11,,2677,98.77659,15.160713,2770.392,2677,892.3339,,62.87822189017557,625,2874.8218,-0.2,-104.42974,-137.4744,15.203468,-577.64264,577.64264,0.0009999999
0.0009999999,577.64264,381502.8,-0.19981144,0.99999946,-0.1,,142.45811,168483,0.0009999999,-93.89656,,12290.719246149063,17.106157,,2.708233e-11,0.0009999999,,11,0.1,2678,98.77659,15.16034,2770.422,2678,892.66675,,62.913741598207615,625,2874.8657,-0.2,-104.443665,-137.45811,15.204125,-577.64264,577.64264,0.0009999999
0.0009999999,577.64264,381621.62,-0.29933855,0.99999964,0.1,,142.44928,168510,0.0009999999,-113.7863,,12297.20481467247,15.966595,,2.7062115e-11,0.0009999999,,11,-0.2,2679,98.77659,15.159966,2770.2876,2679,892.99963,,62.9003359462486,625,2874.91,-0.2,-104.62241,-137.44928,15.204363,-577.64264,577.64264,0.0009999999
0.0009999999,577.64264,381752.16,-0.40024465,1.0000002,-0.1,,142.44484,168557,0.0009999999,-125.53352,,12303.302475452423,16.062996,-0.2,2.704192e-11,0.0009999999,,11,,2680,98.77659,15.159594,2770.08,2680,893.33356,,62.89440298507463,625,2874.9543,-0.1,-104.87427,-137.44484,15.204629,-577.64264,577.64264,0.0009999999
0.0009999999,577.64264,381871.44,-0.10022428,0.9999998,0.1,,142.43619,168579,0.0009999999,-114.29046,,12309.389885187149,16.748152,0.2,2.702175e-11,0.0009999999,,11,-0.2,2681,98.77659,15.159221,2770.0054,2681,893.66675,,62.87914957105558,625,2874.998,-0.2,-104.99258,-137.43619,15.205156,-577.64264,577.64264,0.0009999999
0.0009999999,577.64264,381996.6,0.3039295,1.0,0.2,,142.42975,168607,0.0009999999,-120.143486,,12315.463332176208,16.698153,0.2,2.7001604e-11,0.0009999999,,11,0.1,2682,98.77659,15.158848,2769.7104,2682,894.0,,62.86614466815809,625,2875.0422,-0.2,-105.33183,-137.42975,15.205658,-577.64264,577.64264,0.0009999999
0.0009999999,577.64264,382117.22,0.09867187,0.9999998,,,142.42163,168626,0.0009999999,-115.6412,,12321.616510391235,10.456652,0.1,2.6981481e-11,0.0009999999,,11,0.2,2683,98.77659,15.158475,2769.6702,2683,894.33344,,62.84979500559076,625,2875.0864,-0.2,-105.41618,-137.42163,15.203841,-577.64264,577.64264,0.0009999999
0.0009999999,577.64264,382227.12,-0.00071391463,1.0000004,0.1,,142.40952,168643,0.0009999999,-104.87791,,12327.76165008545,16.155514,-0.2,2.696138e-11,0.0009999999,,11,0.2,2684,98.77659,15.158102,2769.5679,2684,894.667,,62.832712369597616,625,2875.1304,-0.1,-105.562454,-137.40952,15.204144,-577.64264,577.64264,0.0009999999
0.0009999999,577.64264,382341.44,-0.30122858,0.9999998,,,142.39905,168658,0.0009999999,-109.32009,,12334.249379396439,16.016838,-0.2,2.6941302e-11,0.0009999999,,11,0.1,2685,98.77659,15.157729,2769.4539,2685,894.9998,,62.81489757914339,625,2875.174,-0.2,-105.720184,-137.39905,15.204399,-577.64264,577.64264,0.0009999999
0.0009999999,577.64264,382453.2,0.0023989975,0.99999964,,,142.38763,168675,0.0009999999,-106.77458,,12340.407495498657,16.154785,,2.6921243e-11,0.0009999999,,11,0.2,2686,98.77659,15.157357,2769.4934,2686,895.3336,,62.797840655249445,625,2875.2185,-0.2,-105.725174,-137.38763,15.204697,-577.64264,577.64264,0.0009999999
0.0009999999,577.64264,382564.25,0.1030337,0.99999964,0.2,,142.37598,168693,0.0009999999,-106.05142,,12346.68765616417,14.698866,-0.2,2.6901209e-11,0.0009999999,,11,0.2,2687,98.77659,15.156985,2769.5115,2687,895.6666,,62.78116858950502,625,2875.2625,-0.1,-105.751045,-137.37598,15.204459,-577.64264,577.64264,0.0009999999
0.0009999999,577.64264,382675.75,-0.39794302,0.9999998,-0.1,,142.36449,168711,0.0009999999,-106.524864,,12353.054399967194,16.167658,0.1,2.6881197e-11,0.0009999999,,11,-0.2,2688,98.77659,15.156612,2769.4722,2688,895.9999,,62.76450892857143,625,2875.3064,-0.2,-105.83414,-137.36449,15.204765,-577.64264,577.64264,0.0009999999
0.0009999999,577.64264,382801.75,-0.30096757,0.9999998,0.1,,142.3584,168808,0.0009999999,-120.95928,,12360.409496068954,15.8046465,-0.2,2.6861206e-11,0.0009999999,,11,,2689,98.77659,15.15624,2769.4368,2689,896.3332,,62.777240609892154,625,2875.35,-0.2,-105.91334,-137.3584,15.204941,-577.64264,577.64264,0.0009999999
0.0009999999,577.64264,382917.8,-0.60166144,1.0000002,-0.1,,142.34863,168828,0.0009999999,-111.06535,,12367.795136451721,16.404995,-0.1,2.6841238e-11,0.0009999999,,11,-0.2,2690,98.77659,15.155869,2769.4526,2690,896.6675,,62.76133828996282,625,2875.394,-0.2,-105.94137,-137.34863,15.205332,-577.64264,577.64264,0.0009999999
0.0009999999,577.64264,383045.0,-0.39980534,0.9999999,-0.1,,142.343,168876,0.0009999999,-122.20181,,12374.914548635483,13.765329,-0.2,2.6821295e-11,0.0009999999,,11,0.1,2691,98.77659,15.155498,2769.3545,2691,897.0002,,62.75585284280937,625,2875.438,-0.2,-106.083565,-137.343,15.204748,-577.64264,577.64264,0.0009999999
0.0009999999,577.64264,383156.5,-0.19585812,0.99999964,-0.2,,142.33154,168895,0.0009999999,-106.50438,,12382.151860952377,16.56018,-0.2,2.6801372e-11,0.0009999999,,11,0.2,2692,98.77659,15.155126,2769.274,2692,897.333,,62.739598811292716,625,2875.482,,-106.208115,-137.33154,15.2052,-577.64264,577.64264,0.0009999999
0.0009999999,577.64264,383277.4,0.098860994,1.0000002,0.2,,142.32358,168915,0.0009999999,-115.90095,,12389.456549406052,14.409244,,2.678147e-11,0.0009999999,,11,0.1,2693,98.77659,15.154755,2769.2744,2693,897.6668,,62.72372818418121,625,2875.5256,-0.2,-106.2512,-137.32358,15.204854,-577.64264,577.64264,0.0009999999
0.0009999999,577.64264,383409.2,-0.39790878,1.0000002,-0.2,,142.31967,168944,0.0009999999,-126.77901,,12396.598747253418,13.595971,0.1,2.676159e-11,0.0009999999,,11,-0.1,2694,98.77659,15.154383,2769.2617,2694,898.00073,,62.71121009651076,625,2875.5696,-0.2,-106.3078,-137.31967,15.2042055,-577.64264,577.64264,0.0009999999
0.0009999999,577.64264,383514.47,0.20442598,0.9999997,0.1,,142.30592,168969,0.0009999999,-100.26514,,12403.887939691544,13.436718,0.2,2.6741736e-11,0.0009999999,,11,0.1,2695,98.77659,15.154012,2769.2795,2695,898.33307,,62.69721706864564,625,2875.6133,-0.2,-106.333626,-137.30592,15.203499,-577.64264,577.64264,0.0009999999
0.0009999999,577.64264,383633.72,0.19769518,1.0000004,0.1,,142.29738,168992,0.0009999999,-114.266785,,12410.995284080505,11.980832,,2.67219e-11,0.0009999999,,11,0.2,2696,98.77659,15.153641,2769.3184,2696,898.66724,,62.682492581602375,625,2875.6572,-0.1,-106.338776,-137.29738,15.202255,-577.64264,577.64264,0.0009999999
0.0009999999,577.64264,383744.53,-0.50163186,0.9999998,-0.2,,142.2857,169009,0.0009999999,-105.82272,,12417.96580338478,14.803879,-0.2,2.670209e-11,0.0009999999,,11,0.1,2697,98.77659,15.15327,2769.362,2697,898.9999,,62.66555431961439,625,2875.701,-0.2,-106.33897,-137.2857,15.202053,-577.64264,577.64264,0.0009999999
0.0009999999,577.64264,383856.4,-0.20130904,0.99999946,-0.1,,142.27443,169023,0.0009999999,-106.85426,,12425.478064537048,15.116987,0.2,2.6682299e-11,0.0009999999,,11,-0.1,2698,98.77659,15.1529,2769.3196,2698,899.33344,,62.6475166790215,625,2875.7446,-0.2,-106.42507,-137.27443,15.201974,-577.64264,577.64264,0.0009999999
0.0009999999,577.64264,383967.56,-0.19893163,1.0000006,0.2,,142.2629,169042,0.0009999999,-106.164505,,12432.274498939514,16.23776,-0.1,2.6662528e-11,0.0009999999,,11,-0.1,2699,98.77659,15.152529,2769.197,2699,899.6671,,62.631344942571324,625,2875.7886,-0.2,-106.59158,-137.2629,15.202306,-577.64264,577.64264,0.0009999999
0.0009999999,577.64264,384082.8,-0.60210145,1.0000002,-0.2,,142.2529,169057,0.0009999999,-110.25966,,12439.203800201416,15.633584,-0.1,2.6642783e-11,0.0009999999,,11,-0.1,2700,98.77659,15.152159,2769.2297,2700,900.0001,,62.613703703703706,625,2875.8323,-0.2,-106.60257,-137.2529,15.202417,-577.64264,577.64264,0.0009999999
0.0009999999,577.64264,384199.84,-0.09750882,0.9999998,-0.1,,142.24356,169108,0.0009999999,-112.02113,,12445.90559887886,16.120306,-0.2,2.6623058e-11,0.0009999999,,11,0.2,2701,98.77659,15.151788,2769.257,2701,900.3332,,62.60940392447242,625,2875.8765,,-106.619354,-137.24356,15.2027025,-577.64264,577.64264,0.0009999999
0.0009999999,577.64264,384317.75,-0.19940107,0.99999964,-0.2,,142.23454,169127,0.0009999999,-112.92767,,12452.882498502731,15.338074,-0.1,2.6603358e-11,0.0009999999,,11,0.2,2702,98.77659,15.151418,2769.2678,2702,900.6664,,62.59326424870466,625,2875.9197,-0.1,-106.65196,-137.23454,15.202704,-577.64264,577.64264,0.0009999999
0.0009999999,577.64264,384431.9,0.20205958,0.99999964,0.2,,142.22417,169154,0.0009999999,-109.13551,,12459.9070520401,16.492321,,2.6583676e-11,0.0009999999,,11,0.2,2703,98.77659,15.151048,2769.2869,2703,900.9997,,62.580096189419166,625,2875.9634,-0.2,-106.67651,-137.22417,15.203128,-577.64264,577.64264,0.0009999999
0.0009999999,577.64264,384542.1,-0.19537665,0.9999998,,,142.21231,169169,0.0009999999,-105.19001,,12466.876087665558,15.94455,-0.1,2.6564018e-11,0.0009999999,,11,0.1,2704,98.77659,15.150678,2769.1113,2704,901.3332,,62.5625,625,2876.007,-0.2,-106.895805,-137.21231,15.203356,-577.64264,577.64264,0.0009999999
0.0009999999,577.64264,384654.47,-0.49823296,1.0000001,-0.2,,142.20128,169197,0.0009999999,-107.37011,,12473.449508190155,14.546247,-0.1,2.6544381e-11,0.0009999999,,11,-0.1,2705,98.77659,15.150309,2769.0613,2705,901.66675,,62.54972273567468,625,2876.051,-0.1,-106.98974,-137.20128,15.20306,-577.64264,577.64264,0.0009999999
0.0009999999,577.64264,384768.5,0.19748251,0.9999998,0.1,,142.19087,169290,0.0009999999,-109.03051,,12480.072885036469,16.495241,-0.1,2.6524763e-11,0.0009999999,,11,0.2,2706,98.77659,15.149939,2769.0415,2706,902.0004,,62.5609756097561,625,2876.0942,,-107.052635,-137.19087,15.203488,-577.64264,577.64264,0.0009999999
0.0009999999,577.64264,384895.94,0.39817902,0.9999998,0.2,,142.18542,169325,0.0009999999,-122.41902,,12486.297852993011,14.178072,0.2,2.650517e-11,0.0009999999,,11,0.1,2707,98.77659,15.1495695,2769.0173,2707,902.33344,,62.55079423716291,625,2876.1382,-0.1,-107.12084,-137.18542,15.203055,-577.64264,577.64264,0.0009999999
0.0009999999,577.64264,385018.72,0.19777787,0.9999998,,,142.17825,169350,0.0009999999,-117.791466,,12492.50406050682,16.401003,0.2,2.64856e-11,0.0009999999,,11,0.2,2708,98.77659,15.1491995,2769.046,2708,902.6665,,62.53692762186115,625,2876.1816,-0.2,-107.13572,-137.17825,15.203451,-577.64264,577.64264,0.0009999999
0.0009999999,577.64264,385128.66,-0.10037792,1.0,0.1,,142.16635,169366,0.0009999999,-104.943016,,12498.522344112396,16.397476,-0.2,2.646605e-11,0.0009999999,,11,0.2,2709,98.77659,15.14883,2769.0698,2709,903.00055,,62.51974898486527,625,2876.2253,-0.2,-107.15551,-137.16635,15.203841,-577.64264,577.64264,0.0009999999
0.0009999999,577.64264,385244.56,-0.10303988,0.9999997,-0.2,,142.15666,169381,0.0009999999,-110.89718,,12504.938198328018,16.894375,,2.6446519e-11,0.0009999999,,11,0.2,2710,98.77659,15.148461,2769.086,2710,903.33307,,62.50221402214022,625,2876.2688,-0.1,-107.18285,-137.15666,15.204416,-577.64264,577.64264,0.0009999999
0.0009999999,577.64264,385354.88,-0.20343354,1.0000005,-0.1,,142.14491,169397,0.0009999999,-105.33121,,12511.37511563301,16.120188,-0.2,2.6427012e-11,0.0009999999,,11,0.1,2711,98.77659,15.148092,2769.1162,2711,903.66736,,62.48506086315013,625,2876.3125,,-107.19627,-137.14491,15.204701,-577.64264,577.64264,0.0009999999
0.0009999999,577.64264,385465.06,-0.19891447,1.0000001,-0.2,,142.13313,169409,0.0009999999,-105.17131,,12517.7085916996,14.874822,,2.6407529e-11,0.0009999999,,11,0.2,2712,98.77659,15.147724,2769.1003,2712,904.00006,,62.466445427728615,625,2876.3562,-0.2,-107.25585,-137.13313,15.204528,-577.64264,577.64264,0.0009999999
0.0009999999,577.64264,385578.5,-0.19896764,0.9999995,-0.2,,142.12256,169427,0.0009999999,-108.447876,,12524.142977952957,16.227318,0.1,2.6388069e-11,0.0009999999,,11,0.1,2713,98.77659,15.147355,2769.0967,2713,904.33295,,62.45005528934759,625,2876.3997,-0.2,-107.302895,-137.12256,15.204859,-577.64264,577.64264,0.0009999999
0.0009999999,577.64264,385686.94,0.3012656,0.9999998,,,142.11015,169482,0.0009999999,-103.422226,,12530.707280635834,14.686718,0.2,2.6368628e-11,0.0009999999,,11,0.2,2714,98.77659,15.146987,2769.132,2714,904.66675,,62.447310243183495,625,2876.4434,-0.1,-107.31136,-137.11015,15.2046175,-577.64264,577.64264,0.0009999999
0.0009999999,577.64264,385807.34,-0.09862681,1.0000005,,,142.10216,169514,0.0009999999,-115.40446,,12536.661312103271,10.125062,-0.1,2.6349206e-11,0.0009999999,,11,0.2,2715,98.77659,15.146618,2769.1628,2715,905.00073,,62.43609576427256,625,2876.4863,-0.2,-107.32359,-137.10216,15.20269,-577.64264,577.64264,0.0009999999
0.0009999999,577.64264,385926.38,0.1031187,0.9999997,0.2,,142.09366,169544,0.0009999999,-114.02544,,12542.595099449158,16.986488,-0.1,2.6329806e-11,0.0009999999,,11,0.2,2716,98.77659,15.14625,2769.1543,2716,905.33307,,62.424153166421206,625,2876.53,-0.2,-107.375786,-137.09366,15.203301,-577.64264,577.64264,0.0009999999
0.0009999999,577.64264,386046.88,-0.20118694,0.99999964,,,142.08571,169563,0.0009999999,-115.50405,,12548.799283504486,15.499583,-0.2,2.631043e-11,0.0009999999,,11,0.1,2717,98.77659,15.145882,2769.1924,2717,905.6664,,62.40817077659183,625,2876.5735,-0.1,-107.38114,-137.08571,15.203358,-577.64264,577.64264,0.0009999999
0.0009999999,577.64264,386158.34,0.20136538,1.0000001,0.2,,142.07445,169582,0.0009999999,-106.47474,,12556.101193666458,16.156141,0.2,2.6291073e-11,0.0009999999,,11,,2718,98.77659,15.145514,2769.2327,2718,906.0007,,62.39220014716703,625,2876.6172,-0.2,-107.384544,-137.07445,15.203663,-577.64264,577.64264,0.0009999999
0.0009999999,577.64264,386269.5,0.20002392,1.0,-0.1,,142.06308,169596,0.0009999999,-106.1683,,12562.812111854553,10.8342705,0.2,2.6271737e-11,0.0009999999,,11,0.2,2719,98.77659,15.145146,2769.2244,2719,906.3334,,62.374402353806545,625,2876.6604,-0.1,-107.43602,-137.06308,15.202002,-577.64264,577.64264,0.0009999999
0.0009999999,577.64264,386390.62,0.09915749,0.9999995,-0.1,,142.05537,169616,0.0009999999,-116.14366,,12569.6518368721,13.341146,0.1,2.6252422e-11,0.0009999999,,11,0.2,2720,98.77659,15.144778,2769.212,2720,906.66626,,62.358823529411765,625,2876.7039,-0.1,-107.49196,-137.05537,15.201268,-577.64264,577.64264,0.0009999999
0.0009999999,577.64264,386500.75,-0.30299312,1.0000001,-0.2,,142.04364,169631,0.0009999999,-105.10059,,12577.066274881363,15.114339,,2.6233132e-11,0.0009999999,,11,0.1,2721,98.77659,15.144411,2769.182,2721,907.00006,,62.341418596104376,625,2876.7476,-0.2,-107.56562,-137.04364,15.201184,-577.64264,577.64264,0.0009999999
0.0009999999,577.64264,386610.25,-0.30018583,0.9999998,-0.2,,142.0317,169648,0.0009999999,-104.47996,,12584.491116523743,15.550851,-0.1,2.6213861e-11,0.0009999999,,11,0.2,2722,98.77659,15.144043,2769.191,2722,907.3331,,62.32476120499633,625,2876.7908,-0.2,-107.5998,-137.0317,15.201265,-577.64264,577.64264,0.0009999999
0.0009999999,577.64264,386720.6,-0.103200905,0.99999964,,,142.02005,169662,0.0009999999,-105.358864,,12591.696571826935,15.481903,-0.2,2.6194609e-11,0.0009999999,,11,0.1,2723,98.77659,15.143676,2769.1265,2723,907.6663,,62.307014322438484,625,2876.8342,,-107.70769,-137.02005,15.201315,-577.64264,577.64264,0.0009999999
0.0009999999,577.64264,386830.25,-0.1970703,1.0,-0.1,,142.00816,169675,0.0009999999,-104.65615,,12599.125353336334,15.264203,-0.2,2.6175378e-11,0.0009999999,,11,0.2,2724,98.77659,15.143309,2769.077,2724,908.00055,,62.28891336270191,625,2876.8774,-0.1,-107.8005,-137.00816,15.201289,-577.64264,577.64264,0.0009999999
0.0009999999,577.64264,386949.1,0.40490648,0.9999998,0.1,,141.99966,169694,0.0009999999,-113.83807,,12606.571236848831,12.441837,0.2,2.6156174e-11,0.0009999999,,11,0.1,2725,98.77659,15.142941,2769.089,2725,908.3331,,62.27302752293578,625,2876.921,,-107.831764,-136.99966,15.200227,-577.64264,577.64264,0.0009999999
0.0009999999,577.64264,387061.6,-0.20110306,1.0,,,141.98885,169709,0.0009999999,-107.49705,,12614.039291620255,12.861061,-0.2,2.6136985e-11,0.0009999999,,11,0.2,2726,98.77659,15.142575,2769.0256,2726,908.6667,,62.255685986793836,625,2876.9639,-0.2,-107.9383,-136.98885,15.199321,-577.64264,577.64264,0.0009999999
0.0009999999,577.64264,387172.78,-0.29852208,1.0000004,-0.2,,141.97755,169727,0.0009999999,-106.19379,,12621.519412755966,16.346865,-0.2,2.6117818e-11,0.0009999999,,11,0.2,2727,98.77659,15.142208,2769.0374,2727,909.00037,,62.23945727906124,625,2877.0073,-0.1,-107.96991,-136.97755,15.199687,-577.64264,577.64264,0.0009999999
0.0009999999,577.64264,387285.12,-0.40388173,1.0,,,141.96669,169750,0.0009999999,-107.35391,,12628.563211917877,15.421793,-0.2,2.6098674e-11,0.0009999999,,11,-0.1,2728,98.77659,15.141842,2769.0562,2728,909.3333,,62.22507331378299,625,2877.0508,-0.1,-107.99456,-136.96669,15.19972,-577.64264,577.64264,0.0009999999
0.0009999999,577.64264,387400.44,0.0017455667,0.99999964,0.1,,141.95692,169771,0.0009999999,-110.2848,,12635.338050365448,15.365658,,2.6079552e-11,0.0009999999,,11,0.1,2729,98.77659,15.141475,2769.013,2729,909.6664,,62.20996702088677,625,2877.094,-0.2,-108.08099,-136.95692,15.19973,-577.64264,577.64264,0.0009999999
0.0009999999,577.64264,387523.38,0.2967898,0.9999995,0.2,,141.94995,169802,0.0009999999,-117.92334,,12642.326864242554,13.290434,-0.2,2.6060447e-11,0.0009999999,,11,0.2,2730,98.77659,15.1411085,2768.998,2730,909.9996,,62.1985347985348,625,2877.137,0.1,-108.13893,-136.94995,15.198982,-577.64264,577.64264,0.0009999999
0.0009999999,577.64264,387633.94,-0.20289378,0.9999998,0.1,,141.93846,169814,0.0009999999,-105.59587,,12649.435877799988,13.215282,-0.2,2.6041367e-11,0.0009999999,,11,0.1,2731,98.77659,15.140742,2769.0378,2731,910.33374,,62.18015378982058,625,2877.1804,-0.2,-108.1426,-136.93846,15.198202,-577.64264,577.64264,0.0009999999
0.0009999999,577.64264,387750.84,0.39763692,0.99999964,0.2,,141.9293,169833,0.0009999999,-111.897064,,12656.60848236084,15.268625,-0.1,2.6022308e-11,0.0009999999,,11,0.2,2732,98.77659,15.140376,2769.0654,2732,910.6663,,62.16434846266471,625,2877.2236,0.1,-108.158195,-136.9293,15.198181,-577.64264,577.64264,0.0009999999
0.0009999999,577.64264,387866.94,0.0026867315,0.9999998,0.2,,141.91985,169849,0.0009999999,-111.117226,,12663.725445270538,16.262255,-0.2,2.6003266e-11,0.0009999999,,11,0.1,2733,98.77659,15.14001,2769.1047,2733,910.9999,,62.14745700695207,625,2877.2668,-0.1,-108.16222,-136.91985,15.198519,-577.64264,577.64264,0.0009999999
0.0009999999,577.64264,387990.28,-0.39939538,1.0000002,-0.1,,141.91306,169872,0.0009999999,-118.3398,,12670.163038253784,14.568995,,2.5984251e-11,0.0009999999,,11,-0.2,2734,98.77659,15.139645,2769.1345,2734,911.33356,,62.13313825896123,625,2877.3098,-0.1,-108.17523,-136.91306,15.198241,-577.64264,577.64264,0.0009999999
0.0009999999,577.64264,388098.8,-0.19787377,0.9999998,,,141.90085,170372,0.0009999999,-103.52413,,12677.270741224289,17.332352,-0.2,2.5965249e-11,0.0009999999,,11,,2735,98.77659,15.139278,2769.171,2735,911.6665,,62.293235831809874,625,2877.3533,,-108.18249,-136.90085,15.198969,-577.64264,577.64264,0.0009999999
0.0009999999,577.64264,388219.56,-0.2986706,0.9999998,-0.1,,141.89311,170397,0.0009999999,-115.73725,,12683.712171792984,15.133301,-0.1,2.5946275e-11,0.0009999999,,11,0.1,2736,98.77659,15.138913,2769.1895,2736,912.0004,,62.2796052631579,625,2877.3965,-0.2,-108.207146,-136.89311,15.198896,-577.64264,577.64264,0.0009999999
0.0009999999,577.64264,388330.6,-0.10330028,1.0000004,-0.2,,141.88184,170412,0.0009999999,-106.02611,,12690.345440626144,16.809742,0.1,2.5927318e-11,0.0009999999,,11,0.2,2737,98.77659,15.138548,2769.199,2737,912.3336,,62.26233101936427,625,2877.4395,-0.2,-108.24048,-136.88184,15.199432,-577.64264,577.64264,0.0009999999
0.0009999999,577.64264,388441.28,0.09872314,0.99999964,0.2,,141.87045,170430,0.0009999999,-105.67452,,12696.827555179596,13.7827,-0.2,2.5908381e-11,0.0009999999,,11,0.1,2738,98.77659,15.138183,2769.1465,2738,912.6669,,62.246165084002925,625,2877.4824,,-108.33599,-136.87045,15.198871,-577.64264,577.64264,0.0009999999
0.0009999999,577.64264,388551.25,-0.19801636,1.0000004,0.2,,141.8588,170443,0.0009999999,-104.9694,,12703.005128145218,16.331863,-0.2,2.5889468e-11,0.0009999999,,11,,2739,98.77659,15.137817,2769.16,2739,913.0003,,62.228185469149324,625,2877.526,-0.2,-108.36604,-136.8588,15.199228,-577.64264,577.64264,0.0009999999
0.0009999999,577.64264,388662.2,-0.19986111,0.99999964,-0.1,,141.84752,170455,0.0009999999,-105.934944,,12709.343115568161,14.793444,0.1,2.5870575e-11,0.0009999999,,11,,2740,98.77659,15.137452,2769.1836,2740,913.333,,62.20985401459854,625,2877.5686,-0.2,-108.384926,-136.84752,15.199034,-577.64264,577.64264,0.0009999999
0.0009999999,577.64264,388788.62,-0.09945822,1.0,,,141.84189,170492,0.0009999999,-121.47519,,12715.230892896652,16.128853,0.2,2.5851701e-11,0.0009999999,,11,-0.1,2741,98.77659,15.137088,2769.043,2741,913.6666,,62.200656694637,625,2877.612,-0.2,-108.569214,-136.84189,15.19932,-577.64264,577.64264,0.0009999999
0.0009999999,577.64264,388910.7,-0.0009522885,1.0000005,,,141.83467,170516,0.0009999999,-117.03766,,12721.624066591263,13.883986,0.2,2.5832846e-11,0.0009999999,,11,,2742,98.77659,15.136723,2769.0837,2742,914.0004,,62.18672501823487,625,2877.655,-0.2,-108.571365,-136.83467,15.198794,-577.64264,577.64264,0.0009999999
0.0009999999,577.64264,389021.56,-0.3995377,1.0000001,-0.2,,141.8234,170528,0.0009999999,-105.887955,,12727.853311300278,17.09295,-0.2,2.5814018e-11,0.0009999999,,11,,2743,98.77659,15.136358,2769.1199,2743,914.3335,,62.16842872767043,625,2877.6978,,-108.57793,-136.8234,15.199432,-577.64264,577.64264,0.0009999999
0.0009999999,577.64264,389135.0,0.2991679,1.0,0.2,,141.81305,170547,0.0009999999,-108.43749,,12734.340745210648,17.074059,0.1,2.5795203e-11,0.0009999999,,11,0.2,2744,98.77659,15.135994,2769.1394,2744,914.6666,,62.15269679300292,625,2877.741,-0.2,-108.60154,-136.81305,15.2000675,-577.64264,577.64264,0.0009999999
0.0009999999,577.64264,389255.3,-0.5006546,0.9999998,-0.2,,141.80522,170567,0.0009999999,-115.332375,,12740.769331216812,16.5334,-0.1,2.577641e-11,0.0009999999,,11,,2745,98.77659,15.135629,2769.0698,2745,914.9999,,62.137340619307835,625,2877.784,-0.2,-108.714195,-136.80522,15.2005005,-577.64264,577.64264,0.0009999999
0.0009999999,577.64264,389363.8,-0.39564967,1.0,-0.2,,141.79309,170622,0.0009999999,-103.48313,,12747.247740507126,15.845072,-0.2,2.5757643e-11,0.0009999999,,11,0.1,2746,98.77659,15.135265,2769.0938,2746,915.3333,,62.1347414420976,625,2877.8271,-0.1,-108.73329,-136.79309,15.200689,-577.64264,577.64264,0.0009999999
0.0009999999,577.64264,389476.25,-0.09915749,1.0000001,-0.2,,141.7824,170644,0.0009999999,-107.420616,,12754.890581607819,14.764369,-0.2,2.5738892e-11,0.0009999999,,11,0.2,2747,98.77659,15.134901,2768.998,2747,915.6668,,62.12013105205679,625,2877.87,0.1,-108.87213,-136.7824,15.200478,-577.64264,577.64264,0.0009999999
0.0009999999,577.64264,389599.06,0.0029866993,0.9999998,-0.1,,141.7755,170666,0.0009999999,-117.78948,,12762.421171426773,17.052536,0.2,2.5720164e-11,0.0009999999,,11,,2748,98.77659,15.134537,2769.0212,2748,916.0005,,62.10553129548763,625,2877.9128,-0.1,-108.8915,-136.7755,15.201102,-577.64264,577.64264,0.0009999999
0.0009999999,577.64264,389726.38,0.10126875,1.0000004,-0.1,,141.77023,170692,0.0009999999,-122.36869,,12769.791095495224,15.287178,0.2,2.5701457e-11,0.0009999999,,11,0.2,2749,98.77659,15.134173,2769.0422,2749,916.3342,,62.09239723535831,625,2877.9558,-0.2,-108.91351,-136.77023,15.201084,-577.64264,577.64264,0.0009999999
0.0009999999,577.64264,389841.47,-0.10001708,0.99999964,-0.2,,141.76053,170712,0.0009999999,-110.06511,,12776.912780761719,15.621456,0.1,2.5682765e-11,0.0009999999,,11,0.1,2750,98.77659,15.133809,2769.025,2750,916.6664,,62.077090909090906,625,2877.9988,-0.1,-108.97395,-136.76053,15.201187,-577.64264,577.64264,0.0009999999
0.0009999999,577.64264,389964.88,0.6003538,1.0000004,0.1,,141.75386,170733,0.0009999999,-118.41781,,12784.300312042236,15.945933,0.2,2.5664098e-11,0.0009999999,,11,0.2,2751,98.77659,15.133446,2769.0415,2751,917.00037,,62.06215921483097,625,2878.0417,0.1,-109.00014,-136.75386,15.2014065,-577.64264,577.64264,0.0009999999
0.0009999999,577.64264,390086.06,-0.0009075776,1.0,-0.2,,141.74638,170753,0.0009999999,-116.20064,,12791.976230621338,15.841274,0.1,2.5645451e-11,0.0009999999,,11,0.2,2752,98.77659,15.133082,2769.0725,2752,917.3336,,62.046875,625,2878.0847,-0.1,-109.01214,-136.74638,15.201591,-577.64264,577.64264,0.0009999999
0.0009999999,577.64264,390209.3,-0.20154276,1.0000004,-0.2,,141.73967,170799,0.0009999999,-118.24018,,12799.123297214508,15.629659,0.2,2.562682e-11,0.0009999999,,11,-0.1,2753,98.77659,15.132719,2769.0374,2753,917.667,,62.04104613149292,625,2878.1274,-0.1,-109.090004,-136.73967,15.2016945,-577.64264,577.64264,0.0009999999
0.0009999999,577.64264,390345.03,0.19754612,0.99999964,0.1,,141.73749,170839,0.0009999999,-130.71121,,12806.146117687225,15.625484,-0.2,2.5608215e-11,0.0009999999,,11,0.2,2754,98.77659,15.132356,2769.0771,2754,917.99963,,62.03304284676834,625,2878.1702,0.1,-109.09291,-136.73749,15.2018,-577.64264,577.64264,0.0009999999
0.0009999999,577.64264,390454.44,-0.50233173,1.0000001,-0.1,,141.72575,170851,0.0009999999,-104.39247,,12812.995247125626,16.05704,-0.2,2.5589628e-11,0.0009999999,,11,,2755,98.77659,15.131992,2769.107,2755,918.3341,,62.01488203266788,625,2878.2131,-0.2,-109.10608,-136.72575,15.202057,-577.64264,577.64264,0.0009999999
0.0009999999,577.64264,390564.5,0.20007393,1.0000004,0.2,,141.71426,170866,0.0009999999,-105.08308,,12820.369849681854,12.004844,-0.2,2.5571063e-11,0.0009999999,,11,0.2,2756,98.77659,15.13163,2769.1406,2756,918.667,,61.997822931785194,625,2878.2559,,-109.11535,-136.71426,15.200851,-577.64264,577.64264,0.0009999999
0.0009999999,577.64264,390681.25,0.2003563,0.99999994,-0.1,,141.7052,170884,0.0009999999,-111.750854,,12827.397492647171,17.223333,0.2,2.5552513e-11,0.0009999999,,11,0.1,2757,98.77659,15.131267,2769.175,2757,918.99994,,61.98186434530287,625,2878.2988,,-109.12384,-136.7052,15.201535,-577.64264,577.64264,0.0009999999
0.0009999999,577.64264,390796.2,0.39955455,0.99999976,,,141.6955,170899,0.0009999999,-109.93617,,12833.789021730423,17.286121,0.2,2.5533986e-11,0.0009999999,,11,0.2,2758,98.77659,15.130904,2769.2112,2758,919.33307,,61.964829586657,625,2878.3416,,-109.130325,-136.6955,15.202243,-577.64264,577.64264,0.0009999999
0.0009999999,577.64264,390907.7,-0.20035484,0.9999996,,,141.68456,170916,0.0009999999,-106.47067,,12840.10309767723,13.518019,0.1,2.5515482e-11,0.0009999999,,11,-0.1,2759,98.77659,15.130542,2769.1555,2759,919.66626,,61.948532076839435,625,2878.3843,-0.2,-109.228874,-136.68456,15.201579,-577.64264,577.64264,0.0009999999
0.0009999999,577.64264,391028.34,-0.09951244,0.99999964,0.2,,141.67694,170956,0.0009999999,-115.668945,,12846.727801799774,16.909603,-0.1,2.5496995e-11,0.0009999999,,11,,2760,98.77659,15.130179,2769.0967,2760,919.99963,,61.94057971014493,625,2878.427,-0.2,-109.33042,-136.67694,15.202152,-577.64264,577.64264,0.0009999999
0.0009999999,577.64264,391147.5,-0.09809427,0.99999976,0.1,,141.66878,170977,0.0009999999,-114.173805,,12853.339646577835,16.209026,-0.2,2.5478529e-11,0.0009999999,,11,0.1,2761,98.77659,15.129817,2769.1345,2761,920.33307,,61.92575153929736,625,2878.47,-0.1,-109.33556,-136.66878,15.202466,-577.64264,577.64264,0.0009999999
0.0009999999,577.64264,391256.12,-0.19580597,1.0,-0.2,,141.65681,170989,0.0009999999,-103.64381,,12860.087478876114,16.208954,,2.5460082e-11,0.0009999999,,11,0.1,2762,98.77659,15.129456,2769.1113,2762,920.6667,,61.907675597393194,625,2878.5127,-0.1,-109.40129,-136.65681,15.202783,-577.64264,577.64264,0.0009999999
0.0009999999,577.64264,391389.25,-0.5973086,1.0000004,-0.1,,141.65373,171051,0.0009999999,-128.11649,,12866.56342959404,14.9750395,-0.2,2.5441656e-11,0.0009999999,,11,-0.2,2763,98.77659,15.129093,2768.9858,2763,921.00037,,61.90770901194354,625,2878.5554,-0.1,-109.569534,-136.65373,15.20265,-577.64264,577.64264,0.0009999999
0.0009999999,577.64264,391521.44,0.20120543,1.0,0.1,,141.6503,171087,0.0009999999,-127.18317,,12873.201516389847,15.293246,0.1,2.542325e-11,0.0009999999,,11,0.2,2764,98.77659,15.128732,2769.023,2764,921.3333,,61.89833574529667,625,2878.598,-0.2,-109.574936,-136.6503,15.202633,-577.64264,577.64264,0.0009999999
0.0009999999,577.64264,391650.0,-0.0028341264,0.99999964,0.2,,141.64557,171114,0.0009999999,-123.555984,,12879.48324918747,15.733225,0.1,2.5404864e-11,0.0009999999,,11,-0.1,2765,98.77659,15.128369,2768.9998,2765,921.6664,,61.885714285714286,625,2878.6409,-0.2,-109.64109,-136.64557,15.202775,-577.64264,577.64264,0.0009999999
0.0009999999,577.64264,391773.34,-0.09452876,1.0000001,-0.2,,141.63895,171144,0.0009999999,-118.341805,,12885.777785778046,13.135222,0.2,2.53865e-11,0.0009999999,,11,,2766,98.77659,15.128008,2769.02,2766,922.0005,,61.87418655097614,625,2878.6833,-0.1,-109.66325,-136.63895,15.201979,-577.64264,577.64264,0.0009999999
0.0009999999,577.64264,391882.28,-0.00044956105,0.9999998,-0.2,,141.62714,171160,0.0009999999,-103.93653,,12892.07332777977,13.513021,0.2,2.5368154e-11,0.0009999999,,11,,2767,98.77659,15.127646,2768.988,2767,922.33374,,61.857607517166606,625,2878.7258,,-109.73778,-136.62714,15.201318,-577.64264,577.64264,0.0009999999
0.0009999999,577.64264,391992.94,-0.49763805,0.99999964,,,141.61595,171177,0.0009999999,-105.65904,,12898.282786369324,15.165626,-0.2,2.5349826e-11,0.0009999999,,11,-0.1,2768,98.77659,15.127285,2768.947,2768,922.6663,,61.841401734104046,625,2878.7688,-0.2,-109.82167,-136.61595,15.201255,-577.64264,577.64264,0.0009999999
0.0009999999,577.64264,392109.44,0.30029875,0.9999998,0.2,,141.60687,171199,0.0009999999,-111.50557,,12904.422427415848,14.998619,0.2,2.533152e-11,0.0009999999,,11,,2769,98.77659,15.126924,2768.9868,2769,922.9999,,61.827013362224626,625,2878.8113,-0.1,-109.824394,-136.60687,15.201136,-577.64264,577.64264,0.0009999999
0.0009999999,577.64264,392218.62,-0.39628285,0.99999994,,,141.59517,171211,0.0009999999,-104.164734,,12910.728977918625,16.65759,-0.2,2.5313232e-11,0.0009999999,,11,,2770,98.77659,15.126563,2769.0156,2770,923.33356,,61.80902527075812,625,2878.854,-0.2,-109.83849,-136.59517,15.201609,-577.64264,577.64264,0.0009999999
0.0009999999,577.64264,392329.4,0.301379,1.0000004,0.1,,141.58405,171230,0.0009999999,-105.79438,,12916.917516708374,14.4696455,0.2,2.5294968e-11,0.0009999999,,11,0.2,2771,98.77659,15.126202,2769.046,2771,923.66736,,61.793576326236014,625,2878.8965,-0.2,-109.850586,-136.58405,15.201298,-577.64264,577.64264,0.0009999999
0.0009999999,577.64264,392439.72,0.0027466118,1.0000004,0.1,,141.57277,171249,0.0009999999,-105.32328,,12923.1210668087,15.899489,0.1,2.527672e-11,0.0009999999,,11,,2772,98.77659,15.125841,2769.0742,2772,924.00037,,61.77813852813853,625,2878.939,-0.2,-109.864716,-136.57277,15.201496,-577.64264,577.64264,0.0009999999
0.0009999999,577.64264,392560.88,0.19919518,1.0000001,,,141.56541,171268,0.0009999999,-116.13378,,12929.064506292343,12.87226,-0.2,2.525849e-11,0.0009999999,,11,0.2,2773,98.77659,15.125481,2769.0942,2773,924.3335,,61.76271186440678,625,2878.9817,0.2,-109.88755,-136.56541,15.200612,-577.64264,577.64264,0.0009999999
0.0009999999,577.64264,392674.9,0.29394454,1.0000001,0.1,,141.55548,171283,0.0009999999,-109.03204,,12934.972057580948,16.254005,0.1,2.5240286e-11,0.0009999999,,11,0.2,2774,98.77659,15.12512,2769.0845,2774,924.6668,,61.74585436193223,625,2879.0242,-0.1,-109.939606,-136.55548,15.200939,-577.64264,577.64264,0.0009999999
0.0009999999,577.64264,392794.8,-0.0042452514,1.0000001,-0.1,,141.54768,171313,0.0009999999,-114.908394,,12940.840086221695,12.012252,,2.5222095e-11,0.0009999999,,11,0.2,2775,98.77659,15.12476,2769.1042,2775,925.0002,,61.73441441441442,625,2879.0667,-0.1,-109.96241,-136.54768,15.199742,-577.64264,577.64264,0.0009999999
0.0009999999,577.64264,392904.8,-0.00013509966,1.0000004,-0.2,,141.53632,171328,0.0009999999,-104.98367,,12947.257511854172,14.228675,,2.520393e-11,0.0009999999,,11,0.2,2776,98.77659,15.124399,2769.14,2776,925.3337,,61.71757925072046,625,2879.1091,,-109.969345,-136.53632,15.19934,-577.64264,577.64264,0.0009999999
0.0009999999,577.64264,393024.5,-0.0016165376,1.0000001,-0.1,,141.52844,171349,0.0009999999,-114.714645,,12954.901618003845,14.3336,0.1,2.5185779e-11,0.0009999999,,11,0.2,2777,98.77659,15.124039,2769.13,2777,925.66736,,61.70291681670868,625,2879.1516,-0.2,-110.0217,-136.52844,15.198984,-577.64264,577.64264,0.0009999999
0.0009999999,577.64264,393136.4,0.09950636,0.99999994,0.1,,141.51779,171367,0.0009999999,-106.89219,,12961.975329399109,16.693731,0.2,2.516765e-11,0.0009999999,,11,,2778,98.77659,15.123679,2769.1694,2778,926.0002,,61.687185025197984,625,2879.194,-0.2,-110.02457,-136.51779,15.199469,-577.64264,577.64264,0.0009999999
0.0009999999,577.64264,393254.3,0.29991245,0.9999998,0.2,,141.5093,171387,0.0009999999,-112.9138,,12968.79149389267,16.889414,-0.2,2.514954e-11,0.0009999999,,11,0.1,2779,98.77659,15.123319,2769.16,2779,926.3332,,61.67218423893487,625,2879.2368,0.2,-110.07693,-136.5093,15.200028,-577.64264,577.64264,0.0009999999
0.0009999999,577.64264,393376.62,-0.09846485,0.99999994,,,141.50238,171409,0.0009999999,-117.32476,,12976.24977350235,16.119781,-0.2,2.513145e-11,0.0009999999,,11,,2780,98.77659,15.122959,2769.172,2780,926.6672,,61.65791366906475,625,2879.279,0.1,-110.106834,-136.50238,15.200309,-577.64264,577.64264,0.0009999999
0.0009999999,577.64264,393499.0,-0.10087013,1.0000005,-0.1,,141.4955,171435,0.0009999999,-117.35813,,12983.941365003586,16.436195,-0.2,2.5113378e-11,0.0009999999,,11,0.1,2781,98.77659,15.1226,2769.2134,2781,927.0004,,61.645091693635386,625,2879.3213,0.1,-110.10783,-136.4955,15.2007065,-577.64264,577.64264,0.0009999999
0.0009999999,577.64264,393622.88,-0.3039695,1.0000005,0.2,,141.48917,171460,0.0009999999,-118.90365,,12991.21442079544,13.130937,-0.1,2.5095329e-11,0.0009999999,,11,-0.2,2782,98.77659,15.12224,2769.2278,2782,927.33374,,61.63191948238677,625,2879.3638,-0.2,-110.13606,-136.48917,15.199909,-577.64264,577.64264,0.0009999999
0.0009999999,577.64264,393737.34,0.50167793,0.99999964,0.1,,141.47946,171501,0.0009999999,-109.45644,,12998.829916238785,12.931646,0.2,2.50773e-11,0.0009999999,,11,0.2,2783,98.77659,15.121881,2769.2615,2783,927.6663,,61.62450592885376,625,2879.4062,,-110.14471,-136.47946,15.19905,-577.64264,577.64264,0.0009999999
0.0009999999,577.64264,393846.9,-0.59998953,1.0000002,,,141.468,171513,0.0009999999,-104.55948,,13006.443943738937,15.131743,-0.2,2.5059286e-11,0.0009999999,,11,-0.2,2784,98.77659,15.121521,2769.3027,2784,928.0008,,61.60668103448276,625,2879.4487,-0.2,-110.14589,-136.468,15.198975,-577.64264,577.64264,0.0009999999
0.0009999999,577.64264,393969.0,0.40126714,1.0000004,,,141.46104,171537,0.0009999999,-117.081894,,13013.433641195297,14.158614,0.1,2.5041294e-11,0.0009999999,,11,0.2,2785,98.77659,15.121162,2769.271,2785,928.3336,,61.59317773788151,625,2879.491,0.1,-110.219925,-136.46104,15.198552,-577.64264,577.64264,0.0009999999
0.0009999999,577.64264,394087.78,-0.10027712,0.99999994,0.2,,141.4529,171555,0.0009999999,-113.769806,,13020.179900169373,16.908892,-0.2,2.5023318e-11,0.0009999999,,11,,2786,98.77659,15.120803,2769.3018,2786,928.66656,,61.577530509691314,625,2879.5337,-0.1,-110.23204,-136.4529,15.199118,-577.64264,577.64264,0.0009999999
0.0009999999,577.64264,394197.12,0.29908723,0.99999964,-0.2,,141.44138,171574,0.0009999999,-104.337,,13026.86456656456,16.692217,0.2,2.5005366e-11,0.0009999999,,11,0.2,2787,98.77659,15.120444,2769.3313,2787,928.99963,,61.562253318980986,625,2879.5757,0.1,-110.24434,-136.44138,15.199604,-577.64264,577.64264,0.0009999999
0.0009999999,577.64264,394314.38,-0.20034125,1.0000005,-0.2,,141.43271,171591,0.0009999999,-112.294754,,13033.258219718933,16.502794,-0.2,2.498743e-11,0.0009999999,,11,0.1,2788,98.77659,15.120086,2769.351,2788,929.33374,,61.54626972740316,625,2879.618,0.1,-110.26689,-136.43271,15.200023,-577.64264,577.64264,0.0009999999
0.0009999999,577.64264,394434.75,-0.20170474,1.0000004,-0.1,,141.42516,171611,0.0009999999,-115.37073,,13040.010310411453,12.730387,-0.1,2.4969514e-11,0.0009999999,,11,0.2,2789,98.77659,15.119727,2769.358,2789,929.667,,61.53137325206167,625,2879.6604,-0.2,-110.302605,-136.42516,15.199088,-577.64264,577.64264,0.0009999999
0.0009999999,577.64264,394545.53,-0.3002116,0.9999998,0.1,,141.41417,171624,0.0009999999,-105.79066,,13046.889543533325,16.81589,-0.1,2.495162e-11,0.0009999999,,11,-0.1,2790,98.77659,15.119369,2769.3901,2790,930.0004,,61.51397849462366,625,2879.7024,-0.2,-110.31231,-136.41417,15.19962,-577.64264,577.64264,0.0009999999
0.0009999999,577.64264,394676.62,-0.003627643,0.99999976,0.1,,141.41048,171656,0.0009999999,-126.072815,,13053.849288702011,14.640978,-0.1,2.493374e-11,0.0009999999,,11,0.2,2791,98.77659,15.11901,2769.4045,2791,930.33307,,61.50340379792189,625,2879.745,-0.2,-110.34048,-136.41048,15.199368,-577.64264,577.64264,0.0009999999
0.0009999999,577.64264,394793.06,-0.001622662,1.0000001,-0.1,,141.40152,171673,0.0009999999,-111.42481,,13060.474565982819,15.231093,0.2,2.4915885e-11,0.0009999999,,11,0.1,2792,98.77659,15.118652,2769.412,2792,930.66675,,61.487464183381086,625,2879.7874,-0.2,-110.37521,-136.40152,15.199333,-577.64264,577.64264,0.0009999999
0.0009999999,577.64264,394904.03,-0.30060545,1.0000002,-0.2,,141.39062,171689,0.0009999999,-105.96807,,13066.92957997322,11.817819,-0.2,2.4898045e-11,0.0009999999,,11,0.1,2793,98.77659,15.118294,2769.4456,2793,931.00055,,61.471177944862156,625,2879.8296,,-110.38402,-136.39062,15.1980715,-577.64264,577.64264,0.0009999999
0.0009999999,577.64264,395014.8,-0.69878906,1.0000002,-0.2,,141.37967,171703,0.0009999999,-105.75608,,13073.214264392853,15.375572,-0.1,2.4880228e-11,0.0009999999,,11,-0.2,2794,98.77659,15.117936,2769.4355,2794,931.33356,,61.45418754473872,625,2879.8716,-0.2,-110.43609,-136.37967,15.198089,-577.64264,577.64264,0.0009999999
0.0009999999,577.64264,395137.2,-0.20131078,1.0,0.1,,141.37288,171764,0.0009999999,-117.42087,,13079.552951335907,16.348242,-0.1,2.4862426e-11,0.0009999999,,11,,2795,98.77659,15.1175785,2769.4226,2795,931.6667,,61.45402504472272,625,2879.9138,-0.2,-110.49119,-136.37288,15.198449,-577.64264,577.64264,0.0009999999
0.0009999999,577.64264,395258.72,-0.10039812,1.0000002,-0.1,,141.36578,171784,0.0009999999,-116.52911,,13085.639298677444,16.947422,-0.1,2.4844645e-11,0.0009999999,,11,0.2,2796,98.77659,15.11722,2769.4487,2796,932.0008,,61.43919885550787,625,2879.9558,-0.1,-110.507164,-136.36578,15.199026,-577.64264,577.64264,0.0009999999
0.0009999999,577.64264,395370.94,-0.39684886,1.0,-0.2,,141.35536,171798,0.0009999999,-107.207115,,13092.02197599411,16.710627,-0.2,2.4826885e-11,0.0009999999,,11,0.2,2797,98.77659,15.116863,2769.4688,2797,932.3333,,61.42223811226314,625,2879.998,-0.2,-110.52918,-136.35536,15.199514,-577.64264,577.64264,0.0009999999
0.0009999999,577.64264,395487.47,-0.20251249,1.0000001,-0.2,,141.34648,171819,0.0009999999,-111.529236,,13098.308495521545,15.760471,0.2,2.480914e-11,0.0009999999,,11,,2798,98.77659,15.116506,2769.4631,2798,932.66675,,61.407791279485345,625,2880.0405,-0.2,-110.57728,-136.34648,15.199671,-577.64264,577.64264,0.0009999999
0.0009999999,577.64264,395597.03,-0.002615997,1.0000004,0.2,,141.33513,171837,0.0009999999,-104.56995,,13105.083756923676,13.415021,-0.2,2.4791415e-11,0.0009999999,,11,,2799,98.77659,15.116148,2769.5015,2799,933.00037,,61.39228295819936,625,2880.0828,,-110.581345,-136.33513,15.19898,-577.64264,577.64264,0.0009999999
0.0009999999,577.64264,395717.0,-0.19875047,0.99999994,0.1,,141.3275,171855,0.0009999999,-114.956535,,13111.582175016403,15.619007,-0.2,2.477371e-11,0.0009999999,,11,,2800,98.77659,15.11579,2769.52,2800,933.33325,,61.37678571428572,625,2880.1245,-0.1,-110.604385,-136.3275,15.199085,-577.64264,577.64264,0.0009999999
0.0009999999,577.64264,395829.34,-0.0023200214,1.0000001,-0.2,,141.31715,171869,0.0009999999,-107.35385,,13117.927900791168,14.316879,0.2,2.4756027e-11,0.0009999999,,11,0.1,2801,98.77659,15.115434,2769.5103,2801,933.66705,,61.3598714744734,625,2880.1665,-0.1,-110.65626,-136.31715,15.198721,-577.64264,577.64264,0.0009999999
0.0009999999,577.64264,395940.34,0.2989186,0.9999998,,,141.30634,171889,0.0009999999,-106.0108,,13124.140649080276,16.48291,0.2,2.4738359e-11,0.0009999999,,11,0.1,2802,98.77659,15.115077,2769.524,2802,934.0001,,61.345110635260525,625,2880.2087,,-110.68477,-136.30634,15.199128,-577.64264,577.64264,0.0009999999
0.0009999999,577.64264,396051.38,0.30039605,0.99999964,-0.1,,141.29553,171908,0.0009999999,-106.03076,,13130.584817886353,14.746925,0.2,2.472071e-11,0.0009999999,,11,0.2,2803,98.77659,15.11472,2769.5386,2803,934.3333,,61.330003567606134,625,2880.251,,-110.71241,-136.29553,15.198919,-577.64264,577.64264,0.0009999999
0.0009999999,577.64264,396162.0,-0.30167457,1.0000006,,,141.28459,171928,0.0009999999,-105.619446,,13136.965145587921,14.952152,-0.1,2.4703082e-11,0.0009999999,,11,,2804,98.77659,15.114364,2769.5427,2804,934.66754,,61.31526390870185,625,2880.293,-0.2,-110.75034,-136.28459,15.198781,-577.64264,577.64264,0.0009999999
0.0009999999,577.64264,396283.44,-0.001410678,0.99999976,0.1,,141.27751,171948,0.0009999999,-116.43759,,13143.855550050735,16.131807,-0.1,2.468547e-11,0.0009999999,,11,0.1,2805,98.77659,15.114007,2769.4968,2805,935.00006,,61.300534759358285,625,2880.335,-0.1,-110.83821,-136.27751,15.199068,-577.64264,577.64264,0.0009999999
0.0009999999,577.64264,396420.03,-0.097664095,1.0,0.1,,141.27585,171989,0.0009999999,-131.59293,,13150.911575078964,16.139061,-0.1,2.4667879e-11,0.0009999999,,11,0.1,2806,98.77659,15.11365,2769.4773,2806,935.3336,,61.29330007127584,625,2880.3774,-0.2,-110.9001,-136.27585,15.199351,-577.64264,577.64264,0.0009999999
0.0009999999,577.64264,396549.28,0.10240583,0.99999964,0.1,,141.27156,172037,0.0009999999,-124.23426,,13158.131555080414,15.927198,0.2,2.4650306e-11,0.0009999999,,11,-0.1,2807,98.77659,15.113294,2769.5063,2807,935.6664,,61.2885643035269,625,2880.419,-0.1,-110.91265,-136.27156,15.199564,-577.64264,577.64264,0.0009999999
0.0009999999,577.64264,396671.56,-0.09831037,1.0000001,,,141.2648,172064,0.0009999999,-117.27801,,13166.116267442703,13.776103,0.1,2.4632752e-11,0.0009999999,,11,,2808,98.77659,15.112938,2769.5005,2808,936.0002,,61.27635327635328,625,2880.461,-0.2,-110.96048,-136.2648,15.199007,-577.64264,577.64264,0.0009999999
0.0009999999,577.64264,396786.5,0.19683109,0.9999998,0.1,,141.25543,172125,0.0009999999,-109.95311,,13173.74770784378,16.34543,0.2,2.4615216e-11,0.0009999999,,11,,2809,98.77659,15.112581,2769.5217,2809,936.3332,,61.27625489498042,625,2880.5032,-0.1,-110.9814,-136.25543,15.199368,-577.64264,577.64264,0.0009999999
0.0009999999,577.64264,396907.84,0.096813336,0.99999964,-0.1,,141.24834,172146,0.0009999999,-116.3616,,13181.332053661346,15.664917,0.2,2.4597699e-11,0.0009999999,,11,0.1,2810,98.77659,15.112226,2769.5603,2810,936.6663,,61.261921708185056,625,2880.5452,-0.1,-110.98491,-136.24834,15.199483,-577.64264,577.64264,0.0009999999
0.0009999999,577.64264,397018.75,-0.30085415,0.9999998,-0.1,,141.23755,172169,0.0009999999,-105.88323,,13188.36867260933,13.477597,-0.2,2.45802e-11,0.0009999999,,11,0.1,2811,98.77659,15.11187,2769.5117,2811,937.0005,,61.248310209889716,625,2880.5872,-0.1,-111.075485,-136.23755,15.198823,-577.64264,577.64264,0.0009999999
0.0009999999,577.64264,397139.8,0.29933158,0.9999996,0.2,,141.23038,172191,0.0009999999,-116.06542,,13196.040475130081,17.247225,,2.4562722e-11,0.0009999999,,11,0.2,2812,98.77659,15.111514,2769.5476,2812,937.33295,,61.23435277382646,625,2880.6292,-0.1,-111.08153,-136.23038,15.199502,-577.64264,577.64264,0.0009999999
0.0009999999,577.64264,397249.88,0.39988622,1.0000001,,,141.2193,172212,0.0009999999,-105.058525,,13203.471100568771,17.029018,,2.454526e-11,0.0009999999,,11,0.2,2813,98.77659,15.111158,2769.5537,2813,937.66736,,61.22004976892997,625,2880.6711,0.2,-111.11731,-136.2193,15.200105,-577.64264,577.64264,0.0009999999
0.0009999999,577.64264,397364.5,0.39837033,1.0000001,0.2,,141.20984,172227,0.0009999999,-109.61031,,13210.972014904022,14.148267,0.2,2.4527817e-11,0.0009999999,,11,0.2,2814,98.77659,15.110804,2769.5403,2814,938.00006,,61.20362473347548,625,2880.713,-0.2,-111.17272,-136.20984,15.199682,-577.64264,577.64264,0.0009999999
0.0009999999,577.64264,397475.2,0.5996305,0.9999998,,,141.199,172243,0.0009999999,-105.7133,,13218.260494232178,14.144371,0.2,2.4510395e-11,0.0009999999,,11,0.2,2815,98.77659,15.110448,2769.5422,2815,938.3338,,61.187566607460035,625,2880.7546,0.2,-111.21248,-136.199,15.199258,-577.64264,577.64264,0.0009999999
0.0009999999,577.64264,397598.9,0.10110634,0.9999994,0.1,,141.1928,172268,0.0009999999,-118.728165,,13225.372302055359,16.413418,-0.1,2.4492993e-11,0.0009999999,,11,0.2,2816,98.77659,15.110093,2769.5518,2816,938.66675,,61.17471590909091,625,2880.7966,-0.1,-111.24499,-136.1928,15.199643,-577.64264,577.64264,0.0009999999
0.0009999999,577.64264,397709.16,-0.50013936,1.0000007,-0.1,,141.18181,172282,0.0009999999,-105.23927,,13232.030665636063,15.298701,-0.2,2.4475604e-11,0.0009999999,,11,-0.1,2817,98.77659,15.109737,2769.5852,2817,939.0007,,61.15796947106851,625,2880.8381,-0.1,-111.2529,-136.18181,15.199626,-577.64264,577.64264,0.0009999999
0.0009999999,577.64264,397826.62,0.29921177,0.99999964,0.1,,141.1734,172301,0.0009999999,-112.458885,,13239.189487695694,15.593904,0.2,2.4458236e-11,0.0009999999,,11,0.1,2818,98.77659,15.109383,2769.623,2818,939.333,,61.1430092264017,625,2880.8804,-0.1,-111.25743,-136.1734,15.19972,-577.64264,577.64264,0.0009999999
0.0009999999,577.64264,397938.38,0.60235727,0.9999996,0.2,,141.16296,172316,0.0009999999,-106.75703,,13246.247394800186,16.932571,0.2,2.4440887e-11,0.0009999999,,11,0.2,2819,98.77659,15.109028,2769.6355,2819,939.66626,,61.126640652713725,625,2880.9219,,-111.28636,-136.16296,15.200284,-577.64264,577.64264,0.0009999999
0.0009999999,577.64264,398047.6,0.5025512,1.0000004,,,141.15163,172336,0.0009999999,-104.2225,,13253.424287557602,14.620141,0.2,2.4423557e-11,0.0009999999,,11,0.2,2820,98.77659,15.108673,2769.6567,2820,940.0006,,61.11205673758865,625,2880.9639,0.1,-111.30701,-136.15163,15.20003,-577.64264,577.64264,0.0009999999
0.0009999999,577.64264,398158.84,0.60261244,1.0000005,0.2,,141.14102,172350,0.0009999999,-106.239586,,13260.179861545563,14.5303335,0.2,2.4406243e-11,0.0009999999,,11,0.1,2821,98.77659,15.108318,2769.6953,2821,940.3341,,61.09535625664658,625,2881.0056,0.1,-111.31037,-136.14102,15.199743,-577.64264,577.64264,0.0009999999
0.0009999999,577.64264,398281.75,0.29935503,1.0000001,0.2,,141.13457,172377,0.0009999999,-117.892746,,13266.966886997223,15.741041,0.2,2.438895e-11,0.0009999999,,11,-0.1,2822,98.77659,15.1079645,2769.7231,2822,940.6669,,61.08327427356485,625,2881.0474,,-111.32425,-136.13457,15.19989,-577.64264,577.64264,0.0009999999
0.0009999999,577.64264,398404.1,0.0030452684,0.99999976,,,141.12791,172407,0.0009999999,-117.3618,,13273.645241737366,16.397474,-0.1,2.4371678e-11,0.0009999999,,11,0.2,2823,98.77659,15.10761,2769.7593,2823,940.99976,,61.07226354941552,625,2881.089,-0.1,-111.32989,-136.12791,15.200263,-577.64264,577.64264,0.0009999999
0.0009999999,577.64264,398513.75,0.0008556694,1.0000004,-0.1,,141.11676,172420,0.0009999999,-104.62787,,13279.939919948578,15.769389,-0.2,2.4354421e-11,0.0009999999,,11,0.2,2824,98.77659,15.107256,2769.7441,2824,941.3337,,61.055240793201136,625,2881.1309,0.1,-111.38681,-136.11676,15.200417,-577.64264,577.64264,0.0009999999
0.0009999999,577.64264,398631.8,0.20330977,1.0000001,,,141.10861,172438,0.0009999999,-113.08721,,13286.454708099365,16.81582,0.1,2.4337182e-11,0.0009999999,,11,0.2,2825,98.77659,15.106902,2769.6223,2825,941.6668,,61.04,625,2881.1729,-0.1,-111.5505,-136.10861,15.200942,-577.64264,577.64264,0.0009999999
0.0009999999,577.64264,398745.75,-0.10215166,1.0,,,141.099,172453,0.0009999999,-108.94615,,13292.762228250504,13.800063,-0.2,2.4319961e-11,0.0009999999,,11,0.2,2826,98.77659,15.106548,2769.6384,2826,942.0,,61.02370842179759,625,2881.2146,-0.1,-111.57627,-136.099,15.200397,-577.64264,577.64264,0.0009999999
0.0009999999,577.64264,398854.97,0.0021713078,0.99999905,-0.2,,141.0877,172469,0.0009999999,-104.22448,,13299.17384648323,16.152924,0.2,2.430276e-11,0.0009999999,,11,0.2,2827,98.77659,15.1061945,2769.6438,2827,942.33246,,61.007782101167315,625,2881.2563,-0.2,-111.61249,-136.0877,15.200687,-577.64264,577.64264,0.0009999999
0.0009999999,577.64264,398966.66,-0.10127197,1.0000001,-0.1,,141.07732,172484,0.0009999999,-106.69794,,13306.001263856888,16.580353,0.1,2.4285577e-11,0.0009999999,,11,0.1,2828,98.77659,15.105841,2769.646,2828,942.6669,,60.99151343705799,625,2881.2979,-0.2,-111.651855,-136.07732,15.201122,-577.64264,577.64264,0.0009999999
0.0009999999,577.64264,399078.8,-0.30550638,1.0000001,,,141.0671,172507,0.0009999999,-107.15496,,13312.406955480576,14.629213,-0.2,2.426841e-11,0.0009999999,,11,,2829,98.77659,15.105487,2769.624,2829,943.0004,,60.978084128667376,625,2881.3396,-0.1,-111.71547,-136.0671,15.200874,-577.64264,577.64264,0.0009999999
0.0009999999,577.64264,399201.38,0.09779666,0.99999994,0.1,,141.06056,172534,0.0009999999,-117.55949,,13319.107041597366,11.020019,0.1,2.425126e-11,0.0009999999,,11,0.1,2830,98.77659,15.105133,2769.634,2830,943.33325,,60.9660777385159,625,2881.381,-0.2,-111.74704,-136.06056,15.199346,-577.64264,577.64264,0.0009999999
0.0009999999,577.64264,399311.88,-0.5006702,1.0000005,-0.2,,141.04976,172548,0.0009999999,-105.47279,,13325.37862610817,15.219298,-0.2,2.423413e-11,0.0009999999,,11,,2831,98.77659,15.10478,2769.6538,2831,943.66705,,60.94948781349346,625,2881.4226,-0.1,-111.76879,-136.04976,15.199307,-577.64264,577.64264,0.0009999999
0.0009999999,577.64264,399427.0,0.20129363,1.0000001,,,141.0406,172564,0.0009999999,-110.15444,,13331.711841344833,17.27811,0.2,2.4217022e-11,0.0009999999,,11,,2832,98.77659,15.104427,2769.692,2832,944.0001,,60.93361581920904,625,2881.4646,,-111.7727,-136.0406,15.199992,-577.64264,577.64264,0.0009999999
0.0009999999,577.64264,399553.56,-0.100661635,0.99999994,0.1,,141.03549,172589,0.0009999999,-121.548904,,13338.29629278183,14.191734,0.1,2.4199929e-11,0.0009999999,,11,-0.1,2833,98.77659,15.104074,2769.715,2833,944.33325,,60.92093187433816,625,2881.506,-0.2,-111.7909,-136.03549,15.19959,-577.64264,577.64264,0.0009999999
0.0009999999,577.64264,399666.25,-0.3005603,0.9999998,-0.1,,141.0255,172639,0.0009999999,-107.6807,,13346.165804862976,15.899231,-0.2,2.4182852e-11,0.0009999999,,11,-0.1,2834,98.77659,15.103721,2769.6938,2834,944.6665,,60.917078334509526,625,2881.5479,0.1,-111.85405,-136.0255,15.199786,-577.64264,577.64264,0.0009999999
0.0009999999,577.64264,399786.7,-0.00027540326,0.99999994,0.2,,141.01823,172659,0.0009999999,-115.417175,,13353.26712346077,15.17058,-0.1,2.4165793e-11,0.0009999999,,11,0.1,2835,98.77659,15.103368,2769.6418,2835,944.99994,,60.902645502645505,625,2881.5896,-0.2,-111.94766,-136.01823,15.199727,-577.64264,577.64264,0.0009999999
0.0009999999,577.64264,399898.3,-0.004108685,1.0000001,,,141.00787,172675,0.0009999999,-106.61436,,13359.796881198883,14.306626,-0.1,2.4148756e-11,0.0009999999,,11,0.1,2836,98.77659,15.103016,2769.6711,2836,945.33344,,60.88681241184767,625,2881.6306,,-111.95952,-136.00787,15.199368,-577.64264,577.64264,0.0009999999
0.0009999999,577.64264,400036.72,-0.2996757,1.0000005,-0.1,,141.00696,172714,0.0009999999,-133.42706,,13367.61663031578,15.062488,-0.2,2.4131733e-11,0.0009999999,,11,,2837,98.77659,15.102663,2769.6455,2837,945.66705,,60.87909763835037,625,2881.672,,-112.02671,-136.00696,15.199267,-577.64264,577.64264,0.0009999999
0.0009999999,577.64264,400148.9,-0.0992564,1.0000001,-0.1,,140.9968,172730,0.0009999999,-107.20976,,13374.932115316391,15.751443,0.2,2.4114731e-11,0.0009999999,,11,,2838,98.77659,15.10231,2769.6248,2838,946.0008,,60.86328400281889,625,2881.7139,-0.2,-112.08913,-135.9968,15.199414,-577.64264,577.64264,0.0009999999
0.0009999999,577.64264,400264.25,-0.70490164,1.0000001,-0.2,,140.98776,172747,0.0009999999,-110.33192,,13382.340910196304,15.748285,-0.2,2.4097745e-11,0.0009999999,,11,-0.1,2839,98.77659,15.101958,2769.634,2839,946.33374,,60.84783374427615,625,2881.7554,-0.2,-112.121376,-135.98776,15.199561,-577.64264,577.64264,0.0009999999
0.0009999999,577.64264,400386.06,0.19757259,1.0000001,-0.2,,140.981,172774,0.0009999999,-116.81907,,13389.715805053711,11.6015005,0.2,2.4080777e-11,0.0009999999,,11,0.2,2840,98.77659,15.101606,2769.6382,2840,946.6669,,60.835915492957746,625,2881.797,,-112.15887,-135.981,15.198248,-577.64264,577.64264,0.0009999999
0.0009999999,577.64264,400504.06,-0.2948301,0.99999976,,,140.97292,172791,0.0009999999,-112.9855,,13397.647508144379,15.759619,-0.2,2.4063829e-11,0.0009999999,,11,-0.1,2841,98.77659,15.101254,2769.6528,2841,947.00006,,60.82048574445618,625,2881.8384,,-112.18543,-135.97292,15.198395,-577.64264,577.64264,0.0009999999
0.0009999999,577.64264,400621.88,0.0024985229,1.0,0.1,,140.96477,172810,0.0009999999,-112.78851,,13405.24933052063,11.490329,-0.2,2.4046898e-11,0.0009999999,,11,0.1,2842,98.77659,15.100903,2769.6921,2842,947.3334,,60.805770584095704,625,2881.8801,,-112.187874,-135.96477,15.1970415,-577.64264,577.64264,0.0009999999
0.0009999999,577.64264,400734.75,-0.10035611,1.0000001,0.2,,140.9549,172839,0.0009999999,-107.91599,,13412.537237644196,13.007711,-0.2,2.4029985e-11,0.0009999999,,11,-0.1,2843,98.77659,15.100551,2769.7227,2843,947.6668,,60.79458318677453,625,2881.9216,,-112.19907,-135.9549,15.196225,-577.64264,577.64264,0.0009999999
0.0009999999,577.64264,400850.44,-0.30060965,1.0000004,0.2,,140.946,172868,0.0009999999,-110.67548,,13419.640998601913,15.876929,-0.2,2.4013088e-11,0.0009999999,,11,-0.1,2844,98.77659,15.100199,2769.7222,2844,948.00037,,60.78340365682138,625,2881.963,-0.2,-112.240685,-135.946,15.196414,-577.64264,577.64264,0.0009999999
0.0009999999,577.64264,400961.8,0.80079204,0.9999998,0.2,,140.93561,172884,0.0009999999,-106.38018,,13426.375904083252,16.945156,0.2,2.399621e-11,0.0009999999,,11,0.2,2845,98.77659,15.099847,2769.7532,2845,948.3331,,60.7676625659051,625,2882.0042,0.2,-112.251045,-135.93561,15.196982,-577.64264,577.64264,0.0009999999
0.0009999999,577.64264,401081.75,0.20164336,0.9999998,0.2,,140.92824,172903,0.0009999999,-114.9593,,13433.298951387405,16.958887,-0.1,2.397935e-11,0.0009999999,,11,0.1,2846,98.77659,15.099496,2769.7751,2846,948.6669,,60.75298664792692,625,2882.0457,,-112.2706,-135.92824,15.197553,-577.64264,577.64264,0.0009999999
0.0009999999,577.64264,401203.6,0.10037537,0.9999998,,,140.92152,172923,0.0009999999,-116.8264,,13440.635150194168,15.454345,-0.2,2.3962507e-11,0.0009999999,,11,0.2,2847,98.77659,15.099144,2769.726,2847,948.9999,,60.73867228661749,625,2882.0872,0.1,-112.361015,-135.92152,15.197597,-577.64264,577.64264,0.0009999999
0.0009999999,577.64264,401316.3,0.3995783,1.0,0.1,,140.91162,172936,0.0009999999,-107.69483,,13447.875636339188,12.1313505,0.2,2.3945684e-11,0.0009999999,,11,0.2,2848,98.77659,15.098793,2769.5747,2848,949.3339,,60.72191011235955,625,2882.1287,-0.1,-112.553856,-135.91162,15.196468,-577.64264,577.64264,0.0009999999
0.0009999999,577.64264,401427.84,0.39734286,1.0000001,0.2,,140.90132,172951,0.0009999999,-106.54288,,13454.440421819687,17.059004,,2.3928876e-11,0.0009999999,,11,0.2,2849,98.77659,15.098442,2769.5864,2849,949.6671,,60.70586170586171,625,2882.17,,-112.58347,-135.90132,15.197076,-577.64264,577.64264,0.0009999999
0.0009999999,577.64264,401541.78,-0.101140335,0.9999998,-0.2,,140.89185,172966,0.0009999999,-108.9324,,13460.927215099335,13.026351,0.2,2.3912086e-11,0.0009999999,,11,0.1,2850,98.77659,15.098091,2769.6213,2850,950.0005,,60.68982456140351,625,2882.2112,-0.2,-112.58992,-135.89185,15.196266,-577.64264,577.64264,0.0009999999
0.0009999999,577.64264,401663.44,-0.0021041608,1.0000004,,,140.8851,172998,0.0009999999,-116.66762,,13467.192979335785,15.38959,-0.2,2.3895315e-11,0.0009999999,,11,0.2,2851,98.77659,15.09774,2769.421,2851,950.3339,,60.679761487197474,625,2882.2527,,-112.8319,-135.8851,15.196285,-577.64264,577.64264,0.0009999999
0.0009999999,577.64264,401777.88,-0.50036716,1.0,0.1,,140.87584,173012,0.0009999999,-109.419044,,13473.699120998383,15.160665,-0.2,2.387856e-11,0.0009999999,,11,-0.2,2852,98.77659,15.097389,2769.4558,2852,950.6666,,60.66339410939691,625,2882.294,-0.2,-112.83805,-135.87584,15.196226,-577.64264,577.64264,0.0009999999
0.0009999999,577.64264,401889.25,0.0029047504,0.99999964,,,140.8655,173029,0.0009999999,-106.38142,,13480.254760503769,15.594831,,2.3861826e-11,0.0009999999,,11,0.1,2853,98.77659,15.097039,2769.4941,2853,951.0003,,60.64808973010866,625,2882.335,-0.1,-112.840805,-135.8655,15.196315,-577.64264,577.64264,0.0009999999
0.0009999999,577.64264,402007.88,-0.19715288,0.9999998,0.1,,140.8577,173084,0.0009999999,-113.642395,,13486.71465754509,15.427574,,2.3845105e-11,0.0009999999,,11,-0.1,2854,98.77659,15.096688,2769.5151,2854,951.3332,,60.646110721793974,625,2882.3765,-0.2,-112.86144,-135.8577,15.196353,-577.64264,577.64264,0.0009999999
0.0009999999,577.64264,402127.06,0.00029437244,0.9999996,0.1,,140.85011,173146,0.0009999999,-114.19636,,13493.34128689766,13.995088,0.2,2.3828405e-11,0.0009999999,,11,-0.1,2855,98.77659,15.096338,2769.4985,2855,951.66626,,60.64658493870403,625,2882.4177,-0.2,-112.919174,-135.85011,15.195882,-577.64264,577.64264,0.0009999999
0.0009999999,577.64264,402248.12,-0.49893162,1.0,-0.1,,140.84319,173171,0.0009999999,-116.07184,,13500.129472970963,17.027807,-0.1,2.381172e-11,0.0009999999,,11,-0.1,2856,98.77659,15.095988,2769.485,2856,952.0003,,60.63410364145658,625,2882.4592,-0.2,-112.97417,-135.84319,15.196476,-577.64264,577.64264,0.0009999999
0.0009999999,577.64264,402385.3,0.09899086,1.0000002,0.2,,140.8419,173216,0.0009999999,-132.14458,,13506.554033994675,14.837443,-0.2,2.3795054e-11,0.0009999999,,11,,2857,98.77659,15.095638,2769.491,2857,952.33356,,60.62863143157158,625,2882.5005,0.1,-113.009605,-135.8419,15.196302,-577.64264,577.64264,0.0009999999
0.0009999999,577.64264,402514.2,-0.598691,1.0000002,-0.2,,140.8377,173252,0.0009999999,-123.87296,,13512.94211435318,16.66855,-0.2,2.3778405e-11,0.0009999999,,11,,2858,98.77659,15.095288,2769.5283,2858,952.66693,,60.62001399580126,625,2882.5415,-0.2,-113.01328,-135.8377,15.19677,-577.64264,577.64264,0.0009999999
0.0009999999,577.64264,402636.5,-0.30126616,1.0000005,0.1,,140.83124,173273,0.0009999999,-117.3232,,13518.976695537567,16.556822,-0.2,2.3761774e-11,0.0009999999,,11,-0.1,2859,98.77659,15.094938,2769.4988,2859,953.0004,,60.60615599860091,625,2882.5828,-0.1,-113.084045,-135.83124,15.197197,-577.64264,577.64264,0.0009999999
0.0009999999,577.64264,402750.47,0.10181219,0.9999998,0.1,,140.82184,173287,0.0009999999,-108.99175,,13525.109903812408,16.926132,-0.2,2.374516e-11,0.0009999999,,11,0.2,2860,98.77659,15.094588,2769.5342,2860,953.3331,,60.58986013986014,625,2882.624,,-113.08983,-135.82184,15.197752,-577.64264,577.64264,0.0009999999
0.0009999999,577.64264,402863.44,-0.20096968,0.99999946,0.2,,140.8121,173301,0.0009999999,-107.95827,,13531.565592050552,15.163498,-0.2,2.3728564e-11,0.0009999999,,11,-0.1,2861,98.77659,15.094239,2769.5605,2861,953.6668,,60.57357567284166,625,2882.6653,-0.1,-113.10466,-135.8121,15.197697,-577.64264,577.64264,0.0009999999
0.0009999999,577.64264,402974.34,-0.0005722493,0.99999976,0.2,,140.80165,173322,0.0009999999,-105.89948,,13539.346339464188,16.812017,0.2,2.3711986e-11,0.0009999999,,11,-0.2,2862,98.77659,15.093889,2769.5745,2862,953.99976,,60.55974842767296,625,2882.7065,-0.2,-113.13201,-135.80165,15.19821,-577.64264,577.64264,0.0009999999
0.0009999999,577.64264,403092.25,0.19752775,1.0000005,0.2,,140.79366,173360,0.0009999999,-112.89164,,13546.097612142563,13.994172,0.1,2.3695422e-11,0.0009999999,,11,0.1,2863,98.77659,15.09354,2769.56,2863,954.33374,,60.551868669228085,625,2882.7473,-0.2,-113.18717,-135.79366,15.1977415,-577.64264,577.64264,0.0009999999
0.0009999999,577.64264,403209.47,-0.697806,1.0000001,-0.1,,140.78543,173377,0.0009999999,-112.24408,,13552.679104804993,15.398345,-0.2,2.367888e-11,0.0009999999,,11,-0.2,2864,98.77659,15.093191,2769.5916,2864,954.6669,,60.536662011173185,625,2882.7888,-0.2,-113.19735,-135.78543,15.197763,-577.64264,577.64264,0.0009999999
0.0009999999,577.64264,403341.88,-0.09774077,1.0000001,0.1,,140.7825,173418,0.0009999999,-127.387115,,13560.708808660507,16.493256,-0.2,2.3662352e-11,0.0009999999,,11,,2865,98.77659,15.092842,2769.6091,2865,955.0002,,60.529842931937175,625,2882.8296,,-113.22046,-135.7825,15.198171,-577.64264,577.64264,0.0009999999
0.0009999999,577.64264,403452.62,0.20355389,1.0000002,0.1,,140.77202,173439,0.0009999999,-105.76676,,13568.049324035645,15.73602,0.1,2.3645844e-11,0.0009999999,,11,0.1,2866,98.77659,15.092493,2769.647,2866,955.33356,,60.51605024424285,625,2882.8708,-0.1,-113.22382,-135.77202,15.198308,-577.64264,577.64264,0.0009999999
0.0009999999,577.64264,403562.6,0.098249085,1.0000005,-0.2,,140.76128,173454,0.0009999999,-104.97004,,13575.659617424011,14.496591,0.2,2.362935e-11,0.0009999999,,11,0.2,2867,98.77659,15.092144,2769.6155,2867,955.66705,,60.500174398325775,625,2882.9119,-0.1,-113.29628,-135.76128,15.198013,-577.64264,577.64264,0.0009999999
0.0009999999,577.64264,403687.8,0.20046753,0.99999976,0.2,,140.75586,173483,0.0009999999,-120.20845,,13583.230770349503,14.353887,-0.1,2.3612877e-11,0.0009999999,,11,0.2,2868,98.77659,15.091795,2769.6013,2868,955.99976,,60.48919107391911,625,2882.9531,-0.1,-113.351746,-135.75586,15.197677,-577.64264,577.64264,0.0009999999
0.0009999999,577.64264,403804.62,0.20113389,0.9999998,0.2,,140.74751,173499,0.0009999999,-111.85183,,13590.901191711426,16.417099,,2.3596418e-11,0.0009999999,,11,0.1,2869,98.77659,15.091447,2769.6301,2869,956.3335,,60.473684210526315,625,2882.9944,-0.1,-113.364334,-135.74751,15.198051,-577.64264,577.64264,0.0009999999
0.0009999999,577.64264,403929.22,0.49862522,0.9999998,0.2,,140.74188,173547,0.0009999999,-119.571396,,13598.595698833466,13.894659,0.2,2.3579978e-11,0.0009999999,,11,0.2,2870,98.77659,15.091098,2769.565,2870,956.6665,,60.46933797909408,625,2883.0354,-0.1,-113.470406,-135.74188,15.19755,-577.64264,577.64264,0.0009999999
0.0009999999,577.64264,404039.22,0.29969105,1.0000005,0.1,,140.73119,173559,0.0009999999,-105.0057,,13606.16270160675,16.479446,0.2,2.3563554e-11,0.0009999999,,11,,2871,98.77659,15.09075,2769.5942,2871,957.0005,,60.45245559038663,625,2883.0764,,-113.4823,-135.73119,15.197949,-577.64264,577.64264,0.0009999999
0.0009999999,577.64264,404151.8,0.7016936,1.0,0.1,,140.72139,173576,0.0009999999,-107.60236,,13613.291059017181,17.2157,0.2,2.3547149e-11,0.0009999999,,11,0.2,2872,98.77659,15.090402,2769.6016,2872,957.3336,,60.43732590529248,625,2883.1174,0.2,-113.51588,-135.72139,15.198604,-577.64264,577.64264,0.0009999999
0.0009999999,577.64264,404285.56,0.095522955,1.0000002,,,140.71896,173612,0.0009999999,-128.70778,,13620.101344347,14.537038,0.2,2.3530757e-11,0.0009999999,,11,0.1,2873,98.77659,15.090054,2769.588,2873,957.66693,,60.42882004872955,625,2883.1584,-0.2,-113.570496,-135.71896,15.198325,-577.64264,577.64264,0.0009999999
0.0009999999,577.64264,404404.5,-0.20092875,1.0,0.2,,140.71138,173631,0.0009999999,-113.939766,,13626.74945473671,12.415449,-0.2,2.3514385e-11,0.0009999999,,11,-0.2,2874,98.77659,15.089705,2769.5718,2874,958.00037,,60.414405010438415,625,2883.1992,,-113.627396,-135.71138,15.197308,-577.64264,577.64264,0.0009999999
0.0009999999,577.64264,404520.88,0.19808704,1.0000001,0.2,,140.70291,173653,0.0009999999,-111.390396,,13633.738665342331,16.601517,-0.2,2.349803e-11,0.0009999999,,11,0.1,2875,98.77659,15.089357,2769.5667,2875,958.33386,,60.40104347826087,625,2883.2402,0.1,-113.67368,-135.70291,15.197756,-577.64264,577.64264,0.0009999999
0.0009999999,577.64264,404638.47,0.00071258843,1.0,,,140.69489,173670,0.0009999999,-112.604004,,13640.927479028702,15.197653,0.1,2.3481692e-11,0.0009999999,,11,0.1,2876,98.77659,15.089009,2769.5474,2876,958.6666,,60.38595271210014,625,2883.2812,-0.2,-113.733986,-135.69489,15.197703,-577.64264,577.64264,0.0009999999
0.0009999999,577.64264,404764.34,0.09717216,1.0000004,-0.2,,140.68973,173704,0.0009999999,-120.8547,,13647.379084825516,16.555065,-0.1,2.3465372e-11,0.0009999999,,11,0.2,2877,98.77659,15.088662,2769.557,2877,959.00037,,60.3767813694821,625,2883.3223,0.2,-113.76549,-135.68973,15.198129,-577.64264,577.64264,0.0009999999
0.0009999999,577.64264,404881.3,-0.39633343,1.0,-0.1,,140.68149,173722,0.0009999999,-111.96031,,13654.227009057999,15.139771,-0.2,2.3449067e-11,0.0009999999,,11,-0.1,2878,98.77659,15.088315,2769.5605,2878,959.3333,,60.362056984016675,625,2883.3633,,-113.80264,-135.68149,15.19806,-577.64264,577.64264,0.0009999999
0.0009999999,577.64264,405008.06,-0.10017344,0.99999964,0.2,,140.67665,173746,0.0009999999,-121.76457,,13661.073023080826,13.605088,-0.2,2.343278e-11,0.0009999999,,11,0.1,2879,98.77659,15.087967,2769.5823,2879,959.6664,,60.34942688433484,625,2883.4043,-0.2,-113.82198,-135.67665,15.197457,-577.64264,577.64264,0.0009999999
0.0009999999,577.64264,405121.72,-0.0010640398,1.0000001,,,140.66727,173761,0.0009999999,-108.66322,,13667.593707799911,15.498178,0.2,2.3416512e-11,0.0009999999,,11,-0.1,2880,98.77659,15.08762,2769.607,2880,960.0005,,60.33368055555555,625,2883.445,-0.1,-113.83815,-135.66727,15.197516,-577.64264,577.64264,0.0009999999
0.0009999999,577.64264,405250.56,0.40134937,0.9999998,,,140.66316,173787,0.0009999999,-123.836395,,13674.07891535759,16.660213,0.2,2.3400257e-11,0.0009999999,,11,0.1,2881,98.77659,15.087273,2769.6406,2881,960.33386,,60.321763276640056,625,2883.4858,0.1,-113.845184,-135.66316,15.197974,-577.64264,577.64264,0.0009999999
0.0009999999,577.64264,405365.5,0.70028466,0.99999964,0.2,,140.65424,173811,0.0009999999,-109.95158,,13680.535503149033,15.087333,0.1,2.338402e-11,0.0009999999,,11,0.2,2882,98.77659,15.0869255,2769.6443,2882,960.6663,,60.30916030534351,625,2883.5269,0.2,-113.88249,-135.65424,15.197892,-577.64264,577.64264,0.0009999999
0.0009999999,577.64264,405499.3,0.2969622,1.0000001,0.2,,140.65186,173845,0.0009999999,-128.81502,,13686.769620418549,15.391974,-0.1,2.3367802e-11,0.0009999999,,11,0.2,2883,98.77659,15.086578,2769.6223,2883,961.0008,,60.300034686090875,625,2883.5674,,-113.94511,-135.65186,15.197908,-577.64264,577.64264,0.0009999999
0.0009999999,577.64264,405611.03,-0.099421985,0.99999964,-0.2,,140.64183,173861,0.0009999999,-106.70183,,13693.080305099487,15.3938675,-0.1,2.3351598e-11,0.0009999999,,11,0.2,2884,98.77659,15.086232,2769.6135,2884,961.33356,,60.284674063800274,625,2883.6086,,-113.99515,-135.64183,15.197932,-577.64264,577.64264,0.0009999999
0.0009999999,577.64264,405745.06,0.40385213,0.99999964,0.2,,140.63954,173893,0.0009999999,-129.00871,,13699.399050712585,15.417091,0.1,2.3335415e-11,0.0009999999,,11,0.2,2885,98.77659,15.085885,2769.6367,2885,961.6664,,60.274870017331025,625,2883.6492,-0.1,-114.01236,-135.63954,15.197958,-577.64264,577.64264,0.0009999999
0.0009999999,577.64264,405865.7,0.10040638,1.0000004,0.1,,140.6326,173917,0.0009999999,-115.63861,,13705.877833127975,12.375743,-0.2,2.3319244e-11,0.0009999999,,11,,2886,98.77659,15.085539,2769.5833,2886,962.0003,,60.26230076230076,625,2883.69,0.2,-114.10679,-135.6326,15.196934,-577.64264,577.64264,0.0009999999
0.0009999999,577.64264,405977.1,0.0018602163,0.99999976,-0.1,,140.62248,173929,0.0009999999,-106.42407,,13712.393410682678,16.723055,0.1,2.3303094e-11,0.0009999999,,11,0.1,2887,98.77659,15.085193,2769.62,2887,962.3334,,60.24558365084863,625,2883.731,-0.1,-114.11093,-135.62248,15.197418,-577.64264,577.64264,0.0009999999
0.0009999999,577.64264,406084.22,-0.19590846,0.99999994,,,140.61089,173956,0.0009999999,-102.131226,,13718.682197332382,16.686634,0.2,2.328696e-11,0.0009999999,,11,-0.2,2888,98.77659,15.084846,2769.4744,2888,962.66656,,60.23407202216067,625,2883.7717,-0.2,-114.29733,-135.61089,15.197883,-577.64264,577.64264,0.0009999999
0.0009999999,577.64264,406194.03,-0.29800844,1.0000001,-0.1,,140.60022,173975,0.0009999999,-104.80419,,13724.839299678802,13.968986,0.2,2.3270838e-11,0.0009999999,,11,-0.2,2889,98.77659,15.084499,2769.4885,2889,963.0008,,60.21979923849083,625,2883.8127,-0.2,-114.32414,-135.60022,15.197411,-577.64264,577.64264,0.0009999999
0.0009999999,577.64264,406327.28,-0.30024225,1.0,-0.1,,140.59767,174015,0.0009999999,-128.2249,,13731.316051244736,15.394788,0.1,2.3254738e-11,0.0009999999,,11,-0.1,2890,98.77659,15.084154,2769.4941,2890,963.3333,,60.21280276816609,625,2883.8533,-0.2,-114.35916,-135.59767,15.197429,-577.64264,577.64264,0.0009999999
0.0009999999,577.64264,406445.7,0.50119495,1.0000001,0.2,,140.59,174055,0.0009999999,-113.42185,,13739.112744569778,17.205187,-0.1,2.3238654e-11,0.0009999999,,11,0.2,2891,98.77659,15.083808,2769.4155,2891,963.6669,,60.205811138014525,625,2883.894,0.2,-114.47864,-135.59,15.19808,-577.64264,577.64264,0.0009999999
0.0009999999,577.64264,406553.38,0.10029409,1.0,0.2,,140.57863,174066,0.0009999999,-102.70562,,13746.072055578232,16.691593,-0.1,2.3222584e-11,0.0009999999,,11,0.1,2892,98.77659,15.083462,2769.4324,2892,964.00055,,60.18879668049792,625,2883.9348,-0.1,-114.50249,-135.57863,15.198549,-577.64264,577.64264,0.0009999999
0.0009999999,577.64264,406669.7,-0.29939458,1.0,-0.2,,140.57024,174082,0.0009999999,-111.305695,,13753.188769578934,16.07158,0.2,2.3206532e-11,0.0009999999,,11,-0.1,2893,98.77659,15.083117,2769.3853,2893,964.3334,,60.1735222951953,625,2883.9756,-0.2,-114.59045,-135.57024,15.198802,-577.64264,577.64264,0.0009999999
0.0009999999,577.64264,406807.66,0.2987845,0.99999964,0.2,,140.56934,174123,0.0009999999,-132.95346,,13761.178075551987,16.689184,-0.1,2.31905e-11,0.0009999999,,11,0.1,2894,98.77659,15.08277,2769.4094,2894,964.6664,,60.16689702833448,625,2884.016,0.1,-114.606575,-135.56934,15.19927,-577.64264,577.64264,0.0009999999
0.0009999999,577.64264,406932.5,0.49934337,1.0000004,,,140.5639,174148,0.0009999999,-119.84166,,13768.740531682968,15.697458,0.2,2.3174481e-11,0.0009999999,,11,0.1,2895,98.77659,15.082425,2769.4211,2895,965.00037,,60.15474956822107,625,2884.057,0.2,-114.63577,-135.5639,15.199395,-577.64264,577.64264,0.0009999999
0.0009999999,577.64264,407059.06,-0.3993062,0.99999994,0.1,,140.55907,174176,0.0009999999,-121.56099,,13776.148809432983,16.798326,-0.2,2.315848e-11,0.0009999999,,11,-0.1,2896,98.77659,15.08208,2769.457,2896,965.33356,,60.14364640883978,625,2884.0974,-0.2,-114.640335,-135.55907,15.199902,-577.64264,577.64264,0.0009999999
0.0009999999,577.64264,407172.5,-0.0012084916,1.0000001,0.1,,140.54971,174200,0.0009999999,-108.436615,,13783.810806751251,16.561289,-0.2,2.3142495e-11,0.0009999999,,11,,2897,98.77659,15.081735,2769.456,2897,965.6669,,60.131170176044186,625,2884.1382,0.1,-114.68206,-135.54971,15.200323,-577.64264,577.64264,0.0009999999
0.0009999999,577.64264,407298.06,0.20261131,1.0,0.2,,140.54454,174228,0.0009999999,-120.54949,,13791.515090942383,16.655025,0.1,2.3126525e-11,0.0009999999,,11,,2898,98.77659,15.081389,2769.454,2898,966.0003,,60.12008281573499,625,2884.179,-0.1,-114.72495,-135.54454,15.200775,-577.64264,577.64264,0.0009999999
0.0009999999,577.64264,407432.25,0.30039614,0.9999996,,,140.54234,174261,0.0009999999,-129.22499,,13799.066005945206,11.7706585,0.1,2.3110572e-11,0.0009999999,,11,0.1,2899,98.77659,15.081044,2769.3757,2899,966.33295,,60.11072783718524,625,2884.2195,0.1,-114.8437,-135.54234,15.199549,-577.64264,577.64264,0.0009999999
0.0009999999,577.64264,407553.25,0.20218346,1.0,-0.2,,140.5356,174282,0.0009999999,-116.00329,,13806.216751337051,17.008274,0.2,2.3094636e-11,0.0009999999,,11,0.1,2900,98.77659,15.0807,2769.3555,2900,966.6666,,60.09724137931035,625,2884.26,0.1,-114.904655,-135.5356,15.200123,-577.64264,577.64264,0.0009999999
0.0009999999,577.64264,407675.12,0.50248945,1.0000005,-0.1,,140.52917,174306,0.0009999999,-116.87267,,13813.14566874504,16.18785,0.2,2.307872e-11,0.0009999999,,11,0.2,2901,98.77659,15.080355,2769.3572,2901,967.0004,,60.08479834539814,625,2884.3005,0.2,-114.94335,-135.52917,15.200416,-577.64264,577.64264,0.0009999999
0.0009999999,577.64264,407796.6,-0.09657462,0.99999964,-0.2,,140.5226,174327,0.0009999999,-116.46188,,13819.809648275375,14.744663,-0.2,2.3062816e-11,0.0009999999,,11,0.1,2902,98.77659,15.08001,2769.3945,2902,967.3334,,60.07133011716058,625,2884.3413,0.2,-114.94687,-135.5226,15.200214,-577.64264,577.64264,0.0009999999
0.0009999999,577.64264,407910.12,-0.19749527,0.99999976,0.1,,140.5133,174341,0.0009999999,-108.54314,,13826.916800737381,15.081816,-0.2,2.3046929e-11,0.0009999999,,11,-0.1,2903,98.77659,15.079665,2769.4062,2903,967.66644,,60.05545986910093,625,2884.3818,,-114.97556,-135.5133,15.200125,-577.64264,577.64264,0.0009999999
0.0009999999,577.64264,408034.25,0.49680424,0.99999964,0.2,,140.50766,174363,0.0009999999,-119.12614,,13834.147032737732,15.456265,0.1,2.303106e-11,0.0009999999,,11,0.2,2904,98.77659,15.079321,2769.4292,2904,967.99963,,60.042355371900825,625,2884.4224,,-114.99321,-135.50766,15.200166,-577.64264,577.64264,0.0009999999
0.0009999999,577.64264,408145.56,-0.09685383,0.99999964,,,140.4976,174376,0.0009999999,-106.30662,,13841.210820198059,15.310423,-0.1,2.3015204e-11,0.0009999999,,11,0.1,2905,98.77659,15.078977,2769.456,2905,968.333,,60.02616179001721,625,2884.4631,-0.1,-115.00706,-135.4976,15.200156,-577.64264,577.64264,0.0009999999
0.0009999999,577.64264,408263.7,0.10208021,1.0000001,,,140.48991,174412,0.0009999999,-113.11663,,13848.088612794876,15.804641,,2.2999368e-11,0.0009999999,,11,0.2,2906,98.77659,15.078632,2769.4553,2906,968.66736,,60.01789401238816,625,2884.5037,-0.1,-115.04832,-135.48991,15.200318,-577.64264,577.64264,0.0009999999
0.0009999999,577.64264,408378.6,-0.3008207,0.99999994,,,140.48111,174430,0.0009999999,-109.91538,,13854.589846372604,15.852259,-0.1,2.2983549e-11,0.0009999999,,11,-0.1,2907,98.77659,15.078289,2769.4243,2907,968.99994,,60.00343997248022,625,2884.5442,-0.1,-115.119774,-135.48111,15.200493,-577.64264,577.64264,0.0009999999
0.0009999999,577.64264,408492.0,-0.10039723,0.99999964,-0.1,,140.4718,174448,0.0009999999,-108.406296,,13861.150835752487,15.08312,,2.2967744e-11,0.0009999999,,11,0.2,2908,98.77659,15.077945,2769.4546,2908,969.3336,,59.988995873452545,625,2884.5847,-0.2,-115.13003,-135.4718,15.200409,-577.64264,577.64264,0.0009999999
0.0009999999,577.64264,408600.25,0.20156372,1.0000005,,,140.46072,174460,0.0009999999,-103.224915,,13867.585735797882,16.699156,0.2,2.2951955e-11,0.0009999999,,11,0.1,2909,98.77659,15.0776005,2769.4453,2909,969.6674,,59.972499140598146,625,2884.6248,-0.1,-115.17936,-135.46072,15.200877,-577.64264,577.64264,0.0009999999
0.0009999999,577.64264,408711.72,0.4003964,1.0000004,0.1,,140.45076,174473,0.0009999999,-106.472466,,13873.789712905884,16.996332,0.1,2.2936184e-11,0.0009999999,,11,0.2,2910,98.77659,15.077257,2769.4143,2910,970.00037,,59.95635738831615,625,2884.6655,,-115.25127,-135.45076,15.201445,-577.64264,577.64264,0.0009999999
0.0009999999,577.64264,408824.62,-0.1008928,1.0000001,0.1,,140.4413,174485,0.0009999999,-107.90346,,13879.983796834946,16.529467,-0.2,2.292043e-11,0.0009999999,,11,-0.1,2911,98.77659,15.076914,2769.3245,2911,970.33344,,59.93988320164892,625,2884.7058,0.1,-115.381294,-135.4413,15.201856,-577.64264,577.64264,0.0009999999
0.0009999999,577.64264,408959.2,-0.3035494,1.0,0.2,,140.43929,174527,0.0009999999,-129.60161,,13886.274084091187,16.12547,-0.2,2.2904689e-11,0.0009999999,,11,-0.2,2912,98.77659,15.0765705,2769.3257,2912,970.6666,,59.933722527472526,625,2884.7463,-0.1,-115.42067,-135.43929,15.202126,-577.64264,577.64264,0.0009999999
0.0009999999,577.64264,409084.75,0.0995384,0.99999994,0.2,,140.43417,174553,0.0009999999,-120.564255,,13892.465432882309,13.8617325,0.2,2.2888967e-11,0.0009999999,,11,-0.1,2913,98.77659,15.076227,2769.2896,2913,970.99994,,59.92207346378304,625,2884.7866,-0.2,-115.49707,-135.43417,15.201618,-577.64264,577.64264,0.0009999999
0.0009999999,577.64264,409208.06,-0.1994764,1.0,-0.1,,140.4283,174579,0.0009999999,-118.27411,,13898.88093495369,14.629571,-0.2,2.2873259e-11,0.0009999999,,11,,2914,98.77659,15.075884,2769.305,2914,971.3334,,59.910432395332876,625,2884.8271,0.1,-115.522316,-135.4283,15.201374,-577.64264,577.64264,0.0009999999
0.0009999999,577.64264,409316.44,0.4001163,1.0000002,0.2,,140.4173,174591,0.0009999999,-103.404144,,13905.384840011597,16.764727,-0.1,2.2857568e-11,0.0009999999,,11,0.1,2915,98.77659,15.075541,2769.3342,2915,971.66693,,59.893996569468264,625,2884.8677,0.2,-115.533455,-135.4173,15.201862,-577.64264,577.64264,0.0009999999
0.0009999999,577.64264,409435.53,0.00041665882,1.0000002,0.2,,140.40999,174611,0.0009999999,-114.07378,,13911.66200017929,14.828767,-0.2,2.2841893e-11,0.0009999999,,11,-0.1,2916,98.77659,15.075197,2769.356,2916,972.00055,,59.880315500685874,625,2884.908,0.1,-115.55201,-135.40999,15.201692,-577.64264,577.64264,0.0009999999
0.0009999999,577.64264,409566.66,-0.00012544543,0.9999994,,,140.40681,174650,0.0009999999,-126.131195,,13918.198634624481,15.50194,-0.2,2.2826234e-11,0.0009999999,,11,0.1,2917,98.77659,15.074855,2769.3904,2917,972.3334,,59.87315735344532,625,2884.9485,0.1,-115.55813,-135.40681,15.201744,-577.64264,577.64264,0.0009999999
0.0009999999,577.64264,409683.4,0.09736119,0.99999964,-0.1,,140.3987,174672,0.0009999999,-111.75533,,13924.990081071854,16.122902,-0.2,2.281059e-11,0.0009999999,,11,0.2,2918,98.77659,15.074512,2769.4067,2918,972.6664,,59.860178204249486,625,2884.9888,0.2,-115.582054,-135.3987,15.202014,-577.64264,577.64264,0.0009999999
0.0009999999,577.64264,409796.3,-0.40214628,1.0000004,0.1,,140.38928,174686,0.0009999999,-107.92498,,13932.986019849777,15.139316,-0.2,2.2794966e-11,0.0009999999,,11,-0.2,2919,98.77659,15.074169,2769.4304,2919,973.00037,,59.844467283316206,625,2885.029,-0.1,-115.59853,-135.38928,15.201946,-577.64264,577.64264,0.0009999999
0.0009999999,577.64264,409910.72,0.09771743,0.9999996,-0.2,,140.38039,174704,0.0009999999,-109.39426,,13940.315089464188,15.266056,0.1,2.2779355e-11,0.0009999999,,11,0.2,2920,98.77659,15.073827,2769.4492,2920,973.33356,,59.83013698630137,625,2885.0693,,-115.6201,-135.38039,15.201921,-577.64264,577.64264,0.0009999999
0.0009999999,577.64264,410021.25,0.7012343,1.0000001,0.2,,140.37016,174727,0.0009999999,-105.53747,,13947.858067512512,15.534902,0.2,2.2763761e-11,0.0009999999,,11,0.1,2921,98.77659,15.073484,2769.4377,2921,973.6668,,59.81752824375214,625,2885.1096,0.2,-115.671776,-135.37016,15.201988,-577.64264,577.64264,0.0009999999
0.0009999999,577.64264,410133.2,0.2021512,1.0000002,-0.2,,140.36043,174741,0.0009999999,-106.88829,,13956.133963346481,16.852495,0.1,2.2748184e-11,0.0009999999,,11,0.2,2922,98.77659,15.073142,2769.4282,2922,974.00024,,59.80184804928131,625,2885.1501,0.1,-115.72187,-135.36043,15.202507,-577.64264,577.64264,0.0009999999
0.0009999999,577.64264,410268.53,0.40324268,1.0000005,0.2,,140.35872,174776,0.0009999999,-130.34651,,13963.891706466675,16.320444,0.2,2.2732621e-11,0.0009999999,,11,,2923,98.77659,15.0728,2769.4119,2923,974.33374,,59.7933629832364,625,2885.1904,,-115.77851,-135.35872,15.202842,-577.64264,577.64264,0.0009999999
0.0009999999,577.64264,410383.16,-0.4004236,0.9999998,-0.2,,140.34991,174791,0.0009999999,-109.63364,,13971.477750778198,13.815033,-0.1,2.2717073e-11,0.0009999999,,11,0.1,2924,98.77659,15.072457,2769.4363,2924,974.6665,,59.77804377564979,625,2885.2307,-0.2,-115.794334,-135.34991,15.202321,-577.64264,577.64264,0.0009999999
0.0009999999,577.64264,410511.88,0.09872903,0.9999996,,,140.34595,174827,0.0009999999,-123.723015,,13979.355010032654,15.225519,-0.2,2.2701542e-11,0.0009999999,,11,0.1,2925,98.77659,15.072116,2769.4668,2925,975.00024,,59.76991452991453,625,2885.2708,0.2,-115.80385,-135.34595,15.202284,-577.64264,577.64264,0.0009999999
0.0009999999,577.64264,410624.5,0.099762484,0.9999998,,,140.33647,174840,0.0009999999,-107.616615,,13986.993960618973,16.935068,0.2,2.2686028e-11,0.0009999999,,11,,2926,98.77659,15.071774,2769.4307,2926,975.3332,,59.75393028024607,625,2885.311,-0.1,-115.88026,-135.33647,15.202828,-577.64264,577.64264,0.0009999999
0.0009999999,577.64264,410748.94,-0.29928595,0.9999998,-0.1,,140.33104,174865,0.0009999999,-119.44986,,13994.740649223328,16.824055,-0.2,2.267053e-11,0.0009999999,,11,0.2,2927,98.77659,15.071432,2769.4692,2927,975.6671,,59.74205671335839,625,2885.351,-0.2,-115.8819,-135.33104,15.203333,-577.64264,577.64264,0.0009999999
0.0009999999,577.64264,410872.94,0.4954276,1.0000004,0.2,,140.32545,174888,0.0009999999,-119.02485,,14002.471637487411,16.00961,0.2,2.2655048e-11,0.0009999999,,11,,2928,98.77659,15.071091,2769.4595,2928,976.0003,,59.72950819672131,625,2885.3914,0.1,-115.93181,-135.32545,15.203563,-577.64264,577.64264,0.0009999999
0.0009999999,577.64264,410992.66,0.20115,1.0000004,0.1,,140.31842,174907,0.0009999999,-114.714645,,14009.815571308136,12.731492,0.2,2.2639581e-11,0.0009999999,,11,-0.1,2929,98.77659,15.070749,2769.421,2929,976.3336,,59.71560259474223,625,2885.4316,,-116.01071,-135.31842,15.202673,-577.64264,577.64264,0.0009999999
0.0009999999,577.64264,411121.97,0.09853048,1.0000004,-0.2,,140.31467,174934,0.0009999999,-124.30061,,14016.964480400085,16.398357,0.2,2.262413e-11,0.0009999999,,11,0.1,2930,98.77659,15.070408,2769.4558,2930,976.667,,59.704436860068256,625,2885.472,,-116.01618,-135.31467,15.203034,-577.64264,577.64264,0.0009999999
0.0009999999,577.64264,411246.12,-0.80053073,1.0000001,-0.2,,140.30916,174959,0.0009999999,-119.1602,,14024.113335847855,14.027036,-0.2,2.2608694e-11,0.0009999999,,11,-0.2,2931,98.77659,15.070066,2769.4146,2931,977.0005,,59.692596383486865,625,2885.512,-0.2,-116.09732,-135.30916,15.202586,-577.64264,577.64264,0.0009999999
0.0009999999,577.64264,411354.53,0.29966393,1.0000001,-0.1,,140.29828,174984,0.0009999999,-103.407524,,14031.406217575073,17.286226,0.2,2.2593274e-11,0.0009999999,,11,0.1,2932,98.77659,15.069725,2769.452,2932,977.3341,,59.68076398362892,625,2885.552,0.1,-116.1,-135.29828,15.20325,-577.64264,577.64264,0.0009999999
0.0009999999,577.64264,411477.9,0.30289948,0.99999994,,,140.2925,175007,0.0009999999,-118.36559,,14038.534102678299,15.93778,0.1,2.2577872e-11,0.0009999999,,11,0.2,2933,98.77659,15.069385,2769.4812,2933,977.66693,,59.66825775656324,625,2885.5923,,-116.111115,-135.2925,15.203455,-577.64264,577.64264,0.0009999999
0.0009999999,577.64264,411588.2,0.4996061,0.9999998,0.2,,140.28227,175025,0.0009999999,-105.27446,,14045.363873720169,13.8319645,0.2,2.2562488e-11,0.0009999999,,11,0.1,2934,98.77659,15.069043,2769.4568,2934,977.9998,,59.654055896387185,625,2885.6323,,-116.17553,-135.28227,15.202939,-577.64264,577.64264,0.0009999999
0.0009999999,577.64264,411709.53,-0.0016632974,1.0000005,0.2,,140.27582,175046,0.0009999999,-116.344055,,14051.988617897034,16.611511,,2.2547115e-11,0.0009999999,,11,,2935,98.77659,15.068703,2769.4897,2935,978.3338,,59.640885860306646,625,2885.6726,-0.2,-116.18276,-135.27582,15.203373,-577.64264,577.64264,0.0009999999
0.0009999999,577.64264,411830.88,0.60137093,1.0000002,0.2,,140.26938,175087,0.0009999999,-116.343315,,14058.660254478455,15.786861,0.1,2.2531758e-11,0.0009999999,,11,0.1,2936,98.77659,15.068362,2769.4983,2936,978.66693,,59.634536784741144,625,2885.7126,0.2,-116.21445,-135.26938,15.2035265,-577.64264,577.64264,0.0009999999
0.0009999999,577.64264,411946.44,0.19926521,1.0000001,0.2,,140.26096,175102,0.0009999999,-110.569016,,14065.218490839005,14.952411,0.2,2.251642e-11,0.0009999999,,11,-0.1,2937,98.77659,15.068022,2769.4507,2937,979.0002,,59.619339462036095,625,2885.7527,-0.1,-116.302,-135.26096,15.203391,-577.64264,577.64264,0.0009999999
0.0009999999,577.64264,412071.2,-0.0996548,1.0000002,0.2,,140.25568,175126,0.0009999999,-119.74067,,14071.717503070831,15.792091,,2.2501093e-11,0.0009999999,,11,-0.1,2938,98.77659,15.067681,2769.4875,2938,979.33356,,59.607215793056504,625,2885.793,-0.2,-116.30552,-135.25568,15.2035475,-577.64264,577.64264,0.0009999999
0.0009999999,577.64264,412180.56,0.0012025088,1.0000004,-0.1,,140.24518,175196,0.0009999999,-104.39873,,14078.657074928284,16.740458,-0.2,2.2485784e-11,0.0009999999,,11,0.1,2939,98.77659,15.067341,2769.4783,2939,979.66705,,59.61075195644777,625,2885.8328,0.2,-116.35445,-135.24518,15.204023,-577.64264,577.64264,0.0009999999
0.0009999999,577.64264,412305.25,-0.39932883,0.99999964,0.2,,140.23988,175222,0.0009999999,-119.678276,,14085.273051261902,15.907774,-0.2,2.2470489e-11,0.0009999999,,11,-0.2,2940,98.77659,15.067,2769.419,2940,979.9997,,59.59931972789116,625,2885.873,-0.2,-116.45408,-135.23988,15.204214,-577.64264,577.64264,0.0009999999
0.0009999999,577.64264,412430.7,-0.599679,0.9999994,-0.1,,140.23485,175250,0.0009999999,-120.423065,,14092.124429225922,15.853773,-0.2,2.2455211e-11,0.0009999999,,11,-0.1,2941,98.77659,15.066661,2769.454,2941,980.3334,,59.58857531451887,625,2885.913,-0.2,-116.45892,-135.23485,15.204391,-577.64264,577.64264,0.0009999999
0.0009999999,577.64264,412549.7,-0.00067438185,1.0,0.1,,140.22763,175272,0.0009999999,-113.98966,,14099.002144098282,15.717135,,2.2439947e-11,0.0009999999,,11,,2942,98.77659,15.06632,2769.4907,2942,980.66724,,59.57579877634262,625,2885.953,-0.1,-116.46214,-135.22763,15.204519,-577.64264,577.64264,0.0009999999
0.0009999999,577.64264,412684.2,0.49865976,1.0000002,0.2,,140.22568,175327,0.0009999999,-129.51831,,14105.622263669968,14.947831,0.1,2.2424703e-11,0.0009999999,,11,0.1,2943,98.77659,15.065981,2769.4563,2943,981.00024,,59.57424396873938,625,2885.9932,0.1,-116.53686,-135.22568,15.204386,-577.64264,577.64264,0.0009999999
0.0009999999,577.64264,412794.8,0.10091676,1.0,0.1,,140.21562,175339,0.0009999999,-105.61493,,14111.865489006042,15.07813,-0.2,2.240947e-11,0.0009999999,,11,0.1,2944,98.77659,15.065641,2769.495,2944,981.3334,,59.55808423913044,625,2886.033,0.1,-116.53781,-135.21562,15.204294,-577.64264,577.64264,0.0009999999
0.0009999999,577.64264,412905.7,0.4011417,0.99999994,-0.1,,140.20567,175351,0.0009999999,-105.88941,,14117.981021642685,16.671516,0.2,2.2394255e-11,0.0009999999,,11,0.2,2945,98.77659,15.065301,2769.4639,2945,981.66656,,59.541935483870965,625,2886.0728,0.1,-116.608765,-135.20567,15.204746,-577.64264,577.64264,0.0009999999
0.0009999999,577.64264,413028.94,0.20201665,0.9999998,-0.1,,140.1999,175377,0.0009999999,-118.26621,,14124.530241250992,16.634296,-0.1,2.2379053e-11,0.0009999999,,11,0.2,2946,98.77659,15.064961,2769.503,2946,981.9999,,59.530549898167,625,2886.1128,0.2,-116.60991,-135.1999,15.205187,-577.64264,577.64264,0.0009999999
0.0009999999,577.64264,413160.3,-0.19806726,1.0,0.2,,140.19691,175408,0.0009999999,-126.343864,,14132.355874061584,13.841561,,2.236387e-11,0.0009999999,,11,-0.2,2947,98.77659,15.064623,2769.5132,2947,982.3334,,59.52086868001357,625,2886.1528,-0.2,-116.63977,-135.19691,15.204673,-577.64264,577.64264,0.0009999999
0.0009999999,577.64264,413239.0,0.19831488,1.0000002,0.1,,140.17606,175529,0.0009999999,-73.71573,,14139.73048710823,14.636289,-0.1,2.23487e-11,0.0009999999,,11,0.1,2948,98.77659,15.064283,2769.553,2948,982.66693,,59.541723202170964,625,2886.1929,0.1,-116.639885,-135.17606,15.204437,-577.64264,577.64264,0.0009999999
0.0009999999,577.64264,413367.3,0.2036065,1.0,0.1,,140.17203,175557,0.0009999999,-123.29086,,14146.916308164597,14.832921,-0.2,2.2333545e-11,0.0009999999,,11,0.1,2949,98.77659,15.063944,2769.559,2949,983.0006,,59.53102746693794,625,2886.2327,0.2,-116.67347,-135.17203,15.204267,-577.64264,577.64264,0.0009999999
0.0009999999,577.64264,413498.5,0.6991603,0.9999998,0.2,,140.16898,175591,0.0009999999,-126.20249,,14154.953992843628,15.064016,0.2,2.2318404e-11,0.0009999999,,11,0.2,2950,98.77659,15.063605,2769.5967,2950,983.3335,,59.522372881355935,625,2886.2727,0.1,-116.6759,-135.16898,15.20417,-577.64264,577.64264,0.0009999999
0.0009999999,577.64264,413610.5,0.09857469,0.99999976,,,140.15944,175605,0.0009999999,-107.01339,,14162.697887420654,15.936808,-0.1,2.230328e-11,0.0009999999,,11,0.1,2951,98.77659,15.063266,2769.6143,2951,983.66644,,59.5069467976957,625,2886.3123,0.1,-116.69798,-135.15944,15.204371,-577.64264,577.64264,0.0009999999
0.0009999999,577.64264,413738.7,-0.09746185,1.0000001,-0.1,,140.15538,175632,0.0009999999,-123.15831,,14170.475376844406,15.513705,-0.2,2.2288175e-11,0.0009999999,,11,,2952,98.77659,15.062927,2769.6196,2952,984.0004,,59.49593495934959,625,2886.352,0.2,-116.7323,-135.15538,15.204431,-577.64264,577.64264,0.0009999999
0.0009999999,577.64264,413862.3,0.29543498,1.0000004,0.1,,140.14978,175659,0.0009999999,-118.64438,,14178.230019569397,14.506985,-0.2,2.2273081e-11,0.0009999999,,11,0.2,2953,98.77659,15.062589,2769.5828,2953,984.3336,,59.48493057907213,625,2886.392,0.2,-116.80936,-135.14978,15.204149,-577.64264,577.64264,0.0009999999
0.0009999999,577.64264,413982.75,0.0987121,1.0000002,0.2,,140.14311,175681,0.0009999999,-115.41029,,14186.090991735458,13.912744,0.1,2.2258003e-11,0.0009999999,,11,,2954,98.77659,15.06225,2769.5073,2954,984.66693,,59.472241029113064,625,2886.4321,-0.2,-116.924774,-135.14311,15.203665,-577.64264,577.64264,0.0009999999
0.0009999999,577.64264,414096.0,0.29671174,1.0000004,,,140.134,175699,0.0009999999,-108.25362,,14194.169448375702,16.43395,0.2,2.2242942e-11,0.0009999999,,11,,2955,98.77659,15.061912,2769.367,2955,985.00037,,59.458206429780034,625,2886.472,0.1,-117.105095,-135.134,15.204036,-577.64264,577.64264,0.0009999999
0.0009999999,577.64264,414220.03,0.19756436,0.99999994,0.1,,140.12856,175725,0.0009999999,-119.03762,,14201.932114124298,12.35493,0.1,2.2227897e-11,0.0009999999,,11,,2956,98.77659,15.061573,2769.3142,2956,985.3339,,59.44688768606225,625,2886.5117,,-117.197426,-135.12856,15.203027,-577.64264,577.64264,0.0009999999
0.0009999999,577.64264,414345.6,-0.3033814,1.0,-0.2,,140.12364,175751,0.0009999999,-120.56917,,14209.081385850906,14.48114,-0.1,2.2212863e-11,0.0009999999,,11,0.1,2957,98.77659,15.061235,2769.3086,2957,985.6666,,59.43557659790328,625,2886.5515,-0.1,-117.24289,-135.12364,15.202734,-577.64264,577.64264,0.0009999999
0.0009999999,577.64264,414458.38,-0.2968646,0.99999976,,,140.1144,175766,0.0009999999,-107.78502,,14216.024197101593,15.506134,-0.2,2.2197846e-11,0.0009999999,,11,-0.2,2958,98.77659,15.060897,2769.3435,2958,986.00037,,59.42055442866802,625,2886.591,0.1,-117.247635,-135.1144,15.202792,-577.64264,577.64264,0.0009999999
0.0009999999,577.64264,414587.56,-0.10228923,1.0000002,0.2,,140.1107,175798,0.0009999999,-124.20083,,14223.30996632576,14.915516,-0.1,2.2182846e-11,0.0009999999,,11,-0.1,2959,98.77659,15.060559,2769.3323,2959,986.3342,,59.411287597161206,625,2886.631,-0.1,-117.29893,-135.1107,15.20265,-577.64264,577.64264,0.0009999999
0.0009999999,577.64264,414717.25,0.3050899,1.0,0.2,,140.10718,175827,0.0009999999,-124.66633,,14230.225683927536,12.609994,0.2,2.216786e-11,0.0009999999,,11,-0.2,2960,98.77659,15.060221,2769.2808,2960,986.6673,,59.40101351351351,625,2886.6707,0.1,-117.389946,-135.10718,15.201723,-577.64264,577.64264,0.0009999999
0.0009999999,577.64264,414850.0,0.20213276,1.0000004,0.2,,140.10469,175857,0.0009999999,-127.75434,,14237.21641612053,13.882766,-0.1,2.2152889e-11,0.0009999999,,11,,2961,98.77659,15.059883,2769.3042,2961,987.0004,,59.39108409321175,625,2886.7104,0.1,-117.406204,-135.10469,15.201236,-577.64264,577.64264,0.0009999999
0.0009999999,577.64264,414988.7,-0.09576458,1.0000004,-0.2,,140.10422,175897,0.0009999999,-133.72049,,14243.61540389061,13.371789,-0.1,2.2137934e-11,0.0009999999,,11,,2962,98.77659,15.0595455,2769.3188,2962,987.33374,,59.38453747467927,625,2886.7502,0.2,-117.4313,-135.10422,15.20057,-577.64264,577.64264,0.0009999999
0.0009999999,577.64264,415128.2,0.1993224,1.0000005,-0.1,,140.10402,175943,0.0009999999,-134.48528,,14250.415514945984,13.962239,0.2,2.2122993e-11,0.0009999999,,11,,2963,98.77659,15.059208,2769.258,2963,987.6671,,59.38002024974688,625,2886.7898,0.1,-117.53177,-135.10402,15.200104,-577.64264,577.64264,0.0009999999
0.0009999999,577.64264,415248.84,0.101002365,0.99999964,,,140.09746,175962,0.0009999999,-115.640175,,14256.701911211014,14.233567,0.1,2.2108067e-11,0.0009999999,,11,0.1,2964,98.77659,15.05887,2769.2285,2964,987.99963,,59.3663967611336,625,2886.8296,-0.1,-117.6012,-135.09746,15.199734,-577.64264,577.64264,0.0009999999
0.0009999999,577.64264,415359.03,0.20044304,1.0000002,-0.2,,140.08736,175978,0.0009999999,-105.192535,,14263.15019607544,15.80079,0.2,2.2093157e-11,0.0009999999,,11,,2965,98.77659,15.058533,2769.2207,2965,988.33417,,59.35177065767285,625,2886.8694,0.2,-117.648674,-135.08736,15.199892,-577.64264,577.64264,0.0009999999
0.0009999999,577.64264,415475.8,0.099392526,1.0,,,140.0795,175995,0.0009999999,-111.770996,,14269.893070697784,16.428991,0.2,2.2078263e-11,0.0009999999,,11,-0.1,2966,98.77659,15.058196,2769.2544,2966,988.667,,59.33749157113958,625,2886.9092,,-117.65486,-135.0795,15.200258,-577.64264,577.64264,0.0009999999
0.0009999999,577.64264,415593.62,0.6017878,0.9999998,0.2,,140.072,176014,0.0009999999,-112.80256,,14276.878292560577,17.117167,0.2,2.206338e-11,0.0009999999,,11,,2967,98.77659,15.057858,2769.247,2967,988.9999,,59.32389619143916,625,2886.949,0.2,-117.70189,-135.072,15.200858,-577.64264,577.64264,0.0009999999
0.0009999999,577.64264,415729.38,0.10094381,1.0000005,-0.1,,140.07054,176049,0.0009999999,-130.76784,,14283.78748345375,14.561578,0.1,2.2048518e-11,0.0009999999,,11,0.1,2968,98.77659,15.057522,2769.2732,2968,989.3338,,59.31570080862534,625,2886.9883,,-117.715065,-135.07054,15.200598,-577.64264,577.64264,0.0009999999
0.0009999999,577.64264,415853.8,-0.10006041,0.99999994,,,140.06528,176071,0.0009999999,-119.45122,,14290.646492242813,16.910362,-0.1,2.2033667e-11,0.0009999999,,11,,2969,98.77659,15.057185,2769.2832,2969,989.66693,,59.30313236780061,625,2887.028,,-117.74495,-135.06528,15.201131,-577.64264,577.64264,0.0009999999
0.0009999999,577.64264,415982.8,0.29991874,1.0000001,,,140.06155,176097,0.0009999999,-123.97299,,14297.391408920288,15.799394,,2.2018833e-11,0.0009999999,,11,0.2,2970,98.77659,15.056849,2769.3074,2970,990.0001,,59.29191919191919,625,2887.0679,0.1,-117.76051,-135.06155,15.2012825,-577.64264,577.64264,0.0009999999
0.0009999999,577.64264,416114.25,-0.10209141,1.0000001,-0.1,,140.05865,176126,0.0009999999,-126.419975,,14304.021028518677,16.318636,-0.1,2.2004011e-11,0.0009999999,,11,0.1,2971,98.77659,15.056512,2769.3135,2971,990.3335,,59.28172332547964,625,2887.1074,,-117.79385,-135.05865,15.201613,-577.64264,577.64264,0.0009999999
0.0009999999,577.64264,416242.38,-0.19710551,1.0000002,,,140.05464,176157,0.0009999999,-123.12799,,14310.429509401321,15.717784,-0.1,2.1989206e-11,0.0009999999,,11,,2972,98.77659,15.056175,2769.318,2972,990.66693,,59.27220726783311,625,2887.1472,-0.1,-117.829155,-135.05464,15.201739,-577.64264,577.64264,0.0009999999
0.0009999999,577.64264,416351.47,0.0024112463,0.99999964,0.1,,140.04422,176176,0.0009999999,-104.11536,,14316.968446731567,14.746874,-0.2,2.1974415e-11,0.0009999999,,11,-0.1,2973,98.77659,15.055839,2769.3276,2973,991.0,,59.25866128489741,625,2887.1865,0.2,-117.85888,-135.04422,15.201538,-577.64264,577.64264,0.0009999999
0.0009999999,577.64264,416489.12,-0.0021176115,1.0000005,-0.2,,140.04341,176220,0.0009999999,-132.65973,,14323.935942173004,16.58151,-0.1,2.1959642e-11,0.0009999999,,11,0.2,2974,98.77659,15.055502,2769.3616,2974,991.33417,,59.25353059852051,625,2887.226,0.1,-117.86444,-135.04341,15.201959,-577.64264,577.64264,0.0009999999
0.0009999999,577.64264,416615.3,0.39740965,1.0000004,0.1,,140.03876,176244,0.0009999999,-121.169174,,14331.84496998787,16.542564,-0.1,2.1944882e-11,0.0009999999,,11,0.2,2975,98.77659,15.055166,2769.2942,2975,991.667,,59.241680672268906,625,2887.2659,0.2,-117.97176,-135.03876,15.202365,-577.64264,577.64264,0.0009999999
0.0009999999,577.64264,416736.84,-0.10435224,0.99999994,-0.1,,140.03255,176264,0.0009999999,-116.53902,,14338.909236431122,15.399975,0.2,2.1930137e-11,0.0009999999,,11,-0.1,2976,98.77659,15.054831,2769.2722,2976,991.99994,,59.22849462365591,625,2887.305,-0.1,-118.03281,-135.03255,15.202383,-577.64264,577.64264,0.0009999999
0.0009999999,577.64264,416861.0,-0.29978976,0.99999964,0.1,,140.0272,176289,0.0009999999,-119.16455,,14346.819960355759,12.398392,-0.2,2.1915405e-11,0.0009999999,,11,-0.2,2977,98.77659,15.054494,2769.2195,2977,992.333,,59.2169969768223,625,2887.3445,,-118.12498,-135.0272,15.201397,-577.64264,577.64264,0.0009999999
0.0009999999,577.64264,416981.8,0.00062583387,1.0000001,,,140.02075,176325,0.0009999999,-115.82833,,14354.616414546967,16.173336,0.1,2.190069e-11,0.0009999999,,11,,2978,98.77659,15.054158,2769.1892,2978,992.6671,,59.20920080591001,625,2887.3838,-0.1,-118.19448,-135.02075,15.201677,-577.64264,577.64264,0.0009999999
0.0009999999,577.64264,417103.44,0.19963533,0.99999976,,,140.01459,176362,0.0009999999,-116.63397,,14362.50355887413,15.94828,0.1,2.188599e-11,0.0009999999,,11,,2979,98.77659,15.0538225,2769.1929,2979,993.0004,,59.20174555219872,625,2887.4233,0.1,-118.23059,-135.01459,15.20188,-577.64264,577.64264,0.0009999999
0.0009999999,577.64264,417228.53,-0.101845674,0.9999995,-0.1,,140.00957,176386,0.0009999999,-120.06724,,14370.04889369011,15.579121,0.1,2.1871302e-11,0.0009999999,,11,,2980,98.77659,15.053487,2769.1516,2980,993.3329,,59.18993288590604,625,2887.463,-0.1,-118.31129,-135.00957,15.20196,-577.64264,577.64264,0.0009999999
0.0009999999,577.64264,417353.75,0.39770487,0.9999997,-0.2,,140.00461,176428,0.0009999999,-120.21449,,14378.005980730057,16.719345,0.2,2.185663e-11,0.0009999999,,11,0.2,2981,98.77659,15.053151,2769.1729,2981,993.6664,,59.18416638711842,625,2887.5022,0.2,-118.329315,-135.00461,15.202425,-577.64264,577.64264,0.0009999999
0.0009999999,577.64264,417478.8,-0.40001035,1.0,0.1,,139.9996,176454,0.0009999999,-120.09737,,14385.713706731796,15.690713,-0.1,2.1841974e-11,0.0009999999,,11,-0.2,2982,98.77659,15.052816,2769.2075,2982,994.0,,59.17303822937626,625,2887.5417,-0.2,-118.33427,-134.9996,15.202543,-577.64264,577.64264,0.0009999999
0.0009999999,577.64264,417604.8,0.19953956,1.0000004,,,139.9949,176491,0.0009999999,-120.97466,,14393.6203789711,15.949952,-0.1,2.1827332e-11,0.0009999999,,11,0.1,2983,98.77659,15.052481,2768.7356,2983,994.33374,,59.1656050955414,625,2887.5813,0.2,-118.8456,-134.9949,15.202748,-577.64264,577.64264,0.0009999999
0.0009999999,577.64264,417764.7,-0.19847505,1.0,-0.2,,140.00157,176554,0.0009999999,-154.88586,,14401.225990056992,16.860897,0.1,2.1812706e-11,0.0009999999,,11,,2984,98.77659,15.052146,2768.7258,2984,994.6666,,59.166890080428956,625,2887.6206,-0.1,-118.894875,-135.00157,15.203259,-577.64264,577.64264,0.0009999999
0.0009999999,577.64264,417890.75,0.004001744,0.9999997,0.1,,139.9969,176612,0.0009999999,-121.031006,,14408.33161330223,15.588419,0.2,2.1798093e-11,0.0009999999,,11,-0.2,2985,98.77659,15.05181,2768.756,2985,994.99963,,59.16649916247906,625,2887.6602,-0.1,-118.90404,-134.9969,15.203342,-577.64264,577.64264,0.0009999999
0.0009999999,577.64264,418000.8,0.40244573,1.0000004,-0.1,,139.98688,176631,0.0009999999,-105.09704,,14415.341933965683,15.290544,0.2,2.1783495e-11,0.0009999999,,11,0.1,2986,98.77659,15.051476,2768.763,2986,995.33374,,59.15304755525787,625,2887.6997,0.2,-118.93688,-134.98688,15.203322,-577.64264,577.64264,0.0009999999
0.0009999999,577.64264,418129.88,-0.096968696,1.0000002,-0.2,,139.98322,176666,0.0009999999,-124.06479,,14423.06518650055,15.287685,-0.1,2.1768911e-11,0.0009999999,,11,0.1,2987,98.77659,15.051141,2768.7761,2987,995.66693,,59.14496149983261,625,2887.739,0.1,-118.96292,-134.98322,15.203308,-577.64264,577.64264,0.0009999999
0.0009999999,577.64264,418254.8,-0.0015220344,1.0000004,-0.2,,139.97818,176695,0.0009999999,-119.89866,,14430.674723863602,16.11726,-0.2,2.1754343e-11,0.0009999999,,11,0.2,2988,98.77659,15.050806,2768.7744,2988,996.0003,,59.13487282463186,625,2887.7783,0.2,-119.00383,-134.97818,15.203567,-577.64264,577.64264,0.0009999999
0.0009999999,577.64264,418369.62,-0.3984024,1.0000004,,,139.96976,176710,0.0009999999,-109.84528,,14437.856709003448,16.871761,-0.1,2.1739789e-11,0.0009999999,,11,-0.1,2989,98.77659,15.050471,2768.8027,2989,996.33374,,59.120107059217126,625,2887.8179,-0.2,-119.01518,-134.96976,15.204077,-577.64264,577.64264,0.0009999999
0.0009999999,577.64264,418487.44,-0.20266116,1.0,-0.1,,139.96236,176736,0.0009999999,-112.82076,,14444.954103469849,15.742923,-0.1,2.172525e-11,0.0009999999,,11,0.1,2990,98.77659,15.050137,2768.7075,2990,996.6673,,59.10903010033445,625,2887.857,-0.1,-119.14936,-134.96236,15.204214,-577.64264,577.64264,0.0009999999
0.0009999999,577.64264,418612.94,0.09868328,1.0000001,-0.1,,139.95752,176773,0.0009999999,-120.48275,,14451.689052581787,15.794801,0.2,2.1710725e-11,0.0009999999,,11,,2991,98.77659,15.049803,2768.7463,2991,997.00006,,59.10163824807756,625,2887.8965,,-119.15003,-134.95752,15.204366,-577.64264,577.64264,0.0009999999
0.0009999999,577.64264,418725.66,0.19796045,1.0000001,-0.1,,139.94841,176794,0.0009999999,-107.72552,,14458.44710111618,17.086565,0.1,2.1696214e-11,0.0009999999,,11,0.2,2992,98.77659,15.049468,2768.6682,2992,997.33386,,59.088903743315505,625,2887.9355,,-119.26744,-134.94841,15.204947,-577.64264,577.64264,0.0009999999
0.0009999999,577.64264,418847.12,-0.7017213,0.9999998,-0.2,,139.94225,176815,0.0009999999,-116.48138,,14464.969576120377,15.9957485,-0.2,2.1681719e-11,0.0009999999,,11,-0.2,2993,98.77659,15.049134,2768.7,2993,997.6668,,59.07617774807885,625,2887.975,-0.1,-119.27521,-134.94225,15.205169,-577.64264,577.64264,0.0009999999
0.0009999999,577.64264,418977.0,-0.5005585,1.0000001,,,139.93887,176865,0.0009999999,-124.87604,,14471.57698750496,12.421231,-0.2,2.166724e-11,0.0009999999,,11,-0.2,2994,98.77659,15.0487995,2768.6855,2994,998.0008,,59.07314629258517,625,2888.0142,-0.1,-119.328575,-134.93887,15.204192,-577.64264,577.64264,0.0009999999
0.0009999999,577.64264,419092.62,-0.19911325,0.9999997,,,139.93076,176884,0.0009999999,-110.60618,,14478.173527479172,16.081028,-0.2,2.165277e-11,0.0009999999,,11,-0.1,2995,98.77659,15.048466,2768.7153,2995,998.333,,59.059766277128546,625,2888.0535,0.1,-119.33802,-134.93076,15.204438,-577.64264,577.64264,0.0009999999
0.0009999999,577.64264,419214.1,-0.19873591,1.0000004,-0.2,,139.92459,176906,0.0009999999,-116.461716,,14484.643422365189,16.026228,-0.1,2.163832e-11,0.0009999999,,11,0.1,2996,98.77659,15.048132,2768.7214,2996,998.6673,,59.04739652870494,625,2888.093,,-119.37154,-134.92459,15.204667,-577.64264,577.64264,0.0009999999
0.0009999999,577.64264,419334.3,0.39926994,0.9999997,0.2,,139.91803,176930,0.0009999999,-115.22059,,14491.216348409653,13.588998,,2.1623883e-11,0.0009999999,,11,,2997,98.77659,15.047798,2768.7559,2997,998.9997,,59.035702369035704,625,2888.132,0.2,-119.37634,-134.91803,15.204082,-577.64264,577.64264,0.0009999999
0.0009999999,577.64264,419471.38,0.40148222,1.0000006,0.1,,139.91707,176964,0.0009999999,-132.0631,,14497.699726819992,16.564266,0.2,2.160946e-11,0.0009999999,,11,-0.1,2998,98.77659,15.047464,2768.773,2998,999.33417,,59.02735156771181,625,2888.1714,0.2,-119.39833,-134.91707,15.204491,-577.64264,577.64264,0.0009999999
0.0009999999,577.64264,419590.3,0.0026650429,0.9999995,,,139.91008,176983,0.0009999999,-113.949684,,14504.080729007721,16.485374,-0.2,2.1595049e-11,0.0009999999,,11,,2999,98.77659,15.047132,2768.8062,2999,999.6669,,59.01400466822274,625,2888.2104,0.2,-119.40428,-134.91008,15.204873,-577.64264,577.64264,0.0009999999
0.0009999999,577.64264,419711.62,-0.4000438,0.9999997,-0.2,,139.90387,177004,0.0009999999,-116.283936,,14510.429346561432,16.010132,-0.2,2.1580656e-11,0.0009999999,,11,-0.1,3000,98.77659,15.046798,2768.7366,3000,999.99963,,59.001333333333335,625,2888.2498,0.1,-119.51315,-134.90387,15.205096,-577.64264,577.64264,0.0009999999
0.0009999999,577.64264,419844.38,0.50160336,1.0000001,0.1,,139.90149,177034,0.0009999999,-127.75253,,14517.287740707397,15.678735,0.2,2.1566277e-11,0.0009999999,,11,0.1,3001,98.77659,15.046465,2768.691,3001,1000.33344,,58.99166944351883,625,2888.289,0.1,-119.59822,-134.90149,15.205208,-577.64264,577.64264,0.0009999999
0.0009999999,577.64264,419958.2,-0.2984411,1.0000001,-0.2,,139.8928,177047,0.0009999999,-108.81712,,14524.927700519562,14.742959,-0.2,2.1551911e-11,0.0009999999,,11,,3002,98.77659,15.046131,2768.5696,3002,1000.6674,,58.9763491005996,625,2888.3281,0.1,-119.75849,-134.8928,15.205007,-577.64264,577.64264,0.0009999999
0.0009999999,577.64264,420079.03,0.20565613,0.9999996,,,139.88646,177074,0.0009999999,-115.85987,,14531.177880764008,15.2895565,-0.1,2.153756e-11,0.0009999999,,11,0.2,3003,98.77659,15.045798,2768.573,3003,1000.9996,,58.96570096570097,625,2888.3672,0.1,-119.79414,-134.88646,15.204993,-577.64264,577.64264,0.0009999999
0.0009999999,577.64264,420194.47,-0.29957643,1.0000004,-0.2,,139.87831,177096,0.0009999999,-110.4388,,14538.517659187317,12.032329,-0.2,2.1523224e-11,0.0009999999,,11,-0.1,3004,98.77659,15.045465,2768.581,3004,1001.33374,,58.953395472703065,625,2888.4065,0.2,-119.82542,-134.87831,15.20389,-577.64264,577.64264,0.0009999999
0.0009999999,577.64264,420326.0,-0.00013470359,1.0000004,-0.2,,139.87553,177133,0.0009999999,-126.5106,,14546.613022089005,16.5044,0.1,2.1508899e-11,0.0009999999,,11,0.1,3005,98.77659,15.045133,2768.4312,3005,1001.66705,,58.946089850249585,625,2888.4456,,-120.01429,-134.87553,15.204274,-577.64264,577.64264,0.0009999999
0.0009999999,577.64264,420467.62,-0.0003714189,0.9999998,-0.1,,139.87613,177175,0.0009999999,-136.6181,,14554.4345266819,16.025074,-0.1,2.149459e-11,0.0009999999,,11,0.1,3006,98.77659,15.0448,2768.411,3006,1002.0005,,58.940452428476384,625,2888.4849,0.1,-120.07391,-134.87613,15.204505,-577.64264,577.64264,0.0009999999
0.0009999999,577.64264,420596.75,0.29648918,0.9999998,0.2,,139.87254,177203,0.0009999999,-124.13096,,14562.318394899368,14.374254,0.1,2.1480297e-11,0.0009999999,,11,0.1,3007,98.77659,15.044467,2768.4255,3007,1002.3331,,58.93016295310941,625,2888.524,-0.1,-120.09835,-134.87254,15.204183,-577.64264,577.64264,0.0009999999
0.0009999999,577.64264,420706.56,0.3990419,1.0000001,0.1,,139.86255,177215,0.0009999999,-104.80848,,14569.966408967972,14.090193,0.2,2.1466016e-11,0.0009999999,,11,,3008,98.77659,15.044135,2768.4116,3008,1002.6668,,58.914561170212764,625,2888.5627,0.1,-120.151215,-134.86255,15.203765,-577.64264,577.64264,0.0009999999
0.0009999999,577.64264,420822.25,0.39711332,0.9999996,,,139.85452,177231,0.0009999999,-110.68532,,14577.796392679214,15.983388,0.2,2.1451752e-11,0.0009999999,,11,,3009,98.77659,15.043802,2768.3945,3009,1002.9996,,58.900299102691925,625,2888.602,0.2,-120.2076,-134.85452,15.203981,-577.64264,577.64264,0.0009999999
0.0009999999,577.64264,420942.62,0.09775806,1.0000001,0.2,,139.84805,177250,0.0009999999,-115.37377,,14585.184128522873,14.20881,0.2,2.1437503e-11,0.0009999999,,11,-0.2,3010,98.77659,15.04347,2768.369,3010,1003.3335,,58.88704318936877,625,2888.641,-0.1,-120.27211,-134.84805,15.203605,-577.64264,577.64264,0.0009999999
0.0009999999,577.64264,421081.7,0.099820554,0.9999998,,,139.8478,177287,0.0009999999,-134.07664,,14592.240677595139,16.552437,-0.1,2.1423264e-11,0.0009999999,,11,0.2,3011,98.77659,15.043138,2768.3472,3011,1003.6665,,58.87977416140817,625,2888.6802,,-120.333046,-134.8478,15.204004,-577.64264,577.64264,0.0009999999
0.0009999999,577.64264,421195.25,-0.0012402467,0.9999997,-0.1,,139.83907,177308,0.0009999999,-108.556915,,14599.477825403214,16.888515,-0.1,2.1409041e-11,0.0009999999,,11,0.2,3012,98.77659,15.042806,2768.2607,3012,1003.9997,,58.867197875166,625,2888.7192,,-120.45857,-134.83907,15.20452,-577.64264,577.64264,0.0009999999
0.0009999999,577.64264,421319.7,0.601228,0.9999996,0.1,,139.83395,177342,0.0009999999,-119.42563,,14606.598081827164,16.513226,0.1,2.1394832e-11,0.0009999999,,11,0.2,3013,98.77659,15.042474,2768.298,3013,1004.33295,,58.85894457351477,625,2888.7583,0.2,-120.460236,-134.83395,15.204909,-577.64264,577.64264,0.0009999999
0.0009999999,577.64264,421452.44,0.10078507,0.9999997,0.1,,139.8316,177374,0.0009999999,-127.74989,,14614.225053548813,16.140362,0.1,2.1380637e-11,0.0009999999,,11,,3014,98.77659,15.042142,2768.2432,3014,1004.6663,,58.85003317850033,625,2888.797,-0.1,-120.55404,-134.8316,15.205173,-577.64264,577.64264,0.0009999999
0.0009999999,577.64264,421583.4,-0.099003695,0.9999998,,,139.82866,177404,0.0009999999,-125.98522,,14622.0165412426,16.264435,,2.1366455e-11,0.0009999999,,11,,3015,98.77659,15.04181,2768.2214,3015,1004.9998,,58.84046434494196,625,2888.8362,-0.1,-120.6148,-134.82866,15.205483,-577.64264,577.64264,0.0009999999
0.0009999999,577.64264,421707.6,0.50180453,1.0,0.2,,139.82347,177500,0.0009999999,-119.18282,,14629.351658821106,16.441181,,2.1352291e-11,0.0009999999,,11,0.2,3016,98.77659,15.041479,2768.1665,3016,1005.3334,,58.852785145888596,625,2888.8752,0.1,-120.70868,-134.82347,15.205845,-577.64264,577.64264,0.0009999999
0.0009999999,577.64264,421832.72,-0.50019914,1.0000005,-0.1,,139.8186,177525,0.0009999999,-120.12542,,14636.489321231842,16.344477,-0.2,2.133814e-11,0.0009999999,,11,-0.2,3017,98.77659,15.041147,2768.124,3017,1005.6671,,58.84156446801458,625,2888.914,,-120.78999,-134.8186,15.206173,-577.64264,577.64264,0.0009999999
0.0009999999,577.64264,421958.75,-0.20099595,1.0000002,0.1,,139.81403,177557,0.0009999999,-121.05195,,14643.437539100647,16.519339,-0.2,2.1324e-11,0.0009999999,,11,-0.2,3018,98.77659,15.040816,2768.0835,3018,1006.0009,,58.83267064280981,625,2888.9534,0.1,-120.86976,-134.81403,15.206567,-577.64264,577.64264,0.0009999999
0.0009999999,577.64264,422077.56,0.30451226,0.9999995,0.1,,139.80708,177575,0.0009999999,-113.79742,,14650.382443189621,13.595467,,2.1309877e-11,0.0009999999,,11,0.2,3019,98.77659,15.040484,2767.9905,3019,1006.3329,,58.81914541238821,625,2888.9922,,-121.001686,-134.80708,15.205987,-577.64264,577.64264,0.0009999999
0.0009999999,577.64264,422197.8,0.30155018,1.0000002,0.2,,139.8006,177599,0.0009999999,-115.25435,,14657.077985286713,13.430934,0.1,2.1295765e-11,0.0009999999,,11,,3020,98.77659,15.0401535,2767.9995,3020,1006.66693,,58.807615894039735,625,2889.031,,-121.03152,-134.8006,15.205353,-577.64264,577.64264,0.0009999999
0.0009999999,577.64264,422355.75,-0.39666283,0.9999998,,,139.80661,177675,0.0009999999,-152.9324,,14663.871458768845,16.178288,-0.2,2.1281667e-11,0.0009999999,,11,-0.2,3021,98.77659,15.039823,2768.025,3021,1007.0001,,58.81330685203575,625,2889.07,,-121.04514,-134.80661,15.205628,-577.64264,577.64264,0.0009999999
0.0009999999,577.64264,422483.25,0.30229515,1.0000001,-0.2,,139.80254,177702,0.0009999999,-122.51412,,14670.467597007751,15.448304,0.2,2.1267587e-11,0.0009999999,,11,0.1,3022,98.77659,15.039492,2768.0164,3022,1007.33344,,58.80277961614824,625,2889.109,0.2,-121.092445,-134.80254,15.205665,-577.64264,577.64264,0.0009999999
0.0009999999,577.64264,422607.22,-0.1024791,1.0000001,0.2,,139.79729,177725,0.0009999999,-118.95855,,14676.920856714249,12.630579,-0.2,2.1253518e-11,0.0009999999,,11,-0.2,3023,98.77659,15.039161,2768.0076,3023,1007.6668,,58.79093615613629,625,2889.1477,0.1,-121.140236,-134.79729,15.204768,-577.64264,577.64264,0.0009999999
0.0009999999,577.64264,422738.78,0.6040031,1.0000004,0.1,,139.79457,177758,0.0009999999,-126.57513,,14683.353199243546,15.83977,0.2,2.1239465e-11,0.0009999999,,11,0.1,3024,98.77659,15.03883,2768.0354,3024,1008.00037,,58.782407407407405,625,2889.1868,0.2,-121.15146,-134.79457,15.204935,-577.64264,577.64264,0.0009999999
0.0009999999,577.64264,422855.47,0.103178635,0.9999997,-0.2,,139.78693,177775,0.0009999999,-111.6889,,14689.509132385254,14.159601,0.2,2.1225424e-11,0.0009999999,,11,,3025,98.77659,15.038499,2768.0503,3025,1008.333,,58.768595041322314,625,2889.2256,0.1,-121.17521,-134.78693,15.204543,-577.64264,577.64264,0.0009999999
0.0009999999,577.64264,422981.1,0.00069256127,1.0000001,0.2,,139.78226,177801,0.0009999999,-120.60821,,14695.792370796204,15.848066,-0.2,2.1211397e-11,0.0009999999,,11,-0.2,3026,98.77659,15.038169,2768.0789,3026,1008.66675,,58.757766027759416,625,2889.2644,0.2,-121.18557,-134.78226,15.20471,-577.64264,577.64264,0.0009999999
0.0009999999,577.64264,423119.28,-0.10104434,1.0,,,139.78172,177840,0.0009999999,-133.18163,,14702.359366178513,17.226196,0.1,2.1197386e-11,0.0009999999,,11,-0.1,3027,98.77659,15.037838,2768.0579,3027,1009.0006,,58.75123885034688,625,2889.3032,-0.1,-121.24547,-134.78172,15.205333,-577.64264,577.64264,0.0009999999
0.0009999999,577.64264,423244.72,0.29961976,1.0000004,,,139.777,177876,0.0009999999,-120.448265,,14709.619225025177,15.8799925,0.2,2.1183387e-11,0.0009999999,,11,-0.1,3028,98.77659,15.037508,2768.0137,3028,1009.3336,,58.743725231175695,625,2889.342,0.2,-121.32845,-134.777,15.205512,-577.64264,577.64264,0.0009999999
0.0009999999,577.64264,423377.1,-0.49792486,1.0,-0.2,,139.77455,177907,0.0009999999,-127.37404,,14716.918808937073,15.66776,-0.2,2.1169401e-11,0.0009999999,,11,-0.1,3029,98.77659,15.037178,2767.7664,3029,1009.6667,,58.73456586332123,625,2889.3809,,-121.614456,-134.77455,15.205619,-577.64264,577.64264,0.0009999999
0.0009999999,577.64264,423497.62,0.10062277,0.99999994,0.1,,139.76819,177930,0.0009999999,-115.536446,,14724.58526968956,16.420567,,2.1155432e-11,0.0009999999,,11,0.2,3030,98.77659,15.036847,2767.8018,3030,1009.99994,,58.722772277227726,625,2889.4197,-0.2,-121.61797,-134.76819,15.205973,-577.64264,577.64264,0.0009999999
0.0009999999,577.64264,423611.03,0.0019909889,0.99999994,0.2,,139.75949,177945,0.0009999999,-108.3965,,14731.827938318253,14.861727,0.1,2.1141474e-11,0.0009999999,,11,-0.2,3031,98.77659,15.036517,2767.724,3031,1010.33325,,58.70834708017156,625,2889.4585,-0.1,-121.73443,-134.75949,15.205816,-577.64264,577.64264,0.0009999999
0.0009999999,577.64264,423733.75,0.19963071,1.0,,,139.75388,177986,0.0009999999,-117.693565,,14739.906116724014,12.536849,0.2,2.1127532e-11,0.0009999999,,11,-0.2,3032,98.77659,15.036188,2767.6316,3032,1010.6667,,58.702506596306065,625,2889.4973,0.2,-121.86567,-134.75388,15.20489,-577.64264,577.64264,0.0009999999
0.0009999999,577.64264,423870.12,0.4973391,1.0000002,0.1,,139.75276,178019,0.0009999999,-131.38795,,14747.824524641037,16.318132,0.2,2.11136e-11,0.0009999999,,11,,3033,98.77659,15.035858,2767.6572,3033,1011.00024,,58.69403231124299,625,2889.536,0.2,-121.878555,-134.75276,15.205212,-577.64264,577.64264,0.0009999999
0.0009999999,577.64264,423993.9,0.29805613,0.9999996,-0.2,,139.7475,178041,0.0009999999,-118.79237,,14755.666833639145,15.706637,0.1,2.1099684e-11,0.0009999999,,11,0.2,3034,98.77659,15.035528,2767.6172,3034,1011.33295,,58.68193803559657,625,2889.575,0.2,-121.95784,-134.7475,15.205335,-577.64264,577.64264,0.0009999999
0.0009999999,577.64264,424115.22,-0.2969895,1.0,-0.1,,139.74142,178064,0.0009999999,-116.324745,,14763.182335615158,16.22261,-0.1,2.1085782e-11,0.0009999999,,11,,3035,98.77659,15.035199,2767.6245,3035,1011.6667,,58.670181219110376,625,2889.6138,-0.1,-121.989365,-134.74142,15.205622,-577.64264,577.64264,0.0009999999
0.0009999999,577.64264,424245.38,-0.097180516,0.9999996,,,139.73827,178093,0.0009999999,-125.15217,,14770.793668985367,14.54376,-0.2,2.1071894e-11,0.0009999999,,11,-0.1,3036,98.77659,15.034869,2767.54,3036,1011.9996,,58.66040843214756,625,2889.6523,0.2,-122.11236,-134.73827,15.2053585,-577.64264,577.64264,0.0009999999
0.0009999999,577.64264,424370.62,0.3994495,1.0000004,0.2,,139.73349,178116,0.0009999999,-120.231094,,14778.861010551453,14.481309,0.2,2.105802e-11,0.0009999999,,11,-0.1,3037,98.77659,15.03454,2767.5544,3037,1012.3336,,58.6486664471518,625,2889.6914,0.1,-122.13689,-134.73349,15.205077,-577.64264,577.64264,0.0009999999
0.0009999999,577.64264,424492.7,0.19878207,1.0000001,0.1,,139.72768,178137,0.0009999999,-117.10462,,14786.636861085892,14.517078,,2.104416e-11,0.0009999999,,11,0.1,3038,98.77659,15.034211,2767.5747,3038,1012.66675,,58.636273864384464,625,2889.73,,-122.15534,-134.72768,15.204804,-577.64264,577.64264,0.0009999999
0.0009999999,577.64264,424643.2,0.29731855,0.99999994,0.1,,139.73122,178185,0.0009999999,-145.48288,,14794.551763057709,16.792566,0.2,2.1030313e-11,0.0009999999,,11,-0.1,3039,98.77659,15.033882,2767.5159,3039,1012.99994,,58.63277393879566,625,2889.7686,0.1,-122.25272,-134.73122,15.205279,-577.64264,577.64264,0.0009999999
0.0009999999,577.64264,424769.38,0.29913288,1.0000004,0.2,,139.72676,178210,0.0009999999,-121.16075,,14802.153147220612,15.333432,-0.1,2.1016478e-11,0.0009999999,,11,,3040,98.77659,15.033553,2767.4233,3040,1013.3343,,58.62171052631579,625,2889.8071,0.2,-122.38388,-134.72676,15.205281,-577.64264,577.64264,0.0009999999
0.0009999999,577.64264,424915.1,0.20155013,1.0000001,0.1,,139.72874,178252,0.0009999999,-140.7254,,14809.39558005333,16.75754,0.2,2.100266e-11,0.0009999999,,11,-0.2,3041,98.77659,15.033224,2767.367,3041,1013.66675,,58.61624465636304,625,2889.8457,0.1,-122.47874,-134.72874,15.205744,-577.64264,577.64264,0.0009999999
0.0009999999,577.64264,425050.44,0.19892734,0.9999997,0.2,,139.7273,178284,0.0009999999,-130.32991,,14816.785779714584,16.725304,-0.2,2.0988855e-11,0.0009999999,,11,,3042,98.77659,15.032895,2767.405,3042,1014.00037,,58.60749506903353,625,2889.8845,0.2,-122.479454,-134.7273,15.206195,-577.64264,577.64264,0.0009999999
0.0009999999,577.64264,425170.44,0.09884066,1.0,0.1,,139.72081,178303,0.0009999999,-115.00758,,14823.808016061783,15.91207,-0.1,2.0975058e-11,0.0009999999,,11,-0.1,3043,98.77659,15.032566,2767.3745,3043,1014.334,,58.5944791324351,625,2889.923,0.2,-122.548676,-134.72081,15.206388,-577.64264,577.64264,0.0009999999
0.0009999999,577.64264,425315.47,-0.10202191,1.0000001,-0.1,,139.72256,178346,0.0009999999,-140.0321,,14830.843829154968,14.288589,-0.1,2.0961281e-11,0.0009999999,,11,,3044,98.77659,15.032238,2767.257,3044,1014.6668,,58.589356110381075,625,2889.9617,0.1,-122.704605,-134.72256,15.206039,-577.64264,577.64264,0.0009999999
0.0009999999,577.64264,425433.38,0.001668945,0.99999976,-0.2,,139.7154,178366,0.0009999999,-112.91009,,14837.50423836708,15.970861,-0.1,2.094752e-11,0.0009999999,,11,0.1,3045,98.77659,15.031909,2767.156,3045,1014.99976,,58.57668308702792,625,2890.0002,0.2,-122.84417,-134.7154,15.206243,-577.64264,577.64264,0.0009999999
0.0009999999,577.64264,425559.0,0.4013482,1.0000001,0.2,,139.71077,178390,0.0009999999,-120.62314,,14844.140418767929,15.496679,0.1,2.0933769e-11,0.0009999999,,11,0.1,3046,98.77659,15.031581,2767.192,3046,1015.3338,,58.565331582403154,625,2890.0388,,-122.84699,-134.71077,15.206296,-577.64264,577.64264,0.0009999999
0.0009999999,577.64264,425677.22,0.10081562,1.0000002,0.1,,139.70372,178408,0.0009999999,-113.21385,,14850.644358634949,13.948599,-0.1,2.092003e-11,0.0009999999,,11,0.1,3047,98.77659,15.031253,2767.1716,3047,1015.66693,,58.55201837873318,625,2890.0776,,-122.90599,-134.70372,15.20584,-577.64264,577.64264,0.0009999999
0.0009999999,577.64264,425804.0,-0.10289177,0.9999998,0.1,,139.69948,178435,0.0009999999,-121.76846,,14856.985334396362,15.576414,-0.2,2.0906304e-11,0.0009999999,,11,-0.2,3048,98.77659,15.030925,2767.1785,3048,1016.0002,,58.541666666666664,625,2890.1162,0.2,-122.93782,-134.69948,15.205914,-577.64264,577.64264,0.0009999999
0.0009999999,577.64264,425939.62,0.5018147,0.9999996,0.2,,139.69814,178468,0.0009999999,-130.63907,,14863.976442098618,14.739981,0.2,2.0892593e-11,0.0009999999,,11,-0.1,3049,98.77659,15.030597,2767.0237,3049,1016.33356,,58.533289603148575,625,2890.1545,0.2,-123.13081,-134.69814,15.205718,-577.64264,577.64264,0.0009999999
0.0009999999,577.64264,426084.4,0.3021411,0.99999976,0.1,,139.6998,178512,0.0009999999,-139.80634,,14870.667817115784,14.20236,-0.1,2.0878896e-11,0.0009999999,,11,0.2,3050,98.77659,15.030269,2767.0535,3050,1016.66705,,58.52852459016393,625,2890.193,0.1,-123.139694,-134.6998,15.205343,-577.64264,577.64264,0.0009999999
0.0009999999,577.64264,426217.03,-0.0009919861,0.9999997,-0.1,,139.69748,178546,0.0009999999,-127.620316,,14877.200700044632,16.110723,0.2,2.086521e-11,0.0009999999,,11,-0.1,3051,98.77659,15.029941,2767.0715,3051,1016.99963,,58.520485086856766,625,2890.2314,,-123.159966,-134.69748,15.205593,-577.64264,577.64264,0.0009999999
0.0009999999,577.64264,426341.47,0.19993791,1.0,,,139.69249,178570,0.0009999999,-119.44697,,14884.112614154816,17.148083,,2.085154e-11,0.0009999999,,11,,3052,98.77659,15.0296135,2767.082,3052,1017.3333,,58.50917431192661,625,2890.27,0.2,-123.18804,-134.69249,15.206189,-577.64264,577.64264,0.0009999999
0.0009999999,577.64264,426474.38,0.20147333,1.0000001,,,139.69026,178600,0.0009999999,-127.918915,,14891.07280921936,16.090755,0.1,2.0837882e-11,0.0009999999,,11,0.1,3053,98.77659,15.029285,2767.0728,3053,1017.6671,,58.499836226662296,625,2890.3086,,-123.235886,-134.69026,15.206431,-577.64264,577.64264,0.0009999999
0.0009999999,577.64264,426611.75,-0.29966843,0.9999995,0.1,,139.6895,178638,0.0009999999,-132.32086,,14897.62689089775,16.255817,-0.1,2.0824238e-11,0.0009999999,,11,-0.2,3054,98.77659,15.028958,2766.9856,3054,1018.00006,,58.49312377210216,625,2890.3472,-0.1,-123.36157,-134.6895,15.206729,-577.64264,577.64264,0.0009999999
0.0009999999,577.64264,426737.16,0.5998831,0.9999998,0.2,,139.68483,178693,0.0009999999,-120.41356,,14904.258354902267,16.28307,0.1,2.0810608e-11,0.0009999999,,11,0.2,3055,98.77659,15.02863,2766.998,3055,1018.3331,,58.49198036006547,625,2890.3857,0.1,-123.38764,-134.68483,15.20704,-577.64264,577.64264,0.0009999999
0.0009999999,577.64264,426858.56,-0.20076597,1.0,0.1,,139.67885,178714,0.0009999999,-116.41886,,14911.359541893005,16.243654,-0.1,2.079699e-11,0.0009999999,,11,-0.1,3056,98.77659,15.028303,2767.0173,3056,1018.6673,,58.47971204188482,625,2890.424,-0.1,-123.406784,-134.67885,15.207333,-577.64264,577.64264,0.0009999999
0.0009999999,577.64264,426983.78,0.0024294183,0.9999996,-0.1,,139.67412,178749,0.0009999999,-120.22109,,14919.44501900673,16.745546,0.2,2.0783385e-11,0.0009999999,,11,-0.2,3057,98.77659,15.027976,2766.9622,3057,1018.9996,,58.47203140333661,625,2890.4624,0.1,-123.50013,-134.67412,15.207791,-577.64264,577.64264,0.0009999999
0.0009999999,577.64264,427106.56,-0.20025398,0.9999996,-0.2,,139.6686,178772,0.0009999999,-117.79567,,14927.02427649498,15.234382,-0.2,2.0769796e-11,0.0009999999,,11,,3058,98.77659,15.027649,2766.7927,3058,1019.33295,,58.460431654676256,625,2890.501,0.2,-123.70837,-134.6686,15.207757,-577.64264,577.64264,0.0009999999
0.0009999999,577.64264,427223.25,-0.09993617,0.99999976,0.1,,139.66109,178788,0.0009999999,-111.65575,,14935.440067529678,16.946169,-0.1,2.075622e-11,0.0009999999,,11,,3059,98.77659,15.027322,2766.7908,3059,1019.66644,,58.44655116050997,625,2890.5393,-0.1,-123.74865,-134.66109,15.208279,-577.64264,577.64264,0.0009999999
0.0009999999,577.64264,427345.06,0.30145293,1.0000001,0.1,,139.65524,178808,0.0009999999,-116.839676,,14943.353766441345,15.798063,-0.1,2.0742656e-11,0.0009999999,,11,0.1,3060,98.77659,15.026996,2766.794,3060,1020.00006,,58.433986928104574,625,2890.5776,0.2,-123.78376,-134.65524,15.2084255,-577.64264,577.64264,0.0009999999
0.0009999999,577.64264,427461.2,0.10020855,1.0000002,-0.1,,139.64757,178824,0.0009999999,-111.13312,,14951.514117717743,14.500983,0.2,2.0729104e-11,0.0009999999,,11,-0.1,3061,98.77659,15.026669,2766.5986,3061,1020.33374,,58.42012414243711,625,2890.616,0.1,-124.017296,-134.64757,15.208153,-577.64264,577.64264,0.0009999999
0.0009999999,577.64264,427588.62,0.29873,0.99999994,0.1,,139.64357,178852,0.0009999999,-122.417984,,14959.284336805344,15.766254,0.1,2.0715566e-11,0.0009999999,,11,0.1,3062,98.77659,15.026341,2766.4832,3062,1020.66656,,58.4101894186806,625,2890.6543,,-124.17109,-134.64357,15.208289,-577.64264,577.64264,0.0009999999
0.0009999999,577.64264,427717.66,-0.095807895,0.9999995,0.1,,139.6401,178880,0.0009999999,-124.04,,14967.64790892601,16.293646,-0.1,2.0702043e-11,0.0009999999,,11,-0.1,3063,98.77659,15.026015,2766.4822,3063,1020.9995,,58.40026118184786,625,2890.6926,,-124.21041,-134.6401,15.208596,-577.64264,577.64264,0.0009999999
0.0009999999,577.64264,427848.6,-0.20173746,0.99999994,0.1,,139.63727,178919,0.0009999999,-125.9476,,14975.684053182602,14.307499,0.1,2.068853e-11,0.0009999999,,11,-0.2,3064,98.77659,15.025689,2766.4883,3064,1021.33356,,58.393929503916446,625,2890.7312,-0.2,-124.24289,-134.63727,15.2082615,-577.64264,577.64264,0.0009999999
0.0009999999,577.64264,427978.94,-0.299978,1.0000001,,,139.63423,178985,0.0009999999,-125.32019,,14983.512123823166,16.370817,0.1,2.0675035e-11,0.0009999999,,11,-0.2,3065,98.77659,15.025363,2766.5103,3065,1021.66675,,58.39641109298532,625,2890.7693,-0.2,-124.25907,-134.63423,15.208595,-577.64264,577.64264,0.0009999999
0.0009999999,577.64264,428134.12,0.09946711,0.9999997,0.1,,139.63931,179039,0.0009999999,-150.21588,,14991.200760364532,15.227701,-0.1,2.066155e-11,0.0009999999,,11,,3066,98.77659,15.025037,2766.537,3066,1022.0,,58.39497716894977,625,2890.8079,0.1,-124.27066,-134.63931,15.208552,-577.64264,577.64264,0.0009999999
0.0009999999,577.64264,428286.16,0.19644323,0.99999946,0.2,,139.64336,179095,0.0009999999,-147.00563,,14998.324227333069,15.296799,0.2,2.0648077e-11,0.0009999999,,11,-0.2,3067,98.77659,15.024711,2766.5598,3067,1022.33344,,58.39419628301272,625,2890.8462,,-124.286415,-134.64336,15.208543,-577.64264,577.64264,0.0009999999
0.0009999999,577.64264,428413.56,-0.40122014,0.9999996,-0.1,,139.63936,179131,0.0009999999,-122.401596,,15005.969754934311,14.512808,-0.2,2.063462e-11,0.0009999999,,11,-0.2,3068,98.77659,15.0243845,2766.361,3068,1022.66693,,58.38689700130378,625,2890.8848,0.1,-124.523796,-134.63936,15.208269,-577.64264,577.64264,0.0009999999
0.0009999999,577.64264,428550.1,0.20109922,1.0000001,,,139.63835,179168,0.0009999999,-131.54169,,15013.718040943146,15.917698,0.2,2.0621175e-11,0.0009999999,,11,-0.1,3069,98.77659,15.024058,2766.3748,3069,1023.0005,,58.37992831541219,625,2890.923,0.1,-124.54835,-134.63835,15.208453,-577.64264,577.64264,0.0009999999
0.0009999999,577.64264,428680.34,-0.10259216,0.99999994,-0.1,,139.63528,179199,0.0009999999,-125.25782,,15021.486006975174,16.032791,0.2,2.0607745e-11,0.0009999999,,11,-0.2,3070,98.77659,15.023732,2766.3564,3070,1023.33325,,58.37100977198697,625,2890.9614,,-124.604904,-134.63528,15.208681,-577.64264,577.64264,0.0009999999
0.0009999999,577.64264,428807.5,-0.09832189,1.0000004,-0.1,,139.63123,179233,0.0009999999,-122.16079,,15028.881486415863,15.933532,,2.0594323e-11,0.0009999999,,11,0.1,3071,98.77659,15.023407,2766.2212,3071,1023.66705,,58.363073917290784,625,2890.9993,-0.1,-124.77802,-134.63123,15.208869,-577.64264,577.64264,0.0009999999
0.0009999999,577.64264,428925.62,-0.29956242,1.0000004,,,139.62422,179252,0.0009999999,-113.07773,,15035.847931623459,15.54991,,2.0580919e-11,0.0009999999,,11,-0.2,3072,98.77659,15.023082,2766.2305,3072,1024.001,,58.350260416666664,625,2891.0378,-0.1,-124.80746,-134.62422,15.208936,-577.64264,577.64264,0.0009999999
0.0009999999,577.64264,429020.1,0.19610876,0.9999998,-0.2,,139.60953,179752,0.0009999999,-89.49478,,15043.046856880188,17.037966,0.1,2.0567527e-11,0.0009999999,,11,0.1,3073,98.77659,15.022756,2766.2634,3073,1024.3331,,58.493979824275954,625,2891.0757,0.2,-124.81229,-134.60953,15.209491,-577.64264,577.64264,0.0009999999
0.0009999999,577.64264,429154.97,-0.30114228,0.99999994,-0.1,,139.60799,179789,0.0009999999,-129.89388,,15049.606022119522,14.288581,-0.2,2.0554147e-11,0.0009999999,,11,-0.2,3074,98.77659,15.02243,2766.1572,3074,1024.6672,,58.486987638256345,625,2891.114,0.2,-124.95673,-134.60799,15.209144,-577.64264,577.64264,0.0009999999
0.0009999999,577.64264,429282.0,-0.100817606,0.9999995,,,139.6039,179814,0.0009999999,-122.04115,,15056.530839204788,16.749445,0.2,2.0540781e-11,0.0009999999,,11,-0.2,3075,98.77659,15.022105,2766.059,3075,1024.9995,,58.47609756097561,625,2891.152,-0.1,-125.09295,-134.6039,15.209599,-577.64264,577.64264,0.0009999999
0.0009999999,577.64264,429401.3,0.100425035,0.9999995,0.2,,139.5973,179840,0.0009999999,-114.31382,,15063.948877096176,16.104193,-0.2,2.0527427e-11,0.0009999999,,11,-0.1,3076,98.77659,15.02178,2766.0479,3076,1025.3329,,58.46553966189857,625,2891.1904,0.2,-125.14247,-134.5973,15.20985,-577.64264,577.64264,0.0009999999
0.0009999999,577.64264,429536.97,0.099630386,0.9999997,0.1,,139.59602,179881,0.0009999999,-130.63759,,15070.911699295044,16.759453,,2.0514087e-11,0.0009999999,,11,,3077,98.77659,15.021455,2766.0127,3077,1025.6664,,58.459863503412414,625,2891.2285,,-125.215706,-134.59602,15.210305,-577.64264,577.64264,0.0009999999
0.0009999999,577.64264,429681.2,-0.10223086,1.0,,,139.59753,179930,0.0009999999,-139.19337,,15077.89240860939,16.377579,,2.0500759e-11,0.0009999999,,11,0.1,3078,98.77659,15.021131,2766.034,3078,1026.0,,58.45679012345679,625,2891.2668,-0.2,-125.233025,-134.59753,15.210638,-577.64264,577.64264,0.0009999999
0.0009999999,577.64264,429789.0,0.00039175153,1.0000004,-0.2,,139.5872,179956,0.0009999999,-102.811874,,15084.79765343666,15.501113,0.2,2.0487445e-11,0.0009999999,,11,-0.1,3079,98.77659,15.020805,2766.0667,3079,1026.3337,,58.446248782072104,625,2891.305,0.1,-125.23836,-134.5872,15.210692,-577.64264,577.64264,0.0009999999
0.0009999999,577.64264,429913.53,0.09916317,1.0,,,139.58232,179980,0.0009999999,-119.53335,,15091.318950653076,16.581743,0.2,2.0474143e-11,0.0009999999,,11,-0.2,3080,98.77659,15.02048,2765.88,3080,1026.6666,,58.435064935064936,625,2891.343,0.1,-125.46318,-134.58232,15.211092,-577.64264,577.64264,0.0009999999
0.0009999999,577.64264,430039.94,0.20060757,0.9999995,-0.1,,139.57803,180005,0.0009999999,-121.41734,,15097.95210146904,15.562239,,2.0460855e-11,0.0009999999,,11,0.2,3081,98.77659,15.020156,2765.8948,3081,1026.9995,,58.42421291788381,625,2891.381,0.1,-125.48626,-134.57803,15.21116,-577.64264,577.64264,0.0009999999
0.0009999999,577.64264,430175.25,0.09900866,1.0000004,-0.1,,139.57666,180039,0.0009999999,-130.30728,,15104.777550458908,16.360126,-0.1,2.0447581e-11,0.0009999999,,11,0.1,3082,98.77659,15.019832,2765.879,3082,1027.3336,,58.416288124594416,625,2891.4194,0.2,-125.54052,-134.57666,15.211493,-577.64264,577.64264,0.0009999999
0.0009999999,577.64264,430297.94,0.29993522,1.0000001,0.2,,139.57118,180061,0.0009999999,-117.6876,,15111.879894733429,13.140635,0.1,2.0434317e-11,0.0009999999,,11,-0.1,3083,98.77659,15.019507,2765.7974,3083,1027.6667,,58.40447615958482,625,2891.4575,0.1,-125.66018,-134.57118,15.2107725,-577.64264,577.64264,0.0009999999
0.0009999999,577.64264,430424.12,0.10179951,1.0000004,0.1,,139.56683,180085,0.0009999999,-121.21491,,15119.53843665123,15.608097,0.2,2.0421068e-11,0.0009999999,,11,-0.2,3084,98.77659,15.019183,2765.826,3084,1028.001,,58.39332036316472,625,2891.4956,,-125.66966,-134.56683,15.2108555,-577.64264,577.64264,0.0009999999
0.0009999999,577.64264,430554.1,0.4983402,1.0,0.2,,139.56372,180114,0.0009999999,-124.96815,,15126.951186418533,16.14438,,2.0407832e-11,0.0009999999,,11,0.1,3085,98.77659,15.018859,2765.7954,3085,1028.3334,,58.383792544570504,625,2891.5337,0.2,-125.73825,-134.56372,15.21112,-577.64264,577.64264,0.0009999999
0.0009999999,577.64264,430676.16,-0.19664778,0.9999998,-0.1,,139.55806,180134,0.0009999999,-117.047905,,15134.344702720642,16.701323,-0.2,2.0394606e-11,0.0009999999,,11,-0.1,3086,98.77659,15.018535,2765.788,3086,1028.6669,,58.371354504212576,625,2891.5718,0.2,-125.78377,-134.55806,15.2115555,-577.64264,577.64264,0.0009999999
0.0009999999,577.64264,430804.5,0.0012045503,0.9999998,0.1,,139.55443,180160,0.0009999999,-123.31471,,15142.394671916962,15.405874,-0.1,2.0381396e-11,0.0009999999,,11,-0.2,3087,98.77659,15.01821,2765.7493,3087,1029.0005,,58.36086815678652,625,2891.61,0.2,-125.860825,-134.55443,15.21157,-577.64264,577.64264,0.0009999999
0.0009999999,577.64264,430931.66,0.1001639,0.99999994,0.2,,139.5504,180186,0.0009999999,-122.17847,,15150.099838972092,15.960192,0.1,2.0368198e-11,0.0009999999,,11,-0.1,3088,98.77659,15.017886,2765.717,3088,1029.3333,,58.35038860103627,625,2891.648,-0.1,-125.9308,-134.5504,15.211774,-577.64264,577.64264,0.0009999999
0.0009999999,577.64264,431058.38,0.099402905,1.0000004,0.2,,139.54625,180222,0.0009999999,-121.70087,,15158.445827960968,15.848325,,2.0355011e-11,0.0009999999,,11,,3089,98.77659,15.017563,2765.674,3089,1029.667,,58.343153123988344,625,2891.686,-0.1,-126.01189,-134.54625,15.211931,-577.64264,577.64264,0.0009999999
0.0009999999,577.64264,431195.44,-0.1979832,1.0,-0.1,,139.54546,180257,0.0009999999,-132.07701,,15166.562060832977,16.548939,0.1,2.0341838e-11,0.0009999999,,11,-0.1,3090,98.77659,15.01724,2765.5813,3090,1030.0,,58.33559870550162,625,2891.724,-0.1,-126.14273,-134.54546,15.212319,-577.64264,577.64264,0.0009999999
0.0009999999,577.64264,431340.62,-0.0033585653,0.9999997,0.1,,139.54727,180303,0.0009999999,-140.16998,,15174.407107591629,15.854929,0.1,2.032868e-11,0.0009999999,,11,-0.1,3091,98.77659,15.016915,2765.569,3091,1030.333,,58.331607893885476,625,2891.762,-0.1,-126.19281,-134.54727,15.212487,-577.64264,577.64264,0.0009999999
0.0009999999,577.64264,431464.88,0.20023909,1.0000001,-0.2,,139.54233,180334,0.0009999999,-119.25869,,15182.042847394943,15.5123415,,2.0315532e-11,0.0009999999,,11,0.2,3092,98.77659,15.016592,2765.6023,3092,1030.6671,,58.32276843467012,625,2891.8,0.2,-126.19773,-134.54233,15.212538,-577.64264,577.64264,0.0009999999
0.0009999999,577.64264,431583.03,0.10552165,0.9999997,0.2,,139.53542,180351,0.0009999999,-113.1843,,15189.396178722382,15.565626,-0.1,2.0302397e-11,0.0009999999,,11,-0.1,3093,98.77659,15.016269,2765.6072,3093,1031.0004,,58.3094083414161,625,2891.8381,0.1,-126.230896,-134.53542,15.2126045,-577.64264,577.64264,0.0009999999
0.0009999999,577.64264,431736.34,0.29835367,1.0000004,-0.1,,139.53987,180405,0.0009999999,-148.28798,,15196.704831123352,12.4022665,0.2,2.0289275e-11,0.0009999999,,11,,3094,98.77659,15.015945,2765.499,3094,1031.3337,,58.308015513897864,625,2891.8757,0.2,-126.37668,-134.53987,15.211658,-577.64264,577.64264,0.0009999999
0.0009999999,577.64264,431866.25,-0.5984851,0.9999996,-0.2,,139.53676,180435,0.0009999999,-124.90779,,15204.188759326935,16.280632,-0.2,2.0276168e-11,0.0009999999,,11,-0.1,3095,98.77659,15.015622,2765.4573,3095,1031.6663,,58.298869143780294,625,2891.9138,-0.1,-126.45663,-134.53676,15.211957,-577.64264,577.64264,0.0009999999
0.0009999999,577.64264,432002.0,-0.19992281,1.0000005,-0.1,,139.53552,180468,0.0009999999,-130.7589,,15211.448637723923,16.740067,-0.1,2.026307e-11,0.0009999999,,11,,3096,98.77659,15.015299,2765.456,3096,1032.0009,,58.2906976744186,625,2891.9517,,-126.49566,-134.53552,15.212402,-577.64264,577.64264,0.0009999999
0.0009999999,577.64264,432140.1,0.19919431,1.0000001,0.1,,139.53506,180511,0.0009999999,-133.08292,,15218.63945388794,16.708334,-0.1,2.0249987e-11,0.0009999999,,11,,3097,98.77659,15.0149765,2765.4658,3097,1032.3335,,58.285760413303194,625,2891.9897,0.2,-126.52396,-134.53506,15.212846,-577.64264,577.64264,0.0009999999
0.0009999999,577.64264,432292.53,0.19874868,0.9999997,-0.1,,139.53923,180562,0.0009999999,-147.44713,,15225.900304794312,16.606373,0.1,2.0236916e-11,0.0009999999,,11,0.1,3098,98.77659,15.014653,2765.415,3098,1032.6664,,58.283408650742416,625,2892.0276,0.1,-126.612495,-134.53923,15.21325,-577.64264,577.64264,0.0009999999
0.0009999999,577.64264,432436.06,0.39890936,0.99999994,0.1,,139.54051,180603,0.0009999999,-138.53311,,15233.175162553787,16.335148,,2.0223859e-11,0.0009999999,,11,0.2,3099,98.77659,15.014331,2765.367,3099,1033.0002,,58.27783155856728,625,2892.0657,0.1,-126.698746,-134.54051,15.213564,-577.64264,577.64264,0.0009999999
0.0009999999,577.64264,432572.66,-0.10424919,1.0000002,-0.2,,139.53957,180639,0.0009999999,-131.5858,,15240.1241106987,16.443645,0.1,2.0210812e-11,0.0009999999,,11,,3100,98.77659,15.0140085,2765.4,3100,1033.3344,,58.270645161290325,625,2892.1033,,-126.70344,-134.53957,15.2139225,-577.64264,577.64264,0.0009999999
0.0009999999,577.64264,432697.3,-0.19990754,0.9999998,0.2,,139.53476,180668,0.0009999999,-119.64753,,15247.065758943558,13.6942835,-0.1,2.0197781e-11,0.0009999999,,11,-0.2,3101,98.77659,15.013685,2765.3032,3101,1033.6665,,58.26120606256046,625,2892.141,-0.1,-126.83787,-134.53476,15.213387,-577.64264,577.64264,0.0009999999
0.0009999999,577.64264,432823.7,0.09968143,1.0000001,0.1,,139.53052,180700,0.0009999999,-121.395294,,15253.936728954315,14.605435,,2.018476e-11,0.0009999999,,11,0.1,3102,98.77659,15.013363,2765.3154,3102,1034.0007,,58.25274016763378,625,2892.1792,-0.1,-126.863815,-134.53052,15.213143,-577.64264,577.64264,0.0009999999
0.0009999999,577.64264,432960.72,-0.0007260192,0.9999997,-0.1,,139.52972,180734,0.0009999999,-132.03348,,15260.841701507568,14.645589,0.1,2.0171751e-11,0.0009999999,,11,,3103,98.77659,15.013041,2764.9453,3103,1034.333,,58.244924266838545,625,2892.217,,-127.27177,-134.52972,15.212921,-577.64264,577.64264,0.0009999999
0.0009999999,577.64264,433089.88,-0.003859677,1.0000001,,,139.52638,180761,0.0009999999,-124.165634,,15267.607263326645,16.422577,0.2,2.0158755e-11,0.0009999999,,11,-0.2,3104,98.77659,15.012718,2764.946,3104,1034.6675,,58.23485824742268,625,2892.2551,,-127.309135,-134.52638,15.2132635,-577.64264,577.64264,0.0009999999
0.0009999999,577.64264,433219.47,-0.0029936645,1.0000001,0.1,,139.52318,180800,0.0009999999,-124.57828,,15274.30425977707,11.808027,-0.1,2.0145774e-11,0.0009999999,,11,,3105,98.77659,15.012397,2764.972,3105,1035.0001,,58.22866344605475,625,2892.2927,,-127.32088,-134.52318,15.212124,-577.64264,577.64264,0.0009999999
0.0009999999,577.64264,433335.53,-0.00020875037,1.0000004,,,139.51562,180816,0.0009999999,-111.07252,,15280.783866405487,15.1551895,-0.1,2.0132803e-11,0.0009999999,,11,,3106,98.77659,15.012074,2765.0,3106,1035.3337,,58.21506761107534,625,2892.3306,0.1,-127.33049,-134.51562,15.212065,-577.64264,577.64264,0.0009999999
0.0009999999,577.64264,433470.22,-0.5010166,0.9999998,-0.2,,139.51407,180848,0.0009999999,-129.68613,,15287.21218252182,16.564207,0.1,2.0119847e-11,0.0009999999,,11,-0.2,3107,98.77659,15.011752,2764.9038,3107,1035.6665,,58.20663018989379,625,2892.3684,-0.2,-127.4647,-134.51407,15.212451,-577.64264,577.64264,0.0009999999
0.0009999999,577.64264,433607.88,0.00094644725,1.0000005,,,139.51347,180909,0.0009999999,-132.6608,,15293.593926668167,16.85825,-0.1,2.01069e-11,0.0009999999,,11,-0.1,3108,98.77659,15.011431,2764.8704,3108,1036.0005,,58.20752895752896,625,2892.406,0.2,-127.53562,-134.51347,15.212938,-577.64264,577.64264,0.0009999999
0.0009999999,577.64264,433751.22,-0.10151554,1.0000001,0.1,,139.51471,180949,0.0009999999,-138.3332,,15300.148535013199,15.325825,,2.0093968e-11,0.0009999999,,11,,3109,98.77659,15.011109,2764.859,3109,1036.3335,,58.20167256352525,625,2892.4438,-0.2,-127.58488,-134.51471,15.212933,-577.64264,577.64264,0.0009999999
0.0009999999,577.64264,433889.5,0.50469524,1.0,0.1,,139.51431,180992,0.0009999999,-133.26038,,15307.460386514664,14.707909,0.1,2.0081048e-11,0.0009999999,,11,0.1,3110,98.77659,15.010787,2764.8706,3110,1036.6666,,58.196784565916396,625,2892.4817,0.2,-127.61096,-134.51431,15.212724,-577.64264,577.64264,0.0009999999
0.0009999999,577.64264,434011.3,0.39936644,1.0000001,0.2,,139.50862,181015,0.0009999999,-116.838455,,15316.158457279205,11.607623,0.1,2.006814e-11,0.0009999999,,11,,3111,98.77659,15.010466,2764.895,3111,1037.0009,,58.185470909675345,625,2892.5195,0.1,-127.624626,-134.50862,15.211521,-577.64264,577.64264,0.0009999999
0.0009999999,577.64264,434142.06,0.39721695,0.9999998,0.2,,139.5058,181045,0.0009999999,-125.7164,,15323.43118429184,16.683334,,2.0055246e-11,0.0009999999,,11,0.1,3112,98.77659,15.010144,2764.9229,3112,1037.3331,,58.17641388174807,625,2892.5571,0.1,-127.63424,-134.5058,15.211951,-577.64264,577.64264,0.0009999999
0.0009999999,577.64264,434271.72,0.6006819,1.0,0.2,,139.50264,181072,0.0009999999,-124.68078,,15331.027040958405,14.398017,,2.0042362e-11,0.0009999999,,11,0.2,3113,98.77659,15.009823,2764.873,3113,1037.6666,,58.16639897205268,625,2892.595,0.2,-127.72197,-134.50264,15.211646,-577.64264,577.64264,0.0009999999
0.0009999999,577.64264,434386.53,0.19819932,1.0000001,-0.1,,139.4947,181088,0.0009999999,-109.80702,,15339.102648496628,16.031391,0.2,2.0029492e-11,0.0009999999,,11,-0.1,3114,98.77659,15.009502,2764.4824,3114,1038.0001,,58.15285806037251,625,2892.6326,0.2,-128.15007,-134.4947,15.211864,-577.64264,577.64264,0.0009999999
0.0009999999,577.64264,434524.1,0.3992427,1.0000001,-0.1,,139.4941,181125,0.0009999999,-132.56389,,15347.18563580513,13.967546,0.1,2.0016634e-11,0.0009999999,,11,0.2,3115,98.77659,15.009181,2764.4207,3115,1038.3337,,58.146067415730336,625,2892.6702,0.2,-128.24945,-134.4941,15.211423,-577.64264,577.64264,0.0009999999
0.0009999999,577.64264,434648.78,-0.30629018,1.0000006,-0.1,,139.48933,181150,0.0009999999,-119.68758,,15355.429440498352,16.352295,-0.1,2.0003789e-11,0.0009999999,,11,-0.1,3116,98.77659,15.00886,2764.4272,3116,1038.6676,,58.13543003851091,625,2892.708,,-128.28079,-134.48933,15.211742,-577.64264,577.64264,0.0009999999
0.0009999999,577.64264,434788.94,0.39973757,1.0000005,0.1,,139.48955,181189,0.0009999999,-135.16153,,15363.537655591965,12.111501,,1.9990955e-11,0.0009999999,,11,0.1,3117,98.77659,15.008539,2764.4116,3117,1039.0005,,58.1292909849214,625,2892.7456,0.2,-128.33409,-134.48955,15.210706,-577.64264,577.64264,0.0009999999
0.0009999999,577.64264,434913.38,0.40075222,1.0,0.2,,139.48473,181212,0.0009999999,-119.42348,,15371.529071569443,16.843727,0.1,1.9978134e-11,0.0009999999,,11,-0.1,3118,98.77659,15.008219,2764.126,3118,1039.3334,,58.1180243745991,625,2892.7837,0.2,-128.65764,-134.48473,15.211186,-577.64264,577.64264,0.0009999999
0.0009999999,577.64264,435073.03,0.1025775,0.9999998,,,139.4912,181271,0.0009999999,-154.66911,,15379.525555849075,17.003094,-0.1,1.9965325e-11,0.0009999999,,11,,3119,98.77659,15.007897,2764.0056,3119,1039.6665,,58.11830714972748,625,2892.821,0.2,-128.8155,-134.4912,15.211714,-577.64264,577.64264,0.0009999999
0.0009999999,577.64264,435208.25,0.09900168,0.99999976,-0.1,,139.48982,181304,0.0009999999,-130.23715,,15387.07005906105,15.793398,-0.1,1.995253e-11,0.0009999999,,11,0.2,3120,98.77659,15.007577,2764.0051,3120,1039.9998,,58.11025641025641,625,2892.8586,0.1,-128.85362,-134.48982,15.211859,-577.64264,577.64264,0.0009999999
0.0009999999,577.64264,435325.3,-0.100162864,0.9999997,0.1,,139.48264,181322,0.0009999999,-112.06304,,15394.3352997303,14.68383,0.1,1.9939746e-11,0.0009999999,,11,-0.2,3121,98.77659,15.0072565,2764.039,3121,1040.333,,58.097404677987825,625,2892.8962,-0.1,-128.85707,-134.48264,15.211645,-577.64264,577.64264,0.0009999999
0.0009999999,577.64264,435475.12,0.099222586,0.9999997,-0.1,,139.48595,181377,0.0009999999,-144.7998,,15401.630068540573,16.333046,0.1,1.9926973e-11,0.0009999999,,11,,3122,98.77659,15.006936,2763.9321,3122,1040.6664,,58.096412556053814,625,2892.9338,0.1,-129.00162,-134.48595,15.211959,-577.64264,577.64264,0.0009999999
0.0009999999,577.64264,435625.1,0.100411974,1.0,0.1,,139.4893,181426,0.0009999999,-144.9839,,15409.336317300797,16.36882,0.1,1.9914214e-11,0.0009999999,,11,-0.1,3123,98.77659,15.006617,2763.8872,3123,1041.0,,58.09349983989753,625,2892.9717,,-129.08446,-134.4893,15.212287,-577.64264,577.64264,0.0009999999
0.0009999999,577.64264,435756.2,0.3012039,1.0000004,0.2,,139.48662,181457,0.0009999999,-126.10342,,15416.677049398422,15.075957,,1.9901468e-11,0.0009999999,,11,0.1,3124,98.77659,15.006296,2763.9036,3124,1041.3336,,58.0848271446863,625,2893.009,,-129.10556,-134.48662,15.212199,-577.64264,577.64264,0.0009999999
0.0009999999,577.64264,435873.12,-0.71804816,,-0.2,,139.4794,181474,0.0009999999,-111.8872,,15423.78046631813,15.994176,-0.2,1.9888733e-11,0.0009999999,,11,-0.2,3125,98.77659,15.005976,inf,3125,,,58.07168,1296,inf,-0.12,,-134.4794,15.212406,-577.64264,577.64264,0.0009999999
0.0009999999,577.64264,436012.5,-0.6406366,,-0.2,,139.47937,181514,0.0009999999,-134.4041,,20909.93176817894,15.235932,-0.2,9.593201e-12,0.0009999999,,11,-0.2,3126,98.77659,15.005656,inf,3126,,,58.06589891234805,1296,inf,-0.04,,-134.47937,15.212094,-577.64264,577.64264,0.0009999999
0.0009999999,577.64264,436155.4,-0.5582219,,-0.2,,139.48047,181562,0.0009999999,-137.90413,,20919.658556699753,15.053748,-0.2,9.587067e-12,0.0009999999,,11,-0.2,3127,98.77659,15.005336,inf,3127,,,58.06267988487368,1296,inf,0.04,,-134.48047,15.211724,-577.64264,577.64264,0.0009999999
0.0009999999,577.64264,436280.44,-0.47820428,,-0.2,,139.47585,181599,0.0009999999,-120.01955,,20929.211781024933,14.233425,-0.2,9.580938e-12,0.0009999999,,11,-0.2,3128,98.77659,15.005016,inf,3128,,,58.055946291560105,1296,inf,0.12,,-134.47585,15.211088,-577.64264,577.64264,0.0009999999
0.0009999999,577.64264,436414.0,-0.7237202,,-0.2,,139.47395,181636,0.0009999999,-128.5734,,20938.303401708603,15.425408,-0.12,9.574815e-12,0.0009999999,,11,-0.2,3129,98.77659,15.004697,inf,3129,,,58.049217002237135,1296,inf,-0.2,,-134.47395,15.210843,-577.64264,577.64264,0.0009999999
0.0009999999,577.64264,436539.5,-0.64020556,,-0.2,,139.46948,181697,0.0009999999,-120.50632,,20949.10328269005,13.8862095,-0.12,9.568697e-12,0.0009999999,,11,-0.2,3130,98.77659,15.004377,inf,3130,,,58.050159744408944,1296,inf,-0.12,,-134.46948,15.210097,-577.64264,577.64264,0.0009999999
0.0009999999,577.64264,436670.16,-0.5648353,,-0.2,,139.46667,181782,0.0009999999,-125.66063,,20960.579922676086,11.39795,-0.12,9.562586e-12,0.0009999999,,11,-0.2,3131,98.77659,15.004058,inf,3131,,,58.058767167039285,1296,inf,-0.04,,-134.46667,15.20856,-577.64264,577.64264,0.0009999999
0.0009999999,577.64264,436862.34,-0.48229498,,-0.2,,139.4835,182282,0.0009999999,-187.18132,,20972.30346918106,11.722794,-0.12,9.556481e-12,0.0009999999,,11,-0.2,3132,98.77659,15.003738,inf,3132,,,58.199872286079184,1296,inf,0.04,,-134.4835,15.2071295,-577.64264,577.64264,0.0009999999
0.0009999999,577.64264,437344.38,-0.40102416,,-0.2,,139.59285,182782,0.0009999999,-477.00986,,20983.782709360123,14.994937,-0.12,9.550381e-12,0.0009999999,,11,-0.2,3133,98.77659,15.003419,inf,3133,,,58.340887328439194,1296,inf,0.12,,-134.59285,15.20674,-577.64264,577.64264,0.0009999999
0.0009999999,577.64264,437842.75,-0.31912446,,-0.2,,139.70732,183282,0.0009999999,-493.36694,,20995.466666698456,13.007623,-0.12,9.544287e-12,0.0009999999,,11,-0.2,3134,98.77659,15.0031,inf,3134,,,58.48181238034461,1296,inf,0.2,,-134.70732,15.205719,-577.64264,577.64264,0.0009999999
0.0009999999,577.64264,438344.5,-0.6410322,,-0.2,,139.8228,183782,0.0009999999,-496.77408,,21007.559110879898,14.568399,-0.04,9.5382e-12,0.0009999999,,11,-0.2,3135,98.77659,15.002781,inf,3135,,,58.62264752791069,1296,inf,-0.2,,-134.8228,15.205201,-577.64264,577.64264,0.0009999999
0.0009999999,577.64264,438449.56,-0.55833673,,-0.2,,139.81172,183836,0.0009999999,-100.05484,,21018.25172996521,15.674353,-0.04,9.532117e-12,0.0009999999,,11,-0.2,3136,98.77659,15.002462,inf,3136,,,58.621173469387756,1296,inf,-0.12,,-134.81172,15.205029,-577.64264,577.64264,0.0009999999
0.0009999999,577.64264,438461.62,-0.48045352,,-0.2,,139.771,184336,0.0009999999,-7.0832033,,21029.322543382645,12.786334,-0.04,9.526041e-12,0.0009999999,,11,-0.2,3137,98.77659,15.002143,inf,3137,,,58.761874402295184,1296,inf,-0.04,,-134.771,15.203937,-577.64264,577.64264,0.0009999999
0.0009999999,577.64264,438739.2,-0.3997965,,-0.2,,139.81491,184836,0.0009999999,-272.56052,,21040.274545431137,15.800448,-0.04,9.519971e-12,0.0009999999,,11,-0.2,3138,98.77659,15.001824,inf,3138,,,58.90248565965583,1296,inf,0.04,,-134.81491,15.203813,-577.64264,577.64264,0.0009999999
0.0009999999,577.64264,439234.8,-0.3203599,,-0.2,,139.92827,185336,0.0009999999,-490.60977,,21050.888347625732,14.693131,-0.04,9.513906e-12,0.0009999999,,11,-0.2,3139,98.77659,15.001506,inf,3139,,,59.04300732717426,1296,inf,0.12,,-134.92827,15.203329,-577.64264,577.64264,0.0009999999
0.0009999999,577.64264,439729.9,-0.24133585,,-0.2,,140.04137,185836,0.0009999999,-490.10004,,21061.141139745712,14.736346,-0.04,9.507848e-12,0.0009999999,,11,-0.2,3140,98.77659,15.001187,inf,3140,,,59.18343949044586,1296,inf,0.2,,-135.04137,15.202863,-577.64264,577.64264,0.0009999999
0.0009999999,577.64264,440233.62,-0.5595374,,-0.2,,140.15715,186336,0.0009999999,-498.71976,,21071.135193109512,14.011638,0.04,9.501794e-12,0.0009999999,,11,-0.2,3141,98.77659,15.000869,inf,3141,,,59.32378223495702,1296,inf,-0.2,,-135.15715,15.202167,-577.64264,577.64264,0.0009999999
0.0009999999,577.64264,440348.22,-0.48024416,,-0.2,,140.14902,186408,0.0009999999,-109.591805,,21080.85693335533,13.679219,0.04,9.495747e-12,0.0009999999,,11,-0.2,3142,98.77659,15.00055,inf,3142,,,59.32781667727562,1296,inf,-0.12,,-135.14902,15.201364,-577.64264,577.64264,0.0009999999
0.0009999999,577.64264,440412.6,-0.40058106,,-0.2,,140.12491,186908,0.0009999999,-59.372368,,21091.27006673813,13.252579,0.04,9.489705e-12,0.0009999999,,11,-0.2,3143,98.77659,15.000233,inf,3143,,,59.468024180719055,1296,inf,-0.04,,-135.12491,15.200425,-577.64264,577.64264,0.0009999999
0.0009999999,577.64264,440751.7,-0.32113412,,-0.2,,140.1882,187408,0.0009999999,-334.11975,,21101.662280082703,13.252186,0.04,9.48367e-12,0.0009999999,,11,-0.2,3144,98.77659,14.999914,inf,3144,,,59.608142493638674,1296,inf,0.04,,-135.1882,15.19949,-577.64264,577.64264,0.0009999999
0.0009999999,577.64264,441255.38,-0.24123284,,-0.2,,140.30377,187908,0.0009999999,-498.66003,,21111.92431497574,15.066171,0.04,9.477639e-12,0.0009999999,,11,-0.2,3145,98.77659,14.999597,inf,3145,,,59.74817170111288,1296,inf,0.12,,-135.30377,15.199125,-577.64264,577.64264,0.0009999999
0.0009999999,577.64264,441759.94,-0.15985733,,-0.2,,140.41956,188408,0.0009999999,-499.5632,,21122.11371564865,12.396974,0.04,9.471615e-12,0.0009999999,,11,-0.2,3146,98.77659,14.999278,inf,3146,,,59.88811188811189,1296,inf,0.2,,-135.41956,15.197919,-577.64264,577.64264,0.0009999999
0.0009999999,577.64264,442263.3,-0.48048502,,-0.2,,140.5349,188908,0.0009999999,-498.39206,,21132.30251789093,15.185972,0.12,9.465597e-12,0.0009999999,,11,-0.2,3147,98.77659,14.9989605,inf,3147,,,60.027963139497935,1296,inf,-0.2,,-135.5349,15.197597,-577.64264,577.64264,0.0009999999
0.0009999999,577.64264,442389.22,-0.40128738,,-0.2,,140.53024,188960,0.0009999999,-120.88131,,21142.05420255661,15.333449,0.12,9.459584e-12,0.0009999999,,11,-0.2,3148,98.77659,14.998643,inf,3148,,,60.02541296060991,1296,inf,-0.12,,-135.53024,15.197322,-577.64264,577.64264,0.0009999999
0.0009999999,577.64264,442500.94,-0.32424936,,-0.2,,140.5211,189460,0.0009999999,-106.729256,,21153.947498083115,15.028189,0.12,9.453578e-12,0.0009999999,,11,-0.2,3149,98.77659,14.998325,inf,3149,,,60.165131787869164,1296,inf,-0.04,,-135.5211,15.196951,-577.64264,577.64264,0.0009999999
0.0009999999,577.64264,442893.12,-0.23968214,,-0.2,,140.601,189960,0.0009999999,-387.19116,,21165.572566747665,12.27753,0.12,9.4475755e-12,0.0009999999,,11,-0.2,3150,98.77659,14.998008,inf,3150,,,60.304761904761904,1296,inf,0.04,,-135.601,15.195707,-577.64264,577.64264,0.0009999999
0.0009999999,577.64264,443393.38,-0.16274896,,-0.2,,140.71513,190460,0.0009999999,-495.25473,,21177.58757710457,15.421476,0.12,9.4415795e-12,0.0009999999,,11,-0.2,3151,98.77659,14.99769,inf,3151,,,60.44430339574738,1296,inf,0.12,,-135.71513,15.195458,-577.64264,577.64264,0.0009999999
0.0009999999,577.64264,443898.2,-0.077037334,,-0.2,,140.83064,190960,0.0009999999,-499.81857,,21189.233743190765,14.313588,0.12,9.4355895e-12,0.0009999999,,11,-0.2,3152,98.77659,14.997373,inf,3152,,,60.58375634517766,1296,inf,0.2,,-135.83064,15.194866,-577.64264,577.64264,0.0009999999
0.0009999999,577.64264,444402.28,-0.3200408,,-0.2,,140.94586,191460,0.0009999999,-499.08362,,21200.739039182663,13.993527,0.2,9.4296055e-12,0.0009999999,,11,-0.2,3153,98.77659,14.997056,inf,3153,,,60.72312083729781,1296,inf,-0.12,,-135.94586,15.194164,-577.64264,577.64264,0.0009999999
0.0009999999,577.64264,444528.75,-0.23789082,,-0.2,,140.94127,191506,0.0009999999,-121.47298,,21212.04182457924,11.909651,0.2,9.423627e-12,0.0009999999,,11,-0.2,3154,98.77659,14.996738,inf,3154,,,60.71845275840203,1296,inf,-0.04,,-135.94127,15.192804,-577.64264,577.64264,0.0009999999
0.0009999999,577.64264,444669.03,-0.16140686,,-0.2,,140.94106,191545,0.0009999999,-135.27776,,21222.857091665268,14.76454,0.2,9.417654e-12,0.0009999999,,11,-0.2,3155,98.77659,14.996422,inf,3155,,,60.711568938193345,1296,inf,0.04,,-135.94106,15.192354,-577.64264,577.64264,0.0009999999
0.0009999999,577.64264,444800.4,-0.08170609,,-0.2,,140.93802,191576,0.0009999999,-126.36255,,21233.275268554688,15.406603,0.2,9.411689e-12,0.0009999999,,11,-0.2,3156,98.77659,14.996105,inf,3156,,,60.702154626109,1296,inf,0.12,,-135.93802,15.192104,-577.64264,577.64264,0.0009999999
0.0009999999,577.64264,444939.56,-0.71812224,,-0.12,,140.93745,191612,0.0009999999,-134.1398,,21243.153482437134,12.399108,-0.2,9.405728e-12,0.0009999999,,11,-0.2,3157,98.77659,14.995788,inf,3157,,,60.69433006018372,1296,inf,-0.2,,-135.93745,15.190902,-577.64264,577.64264,0.0009999999
0.0009999999,577.64264,445072.5,-0.6399079,,-0.12,,140.93492,191647,0.0009999999,-127.93192,,21252.59210729599,15.249179,-0.2,9.399771e-12,0.0009999999,,11,-0.2,3158,98.77659,14.995471,inf,3158,,,60.68619379354021,1296,inf,-0.12,,-135.93492,15.190607,-577.64264,577.64264,0.0009999999
0.0009999999,577.64264,445183.8,-0.5623163,,-0.12,,140.92555,191667,0.0009999999,-106.32849,,21262.70475268364,13.429545,-0.2,9.393822e-12,0.0009999999,,11,-0.2,3159,98.77659,14.995154,inf,3159,,,60.673314339981005,1296,inf,-0.04,,-135.92555,15.189731,-577.64264,577.64264,0.0009999999
0.0009999999,577.64264,445314.94,-0.47850344,,-0.12,,140.92245,191699,0.0009999999,-126.14711,,21272.238062620163,13.337539,-0.2,9.387877e-12,0.0009999999,,11,-0.2,3160,98.77659,14.994838,inf,3160,,,60.664240506329115,1296,inf,0.04,,-135.92245,15.1888275,-577.64264,577.64264,0.0009999999
0.0009999999,577.64264,445448.44,-0.39940763,,-0.12,,140.9201,191731,0.0009999999,-128.47554,,21281.69986319542,15.016823,-0.2,9.381938e-12,0.0009999999,,11,-0.2,3161,98.77659,14.994522,inf,3161,,,60.6551724137931,1296,inf,0.12,,-135.9201,15.18846,-577.64264,577.64264,0.0009999999
0.0009999999,577.64264,445578.38,-0.32294232,,-0.12,,140.91663,191764,0.0009999999,-124.95556,,21291.15230679512,14.008524,-0.2,9.376005e-12,0.0009999999,,11,-0.2,3162,98.77659,14.994205,inf,3162,,,60.64642631246047,1296,inf,0.2,,-135.91663,15.187769,-577.64264,577.64264,0.0009999999
0.0009999999,577.64264,445710.94,-0.638652,,-0.12,,140.91399,191795,0.0009999999,-127.55722,,21300.590204000473,14.669327,-0.12,9.370077e-12,0.0009999999,,11,-0.2,3163,98.77659,14.993889,inf,3163,,,60.6370534302877,1296,inf,-0.2,,-135.91399,15.18729,-577.64264,577.64264,0.0009999999
0.0009999999,577.64264,445833.3,-0.560591,,-0.12,,140.90813,191854,0.0009999999,-117.38539,,21310.497642993927,12.389304,-0.12,9.364154e-12,0.0009999999,,11,-0.2,3164,98.77659,14.993573,inf,3164,,,60.63653603034134,1296,inf,-0.12,,-135.90813,15.18609,-577.64264,577.64264,0.0009999999
0.0009999999,577.64264,445959.5,-0.47695863,,-0.12,,140.90347,191910,0.0009999999,-121.14845,,21320.116305828094,14.06616,-0.12,9.358239e-12,0.0009999999,,11,-0.2,3165,98.77659,14.9932575,inf,3165,,,60.63507109004739,1296,inf,-0.04,,-135.90347,15.185419,-577.64264,577.64264,0.0009999999
0.0009999999,577.64264,446152.12,-0.3989182,,-0.12,,140.91982,192000,0.0009999999,-187.66196,,21329.65097117424,12.924952,-0.12,9.352328e-12,0.0009999999,,11,-0.2,3166,98.77659,14.992941,inf,3166,,,60.64434617814277,1296,inf,0.04,,-135.91982,15.184389,-577.64264,577.64264,0.0009999999
0.0009999999,577.64264,446301.62,-0.32072914,,-0.12,,140.92252,192054,0.0009999999,-144.4812,,21340.97572040558,14.659263,-0.12,9.346423e-12,0.0009999999,,11,-0.2,3167,98.77659,14.992625,inf,3167,,,60.642248184401645,1296,inf,0.12,,-135.92252,15.183908,-577.64264,577.64264,0.0009999999
0.0009999999,577.64264,446482.62,-0.24130616,,-0.12,,140.93517,192134,0.0009999999,-175.99992,,21352.984538793564,13.90185,-0.12,9.340523e-12,0.0009999999,,11,-0.2,3168,98.77659,14.99231,inf,3168,,,60.64835858585859,1296,inf,0.2,,-135.93517,15.183186,-577.64264,577.64264,0.0009999999
0.0009999999,577.64264,446664.44,-0.5609598,,-0.12,,140.94807,192216,0.0009999999,-176.8087,,21364.166875362396,14.589704,-0.04,9.3346286e-12,0.0009999999,,11,-0.2,3169,98.77659,14.991994,inf,3169,,,60.6550962448722,1296,inf,-0.2,,-135.94807,15.182688,-577.64264,577.64264,0.0009999999
0.0009999999,577.64264,446786.94,-0.4794348,,-0.12,,140.94225,192275,0.0009999999,-117.52782,,21375.38046002388,14.719339,-0.04,9.328741e-12,0.0009999999,,11,-0.2,3170,98.77659,14.991678,inf,3170,,,60.654574132492115,1296,inf,-0.12,,-135.94225,15.182223,-577.64264,577.64264,0.0009999999
0.0009999999,577.64264,446780.94,-0.4004248,,-0.12,,140.89592,192775,0.0009999999,10.996199,,21387.343267679214,14.876749,-0.04,9.322858e-12,0.0009999999,,11,-0.2,3171,98.77659,14.991364,inf,3171,,,60.79312519709871,1296,inf,-0.04,,-135.89592,15.181811,-577.64264,577.64264,0.0009999999
0.0009999999,577.64264,447088.66,-0.31742513,,-0.12,,140.9485,193275,0.0009999999,-302.71155,,21399.198397397995,15.1071615,-0.04,9.31698e-12,0.0009999999,,11,-0.2,3172,98.77659,14.991048,inf,3172,,,60.93158890290038,1296,inf,0.04,,-135.9485,15.181473,-577.64264,577.64264,0.0009999999
0.0009999999,577.64264,447575.62,-0.23672047,,-0.12,,141.05756,193775,0.0009999999,-481.96695,,21410.65065383911,12.116227,-0.04,9.311109e-12,0.0009999999,,11,-0.2,3173,98.77659,14.990733,inf,3173,,,61.069965332492906,1296,inf,0.12,,-136.05756,15.18019,-577.64264,577.64264,0.0009999999
0.0009999999,577.64264,448079.38,-0.15621127,,-0.12,,141.17183,194275,0.0009999999,-498.73392,,21421.216677427292,14.0909195,-0.04,9.305242e-12,0.0009999999,,11,-0.2,3174,98.77659,14.9904175,inf,3174,,,61.20825456836799,1296,inf,0.2,,-136.17183,15.179531,-577.64264,577.64264,0.0009999999
0.0009999999,577.64264,448575.0,-0.4802424,,-0.12,,141.28346,194775,0.0009999999,-490.61694,,21431.70239686966,13.691244,0.04,9.299382e-12,0.0009999999,,11,-0.2,3175,98.77659,14.990103,inf,3175,,,61.346456692913385,1296,inf,-0.2,,-136.28346,15.178753,-577.64264,577.64264,0.0009999999
0.0009999999,577.64264,448633.3,-0.402255,,-0.12,,141.25734,194945,0.0009999999,-53.309757,,21441.52039885521,15.554687,0.04,9.293527e-12,0.0009999999,,11,-0.2,3176,98.77659,14.989788,inf,3176,,,61.38066750629723,1296,inf,-0.12,,-136.25734,15.178553,-577.64264,577.64264,0.0009999999
0.0009999999,577.64264,448681.44,-0.31802347,,-0.12,,141.22803,195445,0.0009999999,-43.137753,,21451.775713443756,14.385011,0.04,9.287677e-12,0.0009999999,,11,-0.2,3177,98.77659,14.989472,inf,3177,,,61.51872836008813,1296,inf,-0.04,,-136.22803,15.177988,-577.64264,577.64264,0.0009999999
0.0009999999,577.64264,449046.3,-0.24091351,,-0.12,,141.2984,195945,0.0009999999,-359.89966,,21461.869854450226,14.248061,0.04,9.281833e-12,0.0009999999,,11,-0.2,3178,98.77659,14.989158,inf,3178,,,61.656702328508494,1296,inf,0.04,,-136.2984,15.177384,-577.64264,577.64264,0.0009999999
0.0009999999,577.64264,449539.12,-0.16034885,,-0.12,,141.40897,196445,0.0009999999,-487.79044,,21471.86281967163,10.890736,0.04,9.275995e-12,0.0009999999,,11,-0.2,3179,98.77659,14.988844,inf,3179,,,61.794589493551435,1296,inf,0.12,,-136.40897,15.175717,-577.64264,577.64264,0.0009999999
0.0009999999,577.64264,450042.3,-0.08335897,,-0.12,,141.52274,196945,0.0009999999,-498.21725,,21482.350430727005,14.017784,0.04,9.270162e-12,0.0009999999,,11,-0.2,3180,98.77659,14.988529,inf,3180,,,61.93238993710692,1296,inf,0.2,,-136.52274,15.175042,-577.64264,577.64264,0.0009999999
0.0009999999,577.64264,450547.16,-0.39691794,,-0.12,,141.63696,197445,0.0009999999,-499.82336,,21492.777943134308,13.1280155,0.12,9.264334e-12,0.0009999999,,11,-0.2,3181,98.77659,14.9882145,inf,3181,,,62.07010374096196,1296,inf,-0.2,,-136.63696,15.174084,-577.64264,577.64264,0.0009999999
0.0009999999,577.64264,450654.56,-0.32515043,,-0.12,,141.6262,197524,0.0009999999,-102.41286,,21502.438576698303,13.05067,0.12,9.258512e-12,0.0009999999,,11,-0.2,3182,98.77659,14.987901,inf,3182,,,62.07542426147077,1296,inf,-0.12,,-136.6262,15.1731,-577.64264,577.64264,0.0009999999
0.0009999999,577.64264,450790.06,-0.24250996,,-0.12,,141.62427,197596,0.0009999999,-130.47876,,21511.842138528824,11.198653,0.12,9.252695e-12,0.0009999999,,11,-0.2,3183,98.77659,14.987586,inf,3183,,,62.07854225573359,1296,inf,-0.04,,-136.62427,15.171538,-577.64264,577.64264,0.0009999999
0.0009999999,577.64264,450966.88,-0.1606604,,-0.12,,141.63533,197680,0.0009999999,-171.81616,,21521.429376602173,13.799841,0.12,9.246884e-12,0.0009999999,,11,-0.2,3184,98.77659,14.987272,inf,3184,,,62.085427135678394,1296,inf,0.04,,-136.63533,15.170793,-577.64264,577.64264,0.0009999999
0.0009999999,577.64264,451142.22,-0.08152809,,-0.12,,141.6459,197756,0.0009999999,-170.35971,,21533.305195331573,15.545799,0.12,9.241079e-12,0.0009999999,,11,-0.2,3185,98.77659,14.986958,inf,3185,,,62.089795918367344,1296,inf,0.12,,-136.6459,15.170594,-577.64264,577.64264,0.0009999999
0.0009999999,577.64264,451314.2,-0.0013229847,,-0.12,,141.65543,197826,0.0009999999,-166.96306,,21545.005341291428,12.934121,0.12,9.235278e-12,0.0009999999,,11,-0.2,3186,98.77659,14.986644,inf,3186,,,62.09227871939736,1296,inf,0.2,,-136.65543,15.169582,-577.64264,577.64264,0.0009999999
0.0009999999,577.64264,451494.62,-0.3174888,,-0.12,,141.6676,197905,0.0009999999,-175.45784,,21556.738310575485,13.867189,0.2,9.229484e-12,0.0009999999,,11,-0.2,3187,98.77659,14.98633,inf,3187,,,62.09758393473486,1296,inf,-0.2,,-136.6676,15.168858,-577.64264,577.64264,0.0009999999
0.0009999999,577.64264,451602.28,-0.24108106,,-0.12,,141.65692,197929,0.0009999999,-102.63237,,21567.99982023239,15.024051,0.2,9.223695e-12,0.0009999999,,11,-0.2,3188,98.77659,14.986016,inf,3188,,,62.08563362609787,1296,inf,-0.12,,-136.65692,15.168497,-577.64264,577.64264,0.0009999999
0.0009999999,577.64264,451727.62,-0.1621558,,-0.12,,141.65181,197963,0.0009999999,-120.3465,,21579.12597632408,15.059206,0.2,9.21791e-12,0.0009999999,,11,-0.2,3189,98.77659,14.9857025,inf,3189,,,62.076826591407965,1296,inf,-0.04,,-136.65181,15.168154,-577.64264,577.64264,0.0009999999
0.0009999999,577.64264,451857.88,-0.07808511,,-0.12,,141.64824,198004,0.0009999999,-125.24813,,21590.31388092041,14.959448,0.2,9.212133e-12,0.0009999999,,11,-0.2,3190,98.77659,14.98539,inf,3190,,,62.070219435736675,1296,inf,0.04,,-136.64824,15.167773,-577.64264,577.64264,0.0009999999
0.0009999999,577.64264,451992.78,0.0002597198,,-0.12,,141.64612,198044,0.0009999999,-129.89185,,21600.685868501663,14.3656435,0.2,9.20636e-12,0.0009999999,,11,-0.2,3191,98.77659,14.985076,inf,3191,,,62.063303039799436,1296,inf,0.12,,-136.64612,15.167209,-577.64264,577.64264,0.0009999999
0.0009999999,577.64264,452122.8,0.0787483,,-0.12,,141.64249,198072,0.0009999999,-125.03228,,21610.744213819504,14.504242,0.2,9.200592e-12,0.0009999999,,11,-0.2,3192,98.77659,14.984762,inf,3192,,,62.05263157894737,1296,inf,0.2,,-136.64249,15.166689,-577.64264,577.64264,0.0009999999
0.0009999999,577.64264,452251.53,-0.64106625,,-0.04,,141.63844,198099,0.0009999999,-123.70682,,21620.86554145813,14.856842,-0.2,9.19483e-12,0.0009999999,,11,-0.2,3193,98.77659,14.984449,inf,3193,,,62.041653617287814,1296,inf,-0.2,,-136.63844,15.166276,-577.64264,577.64264,0.0009999999
0.0009999999,577.64264,452368.03,-0.562264,,-0.04,,141.63057,198121,0.0009999999,-111.50679,,21630.467997550964,15.075307,-0.2,9.189073e-12,0.0009999999,,11,-0.2,3194,98.77659,14.984137,inf,3194,,,62.029117094552284,1296,inf,-0.12,,-136.63057,15.165938,-577.64264,577.64264,0.0009999999
0.0009999999,577.64264,452482.94,-0.48172966,,-0.04,,141.62221,198141,0.0009999999,-109.92354,,21640.081956624985,14.299001,-0.2,9.183322e-12,0.0009999999,,11,-0.2,3195,98.77659,14.983823,inf,3195,,,62.01596244131456,1296,inf,-0.04,,-136.62221,15.165353,-577.64264,577.64264,0.0009999999
0.0009999999,577.64264,452608.25,-0.40072227,,-0.04,,141.6171,198164,0.0009999999,-120.30633,,21649.740154981613,14.781327,-0.2,9.177576e-12,0.0009999999,,11,-0.2,3196,98.77659,14.98351,inf,3196,,,62.00375469336671,1296,inf,0.04,,-136.6171,15.164918,-577.64264,577.64264,0.0009999999
0.0009999999,577.64264,452732.0,-0.3186495,,-0.04,,141.61151,198187,0.0009999999,-118.73454,,21659.1657102108,14.50195,-0.2,9.171835e-12,0.0009999999,,11,-0.2,3197,98.77659,14.983197,inf,3197,,,61.99155458242102,1296,inf,0.12,,-136.61151,15.1644,-577.64264,577.64264,0.0009999999
0.0009999999,577.64264,452860.56,-0.24004011,,-0.04,,141.60744,198214,0.0009999999,-123.57358,,21668.755800247192,15.069913,-0.2,9.1661e-12,0.0009999999,,11,-0.2,3198,98.77659,14.982884,inf,3198,,,61.980612883051904,1296,inf,0.2,,-136.60744,15.164058,-577.64264,577.64264,0.0009999999
0.0009999999,577.64264,452999.8,-0.5613439,,-0.04,,141.60669,198253,0.0009999999,-134.26143,,21678.385712862015,14.009452,-0.12,9.16037e-12,0.0009999999,,11,-0.2,3199,98.77659,14.982572,inf,3199,,,61.97342919662395,1296,inf,-0.2,,-136.60669,15.163382,-577.64264,577.64264,0.0009999999
0.0009999999,577.64264,453112.2,-0.47625777,,-0.04,,141.59756,198274,0.0009999999,-107.36814,,21687.752026319504,14.556341,-0.12,9.154646e-12,0.0009999999,,11,-0.2,3200,98.77659,14.98226,inf,3200,,,61.960625,1296,inf,-0.12,,-136.59756,15.162882,-577.64264,577.64264,0.0009999999
0.0009999999,577.64264,453231.94,-0.39973727,,-0.04,,141.59073,198324,0.0009999999,-114.76994,,21696.96835923195,13.190254,-0.12,9.148927e-12,0.0009999999,,11,-0.2,3201,98.77659,14.981947,inf,3201,,,61.95688847235239,1296,inf,-0.04,,-136.59073,15.161951,-577.64264,577.64264,0.0009999999
0.0009999999,577.64264,453389.94,-0.3173732,,-0.04,,141.59586,198380,0.0009999999,-152.9861,,21706.40775680542,15.790861,-0.12,9.143214e-12,0.0009999999,,11,-0.2,3202,98.77659,14.981634,inf,3202,,,61.95502810743285,1296,inf,0.04,,-136.59586,15.161835,-577.64264,577.64264,0.0009999999
0.0009999999,577.64264,453536.88,-0.24357665,,-0.04,,141.59752,198426,0.0009999999,-141.91571,,21716.291402339935,14.334657,-0.12,9.137505e-12,0.0009999999,,11,-0.2,3203,98.77659,14.981322,inf,3203,,,61.95004683109585,1296,inf,0.12,,-136.59752,15.161267,-577.64264,577.64264,0.0009999999
0.0009999999,577.64264,453666.9,-0.15554997,,-0.04,,141.59392,198453,0.0009999999,-125.05075,,21727.318116664886,13.74474,-0.12,9.131802e-12,0.0009999999,,11,-0.2,3204,98.77659,14.98101,inf,3204,,,61.93913857677903,1296,inf,0.2,,-136.59392,15.160512,-577.64264,577.64264,0.0009999999
0.0009999999,577.64264,453814.38,-0.4789008,,-0.04,,141.59575,198499,0.0009999999,-142.47188,,21738.47419166565,13.221613,-0.04,9.126105e-12,0.0009999999,,11,-0.2,3205,98.77659,14.980698,inf,3205,,,61.934165366614664,1296,inf,-0.2,,-136.59575,15.159595,-577.64264,577.64264,0.0009999999
0.0009999999,577.64264,453919.8,-0.39972436,,-0.04,,141.58447,198524,0.0009999999,-100.45621,,21749.812851428986,14.097756,-0.04,9.120412e-12,0.0009999999,,11,-0.2,3206,98.77659,14.980386,inf,3206,,,61.92264504054897,1296,inf,-0.12,,-136.58447,15.158953,-577.64264,577.64264,0.0009999999
0.0009999999,577.64264,454053.56,-0.31747755,,-0.04,,141.58203,198655,0.0009999999,-128.7281,,21761.29355454445,15.034588,-0.04,9.1147255e-12,0.0009999999,,11,-0.2,3207,98.77659,14.980074,inf,3207,,,61.944184596195825,1296,inf,-0.04,,-136.58203,15.158601,-577.64264,577.64264,0.0009999999
0.0009999999,577.64264,454294.6,-0.2420218,,-0.04,,141.61302,198892,0.0009999999,-236.04002,,21772.63398528099,14.643233,-0.04,9.109043e-12,0.0009999999,,11,-0.2,3208,98.77659,14.979762,inf,3208,,,61.99875311720698,1296,inf,0.04,,-136.61302,15.158128,-577.64264,577.64264,0.0009999999
0.0009999999,577.64264,454823.0,-0.1601188,,-0.04,,141.73357,199318,0.0009999999,-523.414,,21783.75737118721,14.690242,-0.04,9.103368e-12,0.0009999999,,11,-0.2,3209,98.77659,14.979451,inf,3209,,,62.11218448114678,1296,inf,0.12,,-136.73357,15.157672,-577.64264,577.64264,0.0009999999
0.0009999999,577.64264,455321.7,-0.07992916,,-0.04,,141.84476,199818,0.0009999999,-493.67072,,21795.18778514862,15.246332,-0.04,9.0976966e-12,0.0009999999,,11,-0.2,3210,98.77659,14.979139,inf,3210,,,62.248598130841124,1296,inf,0.2,,-136.84476,15.157387,-577.64264,577.64264,0.0009999999
0.0009999999,577.64264,455616.88,-0.39775097,,-0.04,,141.89252,200010,0.0009999999,-290.19247,,21806.135689020157,14.555879,0.04,9.092031e-12,0.0009999999,,11,-0.2,3211,98.77659,14.978827,inf,3211,,,62.28900654001868,1296,inf,-0.2,,-136.89252,15.15689,-577.64264,577.64264,0.0009999999
0.0009999999,577.64264,455733.75,-0.31896517,,-0.04,,141.88474,200092,0.0009999999,-111.85403,,21816.138189315796,15.166738,0.04,9.0863705e-12,0.0009999999,,11,-0.2,3212,98.77659,14.978517,inf,3212,,,62.29514321295143,1296,inf,-0.12,,-136.88474,15.15658,-577.64264,577.64264,0.0009999999
0.0009999999,577.64264,455896.0,-0.24502152,,-0.04,,141.89107,200224,0.0009999999,-157.24908,,21825.993097782135,12.780321,0.04,9.080715e-12,0.0009999999,,11,-0.2,3213,98.77659,14.978205,inf,3213,,,62.31683784624961,1296,inf,-0.04,,-136.89107,15.155526,-577.64264,577.64264,0.0009999999
0.0009999999,577.64264,456255.75,-0.15814853,,-0.04,,141.95885,200724,0.0009999999,-354.78043,,21836.039834737778,10.530378,0.04,9.075065e-12,0.0009999999,,11,-0.2,3214,98.77659,14.977894,inf,3214,,,62.45301804604854,1296,inf,0.04,,-136.95885,15.153782,-577.64264,577.64264,0.0009999999
0.0009999999,577.64264,456581.3,-0.079997994,,-0.04,,142.01596,200954,0.0009999999,-320.54037,,21846.217051267624,14.940531,0.04,9.0694206e-12,0.0009999999,,11,-0.2,3215,98.77659,14.977583,inf,3215,,,62.505132192846034,1296,inf,0.12,,-137.01596,15.153402,-577.64264,577.64264,0.0009999999
0.0009999999,577.64264,456968.38,-0.0019140393,,-0.04,,142.09216,201245,0.0009999999,-382.07098,,21856.085000514984,14.492741,0.04,9.063782e-12,0.0009999999,,11,-0.2,3216,98.77659,14.977272,inf,3216,,,62.5761815920398,1296,inf,0.2,,-137.09216,15.152885,-577.64264,577.64264,0.0009999999
0.0009999999,577.64264,457393.16,-0.31957048,,-0.04,,142.18002,201572,0.0009999999,-419.78952,,21866.09767460823,13.754778,0.12,9.0581475e-12,0.0009999999,,11,-0.2,3217,98.77659,14.976961,inf,3217,,,62.658377370220705,1296,inf,-0.2,,-137.18002,15.1521435,-577.64264,577.64264,0.0009999999
0.0009999999,577.64264,457502.5,-0.23882452,,-0.04,,142.16983,201651,0.0009999999,-104.31911,,21875.635749816895,15.681334,0.12,9.052518e-12,0.0009999999,,11,-0.2,3218,98.77659,14.97665,inf,3218,,,62.66345556246116,1296,inf,-0.12,,-137.16983,15.151993,-577.64264,577.64264,0.0009999999
0.0009999999,577.64264,457629.12,-0.15986705,,-0.04,,142.165,201704,0.0009999999,-121.644196,,21885.168664216995,14.674345,0.12,9.046895e-12,0.0009999999,,11,-0.2,3219,98.77659,14.976339,inf,3219,,,62.66045355700528,1296,inf,-0.04,,-137.165,15.151536,-577.64264,577.64264,0.0009999999
0.0009999999,577.64264,457759.2,-0.080593824,,-0.04,,142.16124,201741,0.0009999999,-125.060905,,21894.741577625275,15.7945175,0.12,9.041277e-12,0.0009999999,,11,-0.2,3220,98.77659,14.976028,inf,3220,,,62.65248447204969,1296,inf,0.04,,-137.16124,15.151424,-577.64264,577.64264,0.0009999999
0.0009999999,577.64264,457902.75,-0.0015817061,,-0.04,,142.16167,201782,0.0009999999,-138.5521,,21904.217029333115,15.670615,0.12,9.035664e-12,0.0009999999,,11,-0.2,3221,98.77659,14.9757185,inf,3221,,,62.64576218565663,1296,inf,0.12,,-137.16167,15.151274,-577.64264,577.64264,0.0009999999
0.0009999999,577.64264,458040.0,0.080316365,,-0.04,,142.16016,201816,0.0009999999,-132.28664,,21915.43606853485,10.242795,0.12,9.030055e-12,0.0009999999,,11,-0.2,3222,98.77659,14.975408,inf,3222,,,62.63687150837989,1296,inf,0.2,,-137.16016,15.149444,-577.64264,577.64264,0.0009999999
0.0009999999,577.64264,458172.7,-0.23614272,,-0.04,,142.15721,201848,0.0009999999,-127.66602,,21927.02410340309,12.60758,0.2,9.024453e-12,0.0009999999,,11,-0.2,3223,98.77659,14.975098,inf,3223,,,62.62736580825318,1296,inf,-0.2,,-137.15721,15.148342,-577.64264,577.64264,0.0009999999
0.0009999999,577.64264,458305.5,-0.15888722,,-0.04,,142.15431,201888,0.0009999999,-127.81967,,21938.882212877274,12.934894,0.2,9.018856e-12,0.0009999999,,11,-0.2,3224,98.77659,14.974788,inf,3224,,,62.62034739454094,1296,inf,-0.12,,-137.15431,15.147345,-577.64264,577.64264,0.0009999999
0.0009999999,577.64264,458426.44,-0.081031084,,-0.04,,142.14774,201913,0.0009999999,-115.93236,,21949.9022397995,14.536248,0.2,9.013263e-12,0.0009999999,,11,-0.2,3225,98.77659,14.974477,inf,3225,,,62.608682170542636,1296,inf,-0.04,,-137.14774,15.146849,-577.64264,577.64264,0.0009999999
0.0009999999,577.64264,458553.2,0.002204273,,-0.04,,142.14296,201945,0.0009999999,-121.75448,,21961.199689865112,13.590553,0.2,9.0076765e-12,0.0009999999,,11,-0.2,3226,98.77659,14.974167,inf,3226,,,62.5991940483571,1296,inf,0.04,,-137.14296,15.146054,-577.64264,577.64264,0.0009999999
0.0009999999,577.64264,458684.56,0.079789706,,-0.04,,142.13962,201983,0.0009999999,-126.3689,,21972.348554849625,12.229293,0.2,9.002094e-12,0.0009999999,,11,-0.2,3227,98.77659,14.973857,inf,3227,,,62.59157111868608,1296,inf,0.12,,-137.13962,15.14484,-577.64264,577.64264,0.0009999999
0.0009999999,577.64264,458808.0,0.16144487,,-0.04,,142.13383,202006,0.0009999999,-118.44389,,21983.587750911713,13.440058,0.2,8.996518e-12,0.0009999999,,11,-0.2,3228,98.77659,14.973547,inf,3228,,,62.57930607187113,1296,inf,0.2,,-137.13383,15.144005,-577.64264,577.64264,0.0009999999
0.0009999999,577.64264,458936.34,-0.5605098,,0.04,,142.12956,202031,0.0009999999,-123.32292,,21993.65863752365,9.881327,-0.2,8.990947e-12,0.0009999999,,11,-0.2,3229,98.77659,14.973238,inf,3229,,,62.56766800867142,1296,inf,-0.2,,-137.12956,15.142062,-577.64264,577.64264,0.0009999999
0.0009999999,577.64264,459053.25,-0.4799863,,0.04,,142.12175,202056,0.0009999999,-111.91071,,22003.514474391937,15.02089,-0.2,8.98538e-12,0.0009999999,,11,-0.2,3230,98.77659,14.972928,inf,3230,,,62.55603715170279,1296,inf,-0.12,,-137.12175,15.141715,-577.64264,577.64264,0.0009999999
0.0009999999,577.64264,459165.1,-0.4014691,,0.04,,142.11238,202075,0.0009999999,-106.84646,,22013.242455244064,14.662762,-0.2,8.979819e-12,0.0009999999,,11,-0.2,3231,98.77659,14.972618,inf,3231,,,62.54255648406066,1296,inf,-0.04,,-137.11238,15.141258,-577.64264,577.64264,0.0009999999
0.0009999999,577.64264,459288.44,-0.3180632,,0.04,,142.10657,202098,0.0009999999,-118.33304,,22023.049322128296,11.882055,-0.2,8.974263e-12,0.0009999999,,11,-0.2,3232,98.77659,14.972309,inf,3232,,,62.53032178217822,1296,inf,0.04,,-137.10657,15.139939,-577.64264,577.64264,0.0009999999
0.0009999999,577.64264,459403.0,-0.24002528,,0.04,,142.09805,202115,0.0009999999,-109.566216,,22032.455911159515,14.102192,-0.2,8.968712e-12,0.0009999999,,11,-0.2,3233,98.77659,14.972,inf,3233,,,62.516238787503866,1296,inf,0.12,,-137.09805,15.139311,-577.64264,577.64264,0.0009999999
0.0009999999,577.64264,459533.5,-0.16208142,,0.04,,142.09447,202148,0.0009999999,-125.487045,,22041.869326353073,13.826791,-0.2,8.963167e-12,0.0009999999,,11,-0.2,3234,98.77659,14.97169,inf,3234,,,62.50711193568336,1296,inf,0.2,,-137.09447,15.138594,-577.64264,577.64264,0.0009999999
0.0009999999,577.64264,459670.88,-0.47930032,,0.04,,142.093,202191,0.0009999999,-132.39188,,22051.337436437607,13.757606,-0.12,8.957626e-12,0.0009999999,,11,-0.2,3235,98.77659,14.971381,inf,3235,,,62.50108191653787,1296,inf,-0.2,,-137.093,15.137857,-577.64264,577.64264,0.0009999999
0.0009999999,577.64264,459780.06,-0.39848953,,0.04,,142.08284,202210,0.0009999999,-104.19794,,22060.658276557922,14.332501,-0.12,8.952091e-12,0.0009999999,,11,-0.2,3236,98.77659,14.971072,inf,3236,,,62.487639060568604,1296,inf,-0.12,,-137.08284,15.137303,-577.64264,577.64264,0.0009999999
0.0009999999,577.64264,459898.06,-0.3229107,,0.04,,142.0754,202256,0.0009999999,-112.96195,,22070.59295964241,14.867362,-0.12,8.9465605e-12,0.0009999999,,11,-0.2,3237,98.77659,14.970763,inf,3237,,,62.48254556688292,1296,inf,-0.04,,-137.0754,15.1369095,-577.64264,577.64264,0.0009999999
0.0009999999,577.64264,460030.53,-0.24001937,,0.04,,142.07243,202294,0.0009999999,-127.49224,,22080.2765583992,14.498544,-0.12,8.941035e-12,0.0009999999,,11,-0.2,3238,98.77659,14.970454,inf,3238,,,62.474984558369364,1296,inf,0.04,,-137.07243,15.136405,-577.64264,577.64264,0.0009999999
0.0009999999,577.64264,460161.84,-0.16446958,,0.04,,142.0691,202327,0.0009999999,-126.31937,,22089.42844390869,15.329808,-0.12,8.9355155e-12,0.0009999999,,11,-0.2,3239,98.77659,14.970145,inf,3239,,,62.46588453226305,1296,inf,0.12,,-137.0691,15.136155,-577.64264,577.64264,0.0009999999
0.0009999999,577.64264,460280.16,-0.08221091,,0.04,,142.06178,202347,0.0009999999,-113.31878,,22099.71636557579,12.013618,-0.12,8.930001e-12,0.0009999999,,11,-0.2,3240,98.77659,14.969837,inf,3240,,,62.452777777777776,1296,inf,0.2,,-137.06178,15.134881,-577.64264,577.64264,0.0009999999
0.0009999999,577.64264,460405.5,-0.3984596,,0.04,,142.05663,202371,0.0009999999,-120.32672,,22111.47484230995,15.040115,-0.04,8.9244905e-12,0.0009999999,,11,-0.2,3241,98.77659,14.969528,inf,3241,,,62.440913298364705,1296,inf,-0.2,,-137.05663,15.134545,-577.64264,577.64264,0.0009999999
0.0009999999,577.64264,460531.78,-0.31661865,,0.04,,142.05176,202421,0.0009999999,-121.29823,,22122.257043361664,15.275044,-0.04,8.918986e-12,0.0009999999,,11,-0.2,3242,98.77659,14.96922,inf,3242,,,62.43707587908698,1296,inf,-0.12,,-137.05176,15.134279,-577.64264,577.64264,0.0009999999
0.0009999999,577.64264,460660.8,-0.24339011,,0.04,,142.04774,202530,0.0009999999,-124.00589,,22133.900932073593,13.146501,-0.04,8.913486e-12,0.0009999999,,11,-0.2,3243,98.77659,14.968911,inf,3243,,,62.451433857539314,1296,inf,-0.04,,-137.04774,15.133356,-577.64264,577.64264,0.0009999999
0.0009999999,577.64264,460862.2,-0.1588994,,0.04,,142.06602,202630,0.0009999999,-196.37376,,22145.202538490295,13.500473,-0.04,8.9079915e-12,0.0009999999,,11,-0.2,3244,98.77659,14.968603,inf,3244,,,62.46300863131936,1296,inf,0.04,,-137.06602,15.132547,-577.64264,577.64264,0.0009999999
0.0009999999,577.64264,461024.28,-0.0798528,,0.04,,142.0722,202691,0.0009999999,-157.10536,,22156.18514084816,9.526885,-0.04,8.902502e-12,0.0009999999,,11,-0.2,3245,98.77659,14.968295,inf,3245,,,62.46255778120185,1296,inf,0.12,,-137.0722,15.130509,-577.64264,577.64264,0.0009999999
0.0009999999,577.64264,461156.0,-0.0006894171,,0.04,,142.06902,202722,0.0009999999,-126.72556,,22166.82557797432,12.9149685,-0.04,8.897018e-12,0.0009999999,,11,-0.2,3246,98.77659,14.967987,inf,3246,,,62.45286506469501,1296,inf,0.2,,-137.06902,15.12952,-577.64264,577.64264,0.0009999999
0.0009999999,577.64264,461279.0,-0.3176957,,0.04,,142.06314,202750,0.0009999999,-117.99412,,22177.312442541122,15.34599,0.04,8.891538e-12,0.0009999999,,11,-0.2,3247,98.77659,14.967679,inf,3247,,,62.44225438866646,1296,inf,-0.2,,-137.06314,15.12928,-577.64264,577.64264,0.0009999999
0.0009999999,577.64264,461387.38,-0.24014664,,0.04,,142.05276,202844,0.0009999999,-103.38975,,22187.549678325653,13.83329,0.04,8.886065e-12,0.0009999999,,11,-0.2,3248,98.77659,14.967371,inf,3248,,,62.45197044334975,1296,inf,-0.12,,-137.05276,15.128571,-577.64264,577.64264,0.0009999999
0.0009999999,577.64264,461521.3,-0.16081408,,0.04,,142.05026,202922,0.0009999999,-128.94463,,22197.836261034012,15.704434,0.04,8.880595e-12,0.0009999999,,11,-0.2,3249,98.77659,14.967063,inf,3249,,,62.456755924899966,1296,inf,-0.04,,-137.05026,15.128441,-577.64264,577.64264,0.0009999999
0.0009999999,577.64264,461737.75,-0.08073674,,0.04,,142.07315,203051,0.0009999999,-211.44789,,22207.96152448654,14.500319,0.04,8.875131e-12,0.0009999999,,11,-0.2,3250,98.77659,14.966755,inf,3250,,,62.47723076923077,1296,inf,0.04,,-137.07315,15.127942,-577.64264,577.64264,0.0009999999
0.0009999999,577.64264,461908.88,-0.000118516386,,0.04,,142.08209,203122,0.0009999999,-166.1104,,22217.67478942871,15.445192,0.04,8.8696715e-12,0.0009999999,,11,-0.2,3251,98.77659,14.966448,inf,3251,,,62.47985235312212,1296,inf,0.12,,-137.08209,15.127731,-577.64264,577.64264,0.0009999999
0.0009999999,577.64264,462141.12,0.081108116,,0.04,,142.10982,203257,0.0009999999,-227.23993,,22227.308924913406,15.000487,0.04,8.8642175e-12,0.0009999999,,11,-0.2,3252,98.77659,14.96614,inf,3252,,,62.50215252152522,1296,inf,0.2,,-137.10982,15.127385,-577.64264,577.64264,0.0009999999
0.0009999999,577.64264,462312.7,-0.23793226,,0.04,,142.11887,203325,0.0009999999,-166.54735,,22236.913395643234,15.103864,0.12,8.858769e-12,0.0009999999,,11,-0.2,3253,98.77659,14.965833,inf,3253,,,62.50384260682447,1296,inf,-0.2,,-137.11887,15.127068,-577.64264,577.64264,0.0009999999
0.0009999999,577.64264,462439.38,-0.16120522,,0.04,,142.11414,203361,0.0009999999,-121.7121,,22246.490170001984,14.910384,0.12,8.853324e-12,0.0009999999,,11,-0.2,3254,98.77659,14.965526,inf,3254,,,62.495697602950216,1296,inf,-0.12,,-137.11414,15.126695,-577.64264,577.64264,0.0009999999
0.0009999999,577.64264,462570.44,-0.07921158,,0.04,,142.11073,203396,0.0009999999,-126.064255,,22256.32661509514,14.540543,0.12,8.847886e-12,0.0009999999,,11,-0.2,3255,98.77659,14.965218,inf,3255,,,62.48725038402458,1296,inf,-0.04,,-137.11073,15.126208,-577.64264,577.64264,0.0009999999
0.0009999999,577.64264,462707.44,0.0051199906,,0.04,,142.10916,203432,0.0009999999,-131.9687,,22266.119265794754,14.399488,0.12,8.842451e-12,0.0009999999,,11,-0.2,3256,98.77659,14.9649105,inf,3256,,,62.47911547911548,1296,inf,0.04,,-137.10916,15.125678,-577.64264,577.64264,0.0009999999
0.0009999999,577.64264,462847.28,0.07761346,,0.04,,142.10847,203476,0.0009999999,-134.86908,,22275.48202586174,12.351589,0.12,8.837022e-12,0.0009999999,,11,-0.2,3257,98.77659,14.964603,inf,3257,,,62.47344181762358,1296,inf,0.12,,-137.10847,15.124521,-577.64264,577.64264,0.0009999999
0.0009999999,577.64264,462973.8,0.1654711,,0.04,,142.10368,203500,0.0009999999,-121.55401,,22284.70306944847,13.744665,0.12,8.831599e-12,0.0009999999,,11,-0.2,3258,98.77659,14.964296,inf,3258,,,62.461632903621854,1296,inf,0.2,,-137.10368,15.123789,-577.64264,577.64264,0.0009999999
0.0009999999,577.64264,463103.7,-0.1599043,,0.04,,142.09993,203527,0.0009999999,-124.85123,,22296.302374601364,11.091563,0.2,8.826179e-12,0.0009999999,,11,-0.2,3259,98.77659,14.96399,inf,3259,,,62.45075176434489,1296,inf,-0.2,,-137.09993,15.122245,-577.64264,577.64264,0.0009999999
0.0009999999,577.64264,463213.28,-0.07900584,,0.04,,142.08997,203549,0.0009999999,-104.569305,,22307.279028892517,14.770902,0.2,8.820765e-12,0.0009999999,,11,-0.2,3260,98.77659,14.963683,inf,3260,,,62.438343558282206,1296,inf,-0.12,,-137.08997,15.121833,-577.64264,577.64264,0.0009999999
0.0009999999,577.64264,463342.06,-0.00039269775,,0.04,,142.08588,203580,0.0009999999,-123.79638,,22318.43514609337,14.473748,0.2,8.815356e-12,0.0009999999,,11,-0.2,3261,98.77659,14.963376,inf,3261,,,62.42870285188592,1296,inf,-0.04,,-137.08588,15.121325,-577.64264,577.64264,0.0009999999
0.0009999999,577.64264,463470.88,0.0797219,,0.04,,142.08182,203615,0.0009999999,-123.82466,,22329.310439109802,14.36816,0.2,8.809953e-12,0.0009999999,,11,-0.2,3262,98.77659,14.96307,inf,3262,,,62.4202942979767,1296,inf,0.04,,-137.08182,15.120785,-577.64264,577.64264,0.0009999999
0.0009999999,577.64264,463602.44,0.1588985,,0.04,,142.07858,203648,0.0009999999,-126.57227,,22340.636729717255,14.371084,0.2,8.8045534e-12,0.0009999999,,11,-0.2,3263,98.77659,14.962763,inf,3263,,,62.41127796506282,1296,inf,0.12,,-137.07858,15.120253,-577.64264,577.64264,0.0009999999
0.0009999999,577.64264,463740.25,0.24032868,,0.04,,142.07729,203692,0.0009999999,-132.80664,,22352.049062490463,15.207616,0.2,8.799159e-12,0.0009999999,,11,-0.2,3264,98.77659,14.962457,inf,3264,,,62.40563725490196,1296,inf,0.2,,-137.07729,15.119972,-577.64264,577.64264,0.0009999999
0.0009999999,577.64264,463881.56,-0.47973993,,0.12,,142.07704,203731,0.0009999999,-136.28223,,22363.090179920197,11.414959,-0.2,8.79377e-12,0.0009999999,,11,-0.2,3265,98.77659,14.962151,inf,3265,,,62.398468606431855,1296,inf,-0.2,,-137.07704,15.118531,-577.64264,577.64264,0.0009999999
0.0009999999,577.64264,464013.88,-0.39969516,,0.12,,142.07405,203761,0.0009999999,-127.30726,,22373.33593440056,14.013095,-0.2,8.7883876e-12,0.0009999999,,11,-0.2,3266,98.77659,14.961844,inf,3266,,,62.38854868340478,1296,inf,-0.12,,-137.07405,15.117886,-577.64264,577.64264,0.0009999999
0.0009999999,577.64264,464142.5,-0.3202393,,0.12,,142.06995,203787,0.0009999999,-123.64404,,22383.91880273819,13.6350975,-0.2,8.783008e-12,0.0009999999,,11,-0.2,3267,98.77659,14.961538,inf,3267,,,62.37741046831956,1296,inf,-0.04,,-137.06995,15.1171255,-577.64264,577.64264,0.0009999999
0.0009999999,577.64264,464267.6,-0.23921356,,0.12,,142.06474,203813,0.0009999999,-120.09871,,22394.01530814171,13.087634,-0.2,8.777634e-12,0.0009999999,,11,-0.2,3268,98.77659,14.961232,inf,3268,,,62.366279069767444,1296,inf,0.04,,-137.06474,15.116202,-577.64264,577.64264,0.0009999999
0.0009999999,577.64264,464395.34,-0.16162208,,0.12,,142.06036,203839,0.0009999999,-122.735054,,22403.67956995964,13.526264,-0.2,8.772265e-12,0.0009999999,,11,-0.2,3269,98.77659,14.960926,inf,3269,,,62.35515448149281,1296,inf,0.12,,-137.06036,15.115406,-577.64264,577.64264,0.0009999999
0.0009999999,577.64264,464525.3,-0.079841614,,0.12,,142.05667,203868,0.0009999999,-124.96135,,22413.329929590225,14.261317,-0.2,8.7669e-12,0.0009999999,,11,-0.2,3270,98.77659,14.96062,inf,3270,,,62.344954128440364,1296,inf,0.2,,-137.05667,15.114838,-577.64264,577.64264,0.0009999999
0.0009999999,577.64264,464638.5,-0.3958125,,0.12,,142.04785,203883,0.0009999999,-108.215744,,22423.0080037117,13.790429,-0.12,8.76154e-12,0.0009999999,,11,-0.2,3271,98.77659,14.960315,inf,3271,,,62.330479975542644,1296,inf,-0.2,,-137.04785,15.114132,-577.64264,577.64264,0.0009999999
0.0009999999,577.64264,464760.97,-0.3236344,,0.12,,142.04185,203922,0.0009999999,-117.46055,,22432.988633155823,13.021702,-0.12,8.756186e-12,0.0009999999,,11,-0.2,3272,98.77659,14.960009,inf,3272,,,62.32334963325184,1296,inf,-0.12,,-137.04185,15.113186,-577.64264,577.64264,0.0009999999
0.0009999999,577.64264,464881.0,-0.23844996,,0.12,,142.03514,203946,0.0009999999,-115.01405,,22442.724494934082,11.437298,-0.12,8.750836e-12,0.0009999999,,11,-0.2,3273,98.77659,14.959703,inf,3273,,,62.31164069660861,1296,inf,-0.04,,-137.03514,15.111757,-577.64264,577.64264,0.0009999999
0.0009999999,577.64264,465010.16,-0.15715128,,0.12,,142.0312,203974,0.0009999999,-124.1633,,22452.435227394104,14.4302,-0.12,8.7454904e-12,0.0009999999,,11,-0.2,3274,98.77659,14.959397,inf,3274,,,62.30116065974343,1296,inf,0.04,,-137.0312,15.111243,-577.64264,577.64264,0.0009999999
0.0009999999,577.64264,465145.28,-0.081857376,,0.12,,142.0291,204006,0.0009999999,-130.13278,,22461.95433282852,14.262448,-0.12,8.740151e-12,0.0009999999,,11,-0.2,3275,98.77659,14.959092,inf,3275,,,62.29190839694657,1296,inf,0.12,,-137.0291,15.110678,-577.64264,577.64264,0.0009999999
0.0009999999,577.64264,465264.2,-0.0012704879,,0.12,,142.02203,204026,0.0009999999,-113.93406,,22471.24748110771,14.817937,-0.12,8.734817e-12,0.0009999999,,11,-0.2,3276,98.77659,14.958787,inf,3276,,,62.278998778998776,1296,inf,0.2,,-137.02203,15.110285,-577.64264,577.64264,0.0009999999
0.0009999999,577.64264,465418.5,-0.32055986,,0.12,,142.02579,204081,0.0009999999,-149.30795,,22481.499913930893,13.90302,-0.04,8.729486e-12,0.0009999999,,11,-0.2,3277,98.77659,14.958482,inf,3277,,,62.27677754043332,1296,inf,-0.2,,-137.02579,15.109609,-577.64264,577.64264,0.0009999999
0.0009999999,577.64264,465532.5,-0.2366439,,0.12,,142.01724,204146,0.0009999999,-108.970825,,22492.455055475235,14.576444,-0.04,8.72416e-12,0.0009999999,,11,-0.2,3278,98.77659,14.958177,inf,3278,,,62.277608297742525,1296,inf,-0.12,,-137.01724,15.109141,-577.64264,577.64264,0.0009999999
0.0009999999,577.64264,465684.2,-0.16190796,,0.12,,142.02019,204260,0.0009999999,-146.68416,,22503.638752937317,14.115727,-0.04,8.71884e-12,0.0009999999,,11,-0.2,3279,98.77659,14.957871,inf,3279,,,62.29338212869777,1296,inf,-0.04,,-137.02019,15.108537,-577.64264,577.64264,0.0009999999
0.0009999999,577.64264,465814.12,-0.07792424,,0.12,,142.0165,204303,0.0009999999,-124.93677,,22515.03396654129,14.703886,-0.04,8.713525e-12,0.0009999999,,11,-0.2,3280,98.77659,14.957567,inf,3280,,,62.2875,1296,inf,0.04,,-137.0165,15.108106,-577.64264,577.64264,0.0009999999
0.0009999999,577.64264,465967.9,-0.0015469119,,0.12,,142.02008,204359,0.0009999999,-148.79721,,22526.521973609924,14.732935,-0.04,8.708214e-12,0.0009999999,,11,-0.2,3281,98.77659,14.957262,inf,3281,,,62.28558366351722,1296,inf,0.12,,-137.02008,15.107688,-577.64264,577.64264,0.0009999999
0.0009999999,577.64264,466211.47,0.077267066,,0.12,,142.05103,204504,0.0009999999,-238.55928,,22538.160968780518,14.457607,-0.04,8.702907e-12,0.0009999999,,11,-0.2,3282,98.77659,14.956957,inf,3282,,,62.31078610603291,1296,inf,0.2,,-137.05103,15.107183,-577.64264,577.64264,0.0009999999
0.0009999999,577.64264,466407.53,-0.24084857,,0.12,,142.06747,204597,0.0009999999,-191.06418,,22548.88755297661,11.794732,0.04,8.697607e-12,0.0009999999,,11,-0.2,3283,98.77659,14.956653,inf,3283,,,62.320134023758754,1296,inf,-0.2,,-137.06747,15.105869,-577.64264,577.64264,0.0009999999
0.0009999999,577.64264,466515.9,-0.16171265,,0.12,,142.05722,204666,0.0009999999,-103.37463,,22559.70490670204,14.922953,0.04,8.692311e-12,0.0009999999,,11,-0.2,3284,98.77659,14.956348,inf,3284,,,62.32216808769793,1296,inf,-0.12,,-137.05722,15.105512,-577.64264,577.64264,0.0009999999
0.0009999999,577.64264,466675.5,-0.0782477,,0.12,,142.06256,204733,0.0009999999,-154.56686,,22570.278333187103,15.397198,0.04,8.68702e-12,0.0009999999,,11,-0.2,3285,98.77659,14.956043,inf,3285,,,62.32359208523592,1296,inf,-0.04,,-137.06256,15.105294,-577.64264,577.64264,0.0009999999
0.0009999999,577.64264,466816.0,-0.0019740202,,0.12,,142.06209,204771,0.0009999999,-135.50836,,22580.522740602493,12.884934,0.04,8.681733e-12,0.0009999999,,11,-0.2,3286,98.77659,14.955739,inf,3286,,,62.31618989653074,1296,inf,0.04,,-137.06209,15.104313,-577.64264,577.64264,0.0009999999
0.0009999999,577.64264,467018.7,0.08211932,,0.12,,142.08052,204872,0.0009999999,-197.7102,,22590.43418240547,13.966389,0.04,8.676451e-12,0.0009999999,,11,-0.2,3287,98.77659,14.955435,inf,3287,,,62.327958624885916,1296,inf,0.12,,-137.08052,15.103666,-577.64264,577.64264,0.0009999999
0.0009999999,577.64264,467142.9,0.1601911,,0.12,,142.07509,204897,0.0009999999,-119.22804,,22599.946630239487,14.865325,0.04,8.671174e-12,0.0009999999,,11,-0.2,3288,98.77659,14.955131,inf,3288,,,62.316605839416056,1296,inf,0.2,,-137.07509,15.10329,-577.64264,577.64264,0.0009999999
0.0009999999,577.64264,467310.53,-0.16164863,,0.12,,142.08286,204961,0.0009999999,-162.61761,,22609.522844076157,14.404018,0.12,8.665901e-12,0.0009999999,,11,-0.2,3289,98.77659,14.954826,inf,3289,,,62.31711766494375,1296,inf,-0.2,,-137.08286,15.102773,-577.64264,577.64264,0.0009999999
0.0009999999,577.64264,467448.25,-0.0786525,,0.12,,142.08153,204997,0.0009999999,-132.73106,,22619.124377012253,15.240487,0.12,8.660636e-12,0.0009999999,,11,-0.2,3290,98.77659,14.954523,inf,3290,,,62.309118541033435,1296,inf,-0.12,,-137.08153,15.1025095,-577.64264,577.64264,0.0009999999
0.0009999999,577.64264,467573.56,0.00089004636,,0.12,,142.07645,205029,0.0009999999,-120.314514,,22628.884293556213,15.327283,0.12,8.655373e-12,0.0009999999,,11,-0.2,3291,98.77659,14.954219,inf,3291,,,62.29990884229717,1296,inf,-0.04,,-137.07645,15.102275,-577.64264,577.64264,0.0009999999
0.0009999999,577.64264,467704.88,0.081636354,,0.12,,142.07317,205058,0.0009999999,-126.312584,,22638.446671962738,15.050468,0.12,8.6501145e-12,0.0009999999,,11,-0.2,3292,98.77659,14.953915,inf,3292,,,62.28979343863912,1296,inf,0.04,,-137.07317,15.101957,-577.64264,577.64264,0.0009999999
0.0009999999,577.64264,467849.3,0.1576249,,0.12,,142.07388,205105,0.0009999999,-139.44263,,22648.155885457993,15.3512745,0.12,8.644862e-12,0.0009999999,,11,-0.2,3293,98.77659,14.953611,inf,3293,,,62.285150318858186,1296,inf,0.12,,-137.07388,15.101727,-577.64264,577.64264,0.0009999999
0.0009999999,577.64264,467978.06,0.23920089,,0.12,,142.06984,205131,0.0009999999,-123.72537,,22658.14079594612,15.012397,0.12,8.639614e-12,0.0009999999,,11,-0.2,3294,98.77659,14.953307,inf,3294,,,62.27413479052823,1296,inf,0.2,,-137.06984,15.101394,-577.64264,577.64264,0.0009999999
0.0009999999,577.64264,468114.47,-0.080571495,,0.12,,142.06813,205164,0.0009999999,-131.39539,,22667.366419315338,13.801269,0.2,8.634371e-12,0.0009999999,,11,-0.2,3295,98.77659,14.953004,inf,3295,,,62.26525037936267,1296,inf,-0.2,,-137.06813,15.100699,-577.64264,577.64264,0.0009999999
0.0009999999,577.64264,468233.9,-0.0023626685,,0.12,,142.06126,205199,0.0009999999,-114.44137,,22678.387054681778,15.256608,0.2,8.629133e-12,0.0009999999,,11,-0.2,3296,98.77659,14.952701,inf,3296,,,62.25697815533981,1296,inf,-0.12,,-137.06126,15.100443,-577.64264,577.64264,0.0009999999
0.0009999999,577.64264,468365.62,0.07993417,,0.12,,142.05812,205230,0.0009999999,-126.70685,,22689.978927373886,13.9721365,0.2,8.6238985e-12,0.0009999999,,11,-0.2,3297,98.77659,14.952397,inf,3297,,,62.24749772520473,1296,inf,-0.04,,-137.05812,15.099799,-577.64264,577.64264,0.0009999999
0.0009999999,577.64264,468499.94,0.15859975,,0.12,,142.05577,205264,0.0009999999,-129.33702,,22701.874445915222,11.492658,0.2,8.61867e-12,0.0009999999,,11,-0.2,3298,98.77659,14.952094,inf,3298,,,62.23893268647665,1296,inf,0.04,,-137.05577,15.0984,-577.64264,577.64264,0.0009999999
0.0009999999,577.64264,468630.56,0.23696363,,0.12,,142.0523,205292,0.0009999999,-125.5966,,22713.059000968933,14.259995,0.2,8.613445e-12,0.0009999999,,11,-0.2,3299,98.77659,14.951791,inf,3299,,,62.22855410730524,1296,inf,0.12,,-137.0523,15.097842,-577.64264,577.64264,0.0009999999
0.0009999999,577.64264,468764.2,0.32050532,,0.12,,142.04976,205327,0.0009999999,-128.63364,,22724.19061112404,13.522374,0.2,8.608226e-12,0.0009999999,,11,-0.2,3300,98.77659,14.951488,inf,3300,,,62.22030303030303,1296,inf,0.2,,-137.04976,15.097063,-577.64264,577.64264,0.0009999999
0.0009999999,577.64264,468884.06,-0.32601264,,0.2,,142.04303,205347,0.0009999999,-114.88625,,22735.46940970421,13.975657,-0.2,8.603011e-12,0.0009999999,,11,-0.2,3301,98.77659,14.951184,inf,3301,,,62.2075128748864,1296,inf,-0.12,,-137.04303,15.096417,-577.64264,577.64264,0.0009999999
0.0009999999,577.64264,468999.47,-0.24059284,,0.2,,142.03497,205363,0.0009999999,-110.41531,,22746.151823282242,10.160248,-0.2,8.597801e-12,0.0009999999,,11,-0.2,3302,98.77659,14.950882,inf,3302,,,62.193519079345855,1296,inf,-0.04,,-137.03497,15.094622,-577.64264,577.64264,0.0009999999
0.0009999999,577.64264,469136.28,-0.16082609,,0.2,,142.03339,205399,0.0009999999,-131.80571,,22756.003370523453,13.229761,-0.2,8.592595e-12,0.0009999999,,11,-0.2,3303,98.77659,14.950579,inf,3303,,,62.18558885861338,1296,inf,0.04,,-137.03339,15.093756,-577.64264,577.64264,0.0009999999
0.0009999999,577.64264,469258.5,-0.08180043,,0.2,,142.02739,205420,0.0009999999,-117.19364,,22765.748171806335,11.379769,-0.2,8.587395e-12,0.0009999999,,11,-0.2,3304,98.77659,14.950276,inf,3304,,,62.17312348668281,1296,inf,0.12,,-137.02739,15.092326,-577.64264,577.64264,0.0009999999
0.0009999999,577.64264,469390.44,-0.31878754,,0.2,,142.02434,205450,0.0009999999,-126.9547,,22775.420994758606,15.282171,-0.12,8.582199e-12,0.0009999999,,11,-0.2,3305,98.77659,14.949974,inf,3305,,,62.16338880484115,1296,inf,-0.2,,-137.02434,15.092084,-577.64264,577.64264,0.0009999999
0.0009999999,577.64264,469508.8,-0.23564057,,0.2,,142.01718,205472,0.0009999999,-113.37526,,22785.055320501328,12.616848,-0.12,8.577009e-12,0.0009999999,,11,-0.2,3306,98.77659,14.949671,inf,3306,,,62.15124016938899,1296,inf,-0.12,,-137.01718,15.091032,-577.64264,577.64264,0.0009999999
0.0009999999,577.64264,469633.25,-0.15854108,,0.2,,142.01187,205509,0.0009999999,-119.46838,,22794.619186878204,12.480691,-0.12,8.571822e-12,0.0009999999,,11,-0.2,3307,98.77659,14.9493685,inf,3307,,,62.143634714242516,1296,inf,-0.04,,-137.01187,15.089939,-577.64264,577.64264,0.0009999999
0.0009999999,577.64264,469762.7,-0.08070682,,0.2,,142.00807,205538,0.0009999999,-124.40179,,22804.2925927639,13.6280155,-0.12,8.56664e-12,0.0009999999,,11,-0.2,3308,98.77659,14.949066,inf,3308,,,62.13361547762999,1296,inf,0.04,,-137.00807,15.089195,-577.64264,577.64264,0.0009999999
0.0009999999,577.64264,469914.8,0.0012238398,,0.2,,142.01112,205587,0.0009999999,-147.11853,,22814.076337575912,14.70972,-0.12,8.561463e-12,0.0009999999,,11,-0.2,3309,98.77659,14.948764,inf,3309,,,62.12964641885766,1296,inf,0.12,,-137.01112,15.088776,-577.64264,577.64264,0.0009999999
0.0009999999,577.64264,470031.2,0.082611114,,0.2,,142.00339,205604,0.0009999999,-111.400536,,22823.84448647499,14.157976,-0.12,8.556291e-12,0.0009999999,,11,-0.2,3310,98.77659,14.948462,inf,3310,,,62.11601208459214,1296,inf,0.2,,-137.00339,15.088198,-577.64264,577.64264,0.0009999999
0.0009999999,577.64264,470215.16,-0.23887837,,0.2,,142.01605,205687,0.0009999999,-178.96313,,22833.670159101486,12.616644,-0.04,8.551123e-12,0.0009999999,,11,-0.2,3311,98.77659,14.94816,inf,3311,,,62.122319540924195,1296,inf,-0.2,,-137.01605,15.087148,-577.64264,577.64264,0.0009999999
0.0009999999,577.64264,470351.16,-0.16299614,,0.2,,142.01424,205720,0.0009999999,-131.00797,,22842.962327241898,14.308797,-0.04,8.545961e-12,0.0009999999,,11,-0.2,3312,98.77659,14.947858,inf,3312,,,62.11352657004831,1296,inf,-0.12,,-137.01424,15.08661,-577.64264,577.64264,0.0009999999
0.0009999999,577.64264,470486.12,-0.07676083,,0.2,,142.01212,205760,0.0009999999,-129.96626,,22852.038810491562,12.331138,-0.04,8.540802e-12,0.0009999999,,11,-0.2,3313,98.77659,14.9475565,inf,3313,,,62.10685179595533,1296,inf,-0.04,,-137.01212,15.085478,-577.64264,577.64264,0.0009999999
0.0009999999,577.64264,470613.88,-0.00041510537,,0.2,,142.00781,205792,0.0009999999,-122.745415,,22861.169162750244,14.339376,-0.04,8.535649e-12,0.0009999999,,11,-0.2,3314,98.77659,14.947254,inf,3314,,,62.097767048883526,1296,inf,0.04,,-137.00781,15.084949,-577.64264,577.64264,0.0009999999
0.0009999999,577.64264,470780.38,0.08233592,,0.2,,142.0152,205856,0.0009999999,-161.50165,,22871.74727344513,14.270622,-0.04,8.530499e-12,0.0009999999,,11,-0.2,3315,98.77659,14.946953,inf,3315,,,62.09834087481146,1296,inf,0.12,,-137.0152,15.084401,-577.64264,577.64264,0.0009999999
0.0009999999,577.64264,470919.62,0.1591165,,0.2,,142.01436,205892,0.0009999999,-134.25235,,22883.761236190796,14.784701,-0.04,8.525356e-12,0.0009999999,,11,-0.2,3316,98.77659,14.9466505,inf,3316,,,62.09047044632087,1296,inf,0.2,,-137.01436,15.084011,-577.64264,577.64264,0.0009999999
0.0009999999,577.64264,471107.47,-0.15898429,,0.2,,142.02818,205977,0.0009999999,-182.85419,,22895.880450725555,15.07997,0.04,8.520215e-12,0.0009999999,,11,-0.2,3317,98.77659,14.946349,inf,3317,,,62.09737714802532,1296,inf,-0.2,,-137.02818,15.08371,-577.64264,577.64264,0.0009999999
0.0009999999,577.64264,471218.1,-0.081677705,,0.2,,142.0187,206005,0.0009999999,-105.62591,,22907.340849161148,15.518544,0.04,8.51508e-12,0.0009999999,,11,-0.2,3318,98.77659,14.946048,inf,3318,,,62.08710066305003,1296,inf,-0.12,,-137.0187,15.083541,-577.64264,577.64264,0.0009999999
0.0009999999,577.64264,471353.38,-0.001683291,,0.2,,142.01668,206052,0.0009999999,-130.25746,,22918.679861307144,14.668761,0.04,8.5099506e-12,0.0009999999,,11,-0.2,3319,98.77659,14.945746,inf,3319,,,62.0825549864417,1296,inf,-0.04,,-137.01668,15.083112,-577.64264,577.64264,0.0009999999
0.0009999999,577.64264,471486.0,0.078467615,,0.2,,142.01385,206082,0.0009999999,-127.64573,,22929.712319612503,13.733205,0.04,8.504824e-12,0.0009999999,,11,-0.2,3320,98.77659,14.945445,inf,3320,,,62.07289156626506,1296,inf,0.04,,-137.01385,15.082403,-577.64264,577.64264,0.0009999999
0.0009999999,577.64264,471690.28,0.15468189,,0.2,,142.03261,206185,0.0009999999,-199.2609,,22940.134971380234,14.865034,0.04,8.4997035e-12,0.0009999999,,11,-0.2,3321,98.77659,14.945145,inf,3321,,,62.08521529659741,1296,inf,0.12,,-137.03261,15.082037,-577.64264,577.64264,0.0009999999
0.0009999999,577.64264,471899.94,0.23854423,,0.2,,142.05296,206291,0.0009999999,-204.65634,,22950.237690210342,11.2969475,0.04,8.494587e-12,0.0009999999,,11,-0.2,3322,98.77659,14.944843,inf,3322,,,62.098434677904876,1296,inf,0.2,,-137.05296,15.080594,-577.64264,577.64264,0.0009999999
0.0009999999,577.64264,472090.06,-0.0810532,,0.2,,142.06743,206379,0.0009999999,-185.12054,,22960.067745923996,13.219145,0.12,8.489475e-12,0.0009999999,,11,-0.2,3323,98.77659,14.944542,inf,3323,,,62.106229310863675,1296,inf,-0.2,,-137.06743,15.079736,-577.64264,577.64264,0.0009999999
0.0009999999,577.64264,472207.97,-0.0025132746,,0.2,,142.06017,206428,0.0009999999,-112.90897,,22969.832756757736,15.28519,0.12,8.484367e-12,0.0009999999,,11,-0.2,3324,98.77659,14.944242,inf,3324,,,62.10228640192539,1296,inf,-0.12,,-137.06017,15.079497,-577.64264,577.64264,0.0009999999
0.0009999999,577.64264,472327.34,0.0814936,,0.2,,142.05333,206475,0.0009999999,-114.38394,,22979.53422832489,13.480176,0.12,8.479265e-12,0.0009999999,,11,-0.2,3325,98.77659,14.94394,inf,3325,,,62.097744360902254,1296,inf,-0.04,,-137.05333,15.078713,-577.64264,577.64264,0.0009999999
0.0009999999,577.64264,472459.25,0.16417474,,0.2,,142.0503,206505,0.0009999999,-126.88808,,22989.194143533707,14.684988,0.12,8.474167e-12,0.0009999999,,11,-0.2,3326,98.77659,14.94364,inf,3326,,,62.088093806374026,1296,inf,0.04,,-137.0503,15.078298,-577.64264,577.64264,0.0009999999
0.0009999999,577.64264,472593.94,0.23633263,,0.2,,142.04807,206538,0.0009999999,-129.7262,,22998.75627732277,12.913049,0.12,8.4690735e-12,0.0009999999,,11,-0.2,3327,98.77659,14.943339,inf,3327,,,62.079350766456265,1296,inf,0.12,,-137.04807,15.077343,-577.64264,577.64264,0.0009999999
0.0009999999,577.64264,472754.88,0.31815293,,0.2,,142.05374,206602,0.0009999999,-155.93135,,23008.39093232155,12.542252,0.12,8.463986e-12,0.0009999999,,11,-0.2,3328,98.77659,14.943039,inf,3328,,,62.07992788461539,1296,inf,0.2,,-137.05374,15.076281,-577.64264,577.64264,0.0009999999
0.0009999999,577.64264,472903.8,0.07671512,,0.2,,142.05582,206648,0.0009999999,-143.93416,,23018.262084007263,14.313945,0.2,8.4589e-12,0.0009999999,,11,-0.2,3329,98.77659,14.942739,inf,3329,,,62.07509762691499,1296,inf,-0.12,,-137.05582,15.075755,-577.64264,577.64264,0.0009999999
0.0009999999,577.64264,473015.34,0.15614721,,0.2,,142.04665,206678,0.0009999999,-106.51777,,23028.066677331924,14.375381,0.2,8.453821e-12,0.0009999999,,11,-0.2,3330,98.77659,14.942438,inf,3330,,,62.065465465465465,1296,inf,-0.04,,-137.04665,15.075243,-577.64264,577.64264,0.0009999999
0.0009999999,577.64264,473137.3,0.23967706,,0.2,,142.04062,206702,0.0009999999,-116.95673,,23037.892637491226,13.152509,0.2,8.448745e-12,0.0009999999,,11,-0.2,3331,98.77659,14.942138,inf,3331,,,62.054037826478535,1296,inf,0.04,,-137.04062,15.074368,-577.64264,577.64264,0.0009999999
0.0009999999,577.64264,473258.25,0.31705964,,0.2,,142.03429,206724,0.0009999999,-115.966385,,23047.274938821793,14.659819,0.2,8.4436754e-12,0.0009999999,,11,-0.2,3332,98.77659,14.941837,inf,3332,,,62.04201680672269,1296,inf,0.12,,-137.03429,15.073941,-577.64264,577.64264,0.0009999999
0.0009999999,577.64264,473375.38,-0.7200683,,-0.2,,142.02681,206742,0.0009999999,-112.112816,,23056.851210832596,13.174077,-0.2,8.438609e-12,0.0009999999,,11,-0.12,3333,98.77659,14.941538,inf,3333,,,62.028802880288026,1296,inf,-0.2,,-137.02681,15.073069,-577.64264,577.64264,0.0009999999
0.0009999999,577.64264,473492.56,-0.640335,,-0.2,,142.01936,206784,0.0009999999,-112.196144,,23068.32421374321,15.6249895,-0.2,8.433547e-12,0.0009999999,,11,-0.12,3334,98.77659,14.941237,inf,3334,,,62.02279544091182,1296,inf,-0.12,,-137.01936,15.072937,-577.64264,577.64264,0.0009999999
0.0009999999,577.64264,473621.62,-0.5615407,,-0.2,,142.01547,206836,0.0009999999,-124.042175,,23079.53253865242,15.461424,-0.2,8.428491e-12,0.0009999999,,11,-0.12,3335,98.77659,14.940937,inf,3335,,,62.019790104947525,1296,inf,-0.04,,-137.01547,15.072751,-577.64264,577.64264,0.0009999999
0.0009999999,577.64264,473755.5,-0.47850436,,-0.2,,142.01305,206868,0.0009999999,-128.89056,,23091.43541932106,10.818529,-0.2,8.423439e-12,0.0009999999,,11,-0.12,3336,98.77659,14.940638,inf,3336,,,62.010791366906474,1296,inf,0.04,,-137.01305,15.071179,-577.64264,577.64264,0.0009999999
0.0009999999,577.64264,473875.12,-0.40126425,,-0.2,,142.00633,206893,0.0009999999,-114.63749,,23102.967547416687,14.571426,-0.2,8.418391e-12,0.0009999999,,11,-0.12,3337,98.77659,14.940338,inf,3337,,,61.9997003296374,1296,inf,0.12,,-137.00633,15.070728,-577.64264,577.64264,0.0009999999
0.0009999999,577.64264,474002.62,-0.32319826,,-0.2,,142.00198,206921,0.0009999999,-122.48716,,23114.879291057587,15.184309,-0.2,8.413348e-12,0.0009999999,,11,-0.12,3338,98.77659,14.940039,inf,3338,,,61.989514679448774,1296,inf,0.2,,-137.00198,15.070463,-577.64264,577.64264,0.0009999999
0.0009999999,577.64264,474138.44,-0.6381391,,-0.2,,142.00014,206957,0.0009999999,-130.83237,,23125.99746966362,12.0026245,-0.12,8.408309e-12,0.0009999999,,11,-0.12,3339,98.77659,14.939739,inf,3339,,,61.98173105720276,1296,inf,-0.2,,-137.00014,15.069246,-577.64264,577.64264,0.0009999999
0.0009999999,577.64264,474259.25,-0.5576607,,-0.2,,141.99379,207008,0.0009999999,-115.81636,,23136.784113883972,14.221283,-0.12,8.4032755e-12,0.0009999999,,11,-0.12,3340,98.77659,14.93944,inf,3340,,,61.97844311377246,1296,inf,-0.12,,-136.99379,15.06869,-577.64264,577.64264,0.0009999999
0.0009999999,577.64264,474429.22,-0.4781522,,-0.2,,142.00217,207129,0.0009999999,-164.94292,,23147.53258419037,14.110542,-0.12,8.398246e-12,0.0009999999,,11,-0.12,3341,98.77659,14.93914,inf,3341,,,61.99610894941634,1296,inf,-0.04,,-137.00217,15.068104,-577.64264,577.64264,0.0009999999
0.0009999999,577.64264,474607.34,-0.39983213,,-0.2,,142.01297,207629,0.0009999999,-173.10959,,23158.124658346176,13.7606945,-0.12,8.39322e-12,0.0009999999,,11,-0.12,3342,98.77659,14.938841,inf,3342,,,62.12716935966487,1296,inf,0.04,,-137.01297,15.067416,-577.64264,577.64264,0.0009999999
0.0009999999,577.64264,475108.25,-0.3174233,,-0.2,,142.12033,208129,0.0009999999,-495.89767,,23168.879363775253,15.773592,-0.12,8.388199e-12,0.0009999999,,11,-0.12,3343,98.77659,14.938541,inf,3343,,,62.258151361052946,1296,inf,0.12,,-137.12033,15.067327,-577.64264,577.64264,0.0009999999
0.0009999999,577.64264,475608.88,-0.23970145,,-0.2,,142.22754,208629,0.0009999999,-495.63052,,23179.28226661682,12.263698,-0.12,8.383184e-12,0.0009999999,,11,-0.12,3344,98.77659,14.938243,inf,3344,,,62.38905502392345,1296,inf,0.2,,-137.22754,15.066194,-577.64264,577.64264,0.0009999999
0.0009999999,577.64264,475748.75,-0.55909586,,-0.2,,142.22684,208678,0.0009999999,-134.89532,,23188.939096212387,14.53868,-0.04,8.378171e-12,0.0009999999,,11,-0.12,3345,98.77659,14.937943,inf,3345,,,62.385052316890885,1296,inf,-0.2,,-137.22684,15.065732,-577.64264,577.64264,0.0009999999
0.0009999999,577.64264,475859.75,-0.47883606,,-0.2,,142.2175,208744,0.0009999999,-105.987946,,23198.661174297333,13.5096,-0.04,8.373165e-12,0.0009999999,,11,-0.12,3346,98.77659,14.937645,inf,3346,,,62.386132695756125,1296,inf,-0.12,,-137.2175,15.064969,-577.64264,577.64264,0.0009999999
0.0009999999,577.64264,475984.0,-0.4021735,,-0.2,,142.21213,208865,0.0009999999,-119.243065,,23208.424205064774,14.1893635,-0.04,8.368161e-12,0.0009999999,,11,-0.12,3347,98.77659,14.9373455,inf,3347,,,62.40364505527338,1296,inf,-0.04,,-137.21213,15.064409,-577.64264,577.64264,0.0009999999
0.0009999999,577.64264,476225.56,-0.32098925,,-0.2,,142.2418,209365,0.0009999999,-236.60152,,23218.971250772476,13.897044,-0.04,8.363164e-12,0.0009999999,,11,-0.12,3348,98.77659,14.937047,inf,3348,,,62.53434886499403,1296,inf,0.04,,-137.2418,15.063759,-577.64264,577.64264,0.0009999999
0.0009999999,577.64264,476724.7,-0.24168116,,-0.2,,142.34837,209865,0.0009999999,-494.10828,,23229.224692106247,14.136749,-0.04,8.35817e-12,0.0009999999,,11,-0.12,3349,98.77659,14.9367485,inf,3349,,,62.66497461928934,1296,inf,0.12,,-137.34837,15.063189,-577.64264,577.64264,0.0009999999
0.0009999999,577.64264,477226.22,-0.16002625,,-0.2,,142.45558,210365,0.0009999999,-496.53122,,23239.533294677734,13.90025,-0.04,8.35318e-12,0.0009999999,,11,-0.12,3350,98.77659,14.93645,inf,3350,,,62.7955223880597,1296,inf,0.2,,-137.45558,15.062542,-577.64264,577.64264,0.0009999999
0.0009999999,577.64264,477726.9,-0.47762185,,-0.2,,142.56248,210865,0.0009999999,-495.6844,,23249.51245212555,13.418226,0.04,8.348196e-12,0.0009999999,,11,-0.12,3351,98.77659,14.9361515,inf,3351,,,62.92599224112205,1296,inf,-0.2,,-137.56248,15.061751,-577.64264,577.64264,0.0009999999
0.0009999999,577.64264,477821.4,-0.39800823,,-0.2,,142.54816,210950,0.0009999999,-89.49368,,23262.03044629097,13.352614,0.04,8.343216e-12,0.0009999999,,11,-0.12,3352,98.77659,14.935853,inf,3352,,,62.93257756563246,1296,inf,-0.12,,-137.54816,15.0609455,-577.64264,577.64264,0.0009999999
0.0009999999,577.64264,477940.62,-0.320086,,-0.2,,142.5412,211165,0.0009999999,-114.23335,,23273.738264083862,14.148611,0.04,8.33824e-12,0.0009999999,,11,-0.12,3353,98.77659,14.9355545,inf,3353,,,62.977930211750675,1296,inf,-0.04,,-137.5412,15.06037,-577.64264,577.64264,0.0009999999
0.0009999999,577.64264,478264.75,-0.23956761,,-0.2,,142.59534,211665,0.0009999999,-319.103,,23285.96503686905,14.01402,0.04,8.333269e-12,0.0009999999,,11,-0.12,3354,98.77659,14.935257,inf,3354,,,63.108228980322004,1296,inf,0.04,,-137.59534,15.059764,-577.64264,577.64264,0.0009999999
0.0009999999,577.64264,478767.5,-0.16373691,,-0.2,,142.70268,212165,0.0009999999,-497.76123,,23297.84132194519,14.294595,0.04,8.328302e-12,0.0009999999,,11,-0.12,3355,98.77659,14.934958,inf,3355,,,63.23845007451565,1296,inf,0.12,,-137.70268,15.0592375,-577.64264,577.64264,0.0009999999
0.0009999999,577.64264,479269.94,-0.08050685,,-0.2,,142.80988,212665,0.0009999999,-497.41025,,23310.11067223549,13.389153,0.04,8.323339e-12,0.0009999999,,11,-0.12,3356,98.77659,14.93466,inf,3356,,,63.36859356376639,1296,inf,0.2,,-137.80988,15.05844,-577.64264,577.64264,0.0009999999
0.0009999999,577.64264,479770.4,-0.39823788,,-0.2,,142.91641,213165,0.0009999999,-495.49405,,23321.636040449142,11.563641,0.12,8.318382e-12,0.0009999999,,11,-0.12,3357,98.77659,14.934362,inf,3357,,,63.498659517426276,1296,inf,-0.2,,-137.91641,15.057104,-577.64264,577.64264,0.0009999999
0.0009999999,577.64264,479884.7,-0.3217215,,-0.2,,142.90788,213247,0.0009999999,-109.29417,,23332.24855208397,14.112722,0.12,8.313428e-12,0.0009999999,,11,-0.12,3358,98.77659,14.934065,inf,3358,,,63.50416914830256,1296,inf,-0.12,,-137.90788,15.056523,-577.64264,577.64264,0.0009999999
0.0009999999,577.64264,480037.25,-0.24050783,,-0.2,,142.91077,213337,0.0009999999,-147.57426,,23342.352685689926,14.697519,0.12,8.308478e-12,0.0009999999,,11,-0.12,3359,98.77659,14.933767,inf,3359,,,63.51205715986901,1296,inf,-0.04,,-137.91077,15.056118,-577.64264,577.64264,0.0009999999
0.0009999999,577.64264,480457.94,-0.15848534,,-0.2,,142.99344,213837,0.0009999999,-415.67697,,23352.84334588051,15.582269,0.12,8.303534e-12,0.0009999999,,11,-0.12,3360,98.77659,14.933469,inf,3360,,,63.64196428571429,1296,inf,0.04,,-137.99344,15.055981,-577.64264,577.64264,0.0009999999
0.0009999999,577.64264,480959.28,-0.080335006,,-0.2,,143.10005,214337,0.0009999999,-496.323,,23363.56741285324,12.888061,0.12,8.298594e-12,0.0009999999,,11,-0.12,3361,98.77659,14.933171,inf,3361,,,63.77179410889616,1296,inf,0.12,,-138.10005,15.055034,-577.64264,577.64264,0.0009999999
0.0009999999,577.64264,481462.44,-0.0011879057,,-0.2,,143.20715,214837,0.0009999999,-498.14725,,23374.111141443253,14.125363,0.12,8.293657e-12,0.0009999999,,11,-0.12,3362,98.77659,14.932874,inf,3362,,,63.901546698393815,1296,inf,0.2,,-138.20715,15.054463,-577.64264,577.64264,0.0009999999
0.0009999999,577.64264,481966.6,-0.32387525,,-0.2,,143.31448,215337,0.0009999999,-499.1757,,23384.173315763474,14.782732,0.2,8.288726e-12,0.0009999999,,11,-0.12,3363,98.77659,14.932577,inf,3363,,,64.03122212310437,1296,inf,-0.2,,-138.31448,15.054084,-577.64264,577.64264,0.0009999999
0.0009999999,577.64264,482077.44,-0.23854274,,-0.2,,143.30482,215361,0.0009999999,-105.82559,,23393.792072296143,11.937181,0.2,8.283798e-12,0.0009999999,,11,-0.12,3364,98.77659,14.93228,inf,3364,,,64.019322235434,1296,inf,-0.12,,-138.30482,15.05286,-577.64264,577.64264,0.0009999999
0.0009999999,577.64264,482216.75,-0.15667178,,-0.2,,143.30363,215397,0.0009999999,-134.3403,,23403.355785369873,13.304192,0.2,8.278875e-12,0.0009999999,,11,-0.12,3365,98.77659,14.931982,inf,3365,,,64.0109955423477,1296,inf,-0.04,,-138.30363,15.052044,-577.64264,577.64264,0.0009999999
0.0009999999,577.64264,482340.56,-0.080481336,,-0.2,,143.29785,215433,0.0009999999,-118.77458,,23413.504027605057,14.232493,0.2,8.273957e-12,0.0009999999,,11,-0.12,3366,98.77659,14.931685,inf,3366,,,64.00267379679144,1296,inf,0.04,,-138.29785,15.051502,-577.64264,577.64264,0.0009999999
0.0009999999,577.64264,482474.25,-0.0007871315,,-0.2,,143.295,215471,0.0009999999,-128.69331,,23423.430575609207,11.896983,0.2,8.2690434e-12,0.0009999999,,11,-0.12,3367,98.77659,14.931388,inf,3367,,,63.994950994951,1296,inf,0.12,,-138.295,15.050271,-577.64264,577.64264,0.0009999999
0.0009999999,577.64264,482609.75,0.08149856,,-0.2,,143.29268,215508,0.0009999999,-130.49596,,23432.956486701965,14.937904,0.2,8.264133e-12,0.0009999999,,11,-0.12,3368,98.77659,14.931091,inf,3368,,,63.98693586698337,1296,inf,0.2,,-138.29268,15.049938,-577.64264,577.64264,0.0009999999
0.0009999999,577.64264,482728.84,-0.6358744,,-0.12,,143.28549,215528,0.0009999999,-114.11009,,23442.203187704086,14.898228,-0.2,8.259228e-12,0.0009999999,,11,-0.12,3369,98.77659,14.930794,inf,3369,,,63.973879489462746,1296,inf,-0.2,,-138.28549,15.049595,-577.64264,577.64264,0.0009999999
0.0009999999,577.64264,482847.06,-0.55800563,,-0.12,,143.27806,215545,0.0009999999,-113.211655,,23453.50494837761,12.379565,-0.2,8.254328e-12,0.0009999999,,11,-0.12,3370,98.77659,14.930497,inf,3370,,,63.95994065281899,1296,inf,-0.12,,-138.27806,15.04851,-577.64264,577.64264,0.0009999999
0.0009999999,577.64264,482975.3,-0.48050037,,-0.12,,143.2736,215572,0.0009999999,-123.264465,,23465.173537015915,15.102301,-0.2,8.249431e-12,0.0009999999,,11,-0.12,3371,98.77659,14.930201,inf,3371,,,63.94897656481756,1296,inf,-0.04,,-138.2736,15.048225,-577.64264,577.64264,0.0009999999
0.0009999999,577.64264,483091.4,-0.40120822,,-0.12,,143.26555,215594,0.0009999999,-111.09885,,23476.898092746735,14.695783,-0.2,8.244539e-12,0.0009999999,,11,-0.12,3372,98.77659,14.929904,inf,3372,,,63.93653618030842,1296,inf,0.04,,-138.26555,15.047827,-577.64264,577.64264,0.0009999999
0.0009999999,577.64264,483215.56,-0.31663495,,-0.12,,143.25987,215619,0.0009999999,-119.182365,,23487.84553670883,15.441803,-0.2,8.239651e-12,0.0009999999,,11,-0.12,3373,98.77659,14.929607,inf,3373,,,63.92499258820042,1296,inf,0.12,,-138.25987,15.047647,-577.64264,577.64264,0.0009999999
0.0009999999,577.64264,483332.16,-0.23805946,,-0.12,,143.25197,215636,0.0009999999,-111.574844,,23499.675673484802,13.168687,-0.2,8.234767e-12,0.0009999999,,11,-0.12,3374,98.77659,14.929311,inf,3374,,,63.91108476585655,1296,inf,0.2,,-138.25197,15.046793,-577.64264,577.64264,0.0009999999
0.0009999999,577.64264,483462.06,-0.55837876,,-0.12,,143.24802,215672,0.0009999999,-124.90439,,23510.638269662857,13.985053,-0.12,8.229889e-12,0.0009999999,,11,-0.12,3375,98.77659,14.929015,inf,3375,,,63.90281481481482,1296,inf,-0.2,,-138.24802,15.0461855,-577.64264,577.64264,0.0009999999
0.0009999999,577.64264,483595.1,-0.48215806,,-0.12,,143.245,215734,0.0009999999,-128.02667,,23521.029995918274,12.218218,-0.12,8.2250136e-12,0.0009999999,,11,-0.12,3376,98.77659,14.928719,inf,3376,,,63.90225118483412,1296,inf,-0.12,,-138.245,15.045047,-577.64264,577.64264,0.0009999999
0.0009999999,577.64264,483720.66,-0.39728147,,-0.12,,143.23976,215787,0.0009999999,-120.54626,,23531.292311668396,13.306628,-0.12,8.220144e-12,0.0009999999,,11,-0.12,3377,98.77659,14.928423,inf,3377,,,63.899022801302934,1296,inf,-0.04,,-138.23976,15.044238,-577.64264,577.64264,0.0009999999
0.0009999999,577.64264,483837.94,-0.32011962,,-0.12,,143.23207,215827,0.0009999999,-112.29386,,23541.568059444427,13.788964,-0.12,8.215278e-12,0.0009999999,,11,-0.12,3378,98.77659,14.928126,inf,3378,,,63.891947898164595,1296,inf,0.04,,-138.23207,15.043571,-577.64264,577.64264,0.0009999999
0.0009999999,577.64264,483981.44,-0.24322319,,-0.12,,143.23215,215874,0.0009999999,-138.50421,,23551.59735608101,12.078797,-0.12,8.210416e-12,0.0009999999,,11,-0.12,3379,98.77659,14.927831,inf,3379,,,63.88694880142054,1296,inf,0.12,,-138.23215,15.042397,-577.64264,577.64264,0.0009999999
0.0009999999,577.64264,484123.84,-0.16150239,,-0.12,,143.2319,215915,0.0009999999,-137.39366,,23561.334089756012,11.252352,-0.12,8.205559e-12,0.0009999999,,11,-0.12,3380,98.77659,14.927534,inf,3380,,,63.8801775147929,1296,inf,0.2,,-138.2319,15.040981,-577.64264,577.64264,0.0009999999
0.0009999999,577.64264,484268.4,-0.4800046,,-0.12,,143.2323,215964,0.0009999999,-139.5737,,23571.12691259384,13.7379875,-0.04,8.200706e-12,0.0009999999,,11,-0.12,3381,98.77659,14.927238,inf,3381,,,63.87577639751553,1296,inf,-0.2,,-138.2323,15.040297,-577.64264,577.64264,0.0009999999
0.0009999999,577.64264,484376.28,-0.40207487,,-0.12,,143.22185,216025,0.0009999999,-102.879326,,23580.84102344513,15.5378895,-0.04,8.195856e-12,0.0009999999,,11,-0.12,3382,98.77659,14.926943,inf,3382,,,63.87492607924305,1296,inf,-0.12,,-138.22185,15.040151,-577.64264,577.64264,0.0009999999
0.0009999999,577.64264,484491.28,-0.31805828,,-0.12,,143.2135,216124,0.0009999999,-109.99824,,23590.879737377167,14.795761,-0.04,8.191011e-12,0.0009999999,,11,-0.12,3383,98.77659,14.926647,inf,3383,,,63.88530889742832,1296,inf,-0.04,,-138.2135,15.0397835,-577.64264,577.64264,0.0009999999
0.0009999999,577.64264,484731.75,-0.23610704,,-0.12,,143.24225,216624,0.0009999999,-235.46202,,23601.523647785187,11.584242,-0.04,8.186171e-12,0.0009999999,,11,-0.12,3384,98.77659,14.926352,inf,3384,,,64.01418439716312,1296,inf,0.04,,-138.24225,15.038464,-577.64264,577.64264,0.0009999999
0.0009999999,577.64264,485233.53,-0.16377056,,-0.12,,143.34816,217124,0.0009999999,-496.78592,,23612.053254127502,12.2148075,-0.04,8.181336e-12,0.0009999999,,11,-0.12,3385,98.77659,14.926056,inf,3385,,,64.14298375184639,1296,inf,0.12,,-138.34816,15.037336,-577.64264,577.64264,0.0009999999
0.0009999999,577.64264,485737.06,-0.08068988,,-0.12,,143.45454,217624,0.0009999999,-498.53836,,23622.253186941147,9.912105,-0.04,8.176504e-12,0.0009999999,,11,-0.12,3386,98.77659,14.925761,inf,3386,,,64.2717070289427,1296,inf,0.2,,-138.45454,15.035526,-577.64264,577.64264,0.0009999999
0.0009999999,577.64264,486241.5,-0.3989228,,-0.12,,143.56111,218124,0.0009999999,-499.44284,,23632.501925945282,14.505263,0.04,8.171677e-12,0.0009999999,,11,-0.12,3387,98.77659,14.925466,inf,3387,,,64.40035429583702,1296,inf,-0.2,,-138.56111,15.035074,-577.64264,577.64264,0.0009999999
0.0009999999,577.64264,486344.06,-0.31889784,,-0.12,,143.54901,218178,0.0009999999,-97.54379,,23643.50261926651,15.066276,0.04,8.166853e-12,0.0009999999,,11,-0.12,3388,98.77659,14.92517,inf,3388,,,64.39728453364818,1296,inf,-0.12,,-138.54901,15.034791,-577.64264,577.64264,0.0009999999
0.0009999999,577.64264,486256.84,-0.24202967,,-0.12,,143.48093,218678,0.0009999999,92.20392,,23655.753193616867,15.090792,0.04,8.1620335e-12,0.0009999999,,11,-0.12,3389,98.77659,14.924875,inf,3389,,,64.52581882561228,1296,inf,-0.04,,-138.48093,15.034509,-577.64264,577.64264,0.0009999999
0.0009999999,577.64264,486562.2,-0.15829526,,-0.12,,143.52867,219178,0.0009999999,-300.35602,,23668.038744926453,14.825971,0.04,8.15722e-12,0.0009999999,,11,-0.12,3390,98.77659,14.924581,inf,3390,,,64.6542772861357,1296,inf,0.04,,-138.52867,15.034157,-577.64264,577.64264,0.0009999999
0.0009999999,577.64264,487060.56,-0.07991593,,-0.12,,143.63332,219678,0.0009999999,-493.35724,,23680.5257563591,15.145503,0.04,8.152409e-12,0.0009999999,,11,-0.12,3391,98.77659,14.924285,inf,3391,,,64.7826599823061,1296,inf,0.12,,-138.63332,15.033891,-577.64264,577.64264,0.0009999999
0.0009999999,577.64264,487562.6,-0.0024826974,,-0.12,,143.73897,220178,0.0009999999,-497.0462,,23692.24293732643,14.983217,0.04,8.147602e-12,0.0009999999,,11,-0.12,3392,98.77659,14.92399,inf,3392,,,64.91096698113208,1296,inf,0.2,,-138.73897,15.033581,-577.64264,577.64264,0.0009999999
0.0009999999,577.64264,488065.84,-0.3200926,,-0.12,,143.84492,220678,0.0009999999,-498.23688,,23704.463356494904,14.83528,0.12,8.142801e-12,0.0009999999,,11,-0.12,3393,98.77659,14.923696,inf,3393,,,65.03919834954317,1296,inf,-0.2,,-138.84492,15.033232,-577.64264,577.64264,0.0009999999
0.0009999999,577.64264,488171.56,-0.24250785,,-0.12,,143.8337,220723,0.0009999999,-100.725815,,23714.7724237442,15.40229,0.12,8.138003e-12,0.0009999999,,11,-0.12,3394,98.77659,14.923401,inf,3394,,,65.03329404832057,1296,inf,-0.12,,-138.8337,15.033043,-577.64264,577.64264,0.0009999999
0.0009999999,577.64264,488293.22,-0.16016851,,-0.12,,143.82716,220778,0.0009999999,-116.64549,,23725.445526361465,14.916074,0.12,8.13321e-12,0.0009999999,,11,-0.12,3395,98.77659,14.923106,inf,3395,,,65.03033873343152,1296,inf,-0.04,,-138.82716,15.032717,-577.64264,577.64264,0.0009999999
0.0009999999,577.64264,488431.25,-0.081332386,,-0.12,,143.82545,220816,0.0009999999,-133.02792,,23735.21573662758,15.389624,0.12,8.1284215e-12,0.0009999999,,11,-0.12,3396,98.77659,14.9228115,inf,3396,,,65.02237926972909,1296,inf,0.04,,-138.82545,15.032524,-577.64264,577.64264,0.0009999999
0.0009999999,577.64264,488570.16,-0.0015158132,,-0.12,,143.824,220858,0.0009999999,-133.93137,,23744.968995809555,12.650806,0.12,8.123636e-12,0.0009999999,,11,-0.12,3397,98.77659,14.922518,inf,3397,,,65.01560200176627,1296,inf,0.12,,-138.824,15.03153,-577.64264,577.64264,0.0009999999
0.0009999999,577.64264,488711.62,0.0778116,,-0.12,,143.82332,220903,0.0009999999,-136.47165,,23754.63218331337,12.6732,0.12,8.118855e-12,0.0009999999,,11,-0.12,3398,98.77659,14.922223,inf,3398,,,65.00971159505592,1296,inf,0.2,,-138.82332,15.030541,-577.64264,577.64264,0.0009999999
0.0009999999,577.64264,488863.3,-0.24023747,,-0.12,,143.82562,220957,0.0009999999,-146.66441,,23764.62288594246,13.045119,0.2,8.114079e-12,0.0009999999,,11,-0.12,3399,98.77659,14.921929,inf,3399,,,65.00647249190939,1296,inf,-0.2,,-138.82562,15.029663,-577.64264,577.64264,0.0009999999
0.0009999999,577.64264,488983.2,-0.15930277,,-0.12,,143.81859,221001,0.0009999999,-114.86321,,23774.64026451111,14.51136,0.2,8.109307e-12,0.0009999999,,11,-0.12,3400,98.77659,14.921635,inf,3400,,,65.00029411764706,1296,inf,-0.12,,-138.81859,15.029221,-577.64264,577.64264,0.0009999999
0.0009999999,577.64264,489090.56,-0.07463312,,-0.12,,143.80788,221026,0.0009999999,-102.38078,,23784.488475084305,15.417658,0.2,8.104538e-12,0.0009999999,,11,-0.12,3401,98.77659,14.921341,inf,3401,,,64.98853278447515,1296,inf,-0.04,,-138.80788,15.029036,-577.64264,577.64264,0.0009999999
0.0009999999,577.64264,489219.34,-0.0012433007,,-0.12,,143.80345,221054,0.0009999999,-123.779755,,23794.369436979294,11.372291,0.2,8.099774e-12,0.0009999999,,11,-0.12,3402,98.77659,14.921046,inf,3402,,,64.97766019988242,1296,inf,0.04,,-138.80345,15.027668,-577.64264,577.64264,0.0009999999
0.0009999999,577.64264,489349.12,0.07988205,,-0.12,,143.79933,221092,0.0009999999,-124.80612,,23804.175345659256,15.015876,0.2,8.095015e-12,0.0009999999,,11,-0.12,3403,98.77659,14.920753,inf,3403,,,64.96973258889216,1296,inf,0.12,,-138.79933,15.027371,-577.64264,577.64264,0.0009999999
0.0009999999,577.64264,489470.5,0.15818472,,-0.12,,143.79274,221113,0.0009999999,-116.365776,,23813.751853466034,13.100738,0.2,8.090259e-12,0.0009999999,,11,-0.12,3404,98.77659,14.920459,inf,3404,,,64.95681551116334,1296,inf,0.2,,-138.79274,15.02651,-577.64264,577.64264,0.0009999999
0.0009999999,577.64264,489605.94,-0.5580453,,-0.04,,143.79028,221147,0.0009999999,-130.43704,,23823.367945194244,14.156003,-0.2,8.085508e-12,0.0009999999,,11,-0.12,3405,98.77659,14.920165,inf,3405,,,64.94772393538913,1296,inf,-0.2,,-138.79028,15.025964,-577.64264,577.64264,0.0009999999
0.0009999999,577.64264,489718.5,-0.47749436,,-0.04,,143.78113,221167,0.0009999999,-107.53169,,23833.881454467773,14.496163,-0.2,8.080761e-12,0.0009999999,,11,-0.12,3406,98.77659,14.919871,inf,3406,,,64.93452730475632,1296,inf,-0.12,,-138.78113,15.025512,-577.64264,577.64264,0.0009999999
0.0009999999,577.64264,489829.22,-0.39948836,,-0.04,,143.77142,221183,0.0009999999,-105.74337,,23845.930347919464,13.36806,-0.2,8.076018e-12,0.0009999999,,11,-0.12,3407,98.77659,14.919578,inf,3407,,,64.92016436747872,1296,inf,-0.04,,-138.77142,15.024734,-577.64264,577.64264,0.0009999999
0.0009999999,577.64264,489944.3,-0.32401004,,-0.04,,143.763,221204,0.0009999999,-110.09743,,23858.173354625702,15.352961,-0.2,8.071279e-12,0.0009999999,,11,-0.12,3408,98.77659,14.919285,inf,3408,,,64.90727699530517,1296,inf,0.04,,-138.763,15.024537,-577.64264,577.64264,0.0009999999
0.0009999999,577.64264,490062.06,-0.24328214,,-0.04,,143.75537,221223,0.0009999999,-112.759384,,23869.687091112137,8.972742,-0.2,8.066545e-12,0.0009999999,,11,-0.12,3409,98.77659,14.918991,inf,3409,,,64.89381050161337,1296,inf,0.12,,-138.75537,15.022466,-577.64264,577.64264,0.0009999999
0.0009999999,577.64264,490186.0,-0.15929432,,-0.04,,143.74956,221246,0.0009999999,-118.906876,,23880.923434972763,12.028435,-0.2,8.061813e-12,0.0009999999,,11,-0.12,3410,98.77659,14.918698,inf,3410,,,64.88152492668621,1296,inf,0.2,,-138.74956,15.0213,-577.64264,577.64264,0.0009999999
0.0009999999,577.64264,490320.75,-0.48036867,,-0.04,,143.74692,221281,0.0009999999,-129.77383,,23892.526611328125,14.943156,-0.12,8.057088e-12,0.0009999999,,11,-0.12,3411,98.77659,14.918405,inf,3411,,,64.87276458516564,1296,inf,-0.2,,-138.74692,15.02098,-577.64264,577.64264,0.0009999999
0.0009999999,577.64264,490433.8,-0.39955896,,-0.04,,143.73793,221325,0.0009999999,-108.05897,,23903.643672943115,15.388304,-0.12,8.052365e-12,0.0009999999,,11,-0.12,3412,98.77659,14.918112,inf,3412,,,64.86664712778429,1296,inf,-0.12,,-138.73793,15.020795,-577.64264,577.64264,0.0009999999
0.0009999999,577.64264,490552.25,-0.3206577,,-0.04,,143.73051,221357,0.0009999999,-113.43202,,23914.393491506577,14.339411,-0.12,8.047648e-12,0.0009999999,,11,-0.12,3413,98.77659,14.917818,inf,3413,,,64.85701728684442,1296,inf,-0.04,,-138.73051,15.020303,-577.64264,577.64264,0.0009999999
0.0009999999,577.64264,490693.44,-0.2403019,,-0.04,,143.72977,221395,0.0009999999,-136.17116,,23924.43247103691,15.157668,-0.12,8.042934e-12,0.0009999999,,11,-0.12,3414,98.77659,14.917525,inf,3414,,,64.84915055653192,1296,inf,0.04,,-138.72977,15.020047,-577.64264,577.64264,0.0009999999
0.0009999999,577.64264,490828.62,-0.15731682,,-0.04,,143.72726,221433,0.0009999999,-130.18738,,23933.90368771553,15.656475,-0.12,8.038224e-12,0.0009999999,,11,-0.12,3415,98.77659,14.9172325,inf,3415,,,64.84128843338213,1296,inf,0.12,,-138.72726,15.019945,-577.64264,577.64264,0.0009999999
0.0009999999,577.64264,490963.25,-0.0805625,,-0.04,,143.72461,221465,0.0009999999,-129.63141,,23943.918516397476,13.866918,-0.12,8.033518e-12,0.0009999999,,11,-0.12,3416,98.77659,14.91694,inf,3416,,,64.83167447306792,1296,inf,0.2,,-138.72461,15.019312,-577.64264,577.64264,0.0009999999
0.0009999999,577.64264,491091.0,-0.3974046,,-0.04,,143.71992,221491,0.0009999999,-122.77465,,23953.601380109787,15.106451,-0.04,8.028818e-12,0.0009999999,,11,-0.12,3417,98.77659,14.916647,inf,3417,,,64.8203102136377,1296,inf,-0.2,,-138.71992,15.019046,-577.64264,577.64264,0.0009999999
0.0009999999,577.64264,491162.25,-0.31905124,,-0.04,,143.69873,221622,0.0009999999,-66.22823,,23963.487173318863,10.3521185,-0.04,8.0241196e-12,0.0009999999,,11,-0.12,3418,98.77659,14.916354,inf,3418,,,64.83967232299591,1296,inf,-0.12,,-138.69873,15.017387,-577.64264,577.64264,0.0009999999
0.0009999999,577.64264,491295.25,-0.24267648,,-0.04,,143.6956,221667,0.0009999999,-128.0133,,23973.284775733948,15.512671,-0.04,8.019427e-12,0.0009999999,,11,-0.12,3419,98.77659,14.916062,inf,3419,,,64.83386955250073,1296,inf,-0.04,,-138.6956,15.01724,-577.64264,577.64264,0.0009999999
0.0009999999,577.64264,491462.16,-0.16037002,,-0.04,,143.70238,221780,0.0009999999,-161.92564,,23983.1633207798,13.565096,-0.04,8.014737e-12,0.0009999999,,11,-0.12,3420,98.77659,14.91577,inf,3420,,,64.84795321637426,1296,inf,0.04,,-138.70238,15.016525,-577.64264,577.64264,0.0009999999
0.0009999999,577.64264,491718.12,-0.08316466,,-0.04,,143.7352,221934,0.0009999999,-250.95897,,23993.32705640793,15.524568,-0.04,8.010053e-12,0.0009999999,,11,-0.12,3421,98.77659,14.915478,inf,3421,,,64.8740134463607,1296,inf,0.12,,-138.7352,15.016378,-577.64264,577.64264,0.0009999999
0.0009999999,577.64264,491835.3,-0.00029827654,,-0.04,,143.72745,221956,0.0009999999,-112.181854,,24003.25845003128,14.360255,-0.04,8.005372e-12,0.0009999999,,11,-0.12,3422,98.77659,14.915185,inf,3422,,,64.8614845119813,1296,inf,0.2,,-138.72745,15.015897,-577.64264,577.64264,0.0009999999
0.0009999999,577.64264,492054.0,-0.32042974,,-0.04,,143.74934,222071,0.0009999999,-213.7035,,24012.814121961594,15.250461,0.04,8.000696e-12,0.0009999999,,11,-0.12,3423,98.77659,14.914893,inf,3423,,,64.87613204791118,1296,inf,-0.2,,-138.74934,15.015673,-577.64264,577.64264,0.0009999999
0.0009999999,577.64264,492174.3,-0.2419525,,-0.04,,143.7425,222154,0.0009999999,-115.28934,,24023.341382026672,14.057573,0.04,7.996022e-12,0.0009999999,,11,-0.12,3424,98.77659,14.9146,inf,3424,,,64.88142523364486,1296,inf,-0.12,,-138.7425,15.0151005,-577.64264,577.64264,0.0009999999
0.0009999999,577.64264,492290.94,-0.15814458,,-0.04,,143.73457,222215,0.0009999999,-111.63437,,24035.602276563644,14.98254,0.04,7.991354e-12,0.0009999999,,11,-0.12,3425,98.77659,14.914309,inf,3425,,,64.88029197080292,1296,inf,-0.04,,-138.73457,15.014802,-577.64264,577.64264,0.0009999999
0.0009999999,577.64264,492501.75,-0.083159216,,-0.04,,143.75417,222370,0.0009999999,-205.80531,,24047.48748421669,9.573921,0.04,7.9866894e-12,0.0009999999,,11,-0.12,3426,98.77659,14.914017,inf,3426,,,64.90659661412727,1296,inf,0.04,,-138.75417,15.012918,-577.64264,577.64264,0.0009999999
0.0009999999,577.64264,492679.34,-0.00016242266,,-0.04,,143.76404,222451,0.0009999999,-172.61107,,24059.06082868576,9.301493,0.04,7.982029e-12,0.0009999999,,11,-0.12,3427,98.77659,14.913725,inf,3427,,,64.91129267580975,1296,inf,0.12,,-138.76404,15.010961,-577.64264,577.64264,0.0009999999
0.0009999999,577.64264,492954.28,0.08035785,,-0.04,,143.80229,222623,0.0009999999,-269.9271,,24070.671613931656,14.163734,0.04,7.977373e-12,0.0009999999,,11,-0.12,3428,98.77659,14.913433,inf,3428,,,64.94253208868145,1296,inf,0.2,,-138.80229,15.010422,-577.64264,577.64264,0.0009999999
0.0009999999,577.64264,493200.34,-0.2394312,,-0.04,,143.83212,222768,0.0009999999,-241.06564,,24082.372845172882,13.978098,0.12,7.972721e-12,0.0009999999,,11,-0.12,3429,98.77659,14.913141,inf,3429,,,64.96587926509186,1296,inf,-0.2,,-138.83212,15.009829,-577.64264,577.64264,0.0009999999
0.0009999999,577.64264,493310.3,-0.16119248,,-0.04,,143.82225,222787,0.0009999999,-104.95995,,24093.72273516655,14.13427,0.12,7.968072e-12,0.0009999999,,11,-0.12,3430,98.77659,14.91285,inf,3430,,,64.95247813411079,1296,inf,-0.12,,-138.82225,15.009284,-577.64264,577.64264,0.0009999999
0.0009999999,577.64264,493447.88,-0.08120311,,-0.04,,143.82042,222822,0.0009999999,-132.58151,,24104.147949934006,14.909032,0.12,7.9634285e-12,0.0009999999,,11,-0.12,3431,98.77659,14.912559,inf,3431,,,64.94374817837365,1296,inf,-0.04,,-138.82042,15.00896,-577.64264,577.64264,0.0009999999
0.0009999999,577.64264,493578.0,0.0018153638,,-0.04,,143.81644,222855,0.0009999999,-125.09462,,24114.314346313477,14.483701,0.12,7.958788e-12,0.0009999999,,11,-0.12,3432,98.77659,14.912267,inf,3432,,,64.93444055944056,1296,inf,0.04,,-138.81644,15.008516,-577.64264,577.64264,0.0009999999
0.0009999999,577.64264,493718.56,0.0791785,,-0.04,,143.81549,222892,0.0009999999,-135.56358,,24124.210188627243,13.186495,0.12,7.954152e-12,0.0009999999,,11,-0.12,3433,98.77659,14.911976,inf,3433,,,64.92630352461404,1296,inf,0.12,,-138.81549,15.007696,-577.64264,577.64264,0.0009999999
0.0009999999,577.64264,493863.97,0.16139922,,-0.04,,143.81595,222934,0.0009999999,-140.41898,,24133.848865270615,10.679703,0.12,7.94952e-12,0.0009999999,,11,-0.12,3434,98.77659,14.911684,inf,3434,,,64.91962725684333,1296,inf,0.2,,-138.81595,15.006143,-577.64264,577.64264,0.0009999999
0.0009999999,577.64264,493979.75,-0.16120768,,-0.04,,143.80779,222951,0.0009999999,-110.78514,,24143.486548900604,15.274156,0.2,7.944893e-12,0.0009999999,,11,-0.12,3435,98.77659,14.911393,inf,3435,,,64.9056768558952,1296,inf,-0.2,,-138.80779,15.005934,-577.64264,577.64264,0.0009999999
0.0009999999,577.64264,494090.25,-0.07676908,,-0.04,,143.7981,222967,0.0009999999,-105.50188,,24153.076349020004,15.210148,0.2,7.940269e-12,0.0009999999,,11,-0.12,3436,98.77659,14.911102,inf,3436,,,64.89144353899884,1296,inf,-0.12,,-138.7981,15.005698,-577.64264,577.64264,0.0009999999
0.0009999999,577.64264,494221.06,-8.2701445e-07,,-0.04,,143.79431,222996,0.0009999999,-125.80658,,24162.714047193527,12.419066,0.2,7.935649e-12,0.0009999999,,11,-0.12,3437,98.77659,14.910811,inf,3437,,,64.88100087285423,1296,inf,-0.04,,-138.79431,15.004655,-577.64264,577.64264,0.0009999999
0.0009999999,577.64264,494341.0,0.0760843,,-0.04,,143.78737,223019,0.0009999999,-114.960686,,24172.182881593704,14.476736,0.2,7.9310334e-12,0.0009999999,,11,-0.12,3438,98.77659,14.910521,inf,3438,,,64.86881908086096,1296,inf,0.04,,-138.78737,15.004213,-577.64264,577.64264,0.0009999999
0.0009999999,577.64264,494460.88,0.16118723,,-0.04,,143.78043,223037,0.0009999999,-114.84068,,24181.951014995575,11.640395,0.2,7.926422e-12,0.0009999999,,11,-0.12,3439,98.77659,14.91023,inf,3439,,,64.8551904623437,1296,inf,0.12,,-138.78043,15.002939,-577.64264,577.64264,0.0009999999
0.0009999999,577.64264,494593.22,0.23825578,,-0.04,,143.7771,223068,0.0009999999,-127.34745,,24191.47985649109,15.575897,0.2,7.921813e-12,0.0009999999,,11,-0.12,3440,98.77659,14.909939,inf,3440,,,64.8453488372093,1296,inf,0.2,,-138.7771,15.002818,-577.64264,577.64264,0.0009999999
0.0009999999,577.64264,494717.5,-0.48172453,,0.04,,143.77144,223090,0.0009999999,-119.28723,,24201.06407570839,12.508859,-0.2,7.91721e-12,0.0009999999,,11,-0.12,3441,98.77659,14.909648,inf,3441,,,64.83289741354257,1296,inf,-0.2,,-138.77144,15.001802,-577.64264,577.64264,0.0009999999
0.0009999999,577.64264,494841.8,-0.399941,,0.04,,143.76578,223113,0.0009999999,-119.32849,,24212.210377454758,13.868149,-0.2,7.91261e-12,0.0009999999,,11,-0.12,3442,98.77659,14.909357,inf,3442,,,64.8207437536316,1296,inf,-0.12,,-138.76578,15.001183,-577.64264,577.64264,0.0009999999
0.0009999999,577.64264,494953.88,-0.3217086,,0.04,,143.75658,223131,0.0009999999,-107.05618,,24223.998232364655,15.4826565,-0.2,7.9080145e-12,0.0009999999,,11,-0.12,3443,98.77659,14.909067,inf,3443,,,64.80714493174557,1296,inf,-0.04,,-138.75658,15.001035,-577.64264,577.64264,0.0009999999
0.0009999999,577.64264,495075.22,-0.23939824,,0.04,,143.75006,223153,0.0009999999,-116.352264,,24235.844401597977,15.197518,-0.2,7.903423e-12,0.0009999999,,11,-0.12,3444,98.77659,14.908776,inf,3444,,,64.79471544715447,1296,inf,0.04,,-138.75006,15.000797,-577.64264,577.64264,0.0009999999
0.0009999999,577.64264,495198.94,-0.1598298,,0.04,,143.74425,223179,0.0009999999,-118.72661,,24247.119951725006,14.677686,-0.2,7.898835e-12,0.0009999999,,11,-0.12,3445,98.77659,14.908486,inf,3445,,,64.78345428156749,1296,inf,0.12,,-138.74425,15.000416,-577.64264,577.64264,0.0009999999
0.0009999999,577.64264,495324.7,-0.08033112,,0.04,,143.73903,223206,0.0009999999,-120.71507,,24258.110138893127,13.5920725,-0.2,7.894251e-12,0.0009999999,,11,-0.12,3446,98.77659,14.908196,inf,3446,,,64.77248984329657,1296,inf,0.2,,-138.73903,14.999714,-577.64264,577.64264,0.0009999999
0.0009999999,577.64264,495452.56,-0.39846402,,0.04,,143.73442,223235,0.0009999999,-122.87628,,24269.45016145706,15.305313,-0.12,7.8896716e-12,0.0009999999,,11,-0.12,3447,98.77659,14.907906,inf,3447,,,64.76211198143314,1296,inf,-0.2,,-138.73442,14.999515,-577.64264,577.64264,0.0009999999
0.0009999999,577.64264,495582.94,-0.32254773,,0.04,,143.73055,223275,0.0009999999,-125.37844,,24280.518510580063,13.420692,-0.12,7.885096e-12,0.0009999999,,11,-0.12,3448,98.77659,14.907616,inf,3448,,,64.75493039443155,1296,inf,-0.12,,-138.73055,14.998768,-577.64264,577.64264,0.0009999999
0.0009999999,577.64264,495716.25,-0.24185579,,0.04,,143.72752,223308,0.0009999999,-128.32535,,24290.95822095871,13.293697,-0.12,7.880524e-12,0.0009999999,,11,-0.12,3449,98.77659,14.907326,inf,3449,,,64.7457233980864,1296,inf,-0.04,,-138.72752,14.997982,-577.64264,577.64264,0.0009999999
0.0009999999,577.64264,495841.66,-0.15937579,,0.04,,143.72221,223336,0.0009999999,-120.41436,,24301.134660720825,14.415073,-0.12,7.875957e-12,0.0009999999,,11,-0.12,3450,98.77659,14.907036,inf,3450,,,64.73507246376812,1296,inf,0.04,,-138.72221,14.997527,-577.64264,577.64264,0.0009999999
0.0009999999,577.64264,495973.22,-0.08171846,,0.04,,143.71869,223367,0.0009999999,-126.56285,,24311.041439294815,14.65579,-0.12,7.871393e-12,0.0009999999,,11,-0.12,3451,98.77659,14.906746,inf,3451,,,64.72529701535787,1296,inf,0.12,,-138.71869,14.997131,-577.64264,577.64264,0.0009999999
0.0009999999,577.64264,496111.47,0.0024242252,,0.04,,143.71712,223402,0.0009999999,-133.25417,,24320.562940120697,15.100143,-0.12,7.866833e-12,0.0009999999,,11,-0.12,3452,98.77659,14.906456,inf,3452,,,64.71668597914253,1296,inf,0.2,,-138.71712,14.996875,-577.64264,577.64264,0.0009999999
0.0009999999,577.64264,496260.88,-0.32244784,,0.04,,143.71877,223449,0.0009999999,-144.38512,,24330.25972723961,13.478932,-0.04,7.862277e-12,0.0009999999,,11,-0.12,3453,98.77659,14.906167,inf,3453,,,64.71155516941789,1296,inf,-0.2,,-138.71877,14.996147,-577.64264,577.64264,0.0009999999
0.0009999999,577.64264,496376.4,-0.24213633,,0.04,,143.7106,223537,0.0009999999,-110.547195,,24340.00926399231,13.105916,-0.04,7.857726e-12,0.0009999999,,11,-0.12,3454,98.77659,14.905877,inf,3454,,,64.71829762594093,1296,inf,-0.12,,-138.7106,14.995309,-577.64264,577.64264,0.0009999999
0.0009999999,577.64264,496495.94,-0.15645184,,0.04,,143.7036,223600,0.0009999999,-114.54614,,24349.738104104996,14.660849,-0.04,7.8531764e-12,0.0009999999,,11,-0.12,3455,98.77659,14.905588,inf,3455,,,64.7178002894356,1296,inf,-0.04,,-138.7036,14.994925,-577.64264,577.64264,0.0009999999
0.0009999999,577.64264,496623.0,-0.07868355,,0.04,,143.69879,223643,0.0009999999,-122.048294,,24359.748757600784,13.0305,-0.04,7.848633e-12,0.0009999999,,11,-0.12,3456,98.77659,14.905298,inf,3456,,,64.71151620370371,1296,inf,0.04,,-138.69879,14.994063,-577.64264,577.64264,0.0009999999
0.0009999999,577.64264,496750.78,0.0013590455,,0.04,,143.69418,223671,0.0009999999,-122.7751,,24369.477532863617,12.353517,-0.04,7.844093e-12,0.0009999999,,11,-0.12,3457,98.77659,14.905009,inf,3457,,,64.70089673126989,1296,inf,0.12,,-138.69418,14.993014,-577.64264,577.64264,0.0009999999
0.0009999999,577.64264,496964.22,0.07892305,,0.04,,143.71436,223787,0.0009999999,-208.44543,,24379.345622062683,14.151595,-0.04,7.839557e-12,0.0009999999,,11,-0.12,3458,98.77659,14.904719,inf,3458,,,64.71573163678427,1296,inf,0.2,,-138.71436,14.992479,-577.64264,577.64264,0.0009999999
0.0009999999,577.64264,497234.6,-0.23713177,,0.04,,143.75096,223955,0.0009999999,-265.38116,,24389.16915535927,10.250458,0.04,7.835025e-12,0.0009999999,,11,-0.12,3459,98.77659,14.90443,inf,3459,,,64.74559121133275,1296,inf,-0.2,,-138.75096,14.99082,-577.64264,577.64264,0.0009999999
0.0009999999,577.64264,497368.38,-0.16009122,,0.04,,143.7481,223994,0.0009999999,-128.78197,,24399.80220413208,10.527417,0.04,7.830497e-12,0.0009999999,,11,-0.12,3460,98.77659,14.904141,inf,3460,,,64.73815028901734,1296,inf,-0.12,,-138.7481,14.989241,-577.64264,577.64264,0.0009999999
0.0009999999,577.64264,497497.97,-0.081828885,,0.04,,143.74399,224027,0.0009999999,-124.588455,,24411.669140338898,15.51552,0.04,7.8259725e-12,0.0009999999,,11,-0.12,3461,98.77659,14.903852,inf,3461,,,64.72898006356544,1296,inf,-0.04,,-138.74399,14.989104,-577.64264,577.64264,0.0009999999
0.0009999999,577.64264,497687.0,-0.0039980784,,0.04,,143.75708,224113,0.0009999999,-184.01353,,24423.85275888443,14.464396,0.04,7.821452e-12,0.0009999999,,11,-0.12,3462,98.77659,14.9035635,inf,3462,,,64.73512420566146,1296,inf,0.04,,-138.75708,14.9886675,-577.64264,577.64264,0.0009999999
0.0009999999,577.64264,497857.62,0.07998076,,0.04,,143.76483,224183,0.0009999999,-165.61198,,24435.631761789322,12.250984,0.04,7.8169355e-12,0.0009999999,,11,-0.12,3463,98.77659,14.903275,inf,3463,,,64.736644527866,1296,inf,0.12,,-138.76483,14.987583,-577.64264,577.64264,0.0009999999
0.0009999999,577.64264,498008.75,0.16020642,,0.04,,143.76697,224234,0.0009999999,-146.1364,,24447.237986326218,15.333437,0.04,7.812423e-12,0.0009999999,,11,-0.12,3464,98.77659,14.902987,inf,3464,,,64.73267898383372,1296,inf,0.2,,-138.76697,14.987397,-577.64264,577.64264,0.0009999999
0.0009999999,577.64264,498210.34,-0.16126719,,0.04,,143.78365,224333,0.0009999999,-196.61119,,24458.38658618927,15.049319,0.12,7.807914e-12,0.0009999999,,11,-0.12,3465,98.77659,14.902698,inf,3465,,,64.74256854256855,1296,inf,-0.2,,-138.78365,14.987125,-577.64264,577.64264,0.0009999999
0.0009999999,577.64264,498348.12,-0.07992365,,0.04,,143.78192,224373,0.0009999999,-132.76569,,24469.1630859375,14.112898,0.12,7.803409e-12,0.0009999999,,11,-0.12,3466,98.77659,14.902409,inf,3466,,,64.73542989036353,1296,inf,-0.12,,-138.78192,14.986584,-577.64264,577.64264,0.0009999999
0.0009999999,577.64264,498478.7,-0.00034622476,,0.04,,143.7781,224403,0.0009999999,-125.58199,,24479.98603963852,12.69578,0.12,7.798908e-12,0.0009999999,,11,-0.12,3467,98.77659,14.902121,inf,3467,,,64.72541101817133,1296,inf,-0.04,,-138.7781,14.985637,-577.64264,577.64264,0.0009999999
0.0009999999,577.64264,498616.7,0.07780744,,0.04,,143.77644,224438,0.0009999999,-132.99963,,24490.378101825714,14.112903,0.12,7.794412e-12,0.0009999999,,11,-0.12,3468,98.77659,14.901833,inf,3468,,,64.71683967704729,1296,inf,0.04,,-138.77644,14.985095,-577.64264,577.64264,0.0009999999
0.0009999999,577.64264,498749.94,0.1614976,,0.04,,143.7734,224468,0.0009999999,-128.25171,,24500.42792248726,14.366174,0.12,7.789918e-12,0.0009999999,,11,-0.12,3469,98.77659,14.901544,inf,3469,,,64.70683194004036,1296,inf,0.12,,-138.7734,14.984627,-577.64264,577.64264,0.0009999999
0.0009999999,577.64264,498880.3,0.24089509,,0.04,,143.76955,224495,0.0009999999,-125.35066,,24510.074219465256,15.273448,0.12,7.7854286e-12,0.0009999999,,11,-0.12,3470,98.77659,14.901256,inf,3470,,,64.69596541786744,1296,inf,0.2,,-138.76955,14.984425,-577.64264,577.64264,0.0009999999
0.0009999999,577.64264,499011.88,-0.08179934,,0.04,,143.76602,224524,0.0009999999,-126.588875,,24519.891105651855,15.401324,0.2,7.780943e-12,0.0009999999,,11,-0.12,3471,98.77659,14.900968,inf,3471,,,64.68568135983867,1296,inf,-0.2,,-138.76602,14.984255,-577.64264,577.64264,0.0009999999
0.0009999999,577.64264,499139.8,-0.00096829236,,0.04,,143.76146,224550,0.0009999999,-122.9307,,24529.62695169449,13.55659,0.2,7.776463e-12,0.0009999999,,11,-0.12,3472,98.77659,14.90068,inf,3472,,,64.67453917050692,1296,inf,-0.12,,-138.76146,14.983559,-577.64264,577.64264,0.0009999999
0.0009999999,577.64264,499264.94,0.08139694,,0.04,,143.7561,224579,0.0009999999,-120.131645,,24539.513288974762,14.770486,0.2,7.7719844e-12,0.0009999999,,11,-0.12,3473,98.77659,14.900392,inf,3473,,,64.66426720414627,1296,inf,-0.04,,-138.7561,14.983205,-577.64264,577.64264,0.0009999999
0.0009999999,577.64264,499387.62,0.15904067,,0.04,,143.75003,224608,0.0009999999,-117.68522,,24549.354222536087,13.159135,0.2,7.767511e-12,0.0009999999,,11,-0.12,3474,98.77659,14.900104,inf,3474,,,64.65400115141048,1296,inf,0.04,,-138.75003,14.982394,-577.64264,577.64264,0.0009999999
0.0009999999,577.64264,499508.56,0.24111992,,0.04,,143.74347,224632,0.0009999999,-115.91672,,24558.9234290123,14.800797,0.2,7.763041e-12,0.0009999999,,11,-0.12,3475,98.77659,14.899816,inf,3475,,,64.64230215827338,1296,inf,0.12,,-138.74347,14.982056,-577.64264,577.64264,0.0009999999
0.0009999999,577.64264,499629.06,0.32319218,,0.04,,143.73679,224652,0.0009999999,-115.500534,,24568.594648599625,15.493346,0.2,7.758574e-12,0.0009999999,,11,-0.12,3476,98.77659,14.899528,inf,3476,,,64.62945914844649,1296,inf,0.2,,-138.73679,14.981914,-577.64264,577.64264,0.0009999999
0.0009999999,577.64264,499754.5,-0.40142065,,0.12,,143.73152,224675,0.0009999999,-120.46437,,24578.12154316902,14.281727,-0.2,7.754113e-12,0.0009999999,,11,-0.12,3477,98.77659,14.8992405,inf,3477,,,64.61748633879782,1296,inf,-0.2,,-138.73152,14.981426,-577.64264,577.64264,0.0009999999
0.0009999999,577.64264,499874.7,-0.31664616,,0.12,,143.72475,224695,0.0009999999,-115.18631,,24587.987578868866,13.69413,-0.2,7.749654e-12,0.0009999999,,11,-0.12,3478,98.77659,14.8989525,inf,3478,,,64.60465784933871,1296,inf,-0.12,,-138.72475,14.980765,-577.64264,577.64264,0.0009999999
0.0009999999,577.64264,499985.56,-0.24124856,,0.12,,143.71532,224714,0.0009999999,-105.833,,24599.503111362457,13.993476,-0.2,7.7452e-12,0.0009999999,,11,-0.12,3479,98.77659,14.898665,inf,3479,,,64.59154929577464,1296,inf,-0.04,,-138.71532,14.980199,-577.64264,577.64264,0.0009999999
0.0009999999,577.64264,500106.06,-0.160842,,0.12,,143.70863,224735,0.0009999999,-115.510216,,24610.837277650833,13.7879,-0.2,7.74075e-12,0.0009999999,,11,-0.12,3480,98.77659,14.898378,inf,3480,,,64.57902298850574,1296,inf,0.04,,-138.70863,14.979567,-577.64264,577.64264,0.0009999999
0.0009999999,577.64264,500224.44,-0.078225955,,0.12,,143.70135,224752,0.0009999999,-113.385635,,24622.56934070587,15.422426,-0.2,7.736302e-12,0.0009999999,,11,-0.12,3481,98.77659,14.89809,inf,3481,,,64.5653547831083,1296,inf,0.12,,-138.70135,14.979406,-577.64264,577.64264,0.0009999999
0.0009999999,577.64264,500335.7,0.0010729432,,0.12,,143.69205,224765,0.0009999999,-106.27066,,24633.694212436676,14.86885,-0.2,7.731859e-12,0.0009999999,,11,-0.12,3482,98.77659,14.897803,inf,3482,,,64.55054566341184,1296,inf,0.2,,-138.69205,14.979088,-577.64264,577.64264,0.0009999999
0.0009999999,577.64264,500473.94,-0.32251468,,0.12,,143.69048,224808,0.0009999999,-133.2489,,24644.564285993576,12.452639,-0.12,7.72742e-12,0.0009999999,,11,-0.12,3483,98.77659,14.897516,inf,3483,,,64.54435831180017,1296,inf,-0.2,,-138.69048,14.978074,-577.64264,577.64264,0.0009999999
0.0009999999,577.64264,500586.1,-0.23851663,,0.12,,143.68143,224833,0.0009999999,-107.13954,,24656.08553671837,14.724109,-0.12,7.7229854e-12,0.0009999999,,11,-0.12,3484,98.77659,14.897229,inf,3484,,,64.53300803673937,1296,inf,-0.12,,-138.68143,14.977717,-577.64264,577.64264,0.0009999999
0.0009999999,577.64264,500709.75,-0.16103792,,0.12,,143.67567,224871,0.0009999999,-118.640015,,24666.56176018715,14.117571,-0.12,7.718554e-12,0.0009999999,,11,-0.12,3485,98.77659,14.896942,inf,3485,,,64.52539454806313,1296,inf,-0.04,,-138.67567,14.9771805,-577.64264,577.64264,0.0009999999
0.0009999999,577.64264,500854.0,-0.07876807,,0.12,,143.67584,224912,0.0009999999,-139.23877,,24676.82514643669,14.469918,-0.12,7.714125e-12,0.0009999999,,11,-0.12,3486,98.77659,14.896655,inf,3486,,,64.51864601262191,1296,inf,0.04,,-138.67584,14.976748,-577.64264,577.64264,0.0009999999
0.0009999999,577.64264,500991.38,-0.0013365969,,0.12,,143.67404,224948,0.0009999999,-132.3762,,24686.921710014343,14.842501,-0.12,7.709702e-12,0.0009999999,,11,-0.12,3487,98.77659,14.896368,inf,3487,,,64.51046745053054,1296,inf,0.12,,-138.67404,14.976426,-577.64264,577.64264,0.0009999999
0.0009999999,577.64264,501116.22,0.0794972,,0.12,,143.66864,224971,0.0009999999,-119.852325,,24696.50323176384,11.81097,-0.12,7.7052835e-12,0.0009999999,,11,-0.12,3488,98.77659,14.896082,inf,3488,,,64.49856651376147,1296,inf,0.2,,-138.66864,14.975228,-577.64264,577.64264,0.0009999999
0.0009999999,577.64264,501255.44,-0.23922923,,0.12,,143.66736,225009,0.0009999999,-134.20888,,24706.007213115692,14.766139,-0.04,7.700867e-12,0.0009999999,,11,-0.12,3489,98.77659,14.895795,inf,3489,,,64.49097162510748,1296,inf,-0.2,,-138.66736,14.974883,-577.64264,577.64264,0.0009999999
0.0009999999,577.64264,501364.94,-0.1598884,,0.12,,143.65758,225032,0.0009999999,-104.50173,,24715.92945933342,11.080514,-0.04,7.696455e-12,0.0009999999,,11,-0.12,3490,98.77659,14.895509,inf,3490,,,64.47908309455588,1296,inf,-0.12,,-138.65758,14.97348,-577.64264,577.64264,0.0009999999
0.0009999999,577.64264,501496.6,-0.07895872,,0.12,,143.65414,225067,0.0009999999,-126.678955,,24725.542206048965,15.234283,-0.04,7.692046e-12,0.0009999999,,11,-0.12,3491,98.77659,14.895222,inf,3491,,,64.4706387854483,1296,inf,-0.04,,-138.65414,14.9732685,-577.64264,577.64264,0.0009999999
0.0009999999,577.64264,501646.9,-0.0010147132,,0.12,,143.65605,225124,0.0009999999,-145.33226,,24735.06903576851,15.1195545,-0.04,7.6876405e-12,0.0009999999,,11,-0.12,3492,98.77659,14.894936,inf,3492,,,64.46849942726232,1296,inf,0.04,,-138.65605,14.973025,-577.64264,577.64264,0.0009999999
0.0009999999,577.64264,501780.06,0.08293733,,0.12,,143.65305,225154,0.0009999999,-128.16847,,24745.154705762863,14.017147,-0.04,7.6832395e-12,0.0009999999,,11,-0.12,3493,98.77659,14.8946495,inf,3493,,,64.45863154881191,1296,inf,0.12,,-138.65305,14.972465,-577.64264,577.64264,0.0009999999
0.0009999999,577.64264,501946.44,0.16111842,,0.12,,143.65955,225217,0.0009999999,-161.37595,,24755.119256973267,11.947802,-0.04,7.678843e-12,0.0009999999,,11,-0.12,3494,98.77659,14.894363,inf,3494,,,64.4582140812822,1296,inf,0.2,,-138.65955,14.971313,-577.64264,577.64264,0.0009999999
0.0009999999,577.64264,502123.97,-0.15879579,,0.12,,143.66924,225291,0.0009999999,-172.51805,,24764.82748389244,13.390798,0.04,7.674449e-12,0.0009999999,,11,-0.12,3495,98.77659,14.894076,inf,3495,,,64.46094420600858,1296,inf,-0.2,,-138.66924,14.9705715,-577.64264,577.64264,0.0009999999
0.0009999999,577.64264,502235.84,-0.08194929,,0.12,,143.66014,225315,0.0009999999,-106.861534,,24774.27378177643,14.903503,0.04,7.670059e-12,0.0009999999,,11,-0.12,3496,98.77659,14.893791,inf,3496,,,64.44937070938215,1296,inf,-0.12,,-138.66014,14.970272,-577.64264,577.64264,0.0009999999
0.0009999999,577.64264,502357.28,-0.0034049973,,0.12,,143.65378,225346,0.0009999999,-116.44631,,24786.029801130295,14.379925,0.04,7.665673e-12,0.0009999999,,11,-0.12,3497,98.77659,14.893505,inf,3497,,,64.43980554761224,1296,inf,-0.04,,-138.65378,14.969813,-577.64264,577.64264,0.0009999999
0.0009999999,577.64264,502500.22,0.08105049,,0.12,,143.65358,225402,0.0009999999,-137.94986,,24797.236067295074,12.882277,0.04,7.661291e-12,0.0009999999,,11,-0.12,3498,98.77659,14.893219,inf,3498,,,64.43739279588337,1296,inf,0.04,,-138.65358,14.968933,-577.64264,577.64264,0.0009999999
0.0009999999,577.64264,502623.3,0.15767506,,0.12,,143.6477,225427,0.0009999999,-118.07747,,24809.440328121185,13.803499,0.04,7.6569116e-12,0.0009999999,,11,-0.12,3499,98.77659,14.892933,inf,3499,,,64.42612174907116,1296,inf,0.12,,-138.6477,14.968314,-577.64264,577.64264,0.0009999999
0.0009999999,577.64264,502795.7,0.24287894,,0.12,,143.65591,225496,0.0009999999,-167.35983,,24820.767763376236,14.687706,0.04,7.6525375e-12,0.0009999999,,11,-0.12,3500,98.77659,14.892647,inf,3500,,,64.42742857142858,1296,inf,0.2,,-138.65591,14.967946,-577.64264,577.64264,0.0009999999
0.0009999999,577.64264,502976.62,-0.0785347,,0.12,,143.66656,225574,0.0009999999,-175.93738,,24832.456397533417,14.111398,0.12,7.648166e-12,0.0009999999,,11,-0.12,3501,98.77659,14.892362,inf,3501,,,64.43130534133105,1296,inf,-0.2,,-138.66656,14.967418,-577.64264,577.64264,0.0009999999
0.0009999999,577.64264,503092.12,-0.0026502088,,0.12,,143.65852,225617,0.0009999999,-110.51914,,24843.81672000885,14.189099,0.12,7.6438e-12,0.0009999999,,11,-0.12,3502,98.77659,14.892076,inf,3502,,,64.42518560822387,1296,inf,-0.12,,-138.65852,14.9669075,-577.64264,577.64264,0.0009999999
0.0009999999,577.64264,503217.5,0.08204304,,0.12,,143.65329,225643,0.0009999999,-120.378426,,24854.127841949463,9.637604,0.12,7.639436e-12,0.0009999999,,11,-0.12,3503,98.77659,14.89179,inf,3503,,,64.4142163859549,1296,inf,-0.04,,-138.65329,14.965103,-577.64264,577.64264,0.0009999999
0.0009999999,577.64264,503350.12,0.1609908,,0.12,,143.65015,225686,0.0009999999,-127.59668,,24864.546591758728,14.600734,0.12,7.635076e-12,0.0009999999,,11,-0.12,3504,98.77659,14.891505,inf,3504,,,64.40810502283105,1296,inf,0.04,,-138.65015,14.964714,-577.64264,577.64264,0.0009999999
0.0009999999,577.64264,503478.84,0.2388666,,0.12,,143.64589,225713,0.0009999999,-123.71801,,24874.6596930027,12.810773,0.12,7.63072e-12,0.0009999999,,11,-0.12,3505,98.77659,14.89122,inf,3505,,,64.39743223965763,1296,inf,0.12,,-138.64589,14.963814,-577.64264,577.64264,0.0009999999
0.0009999999,577.64264,503613.75,0.31861112,,0.12,,143.6434,225745,0.0009999999,-129.90146,,24884.486556768417,14.737627,0.12,7.626367e-12,0.0009999999,,11,-0.12,3506,98.77659,14.890934,inf,3506,,,64.38819167142042,1296,inf,0.2,,-138.6434,14.963466,-577.64264,577.64264,0.0009999999
0.0009999999,577.64264,503765.56,0.0015191436,,0.12,,143.64572,225795,0.0009999999,-146.83931,,24894.190071344376,14.257485,0.2,7.622019e-12,0.0009999999,,11,-0.12,3507,98.77659,14.890649,inf,3507,,,64.38408896492729,1296,inf,-0.2,,-138.64572,14.962975,-577.64264,577.64264,0.0009999999
0.0009999999,577.64264,503881.0,0.07752302,,0.12,,143.63768,225813,0.0009999999,-110.40788,,24903.750351428986,15.155426,0.2,7.617674e-12,0.0009999999,,11,-0.12,3508,98.77659,14.890364,inf,3508,,,64.37086659064994,1296,inf,-0.12,,-138.63768,14.9627495,-577.64264,577.64264,0.0009999999
0.0009999999,577.64264,504008.5,0.16422164,,0.12,,143.63309,225839,0.0009999999,-122.551186,,24913.355337381363,14.2891445,0.2,7.613333e-12,0.0009999999,,11,-0.12,3509,98.77659,14.8900795,inf,3509,,,64.3599316044457,1296,inf,-0.04,,-138.63309,14.962269,-577.64264,577.64264,0.0009999999
0.0009999999,577.64264,504135.1,0.24335954,,0.12,,143.62823,225865,0.0009999999,-121.56887,,24923.051686286926,12.497079,0.2,7.608996e-12,0.0009999999,,11,-0.12,3510,98.77659,14.889794,inf,3510,,,64.34900284900284,1296,inf,0.04,,-138.62823,14.961285,-577.64264,577.64264,0.0009999999
0.0009999999,577.64264,504260.25,0.3201148,,0.12,,143.62297,225893,0.0009999999,-120.15604,,24933.133990049362,13.480057,0.2,7.604662e-12,0.0009999999,,11,-0.12,3511,98.77659,14.889509,inf,3511,,,64.33864995727713,1296,inf,0.12,,-138.62297,14.960577,-577.64264,577.64264,0.0009999999
0.0009999999,577.64264,504376.38,0.40066808,,0.12,,143.61514,225909,0.0009999999,-111.10882,,24942.830096960068,14.485587,0.2,7.600332e-12,0.0009999999,,11,-0.12,3512,98.77659,14.889224,inf,3512,,,64.3248861047836,1296,inf,0.2,,-138.61514,14.9601555,-577.64264,577.64264,0.0009999999
0.0009999999,577.64264,504507.8,-0.32170302,,0.2,,143.61168,225938,0.0009999999,-126.45479,,24952.477672100067,13.150865,-0.2,7.5960046e-12,0.0009999999,,11,-0.12,3513,98.77659,14.88894,inf,3513,,,64.31483062909194,1296,inf,-0.2,,-138.61168,14.959357,-577.64264,577.64264,0.0009999999
0.0009999999,577.64264,504623.84,-0.239556,,0.2,,143.60382,225964,0.0009999999,-111.02025,,24962.017559051514,14.78083,-0.2,7.5916825e-12,0.0009999999,,11,-0.12,3514,98.77659,14.888656,inf,3514,,,64.30392714854867,1296,inf,-0.12,,-138.60382,14.95902,-577.64264,577.64264,0.0009999999
0.0009999999,577.64264,504735.72,-0.16211578,,0.2,,143.5948,225980,0.0009999999,-106.87658,,24973.24514389038,13.605412,-0.2,7.587363e-12,0.0009999999,,11,-0.12,3515,98.77659,14.8883705,inf,3515,,,64.29018492176387,1296,inf,-0.04,,-138.5948,14.958353,-577.64264,577.64264,0.0009999999
0.0009999999,577.64264,504856.78,-0.080892,,0.2,,143.5884,225999,0.0009999999,-116.06906,,24984.646943092346,14.728567,-0.2,7.583048e-12,0.0009999999,,11,-0.12,3516,98.77659,14.888086,inf,3516,,,64.27730375426621,1296,inf,0.04,,-138.5884,14.958002,-577.64264,577.64264,0.0009999999
0.0009999999,577.64264,504967.44,0.0009670928,,0.2,,143.57903,226012,0.0009999999,-105.65928,,24995.908822774887,11.450426,-0.2,7.578736e-12,0.0009999999,,11,-0.12,3517,98.77659,14.887802,inf,3517,,,64.26272391242536,1296,inf,0.12,,-138.57903,14.956721,-577.64264,577.64264,0.0009999999
0.0009999999,577.64264,505087.3,0.081587516,,0.2,,143.5723,226030,0.0009999999,-114.865654,,25007.775224924088,14.702929,-0.2,7.574428e-12,0.0009999999,,11,-0.12,3518,98.77659,14.887518,inf,3518,,,64.24957362137579,1296,inf,0.2,,-138.5723,14.9563675,-577.64264,577.64264,0.0009999999
0.0009999999,577.64264,505208.8,-0.24067998,,0.2,,143.56601,226050,0.0009999999,-116.51464,,25019.405910491943,13.165642,-0.12,7.570124e-12,0.0009999999,,11,-0.12,3519,98.77659,14.887234,inf,3519,,,64.23699914748508,1296,inf,-0.2,,-138.56601,14.955569,-577.64264,577.64264,0.0009999999
0.0009999999,577.64264,505322.06,-0.16079348,,0.2,,143.5574,226064,0.0009999999,-108.25634,,25030.50036764145,15.23661,-0.12,7.565823e-12,0.0009999999,,11,-0.12,3520,98.77659,14.88695,inf,3520,,,64.22272727272727,1296,inf,-0.12,,-138.5574,14.955369,-577.64264,577.64264,0.0009999999
0.0009999999,577.64264,505432.94,-0.08263362,,0.2,,143.54813,226085,0.0009999999,-105.8608,,25041.08164024353,13.635071,-0.12,7.561527e-12,0.0009999999,,11,-0.12,3521,98.77659,14.886665,inf,3521,,,64.21045157625674,1296,inf,-0.04,,-138.54813,14.954707,-577.64264,577.64264,0.0009999999
0.0009999999,577.64264,505570.25,-0.00021309778,,0.2,,143.54636,226122,0.0009999999,-132.30705,,25051.584042072296,13.103939,-0.12,7.5572335e-12,0.0009999999,,11,-0.12,3522,98.77659,14.886381,inf,3522,,,64.20272572402044,1296,inf,0.04,,-138.54636,14.9539,-577.64264,577.64264,0.0009999999
0.0009999999,577.64264,505698.94,0.07969092,,0.2,,143.54213,226158,0.0009999999,-123.70448,,25061.670066595078,15.264641,-0.12,7.5529435e-12,0.0009999999,,11,-0.12,3523,98.77659,14.886097,inf,3523,,,64.19472040874255,1296,inf,0.12,,-138.54213,14.953704,-577.64264,577.64264,0.0009999999
0.0009999999,577.64264,505821.53,0.16202112,,0.2,,143.5362,226179,0.0009999999,-117.58489,,25071.534459352493,9.0476465,-0.12,7.548658e-12,0.0009999999,,11,-0.12,3524,98.77659,14.885814,inf,3524,,,64.18246311010216,1296,inf,0.2,,-138.5362,14.951741,-577.64264,577.64264,0.0009999999
0.0009999999,577.64264,505951.88,-0.15884992,,0.2,,143.53244,226208,0.0009999999,-125.360794,,25081.137782096863,13.900144,-0.04,7.544375e-12,0.0009999999,,11,-0.12,3525,98.77659,14.8855295,inf,3525,,,64.17248226950355,1296,inf,-0.2,,-138.53244,14.951162,-577.64264,577.64264,0.0009999999
0.0009999999,577.64264,506062.5,-0.07762689,,0.2,,143.52312,226227,0.0009999999,-105.59303,,25090.73818087578,14.954454,-0.04,7.540096e-12,0.0009999999,,11,-0.12,3526,98.77659,14.885246,inf,3526,,,64.1596710153148,1296,inf,-0.12,,-138.52312,14.950876,-577.64264,577.64264,0.0009999999
0.0009999999,577.64264,506218.56,-0.0007245168,,0.2,,143.52667,226375,0.0009999999,-151.05331,,25100.907454013824,13.347488,-0.04,7.535822e-12,0.0009999999,,11,-0.12,3527,98.77659,14.884962,inf,3527,,,64.18344201871278,1296,inf,-0.04,,-138.52667,14.950143,-577.64264,577.64264,0.0009999999
0.0009999999,577.64264,506343.97,0.07889952,,0.2,,143.52153,226401,0.0009999999,-120.41348,,25110.639608860016,15.413972,-0.04,7.53155e-12,0.0009999999,,11,-0.12,3528,98.77659,14.884679,inf,3528,,,64.17261904761905,1296,inf,0.04,,-138.52153,14.94999,-577.64264,577.64264,0.0009999999
0.0009999999,577.64264,506499.25,0.1625149,,0.2,,143.52487,226453,0.0009999999,-150.271,,25120.609050035477,14.583395,-0.04,7.527283e-12,0.0009999999,,11,-0.12,3529,98.77659,14.884396,inf,3529,,,64.16916973646926,1296,inf,0.12,,-138.52487,14.9496,-577.64264,577.64264,0.0009999999
0.0009999999,577.64264,506622.12,0.24173756,,0.2,,143.51901,226476,0.0009999999,-117.88947,,25130.570563077927,12.741408,-0.04,7.523018e-12,0.0009999999,,11,-0.12,3530,98.77659,14.884112,inf,3530,,,64.15750708215297,1296,inf,0.2,,-138.51901,14.948693,-577.64264,577.64264,0.0009999999
0.0009999999,577.64264,506759.16,-0.083228186,,0.2,,143.51718,226510,0.0009999999,-132.03404,,25139.9055287838,14.729536,0.04,7.518758e-12,0.0009999999,,11,-0.12,3531,98.77659,14.883829,inf,3531,,,64.148966298499,1296,inf,-0.2,,-138.51718,14.948346,-577.64264,577.64264,0.0009999999
0.0009999999,577.64264,506847.94,0.0012488142,,0.2,,143.50168,226625,0.0009999999,-83.7882,,25149.42288661003,13.399085,0.04,7.5145e-12,0.0009999999,,11,-0.12,3532,98.77659,14.883546,inf,3532,,,64.16336353340883,1296,inf,-0.12,,-138.50168,14.94763,-577.64264,577.64264,0.0009999999
0.0009999999,577.64264,506969.94,0.08189702,,0.2,,143.49559,226660,0.0009999999,-116.983345,,25160.443957090378,15.286133,0.04,7.510247e-12,0.0009999999,,11,-0.12,3533,98.77659,14.883263,inf,3533,,,64.15510897254458,1296,inf,-0.04,,-138.49559,14.947437,-577.64264,577.64264,0.0009999999
0.0009999999,577.64264,507097.2,0.16098315,,0.2,,143.491,226696,0.0009999999,-122.24752,,25171.484404802322,13.105956,0.04,7.5059976e-12,0.0009999999,,11,-0.12,3534,98.77659,14.882979,inf,3534,,,64.14714204867006,1296,inf,0.04,,-138.491,14.946634,-577.64264,577.64264,0.0009999999
0.0009999999,577.64264,507236.3,0.24232796,,0.2,,143.48976,226738,0.0009999999,-134.11815,,25183.21742105484,11.490611,0.04,7.501752e-12,0.0009999999,,11,-0.12,3535,98.77659,14.882697,inf,3535,,,64.14087694483734,1296,inf,0.12,,-138.48976,14.945376,-577.64264,577.64264,0.0009999999
0.0009999999,577.64264,507374.75,0.3158462,,0.2,,143.48833,226773,0.0009999999,-133.47005,,25194.691897392273,13.086805,0.04,7.497509e-12,0.0009999999,,11,-0.12,3536,98.77659,14.882414,inf,3536,,,64.13263574660634,1296,inf,0.2,,-138.48833,14.944565,-577.64264,577.64264,0.0009999999
0.0009999999,577.64264,507577.38,0.0021618307,,0.2,,143.50505,226872,0.0009999999,-197.61711,,25205.969254732132,12.754377,0.12,7.49327e-12,0.0009999999,,11,-0.12,3537,98.77659,14.882132,inf,3537,,,64.14249363867684,1296,inf,-0.2,,-138.50505,14.943667,-577.64264,577.64264,0.0009999999
0.0009999999,577.64264,507687.25,0.08274945,,0.2,,143.49554,226889,0.0009999999,-104.85394,,25217.20241189003,13.912671,0.12,7.489035e-12,0.0009999999,,11,-0.12,3538,98.77659,14.881848,inf,3538,,,64.12916902204636,1296,inf,-0.12,,-138.49554,14.943087,-577.64264,577.64264,0.0009999999
0.0009999999,577.64264,507814.03,0.1584621,,0.2,,143.49083,226917,0.0009999999,-121.791016,,25228.451699495316,14.338832,0.12,7.484804e-12,0.0009999999,,11,-0.12,3539,98.77659,14.881566,inf,3539,,,64.11896015823679,1296,inf,-0.04,,-138.49083,14.942638,-577.64264,577.64264,0.0009999999
0.0009999999,577.64264,507944.5,0.23944186,,0.2,,143.48715,226957,0.0009999999,-125.47407,,25239.100358247757,13.521516,0.12,7.480575e-12,0.0009999999,,11,-0.12,3540,98.77659,14.881284,inf,3540,,,64.11214689265536,1296,inf,0.04,,-138.48715,14.941952,-577.64264,577.64264,0.0009999999
0.0009999999,577.64264,508079.44,0.3201838,,0.2,,143.48473,226996,0.0009999999,-129.94786,,25249.800317525864,14.407272,0.12,7.476351e-12,0.0009999999,,11,-0.12,3541,98.77659,14.881001,inf,3541,,,64.10505506918949,1296,inf,0.12,,-138.48473,14.94152,-577.64264,577.64264,0.0009999999
0.0009999999,577.64264,508209.8,0.402296,,0.2,,143.48103,227025,0.0009999999,-125.359886,,25259.746767759323,14.356514,0.12,7.47213e-12,0.0009999999,,11,-0.12,3542,98.77659,14.880718,inf,3542,,,64.09514398644833,1296,inf,0.2,,-138.48103,14.941072,-577.64264,577.64264,0.0009999999
0.0009999999,577.64264,508322.0,0.08074455,,0.2,,143.4722,227039,0.0009999999,-107.17361,,25269.298077344894,15.016306,0.2,7.467912e-12,0.0009999999,,11,-0.12,3543,98.77659,14.880436,inf,3543,,,64.08100479819362,1296,inf,-0.2,,-138.4722,14.94081,-577.64264,577.64264,0.0009999999
0.0009999999,577.64264,508432.06,0.16095828,,0.2,,143.46277,227054,0.0009999999,-105.087364,,25279.207557439804,15.0238495,0.2,7.463698e-12,0.0009999999,,11,-0.12,3544,98.77659,14.880155,inf,3544,,,64.06715575620767,1296,inf,-0.12,,-138.46277,14.940552,-577.64264,577.64264,0.0009999999
0.0009999999,577.64264,508547.12,0.23873433,,0.2,,143.45476,227074,0.0009999999,-110.06024,,25288.967077970505,14.331254,0.2,7.459488e-12,0.0009999999,,11,-0.12,3545,98.77659,14.879872,inf,3545,,,64.05472496473907,1296,inf,-0.04,,-138.45476,14.940097,-577.64264,577.64264,0.0009999999
0.0009999999,577.64264,508663.72,0.32018358,,0.2,,143.44719,227091,0.0009999999,-111.58485,,25298.99264025688,14.713763,0.2,7.455281e-12,0.0009999999,,11,-0.12,3546,98.77659,14.87959,inf,3546,,,64.0414551607445,1296,inf,0.04,,-138.44719,14.939754,-577.64264,577.64264,0.0009999999
0.0009999999,577.64264,508785.8,0.40012872,,0.2,,143.44116,227118,0.0009999999,-117.09697,,25308.971489191055,15.519607,0.2,7.451079e-12,0.0009999999,,11,-0.12,3547,98.77659,14.879308,inf,3547,,,64.03101212292079,1296,inf,0.12,,-138.44116,14.939635,-577.64264,577.64264,0.0009999999
0.0009999999,577.64264,508913.5,0.47287685,,0.2,,143.43672,227146,0.0009999999,-122.685684,,25318.796271562576,15.347227,0.2,7.446879e-12,0.0009999999,,11,-0.12,3548,98.77659,14.879026,inf,3548,,,64.02085682074409,1296,inf,0.2,,-138.43672,14.939467,-577.64264,577.64264,0.0009999999
0.0009999999,577.64264,509050.97,-0.6388256,,-0.2,,143.43504,227184,0.0009999999,-132.48041,,25328.317160367966,8.280733,-0.2,7.442683e-12,0.0009999999,,11,-0.04,3549,98.77659,14.878744,inf,3549,,,64.01352493660185,1296,inf,-0.2,,-138.43504,14.937309,-577.64264,577.64264,0.0009999999
0.0009999999,577.64264,509161.44,-0.5610983,,-0.2,,143.42575,227201,0.0009999999,-105.4504,,25338.03517651558,13.142955,-0.2,7.438491e-12,0.0009999999,,11,-0.04,3550,98.77659,14.878463,inf,3550,,,64.00028169014084,1296,inf,-0.12,,-138.42575,14.936521,-577.64264,577.64264,0.0009999999
0.0009999999,577.64264,509287.75,-0.47970247,,-0.2,,143.42094,227232,0.0009999999,-121.32635,,25349.737973451614,15.360005,-0.2,7.434301e-12,0.0009999999,,11,-0.04,3551,98.77659,14.8781805,inf,3551,,,63.99098845395663,1296,inf,-0.04,,-138.42094,14.936362,-577.64264,577.64264,0.0009999999
0.0009999999,577.64264,509403.4,-0.39960638,,-0.2,,143.41312,227249,0.0009999999,-110.646515,,25361.46483564377,13.713768,-0.2,7.430116e-12,0.0009999999,,11,-0.04,3552,98.77659,14.877899,inf,3552,,,63.977759009009006,1296,inf,0.04,,-138.41312,14.935733,-577.64264,577.64264,0.0009999999
0.0009999999,577.64264,509524.9,-0.32310057,,-0.2,,143.40695,227272,0.0009999999,-116.502014,,25373.36371064186,14.822663,-0.2,7.425934e-12,0.0009999999,,11,-0.04,3553,98.77659,14.877618,inf,3553,,,63.96622572473966,1296,inf,0.12,,-138.40695,14.93542,-577.64264,577.64264,0.0009999999
0.0009999999,577.64264,509651.66,-0.24175094,,-0.2,,143.40227,227302,0.0009999999,-121.73633,,25384.39410853386,12.373602,-0.2,7.421756e-12,0.0009999999,,11,-0.04,3554,98.77659,14.8773365,inf,3554,,,63.956668542487336,1296,inf,0.2,,-138.40227,14.934421,-577.64264,577.64264,0.0009999999
0.0009999999,577.64264,509775.22,-0.5592235,,-0.2,,143.39668,227323,0.0009999999,-118.56782,,25395.67259454727,15.103438,-0.12,7.417581e-12,0.0009999999,,11,-0.04,3555,98.77659,14.877055,inf,3555,,,63.944585091420535,1296,inf,-0.2,,-138.39668,14.934184,-577.64264,577.64264,0.0009999999
0.0009999999,577.64264,509885.12,-0.48339307,,-0.2,,143.38727,227340,0.0009999999,-104.92044,,25406.761086702347,12.739557,-0.12,7.41341e-12,0.0009999999,,11,-0.04,3556,98.77659,14.876774,inf,3556,,,63.93138357705287,1296,inf,-0.12,,-138.38727,14.933289,-577.64264,577.64264,0.0009999999
0.0009999999,577.64264,509993.84,-0.40031907,,-0.2,,143.37752,227366,0.0009999999,-103.72138,,25417.924362897873,13.281236,-0.12,7.409242e-12,0.0009999999,,11,-0.04,3557,98.77659,14.8764925,inf,3557,,,63.92071970761878,1296,inf,-0.04,,-138.37752,14.932538,-577.64264,577.64264,0.0009999999
0.0009999999,577.64264,510104.8,-0.31960046,,-0.2,,143.36841,227388,0.0009999999,-105.97823,,25428.649495124817,13.692883,-0.12,7.405077e-12,0.0009999999,,11,-0.04,3558,98.77659,14.876211,inf,3558,,,63.90893760539629,1296,inf,0.04,,-138.36841,14.931912,-577.64264,577.64264,0.0009999999
0.0009999999,577.64264,510229.94,-0.24168277,,-0.2,,143.36328,227426,0.0009999999,-120.113,,25438.867790699005,14.850933,-0.12,7.400917e-12,0.0009999999,,11,-0.04,3559,98.77659,14.875931,inf,3559,,,63.90165776903625,1296,inf,0.12,,-138.36328,14.931607,-577.64264,577.64264,0.0009999999
0.0009999999,577.64264,510366.25,-0.159314,,-0.2,,143.36131,227460,0.0009999999,-131.29077,,25449.054787397385,15.3057375,-0.12,7.396759e-12,0.0009999999,,11,-0.04,3560,98.77659,14.875649,inf,3560,,,63.89325842696629,1296,inf,0.2,,-138.36131,14.931434,-577.64264,577.64264,0.0009999999
0.0009999999,577.64264,510492.66,-0.4823236,,-0.2,,143.35655,227484,0.0009999999,-121.43023,,25459.309715747833,13.215228,-0.04,7.392606e-12,0.0009999999,,11,-0.04,3561,98.77659,14.875369,inf,3561,,,63.88205560235889,1296,inf,-0.2,,-138.35655,14.930671,-577.64264,577.64264,0.0009999999
0.0009999999,577.64264,510600.7,-0.40132484,,-0.2,,143.34663,227506,0.0009999999,-103.02721,,25469.17632174492,13.662361,-0.04,7.388456e-12,0.0009999999,,11,-0.04,3562,98.77659,14.875088,inf,3562,,,63.870297585626055,1296,inf,-0.12,,-138.34663,14.930032,-577.64264,577.64264,0.0009999999
0.0009999999,577.64264,510673.75,-0.32063904,,-0.2,,143.3269,227823,0.0009999999,-68.08236,,25479.36805653572,11.983248,-0.04,7.3843084e-12,0.0009999999,,11,-0.04,3563,98.77659,14.874807,inf,3563,,,63.941341566095986,1296,inf,-0.04,,-138.3269,14.928926,-577.64264,577.64264,0.0009999999
0.0009999999,577.64264,510947.88,-0.24475603,,-0.2,,143.3636,228323,0.0009999999,-269.12442,,25489.934366703033,12.266178,-0.04,7.380166e-12,0.0009999999,,11,-0.04,3564,98.77659,14.874527,inf,3564,,,64.06369248035915,1296,inf,0.04,,-138.3636,14.927895,-577.64264,577.64264,0.0009999999
0.0009999999,577.64264,511440.88,-0.16073555,,-0.2,,143.46167,228823,0.0009999999,-487.97092,,25500.413041353226,12.309591,-0.04,7.376026e-12,0.0009999999,,11,-0.04,3565,98.77659,14.874247,inf,3565,,,64.1859747545582,1296,inf,0.12,,-138.46167,14.926884,-577.64264,577.64264,0.0009999999
0.0009999999,577.64264,511940.22,-0.08002642,,-0.2,,143.56148,229323,0.0009999999,-494.36017,,25510.84903883934,15.309684,-0.04,7.3718896e-12,0.0009999999,,11,-0.04,3566,98.77659,14.873965,inf,3566,,,64.30818844643859,1296,inf,0.2,,-138.56148,14.926708,-577.64264,577.64264,0.0009999999
0.0009999999,577.64264,512440.0,-0.40052545,,-0.2,,143.66135,229823,0.0009999999,-494.77783,,25521.110998868942,11.908654,0.04,7.367757e-12,0.0009999999,,11,-0.04,3567,98.77659,14.873685,inf,3567,,,64.43033361368096,1296,inf,-0.2,,-138.66135,14.925584,-577.64264,577.64264,0.0009999999
0.0009999999,577.64264,512559.56,-0.31885043,,-0.2,,143.65459,229920,0.0009999999,-114.56517,,25530.74813938141,14.829633,0.04,7.363628e-12,0.0009999999,,11,-0.04,3568,98.77659,14.873405,inf,3568,,,64.43946188340807,1296,inf,-0.12,,-138.65459,14.925276,-577.64264,577.64264,0.0009999999
0.0009999999,577.64264,512659.3,-0.23554021,,-0.2,,143.64229,230001,0.0009999999,-94.7387,,25542.942415714264,15.02376,0.04,7.359502e-12,0.0009999999,,11,-0.04,3569,98.77659,14.873125,inf,3569,,,64.44410198935276,1296,inf,-0.04,,-138.64229,14.92502,-577.64264,577.64264,0.0009999999
0.0009999999,577.64264,512909.44,-0.15703712,,-0.2,,143.6721,230501,0.0009999999,-245.16153,,25555.437002658844,12.510933,0.04,7.355379e-12,0.0009999999,,11,-0.04,3570,98.77659,14.872845,inf,3570,,,64.56610644257704,1296,inf,0.04,,-138.6721,14.9240675,-577.64264,577.64264,0.0009999999
0.0009999999,577.64264,513409.7,-0.0804431,,-0.2,,143.77197,231001,0.0009999999,-495.22894,,25567.735802412033,13.909079,0.04,7.35126e-12,0.0009999999,,11,-0.04,3571,98.77659,14.872564,inf,3571,,,64.6880425651078,1296,inf,0.12,,-138.77197,14.9235,-577.64264,577.64264,0.0009999999
0.0009999999,577.64264,513901.6,0.0007382333,,-0.2,,143.86943,231501,0.0009999999,-486.88867,,25579.54944062233,15.533725,0.04,7.3471455e-12,0.0009999999,,11,-0.04,3572,98.77659,14.872285,inf,3572,,,64.8099104143337,1296,inf,0.2,,-138.86943,14.923395,-577.64264,577.64264,0.0009999999
0.0009999999,577.64264,514389.3,-0.31861317,,-0.2,,143.96567,232001,0.0009999999,-482.73834,,25591.884860515594,14.085961,0.12,7.343032e-12,0.0009999999,,11,-0.04,3573,98.77659,14.8720045,inf,3573,,,64.93171004757906,1296,inf,-0.2,,-138.96567,14.922878,-577.64264,577.64264,0.0009999999
0.0009999999,577.64264,514509.88,-0.24168515,,-0.2,,143.95912,232049,0.0009999999,-115.576515,,25603.190947532654,12.72518,0.12,7.338924e-12,0.0009999999,,11,-0.04,3574,98.77659,14.871725,inf,3574,,,64.92697257974258,1296,inf,-0.12,,-138.95912,14.921987,-577.64264,577.64264,0.0009999999
0.0009999999,577.64264,514644.25,-0.15959543,,-0.2,,143.95644,232115,0.0009999999,-129.37962,,25613.429760932922,13.419426,0.12,7.3348185e-12,0.0009999999,,11,-0.04,3575,98.77659,14.871445,inf,3575,,,64.92727272727272,1296,inf,-0.04,,-138.95644,14.921286,-577.64264,577.64264,0.0009999999
0.0009999999,577.64264,514913.0,-0.08259937,,-0.2,,143.99133,232615,0.0009999999,-263.74026,,25624.54078936577,13.340072,0.12,7.330717e-12,0.0009999999,,11,-0.04,3576,98.77659,14.871165,inf,3576,,,65.04893736017897,1296,inf,0.04,,-138.99133,14.92056,-577.64264,577.64264,0.0009999999
0.0009999999,577.64264,515050.3,0.0017311126,,-0.2,,143.98947,232658,0.0009999999,-132.28416,,25634.902854681015,9.29006,0.12,7.326619e-12,0.0009999999,,11,-0.04,3577,98.77659,14.870886,inf,3577,,,65.04277327369304,1296,inf,0.12,,-138.98947,14.918711,-577.64264,577.64264,0.0009999999
0.0009999999,577.64264,515191.75,0.07875741,,-0.2,,143.98875,232700,0.0009999999,-136.42543,,25644.89981484413,13.572518,0.12,7.322524e-12,0.0009999999,,11,-0.04,3578,98.77659,14.870606,inf,3578,,,65.0363331470095,1296,inf,0.2,,-138.98875,14.918052,-577.64264,577.64264,0.0009999999
0.0009999999,577.64264,515333.47,-0.24106173,,-0.2,,143.98811,232742,0.0009999999,-136.71388,,25654.758692502975,14.511105,0.2,7.318433e-12,0.0009999999,,11,-0.04,3579,98.77659,14.870327,inf,3579,,,65.02989661916736,1296,inf,-0.2,,-138.98811,14.917662,-577.64264,577.64264,0.0009999999
0.0009999999,577.64264,515447.2,-0.15934533,,-0.2,,143.97966,232764,0.0009999999,-108.72927,,25664.65086913109,14.842141,0.2,7.3143444e-12,0.0009999999,,11,-0.04,3580,98.77659,14.870048,inf,3580,,,65.01787709497206,1296,inf,-0.12,,-138.97966,14.91736,-577.64264,577.64264,0.0009999999
0.0009999999,577.64264,515569.72,-0.082416475,,-0.2,,143.97368,232792,0.0009999999,-117.54772,,25674.564877271652,14.67029,0.2,7.310261e-12,0.0009999999,,11,-0.04,3581,98.77659,14.869768,inf,3581,,,65.00753979335381,1296,inf,-0.04,,-138.97368,14.917014,-577.64264,577.64264,0.0009999999
0.0009999999,577.64264,515699.44,-0.004374668,,-0.2,,143.9697,232820,0.0009999999,-124.71134,,25684.150092840195,13.519656,0.2,7.306179e-12,0.0009999999,,11,-0.04,3582,98.77659,14.869489,inf,3582,,,64.99720826353992,1296,inf,0.04,,-138.9697,14.916344,-577.64264,577.64264,0.0009999999
0.0009999999,577.64264,515832.88,0.08281505,,-0.2,,143.96675,232851,0.0009999999,-128.41583,,25693.963570594788,12.279867,0.2,7.302102e-12,0.0009999999,,11,-0.04,3583,98.77659,14.869209,inf,3583,,,64.98771978788724,1296,inf,0.12,,-138.96675,14.915326,-577.64264,577.64264,0.0009999999
0.0009999999,577.64264,515965.12,0.1602192,,-0.2,,143.96349,232884,0.0009999999,-127.26412,,25703.971622228622,13.301212,0.2,7.298027e-12,0.0009999999,,11,-0.04,3584,98.77659,14.868931,inf,3584,,,64.97879464285714,1296,inf,0.2,,-138.96349,14.914598,-577.64264,577.64264,0.0009999999
0.0009999999,577.64264,516094.88,-0.55850244,,-0.12,,143.95952,232913,0.0009999999,-124.75626,,25713.49426960945,14.735812,-0.2,7.293956e-12,0.0009999999,,11,-0.04,3585,98.77659,14.868651,inf,3585,,,64.96875871687587,1296,inf,-0.2,,-138.95952,14.914268,-577.64264,577.64264,0.0009999999
0.0009999999,577.64264,516209.88,-0.479573,,-0.12,,143.95145,232937,0.0009999999,-109.98689,,25724.54258131981,13.877589,-0.2,7.289889e-12,0.0009999999,,11,-0.04,3586,98.77659,14.868373,inf,3586,,,64.95733407696598,1296,inf,-0.12,,-138.95145,14.913703,-577.64264,577.64264,0.0009999999
0.0009999999,577.64264,516325.1,-0.39705256,,-0.12,,143.94344,232967,0.0009999999,-110.22247,,25736.32604265213,14.796491,-0.2,7.285825e-12,0.0009999999,,11,-0.04,3587,98.77659,14.868094,inf,3587,,,64.94758851407862,1296,inf,-0.04,,-138.94344,14.913389,-577.64264,577.64264,0.0009999999
0.0009999999,577.64264,516442.1,-0.32314494,,-0.12,,143.93593,232984,0.0009999999,-111.992226,,25748.031450271606,13.715834,-0.2,7.281765e-12,0.0009999999,,11,-0.04,3588,98.77659,14.867815,inf,3588,,,64.93422519509475,1296,inf,0.04,,-138.93593,14.91278,-577.64264,577.64264,0.0009999999
0.0009999999,577.64264,516561.62,-0.24064958,,-0.12,,143.92912,233013,0.0009999999,-114.53557,,25759.331598758698,13.672976,-0.2,7.277707e-12,0.0009999999,,11,-0.04,3589,98.77659,14.867537,inf,3589,,,64.92421287266649,1296,inf,0.12,,-138.92912,14.912154,-577.64264,577.64264,0.0009999999
0.0009999999,577.64264,516686.94,-0.16172074,,-0.12,,143.92393,233046,0.0009999999,-120.331696,,25770.910585165024,15.466133,-0.2,7.2736535e-12,0.0009999999,,11,-0.04,3590,98.77659,14.867258,inf,3590,,,64.91532033426184,1296,inf,0.2,,-138.92393,14.912027,-577.64264,577.64264,0.0009999999
0.0009999999,577.64264,516806.75,-0.4791109,,-0.12,,143.91722,233065,0.0009999999,-114.77566,,25782.173458099365,13.974714,-0.12,7.2696025e-12,0.0009999999,,11,-0.04,3591,98.77659,14.86698,inf,3591,,,64.90253411306043,1296,inf,-0.2,,-138.91722,14.911491,-577.64264,577.64264,0.0009999999
0.0009999999,577.64264,516927.1,-0.39905655,,-0.12,,143.91066,233091,0.0009999999,-115.354515,,25793.086392879486,10.745079,-0.12,7.2655553e-12,0.0009999999,,11,-0.04,3592,98.77659,14.866701,inf,3592,,,64.89170378619154,1296,inf,-0.12,,-138.91066,14.9100485,-577.64264,577.64264,0.0009999999
0.0009999999,577.64264,517040.53,-0.31754935,,-0.12,,143.90218,233133,0.0009999999,-108.42802,,25803.246113300323,14.5486965,-0.12,7.261512e-12,0.0009999999,,11,-0.04,3593,98.77659,14.866423,inf,3593,,,64.88533259114946,1296,inf,-0.04,,-138.90218,14.909674,-577.64264,577.64264,0.0009999999
0.0009999999,577.64264,517160.2,-0.2397563,,-0.12,,143.89543,233155,0.0009999999,-114.64158,,25813.364671230316,14.0138645,-0.12,7.2574715e-12,0.0009999999,,11,-0.04,3594,98.77659,14.866144,inf,3594,,,64.8734001112966,1296,inf,0.04,,-138.89543,14.909145,-577.64264,577.64264,0.0009999999
0.0009999999,577.64264,517285.75,-0.16306147,,-0.12,,143.89034,233180,0.0009999999,-120.58895,,25823.630423069,14.945526,-0.12,7.2534344e-12,0.0009999999,,11,-0.04,3595,98.77659,14.865867,inf,3595,,,64.86230876216968,1296,inf,0.12,,-138.89034,14.908879,-577.64264,577.64264,0.0009999999
0.0009999999,577.64264,517419.75,-0.07980017,,-0.12,,143.88759,233211,0.0009999999,-128.9869,,25833.410960435867,12.964454,-0.12,7.2494007e-12,0.0009999999,,11,-0.04,3596,98.77659,14.865588,inf,3596,,,64.85289210233593,1296,inf,0.2,,-138.88759,14.90806,-577.64264,577.64264,0.0009999999
0.0009999999,577.64264,517558.94,-0.40048772,,-0.12,,143.88628,233249,0.0009999999,-134.20251,,25843.240783929825,12.217612,-0.04,7.2453705e-12,0.0009999999,,11,-0.04,3597,98.77659,14.86531,inf,3597,,,64.84542674450931,1296,inf,-0.2,,-138.88628,14.907031,-577.64264,577.64264,0.0009999999
0.0009999999,577.64264,517667.72,-0.3175832,,-0.12,,143.87653,233265,0.0009999999,-103.79081,,25852.85302734375,14.86368,-0.04,7.2413447e-12,0.0009999999,,11,-0.04,3598,98.77659,14.865032,inf,3598,,,64.83185102834908,1296,inf,-0.12,,-138.87653,14.906743,-577.64264,577.64264,0.0009999999
0.0009999999,577.64264,517610.4,-0.24117301,,-0.12,,143.82062,233765,0.0009999999,62.307537,,25863.18773651123,13.713671,-0.04,7.2373214e-12,0.0009999999,,11,-0.04,3599,98.77659,14.864754,inf,3599,,,64.95276465684913,1296,inf,-0.04,,-138.82062,14.906131,-577.64264,577.64264,0.0009999999
0.0009999999,577.64264,517834.66,-0.16169038,,-0.12,,143.84296,234265,0.0009999999,-219.24802,,25873.730986118317,15.291787,-0.04,7.2333008e-12,0.0009999999,,11,-0.04,3600,98.77659,14.864476,inf,3600,,,65.0736111111111,1296,inf,0.04,,-138.84296,14.905966,-577.64264,577.64264,0.0009999999
0.0009999999,577.64264,518330.2,-0.07811906,,-0.12,,143.94063,234765,0.0009999999,-490.52158,,25884.00770688057,14.086699,-0.04,7.229284e-12,0.0009999999,,11,-0.04,3601,98.77659,14.864199,inf,3601,,,65.19439044709803,1296,inf,0.12,,-138.94063,14.9054575,-577.64264,577.64264,0.0009999999
0.0009999999,577.64264,518833.25,-0.0022146255,,-0.12,,144.04033,235265,0.0009999999,-498.0451,,25894.28103995323,15.173453,-0.04,7.225271e-12,0.0009999999,,11,-0.04,3602,98.77659,14.863921,inf,3602,,,65.31510272071071,1296,inf,0.2,,-139.04033,14.905256,-577.64264,577.64264,0.0009999999
0.0009999999,577.64264,519337.2,-0.31835645,,-0.12,,144.14021,235765,0.0009999999,-498.97946,,25904.200264453888,12.45429,0.04,7.2212605e-12,0.0009999999,,11,-0.04,3603,98.77659,14.863644,inf,3603,,,65.43574798778795,1296,inf,-0.2,,-139.14021,14.904299,-577.64264,577.64264,0.0009999999
0.0009999999,577.64264,519455.88,-0.24288702,,-0.12,,144.13315,235835,0.0009999999,-113.68145,,25914.5710606575,14.855466,0.04,7.217254e-12,0.0009999999,,11,-0.04,3604,98.77659,14.863366,inf,3604,,,65.43701442841288,1296,inf,-0.12,,-139.13315,14.904004,-577.64264,577.64264,0.0009999999
0.0009999999,577.64264,519579.3,-0.1572084,,-0.12,,144.12741,235957,0.0009999999,-118.43003,,25926.71244072914,11.076414,0.04,7.2132504e-12,0.0009999999,,11,-0.04,3605,98.77659,14.863089,inf,3605,,,65.45270457697642,1296,inf,-0.04,,-139.12741,14.902668,-577.64264,577.64264,0.0009999999
0.0009999999,577.64264,519863.06,-0.0806693,,-0.12,,144.16612,236457,0.0009999999,-278.7298,,25939.10772204399,13.438872,0.04,7.20925e-12,0.0009999999,,11,-0.04,3606,98.77659,14.862811,inf,3606,,,65.57321131447587,1296,inf,0.04,,-139.16612,14.901982,-577.64264,577.64264,0.0009999999
0.0009999999,577.64264,520365.8,8.404255e-06,,-0.12,,144.26555,236957,0.0009999999,-497.7588,,25951.00666832924,15.513073,0.04,7.2052533e-12,0.0009999999,,11,-0.04,3607,98.77659,14.862534,inf,3607,,,65.69365123371223,1296,inf,0.12,,-139.26555,14.901878,-577.64264,577.64264,0.0009999999
0.0009999999,577.64264,520864.2,0.081876785,,-0.12,,144.3637,237457,0.0009999999,-493.36856,,25963.1531522274,13.084919,0.04,7.2012596e-12,0.0009999999,,11,-0.04,3608,98.77659,14.862257,inf,3608,,,65.8140243902439,1296,inf,0.2,,-139.3637,14.901094,-577.64264,577.64264,0.0009999999
0.0009999999,577.64264,521367.8,-0.24015686,,-0.12,,144.46324,237957,0.0009999999,-498.63104,,25975.098235845566,14.543946,0.12,7.19727e-12,0.0009999999,,11,-0.04,3609,98.77659,14.8619795,inf,3609,,,65.93433083956775,1296,inf,-0.2,,-139.46324,14.900719,-577.64264,577.64264,0.0009999999
0.0009999999,577.64264,521482.34,-0.15766457,,-0.12,,144.45494,237999,0.0009999999,-109.53494,,25985.340479135513,15.4064865,0.12,7.1932824e-12,0.0009999999,,11,-0.04,3610,98.77659,14.861702,inf,3610,,,65.92770083102494,1296,inf,-0.12,,-139.45494,14.900583,-577.64264,577.64264,0.0009999999
0.0009999999,577.64264,521595.78,-0.07882221,,-0.12,,144.44635,238019,0.0009999999,-108.43728,,25995.93872332573,8.164503,0.12,7.1892995e-12,0.0009999999,,11,-0.04,3611,98.77659,14.861425,inf,3611,,,65.91498199944614,1296,inf,-0.04,,-139.44635,14.898439,-577.64264,577.64264,0.0009999999
0.0009999999,577.64264,521720.1,-0.0011637025,,-0.12,,144.44078,238051,0.0009999999,-119.31175,,26006.396799087524,15.010729,0.12,7.1853196e-12,0.0009999999,,11,-0.04,3612,98.77659,14.861149,inf,3612,,,65.90559246954595,1296,inf,0.04,,-139.44078,14.898195,-577.64264,577.64264,0.0009999999
0.0009999999,577.64264,521859.62,0.07837254,,-0.12,,144.43942,238089,0.0009999999,-134.50787,,26016.44610619545,13.747172,0.12,7.181342e-12,0.0009999999,,11,-0.04,3613,98.77659,14.860871,inf,3613,,,65.89786880708553,1296,inf,0.12,,-139.43942,14.897596,-577.64264,577.64264,0.0009999999
0.0009999999,577.64264,521995.94,0.1591324,,-0.12,,144.43716,238122,0.0009999999,-131.3083,,26026.242983818054,12.606183,0.12,7.1773685e-12,0.0009999999,,11,-0.04,3614,98.77659,14.860595,inf,3614,,,65.88876591034864,1296,inf,0.2,,-139.43716,14.89669,-577.64264,577.64264,0.0009999999
0.0009999999,577.64264,522130.2,-0.15930554,,-0.12,,144.43436,238153,0.0009999999,-129.24513,,26035.944645643234,15.012616,0.2,7.173398e-12,0.0009999999,,11,-0.04,3615,98.77659,14.860318,inf,3615,,,65.87911479944675,1296,inf,-0.2,,-139.43436,14.896442,-577.64264,577.64264,0.0009999999
0.0009999999,577.64264,522241.5,-0.08043985,,-0.12,,144.42519,238176,0.0009999999,-106.33057,,26045.69848060608,13.760863,0.2,7.169431e-12,0.0009999999,,11,-0.04,3616,98.77659,14.860042,inf,3616,,,65.86725663716814,1296,inf,-0.12,,-139.42519,14.895853,-577.64264,577.64264,0.0009999999
0.0009999999,577.64264,522358.3,-0.003258869,,-0.12,,144.41756,238195,0.0009999999,-111.82816,,26055.669191598892,15.392339,0.2,7.1654674e-12,0.0009999999,,11,-0.04,3617,98.77659,14.859765,inf,3617,,,65.85429914293613,1296,inf,-0.04,,-139.41756,14.895715,-577.64264,577.64264,0.0009999999
0.0009999999,577.64264,522469.3,0.07988823,,-0.12,,144.40833,238215,0.0009999999,-105.99997,,26065.515612602234,12.0759,0.2,7.1615075e-12,0.0009999999,,11,-0.04,3618,98.77659,14.8594885,inf,3618,,,65.84162520729684,1296,inf,0.04,,-139.40833,14.894659,-577.64264,577.64264,0.0009999999
0.0009999999,577.64264,522593.34,0.16197392,,-0.12,,144.4027,238237,0.0009999999,-119.02644,,26075.430419683456,15.330061,0.2,7.1575497e-12,0.0009999999,,11,-0.04,3619,98.77659,14.859213,inf,3619,,,65.8295109146173,1296,inf,0.12,,-139.4027,14.894502,-577.64264,577.64264,0.0009999999
0.0009999999,577.64264,522717.5,0.23930572,,-0.12,,144.3971,238260,0.0009999999,-119.15,,26085.299530029297,14.328903,0.2,7.153596e-12,0.0009999999,,11,-0.04,3620,98.77659,14.858936,inf,3620,,,65.81767955801105,1296,inf,0.2,,-139.3971,14.89407,-577.64264,577.64264,0.0009999999
0.0009999999,577.64264,522844.78,-0.47794336,,-0.04,,144.39238,238285,0.0009999999,-122.28097,,26095.017694234848,15.179117,-0.2,7.1496455e-12,0.0009999999,,11,-0.04,3621,98.77659,14.85866,inf,3621,,,65.8064070698702,1296,inf,-0.2,,-139.39238,14.893874,-577.64264,577.64264,0.0009999999
0.0009999999,577.64264,522962.22,-0.40375707,,-0.04,,144.38493,238305,0.0009999999,-112.455086,,26106.395090818405,11.236264,-0.2,7.1456972e-12,0.0009999999,,11,-0.04,3622,98.77659,14.858384,inf,3622,,,65.79376035339591,1296,inf,-0.12,,-139.38493,14.892586,-577.64264,577.64264,0.0009999999
0.0009999999,577.64264,523070.8,-0.321311,,-0.04,,144.37505,238328,0.0009999999,-103.60232,,26117.860265016556,13.284379,-0.2,7.1417538e-12,0.0009999999,,11,-0.04,3623,98.77659,14.858108,inf,3623,,,65.78194866133039,1296,inf,-0.04,,-139.37505,14.891867,-577.64264,577.64264,0.0009999999
0.0009999999,577.64264,523190.56,-0.24009268,,-0.04,,144.36826,238351,0.0009999999,-114.7497,,26129.600530147552,14.152475,-0.2,7.137813e-12,0.0009999999,,11,-0.04,3624,98.77659,14.857832,inf,3624,,,65.77014348785872,1296,inf,0.04,,-139.36826,14.891388,-577.64264,577.64264,0.0009999999
0.0009999999,577.64264,523313.94,-0.15855896,,-0.04,,144.36247,238373,0.0009999999,-118.34434,,26140.991428136826,14.758809,-0.2,7.133876e-12,0.0009999999,,11,-0.04,3625,98.77659,14.857556,inf,3625,,,65.75806896551724,1296,inf,0.12,,-139.36247,14.891075,-577.64264,577.64264,0.0009999999
0.0009999999,577.64264,523438.56,-0.07924096,,-0.04,,144.35703,238403,0.0009999999,-119.62844,,26152.18511724472,13.367337,-0.2,7.129941e-12,0.0009999999,,11,-0.04,3626,98.77659,14.85728,inf,3626,,,65.74820739106454,1296,inf,0.2,,-139.35703,14.890379,-577.64264,577.64264,0.0009999999
0.0009999999,577.64264,523569.88,-0.4003383,,-0.04,,144.35342,238437,0.0009999999,-126.32898,,26163.36954855919,11.287998,-0.12,7.12601e-12,0.0009999999,,11,-0.04,3627,98.77659,14.857004,inf,3627,,,65.73945409429281,1296,inf,-0.2,,-139.35342,14.889107,-577.64264,577.64264,0.0009999999
0.0009999999,577.64264,523681.0,-0.3175233,,-0.04,,144.34427,238452,0.0009999999,-106.11707,,26174.124237298965,14.695729,-0.12,7.1220824e-12,0.0009999999,,11,-0.04,3628,98.77659,14.856729,inf,3628,,,65.72546857772878,1296,inf,-0.12,,-139.34427,14.888781,-577.64264,577.64264,0.0009999999
0.0009999999,577.64264,523812.22,-0.2378308,,-0.04,,144.34065,238482,0.0009999999,-126.2129,,26184.676371097565,13.227112,-0.12,7.1181576e-12,0.0009999999,,11,-0.04,3629,98.77659,14.856453,inf,3629,,,65.71562413888124,1296,inf,-0.04,,-139.34065,14.888046,-577.64264,577.64264,0.0009999999
0.0009999999,577.64264,523930.88,-0.16278803,,-0.04,,144.33357,238505,0.0009999999,-113.635666,,26194.97137570381,13.721496,-0.12,7.114236e-12,0.0009999999,,11,-0.04,3630,98.77659,14.856177,inf,3630,,,65.7038567493113,1296,inf,0.04,,-139.33357,14.887453,-577.64264,577.64264,0.0009999999
0.0009999999,577.64264,524056.5,-0.08052176,,-0.04,,144.32841,238529,0.0009999999,-120.67244,,26204.995109319687,13.621298,-0.12,7.110318e-12,0.0009999999,,11,-0.04,3631,98.77659,14.855902,inf,3631,,,65.6923712475902,1296,inf,0.12,,-139.32841,14.886826,-577.64264,577.64264,0.0009999999
0.0009999999,577.64264,524181.62,0.00047160685,,-0.04,,144.32314,238553,0.0009999999,-120.10704,,26214.699152469635,14.671341,-0.12,7.1064036e-12,0.0009999999,,11,-0.04,3632,98.77659,14.855627,inf,3632,,,65.68089207048457,1296,inf,0.2,,-139.32314,14.886493,-577.64264,577.64264,0.0009999999
0.0009999999,577.64264,524319.06,-0.32004675,,-0.04,,144.32124,238588,0.0009999999,-132.43895,,26224.435981988907,14.986775,-0.04,7.102492e-12,0.0009999999,,11,-0.04,3633,98.77659,14.855351,inf,3633,,,65.67244701348747,1296,inf,-0.2,,-139.32124,14.886246,-577.64264,577.64264,0.0009999999
0.0009999999,577.64264,524442.6,-0.23686288,,-0.04,,144.31552,238653,0.0009999999,-118.576065,,26234.14748430252,15.32653,-0.04,7.0985834e-12,0.0009999999,,11,-0.04,3634,98.77659,14.855076,inf,3634,,,65.67226197028069,1296,inf,-0.12,,-139.31552,14.88609,-577.64264,577.64264,0.0009999999
0.0009999999,577.64264,524576.56,-0.16171388,,-0.04,,144.31267,238698,0.0009999999,-128.8931,,26244.009580135345,12.607471,-0.04,7.0946786e-12,0.0009999999,,11,-0.04,3635,98.77659,14.854801,inf,3635,,,65.6665749656121,1296,inf,-0.04,,-139.31267,14.88519,-577.64264,577.64264,0.0009999999
0.0009999999,577.64264,524733.75,-0.07923122,,-0.04,,144.31622,238770,0.0009999999,-152.23732,,26254.187351226807,14.635789,-0.04,7.090776e-12,0.0009999999,,11,-0.04,3636,98.77659,14.854526,inf,3636,,,65.66831683168317,1296,inf,0.04,,-139.31622,14.884842,-577.64264,577.64264,0.0009999999
0.0009999999,577.64264,524891.5,0.00050411373,,-0.04,,144.3199,238825,0.0009999999,-152.74045,,26264.205298662186,14.178044,-0.04,7.0868775e-12,0.0009999999,,11,-0.04,3637,98.77659,14.854251,inf,3637,,,65.66538355787738,1296,inf,0.12,,-139.3199,14.884378,-577.64264,577.64264,0.0009999999
0.0009999999,577.64264,525057.7,0.0824687,,-0.04,,144.32591,238888,0.0009999999,-161.19582,,26274.05943417549,15.531898,-0.04,7.0829818e-12,0.0009999999,,11,-0.04,3638,98.77659,14.853976,inf,3638,,,65.66465090709181,1296,inf,0.2,,-139.32591,14.884277,-577.64264,577.64264,0.0009999999
0.0009999999,577.64264,525199.1,-0.24059032,,-0.04,,144.32512,238926,0.0009999999,-136.39409,,26283.5957095623,11.439349,0.04,7.07909e-12,0.0009999999,,11,-0.04,3639,98.77659,14.853702,inf,3639,,,65.65704863973619,1296,inf,-0.2,,-139.32512,14.883059,-577.64264,577.64264,0.0009999999
0.0009999999,577.64264,525319.8,-0.1625689,,-0.04,,144.31863,238997,0.0009999999,-115.71058,,26294.751714468002,13.211829,0.04,7.075201e-12,0.0009999999,,11,-0.04,3640,98.77659,14.853427,inf,3640,,,65.65851648351648,1296,inf,-0.12,,-139.31863,14.882324,-577.64264,577.64264,0.0009999999
0.0009999999,577.64264,525453.3,-0.075928174,,-0.04,,144.31566,239043,0.0009999999,-128.48438,,26306.629231452942,14.020558,0.04,7.071315e-12,0.0009999999,,11,-0.04,3641,98.77659,14.853152,inf,3641,,,65.65311727547378,1296,inf,-0.04,,-139.31566,14.881813,-577.64264,577.64264,0.0009999999
0.0009999999,577.64264,525622.0,-0.00026255846,,-0.04,,144.32236,239124,0.0009999999,-163.73396,,26318.241428375244,12.822452,0.04,7.0674326e-12,0.0009999999,,11,-0.04,3642,98.77659,14.852878,inf,3642,,,65.65733113673805,1296,inf,0.04,,-139.32236,14.880972,-577.64264,577.64264,0.0009999999
0.0009999999,577.64264,525801.5,0.07986276,,-0.04,,144.332,239211,0.0009999999,-174.46529,,26329.53377175331,15.271304,0.04,7.063552e-12,0.0009999999,,11,-0.04,3643,98.77659,14.852603,inf,3643,,,65.66318967883612,1296,inf,0.12,,-139.332,14.880805,-577.64264,577.64264,0.0009999999
0.0009999999,577.64264,525987.6,0.15995485,,-0.04,,144.34348,239302,0.0009999999,-181.14624,,26340.306565761566,15.337443,0.04,7.059676e-12,0.0009999999,,11,-0.04,3644,98.77659,14.852328,inf,3644,,,65.67014270032931,1296,inf,0.2,,-139.34348,14.880657,-577.64264,577.64264,0.0009999999
0.0009999999,577.64264,526144.25,-0.15929568,,-0.04,,144.34683,239355,0.0009999999,-151.58607,,26351.848304748535,15.427234,0.12,7.055803e-12,0.0009999999,,11,-0.04,3645,98.77659,14.852054,inf,3645,,,65.66666666666667,1296,inf,-0.2,,-139.34683,14.880529,-577.64264,577.64264,0.0009999999
0.0009999999,577.64264,526255.4,-0.081464365,,-0.04,,144.33774,239377,0.0009999999,-106.17932,,26362.44814324379,15.382664,0.12,7.0519333e-12,0.0009999999,,11,-0.04,3646,98.77659,14.85178,inf,3646,,,65.65469007131102,1296,inf,-0.12,,-139.33774,14.880397,-577.64264,577.64264,0.0009999999
0.0009999999,577.64264,526374.1,0.00059838593,,-0.04,,144.3307,239414,0.0009999999,-113.68622,,26373.04300570488,12.123447,0.12,7.0480666e-12,0.0009999999,,11,-0.04,3647,98.77659,14.851505,inf,3647,,,65.6468330134357,1296,inf,-0.04,,-139.3307,14.879364,-577.64264,577.64264,0.0009999999
0.0009999999,577.64264,526484.9,0.08009711,,-0.04,,144.32152,239436,0.0009999999,-105.79081,,26383.22915506363,12.986591,0.12,7.044203e-12,0.0009999999,,11,-0.04,3648,98.77659,14.851232,inf,3648,,,65.63486842105263,1296,inf,0.04,,-139.32152,14.878572,-577.64264,577.64264,0.0009999999
0.0009999999,577.64264,526620.75,0.15893531,,-0.04,,144.3192,239471,0.0009999999,-130.85985,,26393.147207260132,15.147487,0.12,7.0403427e-12,0.0009999999,,11,-0.04,3649,98.77659,14.850957,inf,3649,,,65.6264730063031,1296,inf,0.12,,-139.3192,14.878372,-577.64264,577.64264,0.0009999999
0.0009999999,577.64264,526759.6,0.2404482,,-0.04,,144.3177,239507,0.0009999999,-133.89064,,26402.962508916855,14.046608,0.12,7.036486e-12,0.0009999999,,11,-0.04,3650,98.77659,14.850683,inf,3650,,,65.61835616438356,1296,inf,0.2,,-139.3177,14.87787,-577.64264,577.64264,0.0009999999
0.0009999999,577.64264,526894.3,-0.0809204,,-0.04,,144.31506,239539,0.0009999999,-129.66061,,26412.791251897812,14.977452,0.2,7.0326314e-12,0.0009999999,,11,-0.04,3651,98.77659,14.8504095,inf,3651,,,65.60914817858121,1296,inf,-0.2,,-139.31506,14.877625,-577.64264,577.64264,0.0009999999
0.0009999999,577.64264,527004.0,-0.0018795431,,-0.04,,144.30557,239554,0.0009999999,-104.65917,,26422.748852968216,14.790944,0.2,7.0287803e-12,0.0009999999,,11,-0.04,3652,98.77659,14.850135,inf,3652,,,65.59529025191675,1296,inf,-0.12,,-139.30557,14.877323,-577.64264,577.64264,0.0009999999
0.0009999999,577.64264,527113.9,0.08110591,,-0.04,,144.29616,239574,0.0009999999,-104.930405,,26432.46617937088,13.1486435,0.2,7.0249323e-12,0.0009999999,,11,-0.04,3653,98.77659,14.849861,inf,3653,,,65.58280865042431,1296,inf,-0.04,,-139.29616,14.87658,-577.64264,577.64264,0.0009999999
0.0009999999,577.64264,527231.7,0.1592632,,-0.04,,144.28891,239594,0.0009999999,-112.83044,,26442.599231481552,15.463513,0.2,7.0210886e-12,0.0009999999,,11,-0.04,3654,98.77659,14.849587,inf,3654,,,65.5703338806787,1296,inf,0.04,,-139.28891,14.876465,-577.64264,577.64264,0.0009999999
0.0009999999,577.64264,527363.5,0.24192125,,-0.04,,144.28549,239624,0.0009999999,-126.78163,,26452.881488084793,12.202112,0.2,7.0172466e-12,0.0009999999,,11,-0.04,3655,98.77659,14.849314,inf,3655,,,65.56060191518468,1296,inf,0.12,,-139.28549,14.875462,-577.64264,577.64264,0.0009999999
0.0009999999,577.64264,527489.06,0.31948897,,-0.04,,144.28038,239647,0.0009999999,-120.55451,,26462.721390485764,14.775493,0.2,7.0134085e-12,0.0009999999,,11,-0.04,3656,98.77659,14.849041,inf,3656,,,65.54896061269146,1296,inf,0.2,,-139.28038,14.87516,-577.64264,577.64264,0.0009999999
0.0009999999,577.64264,527622.06,-0.39752346,,0.04,,144.2773,239678,0.0009999999,-127.994896,,26472.454251766205,13.186845,-0.2,7.0095735e-12,0.0009999999,,11,-0.04,3657,98.77659,14.848767,inf,3657,,,65.53951326223681,1296,inf,-0.2,,-139.2773,14.874425,-577.64264,577.64264,0.0009999999
0.0009999999,577.64264,527748.06,-0.32057768,,0.04,,144.2723,239706,0.0009999999,-121.0029,,26483.224596261978,13.516439,-0.2,7.0057415e-12,0.0009999999,,11,-0.04,3658,98.77659,14.848494,inf,3658,,,65.529250956807,1296,inf,-0.12,,-139.2723,14.87378,-577.64264,577.64264,0.0009999999
0.0009999999,577.64264,527860.6,-0.24229294,,0.04,,144.26363,239730,0.0009999999,-107.57926,,26495.214158058167,15.238217,-0.2,7.0019125e-12,0.0009999999,,11,-0.04,3659,98.77659,14.84822,inf,3659,,,65.51790106586499,1296,inf,-0.04,,-139.26363,14.873604,-577.64264,577.64264,0.0009999999
0.0009999999,577.64264,527977.75,-0.1572143,,0.04,,144.25621,239748,0.0009999999,-112.13431,,26506.995015859604,12.489593,-0.2,6.998087e-12,0.0009999999,,11,-0.04,3660,98.77659,14.847947,inf,3660,,,65.50491803278689,1296,inf,0.04,,-139.25621,14.872684,-577.64264,577.64264,0.0009999999
0.0009999999,577.64264,528091.6,-0.08129302,,0.04,,144.24792,239764,0.0009999999,-108.86626,,26518.619955062866,14.538149,-0.2,6.9942645e-12,0.0009999999,,11,-0.04,3661,98.77659,14.847673,inf,3661,,,65.49139579349904,1296,inf,0.12,,-139.24792,14.872314,-577.64264,577.64264,0.0009999999
0.0009999999,577.64264,528218.8,-0.003212437,,0.04,,144.24326,239793,0.0009999999,-122.18993,,26529.681473731995,14.660465,-0.2,6.9904447e-12,0.0009999999,,11,-0.04,3662,98.77659,14.847401,inf,3662,,,65.48143091206991,1296,inf,0.2,,-139.24326,14.871988,-577.64264,577.64264,0.0009999999
0.0009999999,577.64264,528342.9,-0.31871465,,0.04,,144.23776,239815,0.0009999999,-119.068695,,26541.466148853302,8.620615,-0.12,6.986629e-12,0.0009999999,,11,-0.04,3663,98.77659,14.847128,inf,3663,,,65.46956046956046,1296,inf,-0.2,,-139.23776,14.870005,-577.64264,577.64264,0.0009999999
0.0009999999,577.64264,528454.06,-0.24006197,,0.04,,144.22873,239837,0.0009999999,-106.17013,,26552.746569395065,13.617371,-0.12,6.982816e-12,0.0009999999,,11,-0.04,3664,98.77659,14.846855,inf,3664,,,65.45769650655022,1296,inf,-0.12,,-139.22873,14.869393,-577.64264,577.64264,0.0009999999
0.0009999999,577.64264,528566.44,-0.16098782,,0.04,,144.22003,239853,0.0009999999,-107.351234,,26563.32417678833,14.133782,-0.12,6.9790055e-12,0.0009999999,,11,-0.04,3665,98.77659,14.846581,inf,3665,,,65.44420190995908,1296,inf,-0.04,,-139.22003,14.868918,-577.64264,577.64264,0.0009999999
0.0009999999,577.64264,528691.4,-0.081076086,,0.04,,144.21478,239885,0.0009999999,-119.97732,,26573.730893850327,14.543986,-0.12,6.975199e-12,0.0009999999,,11,-0.04,3666,98.77659,14.846309,inf,3666,,,65.43507910529188,1296,inf,0.04,,-139.21478,14.868558,-577.64264,577.64264,0.0009999999
0.0009999999,577.64264,528824.9,0.0013562813,,0.04,,144.21187,239918,0.0009999999,-128.51791,,26583.698939323425,14.735999,-0.12,6.971395e-12,0.0009999999,,11,-0.04,3667,98.77659,14.846036,inf,3667,,,65.4262339787292,1296,inf,0.12,,-139.21187,14.868247,-577.64264,577.64264,0.0009999999
0.0009999999,577.64264,528960.6,0.07756961,,0.04,,144.20955,239951,0.0009999999,-130.72261,,26593.640996694565,11.414577,-0.12,6.967594e-12,0.0009999999,,11,-0.04,3668,98.77659,14.845763,inf,3668,,,65.41739367502726,1296,inf,0.2,,-139.20955,14.867033,-577.64264,577.64264,0.0009999999
0.0009999999,577.64264,529098.9,-0.24110307,,0.04,,144.20793,239989,0.0009999999,-133.21915,,26603.837703466415,14.437847,-0.04,6.9637967e-12,0.0009999999,,11,-0.04,3669,98.77659,14.845491,inf,3669,,,65.40992095938948,1296,inf,-0.2,,-139.20793,14.866646,-577.64264,577.64264,0.0009999999
0.0009999999,577.64264,529211.75,-0.15760452,,0.04,,144.1994,240007,0.0009999999,-107.926994,,26613.621162891388,14.327431,-0.04,6.960002e-12,0.0009999999,,11,-0.04,3670,98.77659,14.845219,inf,3670,,,65.39700272479564,1296,inf,-0.12,,-139.1994,14.866223,-577.64264,577.64264,0.0009999999
0.0009999999,577.64264,529327.1,-0.076587744,,0.04,,144.19154,240029,0.0009999999,-110.382164,,26623.579991340637,13.958574,-0.04,6.956211e-12,0.0009999999,,11,-0.04,3671,98.77659,14.844946,inf,3671,,,65.38518114955053,1296,inf,-0.04,,-139.19154,14.865707,-577.64264,577.64264,0.0009999999
0.0009999999,577.64264,529475.06,-1.0870397e-05,,0.04,,144.19255,240084,0.0009999999,-142.91019,,26633.829021453857,13.232026,-0.04,6.952423e-12,0.0009999999,,11,-0.04,3672,98.77659,14.844674,inf,3672,,,65.38235294117646,1296,inf,0.04,,-139.19255,14.864987,-577.64264,577.64264,0.0009999999
0.0009999999,577.64264,529600.25,0.08124328,,0.04,,144.1874,240111,0.0009999999,-120.22356,,26644.00466489792,14.66138,-0.04,6.9486374e-12,0.0009999999,,11,-0.04,3673,98.77659,14.844401,inf,3673,,,65.37190307650422,1296,inf,0.12,,-139.1874,14.86466,-577.64264,577.64264,0.0009999999
0.0009999999,577.64264,529740.0,0.15730712,,0.04,,144.18617,240148,0.0009999999,-134.72258,,26653.686179876328,13.9789715,-0.04,6.944855e-12,0.0009999999,,11,-0.04,3674,98.77659,14.84413,inf,3674,,,65.3641807294502,1296,inf,0.2,,-139.18617,14.864149,-577.64264,577.64264,0.0009999999
0.0009999999,577.64264,529875.6,-0.159736,,0.04,,144.18384,240181,0.0009999999,-130.59848,,26663.42784357071,11.598831,0.04,6.9410766e-12,0.0009999999,,11,-0.04,3675,98.77659,14.843857,inf,3675,,,65.35537414965987,1296,inf,-0.2,,-139.18384,14.8629875,-577.64264,577.64264,0.0009999999
0.0009999999,577.64264,529993.75,-0.07938132,,0.04,,144.17676,240203,0.0009999999,-113.13867,,26675.539318084717,15.487702,0.04,6.937301e-12,0.0009999999,,11,-0.04,3676,98.77659,14.843585,inf,3676,,,65.34357997823722,1296,inf,-0.12,,-139.17676,14.862885,-577.64264,577.64264,0.0009999999
0.0009999999,577.64264,530117.94,0.0013010092,,0.04,,144.17133,240226,0.0009999999,-119.15268,,26687.65661215782,13.753969,0.04,6.933527e-12,0.0009999999,,11,-0.04,3677,98.77659,14.843313,inf,3677,,,65.33206418275768,1296,inf,-0.04,,-139.17133,14.862311,-577.64264,577.64264,0.0009999999
0.0009999999,577.64264,530253.3,0.07819918,,0.04,,144.16893,240262,0.0009999999,-130.415,,26699.79518890381,14.355313,0.04,6.929758e-12,0.0009999999,,11,-0.04,3678,98.77659,14.843041,inf,3678,,,65.32408917890157,1296,inf,0.04,,-139.16893,14.861902,-577.64264,577.64264,0.0009999999
0.0009999999,577.64264,530584.44,0.15972623,,0.04,,144.21974,240503,0.0009999999,-326.1031,,26711.88317298889,14.041733,0.04,6.925991e-12,0.0009999999,,11,-0.04,3679,98.77659,14.84277,inf,3679,,,65.37184017396032,1296,inf,0.12,,-139.21974,14.861405,-577.64264,577.64264,0.0009999999
0.0009999999,577.64264,530852.4,0.24361166,,0.04,,144.25337,240673,0.0009999999,-262.97977,,26723.374272346497,15.6804,0.04,6.922227e-12,0.0009999999,,11,-0.04,3680,98.77659,14.842498,inf,3680,,,65.40027173913043,1296,inf,0.2,,-139.25337,14.86136,-577.64264,577.64264,0.0009999999
0.0009999999,577.64264,530976.9,-0.082064524,,0.04,,144.24799,240696,0.0009999999,-119.43928,,26734.711265325546,9.607834,0.12,6.9184667e-12,0.0009999999,,11,-0.04,3681,98.77659,14.842226,inf,3681,,,65.38875305623472,1296,inf,-0.2,,-139.24799,14.859657,-577.64264,577.64264,0.0009999999
0.0009999999,577.64264,531107.06,-0.0027496442,,0.04,,144.24417,240724,0.0009999999,-125.19907,,26745.528364896774,14.454556,0.12,6.9147093e-12,0.0009999999,,11,-0.04,3682,98.77659,14.841954,inf,3682,,,65.37859858772406,1296,inf,-0.12,,-139.24417,14.859278,-577.64264,577.64264,0.0009999999
0.0009999999,577.64264,531222.1,0.077822626,,0.04,,144.23625,240744,0.0009999999,-110.03827,,26756.00869345665,13.965683,0.12,6.910955e-12,0.0009999999,,11,-0.04,3683,98.77659,14.841682,inf,3683,,,65.36627749117567,1296,inf,-0.04,,-139.23625,14.858764,-577.64264,577.64264,0.0009999999
0.0009999999,577.64264,531357.3,0.1602127,,0.04,,144.2338,240777,0.0009999999,-130.22597,,26766.337160110474,14.595805,0.12,6.9072035e-12,0.0009999999,,11,-0.04,3684,98.77659,14.841411,inf,3684,,,65.35749185667753,1296,inf,0.04,,-139.2338,14.85842,-577.64264,577.64264,0.0009999999
0.0009999999,577.64264,531490.1,0.24043438,,0.04,,144.2307,240816,0.0009999999,-127.80342,,26776.292882204056,14.468209,0.12,6.9034557e-12,0.0009999999,,11,-0.04,3685,98.77659,14.84114,inf,3685,,,65.35033921302578,1296,inf,0.12,,-139.2307,14.858045,-577.64264,577.64264,0.0009999999
0.0009999999,577.64264,531617.3,0.31640434,,0.04,,144.22607,240841,0.0009999999,-122.18435,,26786.475554704666,13.643908,0.12,6.8997095e-12,0.0009999999,,11,-0.04,3686,98.77659,14.840868,inf,3686,,,65.33939229517091,1296,inf,0.2,,-139.22607,14.857442,-577.64264,577.64264,0.0009999999
0.0009999999,577.64264,531751.25,0.0015701801,,0.04,,144.22328,240872,0.0009999999,-128.91695,,26796.60703444481,12.681801,0.2,6.8959677e-12,0.0009999999,,11,-0.04,3687,98.77659,14.840597,inf,3687,,,65.33007865473284,1296,inf,-0.2,,-139.22328,14.856583,-577.64264,577.64264,0.0009999999
0.0009999999,577.64264,531860.1,0.081394464,,0.04,,144.21371,240891,0.0009999999,-103.92656,,26806.706356287003,13.2461815,0.2,6.892228e-12,0.0009999999,,11,-0.04,3688,98.77659,14.840326,inf,3688,,,65.31751626898048,1296,inf,-0.12,,-139.21371,14.855872,-577.64264,577.64264,0.0009999999
0.0009999999,577.64264,531970.0,0.158763,,0.04,,144.20439,240915,0.0009999999,-104.84798,,26816.494950532913,14.621284,0.2,6.8884924e-12,0.0009999999,,11,-0.04,3689,98.77659,14.8400545,inf,3689,,,65.30631607481702,1296,inf,-0.04,,-139.20439,14.855541,-577.64264,577.64264,0.0009999999
0.0009999999,577.64264,532078.9,0.24090074,,0.04,,144.19482,240939,0.0009999999,-103.919815,,26826.542634010315,14.499179,0.2,6.8847593e-12,0.0009999999,,11,-0.04,3690,98.77659,14.839784,inf,3690,,,65.29512195121951,1296,inf,0.04,,-139.19482,14.85517,-577.64264,577.64264,0.0009999999
0.0009999999,577.64264,532197.6,0.31904784,,0.04,,144.18793,240962,0.0009999999,-113.7589,,26836.447573184967,15.239299,0.2,6.881029e-12,0.0009999999,,11,-0.04,3691,98.77659,14.839513,inf,3691,,,65.2836629639664,1296,inf,0.12,,-139.18793,14.855005,-577.64264,577.64264,0.0009999999
0.0009999999,577.64264,532322.5,0.39972425,,0.04,,144.1827,240985,0.0009999999,-119.85575,,26846.089466571808,14.760549,0.2,6.8773025e-12,0.0009999999,,11,-0.04,3692,98.77659,14.839242,inf,3692,,,65.27221018418201,1296,inf,0.2,,-139.1827,14.854711,-577.64264,577.64264,0.0009999999
0.0009999999,577.64264,532444.3,-0.31703138,,0.12,,144.17664,241005,0.0009999999,-116.787186,,26856.482573270798,11.515147,-0.2,6.8735777e-12,0.0009999999,,11,-0.04,3693,98.77659,14.838971,inf,3693,,,65.25995125913892,1296,inf,-0.2,,-139.17664,14.853532,-577.64264,577.64264,0.0009999999
0.0009999999,577.64264,532557.8,-0.2434296,,0.12,,144.16833,241021,0.0009999999,-108.49531,,26868.871211528778,13.763865,-0.2,6.8698575e-12,0.0009999999,,11,-0.04,3694,98.77659,14.8387,inf,3694,,,65.24661613427179,1296,inf,-0.12,,-139.16833,14.852968,-577.64264,577.64264,0.0009999999
0.0009999999,577.64264,532674.4,-0.15784924,,0.12,,144.16086,241042,0.0009999999,-111.58989,,26880.77584028244,11.9969225,-0.2,6.866139e-12,0.0009999999,,11,-0.04,3695,98.77659,14.838429,inf,3695,,,65.23464140730717,1296,inf,-0.04,,-139.16086,14.851924,-577.64264,577.64264,0.0009999999
0.0009999999,577.64264,532791.8,-0.07820603,,0.12,,144.15363,241059,0.0009999999,-112.41186,,26892.414748430252,14.70374,-0.2,6.8624247e-12,0.0009999999,,11,-0.04,3696,98.77659,14.838159,inf,3696,,,65.2215909090909,1296,inf,0.04,,-139.15363,14.851614,-577.64264,577.64264,0.0009999999
0.0009999999,577.64264,532917.2,-0.0015464425,,0.12,,144.14854,241084,0.0009999999,-120.3855,,26904.31459403038,14.82379,-0.2,6.858712e-12,0.0009999999,,11,-0.04,3697,98.77659,14.837889,inf,3697,,,65.21071138761158,1296,inf,0.12,,-139.14854,14.851335,-577.64264,577.64264,0.0009999999
0.0009999999,577.64264,533036.25,0.08177732,,0.12,,144.14177,241103,0.0009999999,-114.08621,,26915.743874549866,15.08618,-0.2,6.8550035e-12,0.0009999999,,11,-0.04,3698,98.77659,14.837618,inf,3698,,,65.19821525148728,1296,inf,0.2,,-139.14177,14.8511305,-577.64264,577.64264,0.0009999999
0.0009999999,577.64264,533154.8,-0.23975012,,0.12,,144.13486,241121,0.0009999999,-113.548065,,26927.02830028534,14.736157,-0.12,6.8512977e-12,0.0009999999,,11,-0.04,3699,98.77659,14.837348,inf,3699,,,65.18545552852122,1296,inf,-0.2,,-139.13486,14.850826,-577.64264,577.64264,0.0009999999
0.0009999999,577.64264,533276.3,-0.16049202,,0.12,,144.12874,241153,0.0009999999,-116.51067,,26937.62550663948,13.300626,-0.12,6.847595e-12,0.0009999999,,11,-0.04,3700,98.77659,14.837077,inf,3700,,,65.17648648648648,1296,inf,-0.12,,-139.12874,14.850138,-577.64264,577.64264,0.0009999999
0.0009999999,577.64264,533402.9,-0.079252645,,0.12,,144.12398,241177,0.0009999999,-121.50928,,26948.30782008171,13.897137,-0.12,6.843895e-12,0.0009999999,,11,-0.04,3701,98.77659,14.836807,inf,3701,,,65.16536071332072,1296,inf,-0.04,,-139.12398,14.84961,-577.64264,577.64264,0.0009999999
0.0009999999,577.64264,533529.0,-0.00078682974,,0.12,,144.11914,241201,0.0009999999,-121.19283,,26958.416536331177,14.025701,-0.12,6.8401977e-12,0.0009999999,,11,-0.04,3702,98.77659,14.836537,inf,3702,,,65.15424095083739,1296,inf,0.04,,-139.11914,14.849119,-577.64264,577.64264,0.0009999999
0.0009999999,577.64264,533653.25,0.07981944,,0.12,,144.11375,241223,0.0009999999,-119.20476,,26968.411636590958,13.985501,-0.12,6.8365036e-12,0.0009999999,,11,-0.04,3703,98.77659,14.8362665,inf,3703,,,65.1425870915474,1296,inf,0.12,,-139.11375,14.848614,-577.64264,577.64264,0.0009999999
0.0009999999,577.64264,533781.6,0.15702075,,0.12,,144.10951,241249,0.0009999999,-123.39694,,26978.625918388367,13.591385,-0.12,6.8328125e-12,0.0009999999,,11,-0.04,3704,98.77659,14.835997,inf,3704,,,65.13201943844493,1296,inf,0.2,,-139.10951,14.848005,-577.64264,577.64264,0.0009999999
0.0009999999,577.64264,533912.25,-0.15789856,,0.12,,144.10587,241277,0.0009999999,-125.57508,,26988.78642988205,11.771586,-0.04,6.8291254e-12,0.0009999999,,11,-0.04,3705,98.77659,14.835727,inf,3705,,,65.12199730094467,1296,inf,-0.2,,-139.10587,14.846906,-577.64264,577.64264,0.0009999999
0.0009999999,577.64264,534023.9,-0.07935186,,0.12,,144.09709,241293,0.0009999999,-106.62832,,26998.766545772552,12.901056,-0.04,6.82544e-12,0.0009999999,,11,-0.04,3706,98.77659,14.835457,inf,3706,,,65.10874257960064,1296,inf,-0.12,,-139.09709,14.846107,-577.64264,577.64264,0.0009999999
0.0009999999,577.64264,534136.1,0.001881741,,0.12,,144.08852,241312,0.0009999999,-107.28269,,27008.628712415695,13.974648,-0.04,6.8217584e-12,0.0009999999,,11,-0.04,3707,98.77659,14.835187,inf,3707,,,65.09630428918263,1296,inf,-0.04,,-139.08852,14.845607,-577.64264,577.64264,0.0009999999
0.0009999999,577.64264,534273.44,0.08033357,,0.12,,144.08669,241346,0.0009999999,-132.3414,,27018.522856473923,11.778252,-0.04,6.8180795e-12,0.0009999999,,11,-0.04,3708,98.77659,14.834918,inf,3708,,,65.08791801510247,1296,inf,0.04,,-139.08669,14.844507,-577.64264,577.64264,0.0009999999
0.0009999999,577.64264,534405.94,0.15942249,,0.12,,144.08356,241377,0.0009999999,-127.491325,,27028.406202316284,14.956881,-0.04,6.814404e-12,0.0009999999,,11,-0.04,3709,98.77659,14.834648,inf,3709,,,65.0787274197897,1296,inf,0.12,,-139.08356,14.844271,-577.64264,577.64264,0.0009999999
0.0009999999,577.64264,534585.25,0.24098864,,0.12,,144.09306,241453,0.0009999999,-174.3236,,27038.14655661583,13.125371,-0.04,6.810731e-12,0.0009999999,,11,-0.04,3710,98.77659,14.834378,inf,3710,,,65.08167115902965,1296,inf,0.2,,-139.09306,14.843537,-577.64264,577.64264,0.0009999999
0.0009999999,577.64264,534708.75,-0.08144058,,0.12,,144.08751,241476,0.0009999999,-118.47354,,27049.652706623077,12.895922,0.04,6.8070614e-12,0.0009999999,,11,-0.04,3711,98.77659,14.834108,inf,3711,,,65.07033144704931,1296,inf,-0.2,,-139.08751,14.842743,-577.64264,577.64264,0.0009999999
0.0009999999,577.64264,534803.9,-0.0013566017,,0.12,,144.07433,241560,0.0009999999,-90.16641,,27061.67621731758,14.317057,0.04,6.8033942e-12,0.0009999999,,11,-0.04,3712,98.77659,14.833839,inf,3712,,,65.07543103448276,1296,inf,-0.12,,-139.07433,14.842332,-577.64264,577.64264,0.0009999999
0.0009999999,577.64264,534926.6,0.08421617,,0.12,,144.06857,241594,0.0009999999,-117.730095,,27074.153035640717,15.110017,0.04,6.79973e-12,0.0009999999,,11,-0.04,3713,98.77659,14.8335705,inf,3713,,,65.06706167519526,1296,inf,-0.04,,-139.06857,14.842132,-577.64264,577.64264,0.0009999999
0.0009999999,577.64264,535045.06,0.15961954,,0.12,,144.06168,241621,0.0009999999,-113.43574,,27085.77087712288,12.048961,0.04,6.796068e-12,0.0009999999,,11,-0.04,3714,98.77659,14.833301,inf,3714,,,65.05681206246635,1296,inf,0.04,,-139.06168,14.841114,-577.64264,577.64264,0.0009999999
0.0009999999,577.64264,535203.5,0.23763216,,0.12,,144.06554,241685,0.0009999999,-153.3924,,27096.845921754837,15.081563,0.04,6.792411e-12,0.0009999999,,11,-0.04,3715,98.77659,14.833032,inf,3715,,,65.05652759084792,1296,inf,0.12,,-139.06554,14.840906,-577.64264,577.64264,0.0009999999
0.0009999999,577.64264,535369.4,0.31980574,,0.12,,144.07143,241748,0.0009999999,-160.92542,,27108.170065164566,14.410184,0.04,6.7887553e-12,0.0009999999,,11,-0.04,3716,98.77659,14.832763,inf,3716,,,65.05597416576964,1296,inf,0.2,,-139.07143,14.840525,-577.64264,577.64264,0.0009999999
0.0009999999,577.64264,535498.44,0.0004467219,,0.12,,144.06738,241776,0.0009999999,-124.025696,,27119.415128707886,13.672199,0.12,6.7851024e-12,0.0009999999,,11,-0.04,3717,98.77659,14.832494,inf,3717,,,65.046004842615,1296,inf,-0.2,,-139.06738,14.839939,-577.64264,577.64264,0.0009999999
0.0009999999,577.64264,535625.5,0.08179073,,0.12,,144.06279,241809,0.0009999999,-122.027534,,27130.032715320587,15.16061,0.12,6.781454e-12,0.0009999999,,11,-0.04,3718,98.77659,14.832224,inf,3718,,,65.03738569123185,1296,inf,-0.12,,-139.06279,14.839758,-577.64264,577.64264,0.0009999999
0.0009999999,577.64264,535734.44,0.15803769,,0.12,,144.05336,241831,0.0009999999,-103.97509,,27140.34525680542,14.45517,0.12,6.777807e-12,0.0009999999,,11,-0.04,3719,98.77659,14.831955,inf,3719,,,65.02581339069643,1296,inf,-0.04,,-139.05336,14.839385,-577.64264,577.64264,0.0009999999
0.0009999999,577.64264,535862.75,0.23981896,,0.12,,144.04913,241857,0.0009999999,-123.3518,,27150.79059290886,14.032261,0.12,6.7741633e-12,0.0009999999,,11,-0.04,3720,98.77659,14.831687,inf,3720,,,65.01532258064516,1296,inf,0.04,,-139.04913,14.838901,-577.64264,577.64264,0.0009999999
0.0009999999,577.64264,535996.9,0.32056022,,0.12,,144.04646,241889,0.0009999999,-129.11238,,27160.775240182877,15.032056,0.12,6.7705225e-12,0.0009999999,,11,-0.04,3721,98.77659,14.831418,inf,3721,,,65.00644987906476,1296,inf,0.12,,-139.04646,14.838684,-577.64264,577.64264,0.0009999999
0.0009999999,577.64264,536114.6,0.39869666,,0.12,,144.0394,241908,0.0009999999,-112.70889,,27171.32229232788,14.476083,0.12,6.766885e-12,0.0009999999,,11,-0.04,3722,98.77659,14.831149,inf,3722,,,64.99408919935519,1296,inf,0.2,,-139.0394,14.838316,-577.64264,577.64264,0.0009999999
0.0009999999,577.64264,536237.7,0.08143255,,0.12,,144.03375,241929,0.0009999999,-118.09906,,27181.626886844635,13.912282,0.2,6.7632505e-12,0.0009999999,,11,-0.04,3723,98.77659,14.83088,inf,3723,,,64.98227236099919,1296,inf,-0.2,,-139.03375,14.8378,-577.64264,577.64264,0.0009999999
0.0009999999,577.64264,536348.94,0.1604068,,0.12,,144.02496,241946,0.0009999999,-106.22232,,27191.67214679718,15.418549,0.2,6.7596185e-12,0.0009999999,,11,-0.04,3724,98.77659,14.830612,inf,3724,,,64.96938775510205,1296,inf,-0.12,,-139.02496,14.837685,-577.64264,577.64264,0.0009999999
0.0009999999,577.64264,536458.25,0.24045557,,0.12,,144.01564,241970,0.0009999999,-104.31613,,27201.56676197052,15.558985,0.2,6.7559894e-12,0.0009999999,,11,-0.04,3725,98.77659,14.830343,inf,3725,,,64.95838926174497,1296,inf,-0.04,,-139.01564,14.837613,-577.64264,577.64264,0.0009999999
0.0009999999,577.64264,536579.9,0.32221067,,0.12,,144.00963,241990,0.0009999999,-116.65253,,27211.415670394897,13.705928,0.2,6.752364e-12,0.0009999999,,11,-0.04,3726,98.77659,14.830075,inf,3726,,,64.94632313472893,1296,inf,0.04,,-139.00963,14.837038,-577.64264,577.64264,0.0009999999
0.0009999999,577.64264,536698.75,0.40261126,,0.12,,144.00288,242009,0.0009999999,-113.842476,,27221.076268196106,12.349185,0.2,6.7487405e-12,0.0009999999,,11,-0.04,3727,98.77659,14.829806,inf,3727,,,64.93399517037832,1296,inf,0.12,,-139.00288,14.836105,-577.64264,577.64264,0.0009999999
0.0009999999,577.64264,536812.0,0.48220554,,0.12,,143.99463,242024,0.0009999999,-108.232864,,27230.65947341919,13.578917,0.2,6.745121e-12,0.0009999999,,11,-0.04,3728,98.77659,14.829538,inf,3728,,,64.9206008583691,1296,inf,0.2,,-138.99463,14.835498,-577.64264,577.64264,0.0009999999
0.0009999999,577.64264,536938.25,-0.23480082,,0.2,,143.98988,242049,0.0009999999,-121.31382,,27243.050213575363,14.039613,-0.2,6.7415036e-12,0.0009999999,,11,-0.04,3729,98.77659,14.82927,inf,3729,,,64.90989541432019,1296,inf,-0.2,,-138.98988,14.835016,-577.64264,577.64264,0.0009999999
0.0009999999,577.64264,537045.7,-0.15838099,,0.2,,143.98007,242074,0.0009999999,-102.40907,,27255.67135643959,12.097225,-0.2,6.7378893e-12,0.0009999999,,11,-0.04,3730,98.77659,14.829002,inf,3730,,,64.89919571045576,1296,inf,-0.12,,-138.98007,14.834015,-577.64264,577.64264,0.0009999999
0.0009999999,577.64264,537159.4,-0.07953979,,0.2,,143.97197,242089,0.0009999999,-108.70849,,27267.46265554428,13.498777,-0.2,6.7342776e-12,0.0009999999,,11,-0.04,3731,98.77659,14.828733,inf,3731,,,64.88582149557759,1296,inf,-0.04,,-138.97197,14.833389,-577.64264,577.64264,0.0009999999
0.0009999999,577.64264,537272.7,-0.004189253,,0.2,,143.96375,242107,0.0009999999,-108.266106,,27278.994441986084,13.9421625,-0.2,6.7306694e-12,0.0009999999,,11,-0.04,3732,98.77659,14.828465,inf,3732,,,64.87325830653805,1296,inf,0.04,,-138.96375,14.832881,-577.64264,577.64264,0.0009999999
0.0009999999,577.64264,537394.8,0.08278882,,0.2,,143.95789,242132,0.0009999999,-117.17044,,27290.657398700714,12.087209,-0.2,6.727064e-12,0.0009999999,,11,-0.04,3733,98.77659,14.828198,inf,3733,,,64.86257701580499,1296,inf,0.12,,-138.95789,14.831876,-577.64264,577.64264,0.0009999999
0.0009999999,577.64264,537507.4,0.16374089,,0.2,,143.94948,242146,0.0009999999,-107.5096,,27301.742877721786,13.657337,-0.2,6.723461e-12,0.0009999999,,11,-0.04,3734,98.77659,14.82793,inf,3734,,,64.84895554365292,1296,inf,0.2,,-138.94948,14.831298,-577.64264,577.64264,0.0009999999
0.0009999999,577.64264,537630.0,-0.1588768,,0.2,,143.94379,242170,0.0009999999,-117.665665,,27312.535818576813,12.538276,-0.12,6.7198616e-12,0.0009999999,,11,-0.04,3735,98.77659,14.827662,inf,3735,,,64.8380187416332,1296,inf,-0.2,,-138.94379,14.830413,-577.64264,577.64264,0.0009999999
0.0009999999,577.64264,537753.75,-0.08036072,,0.2,,143.93835,242208,0.0009999999,-118.694824,,27323.06112599373,15.16128,-0.12,6.7162643e-12,0.0009999999,,11,-0.04,3736,98.77659,14.8273945,inf,3736,,,64.83083511777302,1296,inf,-0.12,,-138.93835,14.830239,-577.64264,577.64264,0.0009999999
0.0009999999,577.64264,537885.25,-8.768588e-05,,0.2,,143.93504,242239,0.0009999999,-126.58233,,27333.338631868362,13.2519245,-0.12,6.7126712e-12,0.0009999999,,11,-0.04,3737,98.77659,14.827127,inf,3737,,,64.82178217821782,1296,inf,-0.04,,-138.93504,14.829544,-577.64264,577.64264,0.0009999999
0.0009999999,577.64264,538026.06,0.08024272,,0.2,,143.9342,242279,0.0009999999,-135.78755,,27343.56698203087,14.093286,-0.12,6.7090795e-12,0.0009999999,,11,-0.04,3738,98.77659,14.826859,inf,3738,,,64.8151417870519,1296,inf,0.04,,-138.9342,14.8290825,-577.64264,577.64264,0.0009999999
0.0009999999,577.64264,538153.25,0.15998365,,0.2,,143.92973,242313,0.0009999999,-122.157166,,27354.078096151352,14.806038,-0.12,6.705491e-12,0.0009999999,,11,-0.04,3739,98.77659,14.826592,inf,3739,,,64.80690024070607,1296,inf,0.12,,-138.92973,14.828807,-577.64264,577.64264,0.0009999999
0.0009999999,577.64264,538284.75,0.23943394,,0.2,,143.9264,242343,0.0009999999,-126.53152,,27364.370069742203,12.485558,-0.12,6.701906e-12,0.0009999999,,11,-0.04,3740,98.77659,14.826324,inf,3740,,,64.7975935828877,1296,inf,0.2,,-138.9264,14.827914,-577.64264,577.64264,0.0009999999
0.0009999999,577.64264,538421.8,-0.08008012,,0.2,,143.92458,242378,0.0009999999,-132.01956,,27374.493890285492,13.403545,-0.04,6.698323e-12,0.0009999999,,11,-0.04,3741,98.77659,14.826057,inf,3741,,,64.78962844159315,1296,inf,-0.2,,-138.92458,14.827267,-577.64264,577.64264,0.0009999999
0.0009999999,577.64264,538532.56,-0.002408199,,0.2,,143.91571,242394,0.0009999999,-105.77152,,27384.577269792557,8.95594,-0.04,6.6947437e-12,0.0009999999,,11,-0.04,3742,98.77659,14.82579,inf,3742,,,64.7765900587921,1296,inf,-0.12,,-138.91571,14.82543,-577.64264,577.64264,0.0009999999
0.0009999999,577.64264,538644.4,0.07861033,,0.2,,143.90712,242409,0.0009999999,-106.81302,,27394.569724082947,13.367557,-0.04,6.691167e-12,0.0009999999,,11,-0.04,3743,98.77659,14.825522,inf,3743,,,64.76329147742453,1296,inf,-0.04,,-138.90712,14.824773,-577.64264,577.64264,0.0009999999
0.0009999999,577.64264,538761.25,0.16282032,,0.2,,143.8999,242428,0.0009999999,-111.850136,,27404.47530412674,11.734393,-0.04,6.6875936e-12,0.0009999999,,11,-0.04,3744,98.77659,14.825255,inf,3744,,,64.75106837606837,1296,inf,0.04,,-138.8999,14.82368,-577.64264,577.64264,0.0009999999
0.0009999999,577.64264,538915.5,0.24028164,,0.2,,143.90266,242481,0.0009999999,-149.26251,,27414.319052696228,13.638932,-0.04,6.6840223e-12,0.0009999999,,11,-0.04,3745,98.77659,14.824988,inf,3745,,,64.7479305740988,1296,inf,0.12,,-138.90266,14.823097,-577.64264,577.64264,0.0009999999
0.0009999999,577.64264,539032.56,0.3177654,,0.2,,143.89551,242498,0.0009999999,-112.08692,,27425.16821026802,14.163875,-0.04,6.680454e-12,0.0009999999,,11,-0.04,3746,98.77659,14.824721,inf,3746,,,64.73518419647624,1296,inf,0.2,,-138.89551,14.822653,-577.64264,577.64264,0.0009999999
0.0009999999,577.64264,539167.4,-0.0015296787,,0.2,,143.89307,242530,0.0009999999,-129.76837,,27437.4695353508,14.232707,0.04,6.6768886e-12,0.0009999999,,11,-0.04,3747,98.77659,14.824454,inf,3747,,,64.72644782492661,1296,inf,-0.2,,-138.89307,14.82223,-577.64264,577.64264,0.0009999999
0.0009999999,577.64264,539277.1,0.079984225,,0.2,,143.88396,242550,0.0009999999,-104.74128,,27450.103481531143,14.634968,0.04,6.673326e-12,0.0009999999,,11,-0.04,3748,98.77659,14.824188,inf,3748,,,64.71451440768409,1296,inf,-0.12,,-138.88396,14.821911,-577.64264,577.64264,0.0009999999
0.0009999999,577.64264,539404.2,0.16031802,,0.2,,143.87949,242595,0.0009999999,-122.097,,27461.617346525192,13.375519,0.04,6.6697663e-12,0.0009999999,,11,-0.04,3749,98.77659,14.823921,inf,3749,,,64.70925580154707,1296,inf,-0.04,,-138.87949,14.82126,-577.64264,577.64264,0.0009999999
0.0009999999,577.64264,539533.1,0.2422736,,0.2,,143.8755,242634,0.0009999999,-123.938255,,27473.127943754196,13.0088005,0.04,6.66621e-12,0.0009999999,,11,-0.04,3750,98.77659,14.823654,inf,3750,,,64.7024,1296,inf,0.04,,-138.8755,14.820511,-577.64264,577.64264,0.0009999999
0.0009999999,577.64264,539689.6,0.32175,,0.2,,143.87886,242689,0.0009999999,-151.52579,,27484.74023461342,14.917966,0.04,6.6626565e-12,0.0009999999,,11,-0.04,3751,98.77659,14.823388,inf,3751,,,64.69981338309785,1296,inf,0.12,,-138.87886,14.8202715,-577.64264,577.64264,0.0009999999
0.0009999999,577.64264,539822.0,0.39964068,,0.2,,143.8758,242719,0.0009999999,-127.353,,27495.468777418137,9.7948885,0.04,6.659105e-12,0.0009999999,,11,-0.04,3752,98.77659,14.823121,inf,3752,,,64.69056503198294,1296,inf,0.2,,-138.8758,14.818665,-577.64264,577.64264,0.0009999999
0.0009999999,577.64264,539944.6,0.08450177,,0.2,,143.87013,242741,0.0009999999,-117.62366,,27506.281529903412,13.141737,0.12,6.6555567e-12,0.0009999999,,11,-0.04,3753,98.77659,14.822855,inf,3753,,,64.67918998134826,1296,inf,-0.2,,-138.87013,14.817952,-577.64264,577.64264,0.0009999999
0.0009999999,577.64264,540071.2,0.15967652,,0.2,,143.86552,242778,0.0009999999,-121.585945,,27516.650819301605,11.145855,0.12,6.6520114e-12,0.0009999999,,11,-0.04,3754,98.77659,14.822588,inf,3754,,,64.67181672882259,1296,inf,-0.12,,-138.86552,14.816708,-577.64264,577.64264,0.0009999999
0.0009999999,577.64264,540199.5,0.24063753,,0.2,,143.86139,242804,0.0009999999,-123.31121,,27527.29191303253,13.33104,0.12,6.6484687e-12,0.0009999999,,11,-0.04,3755,98.77659,14.822322,inf,3755,,,64.66151797603196,1296,inf,-0.04,,-138.86139,14.816044,-577.64264,577.64264,0.0009999999
0.0009999999,577.64264,540324.4,0.31778875,,0.2,,143.85634,242837,0.0009999999,-119.92266,,27537.38924050331,14.73415,0.12,6.6449294e-12,0.0009999999,,11,-0.04,3756,98.77659,14.822056,inf,3756,,,64.65308839190628,1296,inf,0.04,,-138.85634,14.815758,-577.64264,577.64264,0.0009999999
0.0009999999,577.64264,540450.6,0.40116975,,0.2,,143.85164,242861,0.0009999999,-121.1565,,27547.42888736725,9.77432,0.12,6.6413923e-12,0.0009999999,,11,-0.04,3757,98.77659,14.82179,inf,3757,,,64.64226776683525,1296,inf,0.12,,-138.85164,14.814147,-577.64264,577.64264,0.0009999999
0.0009999999,577.64264,540569.0,0.48067716,,0.2,,143.84486,242879,0.0009999999,-113.38277,,27557.600712299347,14.042442,0.12,6.637858e-12,0.0009999999,,11,-0.04,3758,98.77659,14.821524,inf,3758,,,64.62985630654603,1296,inf,0.2,,-138.84486,14.813679,-577.64264,577.64264,0.0009999999
0.0009999999,577.64264,540687.5,0.16009098,,0.2,,143.83812,242897,0.0009999999,-113.50867,,27567.649565935135,14.833871,0.2,6.6343268e-12,0.0009999999,,11,-0.04,3759,98.77659,14.821258,inf,3759,,,64.61745144985369,1296,inf,-0.2,,-138.83812,14.8134165,-577.64264,577.64264,0.0009999999
0.0009999999,577.64264,540802.6,0.23916759,,0.2,,143.83049,242913,0.0009999999,-110.1357,,27577.50141310692,13.645313,0.2,6.6307988e-12,0.0009999999,,11,-0.04,3760,98.77659,14.8209915,inf,3760,,,64.60452127659575,1296,inf,-0.12,,-138.83049,14.81284,-577.64264,577.64264,0.0009999999
0.0009999999,577.64264,540925.7,0.32261455,,0.2,,143.82497,242938,0.0009999999,-118.06366,,27587.336010932922,15.376142,0.2,6.627273e-12,0.0009999999,,11,-0.04,3761,98.77659,14.820725,inf,3761,,,64.5939909598511,1296,inf,-0.04,,-138.82497,14.812724,-577.64264,577.64264,0.0009999999
0.0009999999,577.64264,541042.8,0.3986972,,0.2,,143.81787,242956,0.0009999999,-112.144196,,27597.32308959961,11.419775,0.2,6.62375e-12,0.0009999999,,11,-0.04,3762,98.77659,14.820459,inf,3762,,,64.58160552897395,1296,inf,0.04,,-138.81787,14.811557,-577.64264,577.64264,0.0009999999
0.0009999999,577.64264,541161.3,0.47826126,,0.2,,143.81114,242979,0.0009999999,-113.48221,,27606.906878471375,14.659766,0.2,6.62023e-12,0.0009999999,,11,-0.04,3763,98.77659,14.820193,inf,3763,,,64.57055540791922,1296,inf,0.12,,-138.81114,14.81125,-577.64264,577.64264,0.0009999999
0.0009999999,577.64264,541284.06,0.5606232,,0.2,,143.80554,243000,0.0009999999,-117.73722,,27618.500189065933,15.222131,0.2,6.6167124e-12,0.0009999999,,11,-0.04,3764,98.77659,14.819928,inf,3764,,,64.55897980871413,1296,inf,0.2,,-138.80554,14.811093,-577.64264,577.64264,0.0009999999
0.0009999999,577.64264,541405.25,-0.5633545,,-0.2,,143.79955,243022,0.0009999999,-116.225204,,27629.296100139618,15.170277,-0.2,6.6131983e-12,0.0009999999,,11,0.04,3765,98.77659,14.819662,inf,3765,,,64.5476759628154,1296,inf,-0.2,,-138.79955,14.810923,-577.64264,577.64264,0.0009999999
0.0009999999,577.64264,541513.25,-0.47744584,,-0.2,,143.79002,243045,0.0009999999,-102.94008,,27641.652976751328,8.936523,-0.2,6.609687e-12,0.0009999999,,11,0.04,3766,98.77659,14.819397,inf,3766,,,64.53664365374402,1296,inf,-0.12,,-138.79002,14.809098,-577.64264,577.64264,0.0009999999
0.0009999999,577.64264,541620.9,-0.39936572,,-0.2,,143.78044,243057,0.0009999999,-102.67847,,27653.42972922325,13.971673,-0.2,6.6061783e-12,0.0009999999,,11,0.04,3767,98.77659,14.819131,inf,3767,,,64.52269710645075,1296,inf,-0.04,,-138.78044,14.808611,-577.64264,577.64264,0.0009999999
0.0009999999,577.64264,541733.6,-0.32237163,,-0.2,,143.7722,243071,0.0009999999,-107.7518,,27665.305325746536,13.687545,-0.2,6.6026724e-12,0.0009999999,,11,0.04,3768,98.77659,14.818866,inf,3768,,,64.50928874734608,1296,inf,0.04,,-138.7722,14.808045,-577.64264,577.64264,0.0009999999
0.0009999999,577.64264,541853.0,-0.24110201,,-0.2,,143.76572,243090,0.0009999999,-114.348114,,27676.38125681877,14.481996,-0.2,6.599169e-12,0.0009999999,,11,0.04,3769,98.77659,14.818601,inf,3769,,,64.4972141151499,1296,inf,0.12,,-138.76572,14.807698,-577.64264,577.64264,0.0009999999
0.0009999999,577.64264,541976.56,-0.16035107,,-0.2,,143.76036,243116,0.0009999999,-118.561455,,27687.380265712738,15.441617,-0.2,6.595668e-12,0.0009999999,,11,0.04,3770,98.77659,14.818336,inf,3770,,,64.48700265251989,1296,inf,0.2,,-138.76036,14.807599,-577.64264,577.64264,0.0009999999
0.0009999999,577.64264,542101.44,-0.4764074,,-0.2,,143.75536,243140,0.0009999999,-119.86503,,27698.139266729355,13.934318,-0.12,6.5921704e-12,0.0009999999,,11,0.04,3771,98.77659,14.81807,inf,3771,,,64.47626624237603,1296,inf,-0.2,,-138.75536,14.807103,-577.64264,577.64264,0.0009999999
0.0009999999,577.64264,542209.0,-0.39777842,,-0.2,,143.74576,243166,0.0009999999,-102.539055,,27708.987228155136,10.837284,-0.12,6.5886762e-12,0.0009999999,,11,0.04,3772,98.77659,14.817805,inf,3772,,,64.466065747614,1296,inf,-0.12,,-138.74576,14.805784,-577.64264,577.64264,0.0009999999
0.0009999999,577.64264,542321.9,-0.3180733,,-0.2,,143.73756,243182,0.0009999999,-107.85561,,27719.39634656906,13.475184,-0.12,6.585184e-12,0.0009999999,,11,0.04,3773,98.77659,14.81754,inf,3773,,,64.45322024913861,1296,inf,-0.04,,-138.73756,14.805168,-577.64264,577.64264,0.0009999999
0.0009999999,577.64264,542442.06,-0.23882586,,-0.2,,143.73134,243207,0.0009999999,-115.22384,,27729.61417388916,11.713332,-0.12,6.581695e-12,0.0009999999,,11,0.04,3774,98.77659,14.817275,inf,3774,,,64.44276629570747,1296,inf,0.04,,-138.73134,14.804083,-577.64264,577.64264,0.0009999999
0.0009999999,577.64264,542574.25,-0.16045606,,-0.2,,143.72829,243236,0.0009999999,-127.20117,,27739.97723031044,15.489892,-0.12,6.5782076e-12,0.0009999999,,11,0.04,3775,98.77659,14.81701,inf,3775,,,64.4333774834437,1296,inf,0.12,,-138.72829,14.804001,-577.64264,577.64264,0.0009999999
0.0009999999,577.64264,542702.5,-0.0797603,,-0.2,,143.72418,243267,0.0009999999,-123.23577,,27749.97247314453,14.067306,-0.12,6.5747247e-12,0.0009999999,,11,0.04,3776,98.77659,14.816745,inf,3776,,,64.42452330508475,1296,inf,0.2,,-138.72418,14.803539,-577.64264,577.64264,0.0009999999
0.0009999999,577.64264,542841.4,-0.4022655,,-0.2,,143.7229,243304,0.0009999999,-133.8952,,27759.82977604866,13.879912,-0.04,6.5712427e-12,0.0009999999,,11,0.04,3777,98.77659,14.81648,inf,3777,,,64.41726237754831,1296,inf,-0.2,,-138.7229,14.803029,-577.64264,577.64264,0.0009999999
0.0009999999,577.64264,542949.6,-0.3200404,,-0.2,,143.7135,243331,0.0009999999,-103.20799,,27769.634501218796,12.1353035,-0.04,6.567765e-12,0.0009999999,,11,0.04,3778,98.77659,14.8162155,inf,3778,,,64.4073583906829,1296,inf,-0.12,,-138.7135,14.802061,-577.64264,577.64264,0.0009999999
0.0009999999,577.64264,543068.1,-0.24111673,,-0.2,,143.70685,243469,0.0009999999,-113.55828,,27779.796732902527,12.875664,-0.04,6.5642895e-12,0.0009999999,,11,0.04,3779,98.77659,14.81595,inf,3779,,,64.42683249536914,1296,inf,-0.04,,-138.70685,14.801283,-577.64264,577.64264,0.0009999999
0.0009999999,577.64264,543380.25,-0.16040066,,-0.2,,143.75139,243803,0.0009999999,-307.0867,,27789.812174797058,14.354587,-0.04,6.560817e-12,0.0009999999,,11,0.04,3780,98.77659,14.815686,inf,3780,,,64.49814814814815,1296,inf,0.04,,-138.75139,14.800904,-577.64264,577.64264,0.0009999999
0.0009999999,577.64264,543633.44,-0.08065983,,-0.2,,143.78033,243957,0.0009999999,-248.20172,,27799.906368494034,14.135832,-0.04,6.557347e-12,0.0009999999,,11,0.04,3781,98.77659,14.815422,inf,3781,,,64.52181962443798,1296,inf,0.12,,-138.78033,14.800462,-577.64264,577.64264,0.0009999999
0.0009999999,577.64264,543789.44,6.172061e-05,,-0.2,,143.78357,244013,0.0009999999,-151.02469,,27812.325926303864,13.550896,-0.04,6.55388e-12,0.0009999999,,11,0.04,3782,98.77659,14.815157,inf,3782,,,64.51956636700159,1296,inf,0.2,,-138.78357,14.799869,-577.64264,577.64264,0.0009999999
0.0009999999,577.64264,544012.0,-0.318838,,-0.2,,143.80438,244139,0.0009999999,-217.5732,,27823.910306453705,13.660413,0.04,6.550415e-12,0.0009999999,,11,0.04,3783,98.77659,14.814893,inf,3783,,,64.53581813375628,1296,inf,-0.2,,-138.80438,14.799301,-577.64264,577.64264,0.0009999999
0.0009999999,577.64264,544126.75,-0.24118038,,-0.2,,143.7967,244244,0.0009999999,-109.74425,,27836.29748892784,15.324657,0.04,6.546953e-12,0.0009999999,,11,0.04,3784,98.77659,14.814629,inf,3784,,,64.54651162790698,1296,inf,-0.12,,-138.7967,14.799177,-577.64264,577.64264,0.0009999999
0.0009999999,577.64264,544238.5,-0.15911806,,-0.2,,143.78824,244266,0.0009999999,-106.7682,,27848.263935804367,15.361835,0.04,6.543494e-12,0.0009999999,,11,0.04,3785,98.77659,14.814364,inf,3785,,,64.53527080581242,1296,inf,-0.04,,-138.78824,14.799062,-577.64264,577.64264,0.0009999999
0.0009999999,577.64264,544439.4,-0.078148395,,-0.2,,143.80331,244389,0.0009999999,-195.87285,,27860.396008729935,13.933294,0.04,6.5400376e-12,0.0009999999,,11,0.04,3786,98.77659,14.8141,inf,3786,,,64.55071315372425,1296,inf,0.04,,-138.80331,14.798568,-577.64264,577.64264,0.0009999999
0.0009999999,577.64264,544662.25,-0.000980474,,-0.2,,143.8242,244513,0.0009999999,-217.80357,,27871.809584617615,14.760613,0.04,6.5365846e-12,0.0009999999,,11,0.04,3787,98.77659,14.813836,inf,3787,,,64.56641140744652,1296,inf,0.12,,-138.8242,14.798294,-577.64264,577.64264,0.0009999999
0.0009999999,577.64264,544879.1,0.080715194,,-0.2,,143.84349,244632,0.0009999999,-211.92809,,27882.364879369736,11.560562,0.04,6.533134e-12,0.0009999999,,11,0.04,3788,98.77659,14.813572,inf,3788,,,64.58078141499472,1296,inf,0.2,,-138.84349,14.797174,-577.64264,577.64264,0.0009999999
0.0009999999,577.64264,545130.6,-0.24011846,,-0.2,,143.8719,244783,0.0009999999,-246.49615,,27892.662610292435,11.146232,0.12,6.5296856e-12,0.0009999999,,11,0.04,3789,98.77659,14.813308,inf,3789,,,64.60358933755609,1296,inf,-0.2,,-138.8719,14.795948,-577.64264,577.64264,0.0009999999
0.0009999999,577.64264,545241.44,-0.16302827,,-0.2,,143.86317,244799,0.0009999999,-105.77643,,27902.714831590652,15.431384,0.12,6.5262405e-12,0.0009999999,,11,0.04,3790,98.77659,14.813045,inf,3790,,,64.59076517150396,1296,inf,-0.12,,-138.86317,14.795853,-577.64264,577.64264,0.0009999999
0.0009999999,577.64264,545365.6,-0.08192631,,-0.2,,143.85799,244833,0.0009999999,-119.161156,,27912.713440656662,14.207579,0.12,6.522798e-12,0.0009999999,,11,0.04,3791,98.77659,14.81278,inf,3791,,,64.58269585861251,1296,inf,-0.04,,-138.85799,14.795433,-577.64264,577.64264,0.0009999999
0.0009999999,577.64264,545490.56,-0.0011467971,,-0.2,,143.853,244856,0.0009999999,-119.99198,,27922.915756702423,14.927867,0.12,6.519358e-12,0.0009999999,,11,0.04,3792,98.77659,14.812516,inf,3792,,,64.57172995780591,1296,inf,0.04,,-138.853,14.795202,-577.64264,577.64264,0.0009999999
0.0009999999,577.64264,545617.7,0.07808765,,-0.2,,143.84859,244894,0.0009999999,-122.09155,,27932.996371269226,14.482171,0.12,6.515921e-12,0.0009999999,,11,0.04,3793,98.77659,14.812253,inf,3793,,,64.56472449248616,1296,inf,0.12,,-138.84859,14.79486,-577.64264,577.64264,0.0009999999
0.0009999999,577.64264,545757.06,0.15918729,,-0.2,,143.84741,244931,0.0009999999,-134.37779,,27942.955904722214,10.922987,0.12,6.5124863e-12,0.0009999999,,11,0.04,3794,98.77659,14.81199,inf,3794,,,64.55745914602004,1296,inf,0.2,,-138.84741,14.793572,-577.64264,577.64264,0.0009999999
0.0009999999,577.64264,545876.75,-0.1628045,,-0.2,,143.84103,244950,0.0009999999,-114.68855,,27952.735002994537,14.905994,0.2,6.509055e-12,0.0009999999,,11,0.04,3795,98.77659,14.811726,inf,3795,,,64.54545454545455,1296,inf,-0.2,,-138.84103,14.793341,-577.64264,577.64264,0.0009999999
0.0009999999,577.64264,545991.6,-0.08202802,,-0.2,,143.8334,244965,0.0009999999,-109.86561,,27962.766566753387,14.414122,0.2,6.5056255e-12,0.0009999999,,11,0.04,3796,98.77659,14.811462,inf,3796,,,64.53240252897787,1296,inf,-0.12,,-138.8334,14.792977,-577.64264,577.64264,0.0009999999
0.0009999999,577.64264,546107.06,0.00089593604,,-0.2,,143.82593,244984,0.0009999999,-110.47609,,27972.543034553528,14.047169,0.2,6.5022e-12,0.0009999999,,11,0.04,3797,98.77659,14.811199,inf,3797,,,64.52041085067158,1296,inf,-0.04,,-138.82593,14.792517,-577.64264,577.64264,0.0009999999
0.0009999999,577.64264,546220.5,0.07788094,,-0.2,,143.81793,245003,0.0009999999,-108.420105,,27982.23450446129,12.897186,0.2,6.4987763e-12,0.0009999999,,11,0.04,3798,98.77659,14.810936,inf,3798,,,64.50842548709848,1296,inf,0.04,,-138.81793,14.791755,-577.64264,577.64264,0.0009999999
0.0009999999,577.64264,546348.44,0.16427848,,-0.2,,143.81375,245031,0.0009999999,-122.919785,,27992.643946409225,14.041869,0.2,6.495356e-12,0.0009999999,,11,0.04,3799,98.77659,14.810673,inf,3799,,,64.4988154777573,1296,inf,0.12,,-138.81375,14.791295,-577.64264,577.64264,0.0009999999
0.0009999999,577.64264,546464.75,0.24263237,,-0.2,,143.80652,245047,0.0009999999,-111.297935,,28005.116025447845,12.681646,0.2,6.491937e-12,0.0009999999,,11,0.04,3800,98.77659,14.81041,inf,3800,,,64.48605263157894,1296,inf,0.2,,-138.80652,14.790475,-577.64264,577.64264,0.0009999999
0.0009999999,577.64264,546596.1,-0.47924167,,-0.12,,143.80324,245077,0.0009999999,-126.44179,,28017.47793030739,13.894066,-0.2,6.4885215e-12,0.0009999999,,11,0.04,3801,98.77659,14.810146,inf,3801,,,64.47697974217311,1296,inf,-0.2,,-138.80324,14.789976,-577.64264,577.64264,0.0009999999
0.0009999999,577.64264,546709.1,-0.40118802,,-0.12,,143.79514,245091,0.0009999999,-107.970436,,28029.256696224213,15.312834,-0.2,6.4851085e-12,0.0009999999,,11,0.04,3802,98.77659,14.809883,inf,3802,,,64.46370331404523,1296,inf,-0.12,,-138.79514,14.789854,-577.64264,577.64264,0.0009999999
0.0009999999,577.64264,546819.3,-0.31632698,,-0.12,,143.7863,245108,0.0009999999,-105.17133,,28040.76459646225,15.325771,-0.2,6.481699e-12,0.0009999999,,11,0.04,3803,98.77659,14.80962,inf,3803,,,64.45122271890612,1296,inf,-0.04,,-138.7863,14.78973,-577.64264,577.64264,0.0009999999
0.0009999999,577.64264,546932.25,-0.2370956,,-0.12,,143.7782,245127,0.0009999999,-107.92997,,28052.177131652832,12.444099,-0.2,6.4782914e-12,0.0009999999,,11,0.04,3804,98.77659,14.809357,inf,3804,,,64.43927444794953,1296,inf,0.04,,-138.7782,14.78885,-577.64264,577.64264,0.0009999999
0.0009999999,577.64264,547040.5,-0.1623514,,-0.12,,143.76886,245138,0.0009999999,-103.25435,,28063.10859966278,14.525456,-0.2,6.474886e-12,0.0009999999,,11,0.04,3805,98.77659,14.809094,inf,3805,,,64.42522996057819,1296,inf,0.12,,-138.76886,14.788516,-577.64264,577.64264,0.0009999999
0.0009999999,577.64264,547159.4,-0.07830155,,-0.12,,143.76231,245162,0.0009999999,-113.902374,,28074.099563360214,13.930959,-0.2,6.4714844e-12,0.0009999999,,11,0.04,3806,98.77659,14.808831,inf,3806,,,64.41460851287441,1296,inf,0.2,,-138.76231,14.788032,-577.64264,577.64264,0.0009999999
0.0009999999,577.64264,547276.5,-0.39918262,,-0.12,,143.75533,245180,0.0009999999,-112.142,,28084.540892362595,15.180176,-0.12,6.468085e-12,0.0009999999,,11,0.04,3807,98.77659,14.808569,inf,3807,,,64.40241660099817,1296,inf,-0.2,,-138.75533,14.787869,-577.64264,577.64264,0.0009999999
0.0009999999,577.64264,547386.9,-0.32006422,,-0.12,,143.74655,245194,0.0009999999,-105.314,,28094.788014173508,12.827433,-0.12,6.464689e-12,0.0009999999,,11,0.04,3808,98.77659,14.808306,inf,3808,,,64.3891806722689,1296,inf,-0.12,,-138.74655,14.787093,-577.64264,577.64264,0.0009999999
0.0009999999,577.64264,547498.6,-0.23585948,,-0.12,,143.73816,245209,0.0009999999,-106.77321,,28104.81161379814,13.69008,-0.12,6.4612946e-12,0.0009999999,,11,0.04,3809,98.77659,14.8080435,inf,3809,,,64.37621422945655,1296,inf,-0.04,,-138.73816,14.786543,-577.64264,577.64264,0.0009999999
0.0009999999,577.64264,547629.75,-0.15989754,,-0.12,,143.73485,245240,0.0009999999,-126.112656,,28114.977337360382,12.766338,-0.12,6.4579037e-12,0.0009999999,,11,0.04,3810,98.77659,14.807781,inf,3810,,,64.36745406824147,1296,inf,0.04,,-138.73485,14.785749,-577.64264,577.64264,0.0009999999
0.0009999999,577.64264,547753.5,-0.07772959,,-0.12,,143.7296,245266,0.0009999999,-118.79243,,28124.80043387413,14.866145,-0.12,6.454515e-12,0.0009999999,,11,0.04,3811,98.77659,14.807519,inf,3811,,,64.35738651272632,1296,inf,0.12,,-138.7296,14.78551,-577.64264,577.64264,0.0009999999
0.0009999999,577.64264,547884.4,0.00071819127,,-0.12,,143.72623,245296,0.0009999999,-125.85767,,28135.148235797882,14.070588,-0.12,6.4511283e-12,0.0009999999,,11,0.04,3812,98.77659,14.807256,inf,3812,,,64.34837355718783,1296,inf,0.2,,-138.72623,14.78506,-577.64264,577.64264,0.0009999999
0.0009999999,577.64264,548020.75,-0.32167575,,-0.12,,143.7243,245333,0.0009999999,-131.34012,,28145.574006319046,15.354471,-0.04,6.4477455e-12,0.0009999999,,11,0.04,3813,98.77659,14.8069935,inf,3813,,,64.34120115394703,1296,inf,-0.2,,-138.7243,14.784946,-577.64264,577.64264,0.0009999999
0.0009999999,577.64264,548129.44,-0.23937672,,-0.12,,143.71512,245356,0.0009999999,-103.693756,,28156.05533027649,14.589568,-0.04,6.4443646e-12,0.0009999999,,11,0.04,3814,98.77659,14.806731,inf,3814,,,64.3303618248558,1296,inf,-0.12,,-138.71512,14.78463,-577.64264,577.64264,0.0009999999
0.0009999999,577.64264,548248.6,-0.15983503,,-0.12,,143.70868,245439,0.0009999999,-114.21673,,28166.244505882263,13.877904,-0.04,6.4409866e-12,0.0009999999,,11,0.04,3815,98.77659,14.80647,inf,3815,,,64.33525557011795,1296,inf,-0.04,,-138.70868,14.784134,-577.64264,577.64264,0.0009999999
0.0009999999,577.64264,548376.3,-0.08183684,,-0.12,,143.70448,245472,0.0009999999,-122.67311,,28176.149572134018,15.247835,-0.04,6.4376113e-12,0.0009999999,,11,0.04,3816,98.77659,14.806208,inf,3816,,,64.32704402515724,1296,inf,0.04,,-138.70448,14.783991,-577.64264,577.64264,0.0009999999
0.0009999999,577.64264,548660.25,-0.0003132075,,-0.12,,143.74123,245655,0.0009999999,-278.9059,,28188.833822488785,13.929286,-0.04,6.434239e-12,0.0009999999,,11,0.04,3817,98.77659,14.805945,inf,3817,,,64.35813466072833,1296,inf,0.12,,-138.74123,14.783507,-577.64264,577.64264,0.0009999999
0.0009999999,577.64264,548822.25,0.07868317,,-0.12,,143.746,245714,0.0009999999,-157.033,,28200.9638133049,14.004692,-0.04,6.4308684e-12,0.0009999999,,11,0.04,3818,98.77659,14.805683,inf,3818,,,64.35673127291776,1296,inf,0.2,,-138.746,14.783038,-577.64264,577.64264,0.0009999999
0.0009999999,577.64264,548974.9,-0.23899567,,-0.12,,143.74834,245765,0.0009999999,-147.65518,,28213.272753953934,13.047424,0.04,6.427501e-12,0.0009999999,,11,0.04,3819,98.77659,14.805422,inf,3819,,,64.35323383084577,1296,inf,-0.2,,-138.74834,14.782328,-577.64264,577.64264,0.0009999999
0.0009999999,577.64264,549086.25,-0.16351748,,-0.12,,143.73985,245780,0.0009999999,-106.303,,28225.243417978287,14.564307,0.04,6.4241373e-12,0.0009999999,,11,0.04,3820,98.77659,14.80516,inf,3820,,,64.34031413612566,1296,inf,-0.12,,-138.73985,14.782004,-577.64264,577.64264,0.0009999999
0.0009999999,577.64264,549205.1,-0.07933766,,-0.12,,143.73335,245801,0.0009999999,-113.894135,,28237.27086377144,12.166488,0.04,6.4207754e-12,0.0009999999,,11,0.04,3821,98.77659,14.804898,inf,3821,,,64.32897147343627,1296,inf,-0.04,,-138.73335,14.781061,-577.64264,577.64264,0.0009999999
0.0009999999,577.64264,549428.1,0.003969811,,-0.12,,143.75409,245978,0.0009999999,-218.05093,,28248.986812353134,12.275642,0.04,6.4174156e-12,0.0009999999,,11,0.04,3822,98.77659,14.804636,inf,3822,,,64.35845107273678,1296,inf,0.04,,-138.75409,14.780142,-577.64264,577.64264,0.0009999999
0.0009999999,577.64264,549583.1,0.0805774,,-0.12,,143.75703,246040,0.0009999999,-150.00269,,28259.83452630043,12.789404,0.04,6.414059e-12,0.0009999999,,11,0.04,3823,98.77659,14.804375,inf,3823,,,64.35783416165316,1296,inf,0.12,,-138.75703,14.77936,-577.64264,577.64264,0.0009999999
0.0009999999,577.64264,549746.75,0.15998286,,-0.12,,143.76222,246104,0.0009999999,-158.60391,,28270.351088285446,14.171391,0.04,6.4107044e-12,0.0009999999,,11,0.04,3824,98.77659,14.804113,inf,3824,,,64.35774058577405,1296,inf,0.2,,-138.76222,14.77894,-577.64264,577.64264,0.0009999999
0.0009999999,577.64264,549915.2,-0.16162378,,-0.12,,143.76868,246169,0.0009999999,-163.41484,,28280.69897222519,13.820002,0.12,6.407353e-12,0.0009999999,,11,0.04,3825,98.77659,14.803852,inf,3825,,,64.35790849673202,1296,inf,-0.2,,-138.76868,14.778428,-577.64264,577.64264,0.0009999999
0.0009999999,577.64264,550032.75,-0.08187958,,-0.12,,143.76183,246190,0.0009999999,-112.608444,,28290.828911542892,14.421981,0.12,6.4040045e-12,0.0009999999,,11,0.04,3826,98.77659,14.803591,inf,3826,,,64.34657605854679,1296,inf,-0.12,,-138.76183,14.778072,-577.64264,577.64264,0.0009999999
0.0009999999,577.64264,550145.4,-6.111339e-05,,-0.12,,143.7537,246214,0.0009999999,-107.56022,,28301.05250787735,14.675255,0.12,6.4006586e-12,0.0009999999,,11,0.04,3827,98.77659,14.8033285,inf,3827,,,64.33603344656389,1296,inf,-0.04,,-138.7537,14.777784,-577.64264,577.64264,0.0009999999
0.0009999999,577.64264,550269.8,0.08007249,,-0.12,,143.74864,246236,0.0009999999,-119.4619,,28311.268264770508,12.35383,0.12,6.3973145e-12,0.0009999999,,11,0.04,3828,98.77659,14.803068,inf,3828,,,64.32497387669801,1296,inf,0.04,,-138.74864,14.776889,-577.64264,577.64264,0.0009999999
0.0009999999,577.64264,550389.44,0.16119587,,-0.12,,143.74234,246255,0.0009999999,-114.609276,,28321.397186994553,14.663454,0.12,6.3939735e-12,0.0009999999,,11,0.04,3829,98.77659,14.802807,inf,3829,,,64.31313658918778,1296,inf,0.12,,-138.74234,14.776597,-577.64264,577.64264,0.0009999999
0.0009999999,577.64264,550531.6,0.2410362,,-0.12,,143.74194,246295,0.0009999999,-137.1446,,28331.839886665344,15.404253,0.12,6.390635e-12,0.0009999999,,11,0.04,3830,98.77659,14.802546,inf,3830,,,64.30678851174935,1296,inf,0.2,,-138.74194,14.7765045,-577.64264,577.64264,0.0009999999
0.0009999999,577.64264,550674.0,-0.082794234,,-0.12,,143.74158,246339,0.0009999999,-137.37251,,28342.20249080658,13.201202,0.2,6.3872987e-12,0.0009999999,,11,0.04,3831,98.77659,14.802284,inf,3831,,,64.30148786217698,1296,inf,-0.2,,-138.74158,14.775827,-577.64264,577.64264,0.0009999999
0.0009999999,577.64264,550792.6,-0.0010407269,,-0.12,,143.73503,246376,0.0009999999,-113.69793,,28352.520997047424,13.782888,0.2,6.3839654e-12,0.0009999999,,11,0.04,3832,98.77659,14.802023,inf,3832,,,64.29436325678496,1296,inf,-0.12,,-138.73503,14.775311,-577.64264,577.64264,0.0009999999
0.0009999999,577.64264,550916.1,0.07712696,,-0.12,,143.72975,246404,0.0009999999,-118.5006,,28362.251501083374,14.669923,0.2,6.3806347e-12,0.0009999999,,11,0.04,3833,98.77659,14.801763,inf,3833,,,64.28489433863814,1296,inf,-0.04,,-138.72975,14.775021,-577.64264,577.64264,0.0009999999
0.0009999999,577.64264,551041.94,0.16104169,,-0.12,,143.72508,246430,0.0009999999,-120.79158,,28373.816639900208,14.310849,0.2,6.377307e-12,0.0009999999,,11,0.04,3834,98.77659,14.801501,inf,3834,,,64.27490871152843,1296,inf,0.04,,-138.72508,14.774642,-577.64264,577.64264,0.0009999999
0.0009999999,577.64264,551163.44,0.24036425,,-0.12,,143.71928,246450,0.0009999999,-116.512695,,28386.28437948227,13.406904,0.2,6.3739816e-12,0.0009999999,,11,0.04,3835,98.77659,14.801241,inf,3835,,,64.26336375488918,1296,inf,0.12,,-138.71928,14.774022,-577.64264,577.64264,0.0009999999
0.0009999999,577.64264,551285.94,0.3178996,,-0.12,,143.71375,246471,0.0009999999,-117.496826,,28398.319256544113,14.280106,0.2,6.3706583e-12,0.0009999999,,11,0.04,3836,98.77659,14.80098,inf,3836,,,64.25208550573514,1296,inf,0.2,,-138.71375,14.773633,-577.64264,577.64264,0.0009999999
0.0009999999,577.64264,551413.56,-0.39957187,,-0.04,,143.70955,246498,0.0009999999,-122.625565,,28410.416965723038,14.883903,-0.2,6.3673385e-12,0.0009999999,,11,0.04,3837,98.77659,14.800719,inf,3837,,,64.24237685691946,1296,inf,-0.2,,-138.70955,14.773401,-577.64264,577.64264,0.0009999999
0.0009999999,577.64264,551527.1,-0.31727287,,-0.04,,143.7017,246512,0.0009999999,-108.55971,,28422.238530397415,14.871336,-0.2,6.3640213e-12,0.0009999999,,11,0.04,3838,98.77659,14.800459,inf,3838,,,64.2292860865034,1296,inf,-0.12,,-138.7017,14.773167,-577.64264,577.64264,0.0009999999
0.0009999999,577.64264,551647.2,-0.23497576,,-0.04,,143.69554,246538,0.0009999999,-115.0585,,28434.3778758049,14.060481,-0.2,6.360706e-12,0.0009999999,,11,0.04,3839,98.77659,14.800199,inf,3839,,,64.21932794998698,1296,inf,-0.04,,-138.69554,14.772721,-577.64264,577.64264,0.0009999999
0.0009999999,577.64264,551764.4,-0.1600533,,-0.04,,143.68864,246555,0.0009999999,-112.22133,,28445.938943862915,10.519661,-0.2,6.3573938e-12,0.0009999999,,11,0.04,3840,98.77659,14.799938,inf,3840,,,64.20703125,1296,inf,0.04,,-138.68864,14.771352,-577.64264,577.64264,0.0009999999
0.0009999999,577.64264,551872.5,-0.078387484,,-0.04,,143.67938,246566,0.0009999999,-103.11135,,28456.831849575043,15.388178,-0.2,6.3540835e-12,0.0009999999,,11,0.04,3841,98.77659,14.799678,inf,3841,,,64.19317885967196,1296,inf,0.12,,-138.67938,14.771253,-577.64264,577.64264,0.0009999999
0.0009999999,577.64264,552000.4,-0.0008663088,,-0.04,,143.67526,246602,0.0009999999,-122.86371,,28467.01318383217,12.915415,-0.2,6.350776e-12,0.0009999999,,11,0.04,3842,98.77659,14.7994175,inf,3842,,,64.1858407079646,1296,inf,0.2,,-138.67526,14.77051,-577.64264,577.64264,0.0009999999
0.0009999999,577.64264,552135.25,-0.3177234,,-0.04,,143.67297,246645,0.0009999999,-129.86714,,28477.000403881073,13.339667,-0.12,6.347472e-12,0.0009999999,,11,0.04,3843,98.77659,14.799157,inf,3843,,,64.18032786885246,1296,inf,-0.2,,-138.67297,14.769877,-577.64264,577.64264,0.0009999999
0.0009999999,577.64264,552244.5,-0.23865484,,-0.04,,143.66402,246719,0.0009999999,-104.3004,,28487.35214829445,13.8288,-0.12,6.34417e-12,0.0009999999,,11,0.04,3844,98.77659,14.798897,inf,3844,,,64.18288241415192,1296,inf,-0.12,,-138.66402,14.769369,-577.64264,577.64264,0.0009999999
0.0009999999,577.64264,552355.4,-0.15760756,,-0.04,,143.65549,246740,0.0009999999,-105.79463,,28497.405519485474,15.373628,-0.12,6.34087e-12,0.0009999999,,11,0.04,3845,98.77659,14.798636,inf,3845,,,64.17165149544863,1296,inf,-0.04,,-138.65549,14.769272,-577.64264,577.64264,0.0009999999
0.0009999999,577.64264,552470.1,-0.07982649,,-0.04,,143.64798,246758,0.0009999999,-109.7705,,28507.605040311813,14.380995,-0.12,6.337573e-12,0.0009999999,,11,0.04,3846,98.77659,14.798376,inf,3846,,,64.15964638585544,1296,inf,0.04,,-138.64798,14.768906,-577.64264,577.64264,0.0009999999
0.0009999999,577.64264,552597.4,0.0018785968,,-0.04,,143.64372,246784,0.0009999999,-122.284485,,28517.6750562191,13.579494,-0.12,6.3342786e-12,0.0009999999,,11,0.04,3847,98.77659,14.798117,inf,3847,,,64.14972706004679,1296,inf,0.12,,-138.64372,14.76834,-577.64264,577.64264,0.0009999999
0.0009999999,577.64264,552723.94,0.08175786,,-0.04,,143.63928,246808,0.0009999999,-121.553856,,28528.347851991653,13.135163,-0.12,6.3309874e-12,0.0009999999,,11,0.04,3848,98.77659,14.797856,inf,3848,,,64.13929313929314,1296,inf,0.2,,-138.63928,14.7676525,-577.64264,577.64264,0.0009999999
0.0009999999,577.64264,552857.8,-0.23894724,,-0.04,,143.63673,246840,0.0009999999,-128.88664,,28538.976608514786,14.742444,-0.04,6.327698e-12,0.0009999999,,11,0.04,3849,98.77659,14.797597,inf,3849,,,64.13094310210444,1296,inf,-0.2,,-138.63673,14.767391,-577.64264,577.64264,0.0009999999
0.0009999999,577.64264,552969.0,-0.15958485,,-0.04,,143.62831,246857,0.0009999999,-106.16371,,28548.84954214096,15.278099,-0.04,6.324411e-12,0.0009999999,,11,0.04,3850,98.77659,14.797337,inf,3850,,,64.1187012987013,1296,inf,-0.12,,-138.62831,14.767261,-577.64264,577.64264,0.0009999999
0.0009999999,577.64264,553096.0,-0.079756305,,-0.04,,143.624,246894,0.0009999999,-122.00514,,28559.732787132263,14.569214,-0.04,6.3211263e-12,0.0009999999,,11,0.04,3851,98.77659,14.797077,inf,3851,,,64.11165930927032,1296,inf,-0.04,,-138.624,14.766951,-577.64264,577.64264,0.0009999999
0.0009999999,577.64264,553233.25,-0.00067352504,,-0.04,,143.62234,246944,0.0009999999,-132.27238,,28571.557792901993,13.603233,-0.04,6.3178456e-12,0.0009999999,,11,0.04,3852,98.77659,14.796818,inf,3852,,,64.1079958463136,1296,inf,0.04,,-138.62234,14.766388,-577.64264,577.64264,0.0009999999
0.0009999999,577.64264,553405.56,0.078814715,,-0.04,,143.62979,247014,0.0009999999,-167.2809,,28583.46685051918,14.467083,-0.04,6.314566e-12,0.0009999999,,11,0.04,3853,98.77659,14.796558,inf,3853,,,64.10952504541915,1296,inf,0.12,,-138.62979,14.76605,-577.64264,577.64264,0.0009999999
0.0009999999,577.64264,553534.4,0.15893671,,-0.04,,143.62595,247041,0.0009999999,-123.868034,,28595.611999988556,14.224953,-0.04,6.31129e-12,0.0009999999,,11,0.04,3854,98.77659,14.796299,inf,3854,,,64.09989621172808,1296,inf,0.2,,-138.62595,14.765652,-577.64264,577.64264,0.0009999999
0.0009999999,577.64264,553709.7,-0.16286646,,-0.04,,143.63416,247115,0.0009999999,-170.2654,,28607.809196472168,15.383076,0.04,6.3080153e-12,0.0009999999,,11,0.04,3855,98.77659,14.79604,inf,3855,,,64.10246433203632,1296,inf,-0.2,,-138.63416,14.765553,-577.64264,577.64264,0.0009999999
0.0009999999,577.64264,553821.44,-0.080881596,,-0.04,,143.62589,247133,0.0009999999,-106.728836,,28620.22021007538,12.675522,0.04,6.3047445e-12,0.0009999999,,11,0.04,3856,98.77659,14.79578,inf,3856,,,64.09050829875518,1296,inf,-0.12,,-138.62589,14.764751,-577.64264,577.64264,0.0009999999
0.0009999999,577.64264,553944.4,0.003476441,,-0.04,,143.62053,247167,0.0009999999,-117.98313,,28631.666073799133,12.53199,0.04,6.301476e-12,0.0009999999,,11,0.04,3857,98.77659,14.795521,inf,3857,,,64.0827067669173,1296,inf,-0.04,,-138.62053,14.763912,-577.64264,577.64264,0.0009999999
0.0009999999,577.64264,554072.75,0.079759195,,-0.04,,143.61658,247194,0.0009999999,-123.40776,,28642.554060935974,13.204388,0.04,6.2982093e-12,0.0009999999,,11,0.04,3858,98.77659,14.795261,inf,3858,,,64.07309486780716,1296,inf,0.04,,-138.61658,14.763249,-577.64264,577.64264,0.0009999999
0.0009999999,577.64264,554219.25,0.16045468,,-0.04,,143.61732,247237,0.0009999999,-141.47247,,28653.02150940895,12.195873,0.04,6.294946e-12,0.0009999999,,11,0.04,3859,98.77659,14.795002,inf,3859,,,64.06763410209899,1296,inf,0.12,,-138.61732,14.762322,-577.64264,577.64264,0.0009999999
0.0009999999,577.64264,554396.4,0.23654476,,-0.04,,143.626,247318,0.0009999999,-172.07358,,28663.352779626846,15.191036,0.04,6.2916838e-12,0.0009999999,,11,0.04,3860,98.77659,14.794743,inf,3860,,,64.0720207253886,1296,inf,0.2,,-138.626,14.762179,-577.64264,577.64264,0.0009999999
0.0009999999,577.64264,554526.94,-0.079923555,,-0.04,,143.62262,247346,0.0009999999,-125.5935,,28673.177564144135,10.054818,0.12,6.288426e-12,0.0009999999,,11,0.04,3861,98.77659,14.794484,inf,3861,,,64.06267806267806,1296,inf,-0.2,,-138.62262,14.760698,-577.64264,577.64264,0.0009999999
0.0009999999,577.64264,554644.1,0.0009095147,,-0.04,,143.61577,247363,0.0009999999,-112.22608,,28683.742609977722,14.103627,0.12,6.28517e-12,0.0009999999,,11,0.04,3862,98.77659,14.794225,inf,3862,,,64.05049197307095,1296,inf,-0.12,,-138.61577,14.760272,-577.64264,577.64264,0.0009999999
0.0009999999,577.64264,554767.94,0.081318595,,-0.04,,143.61064,247389,0.0009999999,-118.77141,,28694.262907266617,14.866671,0.12,6.2819155e-12,0.0009999999,,11,0.04,3863,98.77659,14.793966,inf,3863,,,64.04064198809216,1296,inf,-0.04,,-138.61064,14.760036,-577.64264,577.64264,0.0009999999
0.0009999999,577.64264,554893.1,0.16335449,,-0.04,,143.60588,247423,0.0009999999,-120.17874,,28705.13339328766,14.8558655,0.12,6.2786647e-12,0.0009999999,,11,0.04,3864,98.77659,14.793707,inf,3864,,,64.03286749482402,1296,inf,0.04,,-138.60588,14.759809,-577.64264,577.64264,0.0009999999
0.0009999999,577.64264,555009.0,0.23784511,,-0.04,,143.59871,247441,0.0009999999,-110.85591,,28715.74995827675,13.194865,0.12,6.2754155e-12,0.0009999999,,11,0.04,3865,98.77659,14.793448,inf,3865,,,64.020957309185,1296,inf,0.12,,-138.59871,14.759139,-577.64264,577.64264,0.0009999999
0.0009999999,577.64264,555133.94,0.3197226,,-0.04,,143.59387,247465,0.0009999999,-119.97634,,28726.3770403862,15.050451,0.12,6.2721703e-12,0.0009999999,,11,0.04,3866,98.77659,14.79319,inf,3866,,,64.01060527677186,1296,inf,0.2,,-138.59387,14.758958,-577.64264,577.64264,0.0009999999
0.0009999999,577.64264,555261.0,-0.0013400465,,-0.04,,143.5896,247491,0.0009999999,-122.091805,,28736.598195552826,14.905646,0.2,6.2689264e-12,0.0009999999,,11,0.04,3867,98.77659,14.792932,inf,3867,,,64.00077579519007,1296,inf,-0.2,,-138.5896,14.758738,-577.64264,577.64264,0.0009999999
0.0009999999,577.64264,555371.9,0.08027985,,-0.04,,143.58115,247507,0.0009999999,-105.83396,,28746.55626988411,14.424546,0.2,6.2656855e-12,0.0009999999,,11,0.04,3868,98.77659,14.792672,inf,3868,,,63.98836608066184,1296,inf,-0.12,,-138.58115,14.758392,-577.64264,577.64264,0.0009999999
0.0009999999,577.64264,555494.1,0.15998167,,-0.04,,143.57564,247533,0.0009999999,-117.23088,,28758.502642154694,15.169468,0.2,6.2624467e-12,0.0009999999,,11,0.04,3869,98.77659,14.792414,inf,3869,,,63.97854742827604,1296,inf,-0.04,,-138.57564,14.758239,-577.64264,577.64264,0.0009999999
0.0009999999,577.64264,555614.9,0.24048792,,-0.04,,143.56973,247555,0.0009999999,-115.72979,,28770.400084018707,15.3160925,0.2,6.259211e-12,0.0009999999,,11,0.04,3870,98.77659,14.792155,inf,3870,,,63.96770025839793,1296,inf,0.04,,-138.56973,14.758125,-577.64264,577.64264,0.0009999999
0.0009999999,577.64264,555740.8,0.32002264,,-0.04,,143.56519,247581,0.0009999999,-120.980225,,28782.81293797493,14.744091,0.2,6.2559775e-12,0.0009999999,,11,0.04,3871,98.77659,14.791898,inf,3871,,,63.95789201756652,1296,inf,0.12,,-138.56519,14.757865,-577.64264,577.64264,0.0009999999
0.0009999999,577.64264,555857.1,0.40045622,,-0.04,,143.55814,247606,0.0009999999,-111.27719,,28795.21349453926,8.901331,0.2,6.2527466e-12,0.0009999999,,11,0.04,3872,98.77659,14.791639,inf,3872,,,63.947830578512395,1296,inf,0.2,,-138.55814,14.756093,-577.64264,577.64264,0.0009999999
0.0009999999,577.64264,555987.75,-0.31913918,,0.04,,143.55481,247641,0.0009999999,-125.66887,,28807.166342020035,14.887479,-0.2,6.2495183e-12,0.0009999999,,11,0.04,3873,98.77659,14.791381,inf,3873,,,63.940356312935705,1296,inf,-0.2,,-138.55481,14.75587,-577.64264,577.64264,0.0009999999
0.0009999999,577.64264,556106.7,-0.24097869,,0.04,,143.54845,247660,0.0009999999,-113.92298,,28818.998235702515,14.431568,-0.2,6.246292e-12,0.0009999999,,11,0.04,3874,98.77659,14.791122,inf,3874,,,63.92875580795044,1296,inf,-0.12,,-138.54845,14.755526,-577.64264,577.64264,0.0009999999
0.0009999999,577.64264,556231.56,-0.15976045,,0.04,,143.54362,247689,0.0009999999,-119.85411,,28830.493910074234,15.329477,-0.2,6.2430686e-12,0.0009999999,,11,0.04,3875,98.77659,14.790865,inf,3875,,,63.91974193548387,1296,inf,-0.04,,-138.54362,14.755417,-577.64264,577.64264,0.0009999999
0.0009999999,577.64264,556347.25,-0.082516775,,0.04,,143.53644,247707,0.0009999999,-110.69666,,28841.080002307892,14.8725,-0.2,6.2398476e-12,0.0009999999,,11,0.04,3876,98.77659,14.7906065,inf,3876,,,63.9078947368421,1296,inf,0.04,,-138.53644,14.755186,-577.64264,577.64264,0.0009999999
0.0009999999,577.64264,556461.94,0.0009127408,,0.04,,143.529,247722,0.0009999999,-109.70381,,28851.12345266342,13.685955,-0.2,6.236629e-12,0.0009999999,,11,0.04,3877,98.77659,14.790349,inf,3877,,,63.89527985555842,1296,inf,0.12,,-138.529,14.754658,-577.64264,577.64264,0.0009999999
0.0009999999,577.64264,556577.75,0.081688344,,0.04,,143.52185,247739,0.0009999999,-110.84742,,28861.33726501465,14.674147,-0.2,6.2334135e-12,0.0009999999,,11,0.04,3878,98.77659,14.790091,inf,3878,,,63.88318720990201,1296,inf,0.2,,-138.52185,14.754377,-577.64264,577.64264,0.0009999999
0.0009999999,577.64264,556695.4,-0.24009189,,0.04,,143.51518,247756,0.0009999999,-112.54762,,28871.50356078148,12.876566,-0.12,6.2301995e-12,0.0009999999,,11,0.04,3879,98.77659,14.789833,inf,3879,,,63.871100799175046,1296,inf,-0.2,,-138.51518,14.753635,-577.64264,577.64264,0.0009999999
0.0009999999,577.64264,556812.9,-0.15946715,,0.04,,143.50847,247788,0.0009999999,-112.56378,,28882.354944229126,14.792146,-0.12,6.2269885e-12,0.0009999999,,11,0.04,3880,98.77659,14.789575,inf,3880,,,63.86288659793814,1296,inf,-0.12,,-138.50847,14.753385,-577.64264,577.64264,0.0009999999
0.0009999999,577.64264,556923.6,-0.07907812,,0.04,,143.50003,247806,0.0009999999,-105.699066,,28893.0121614933,12.946925,-0.12,6.2237793e-12,0.0009999999,,11,0.04,3881,98.77659,14.789317,inf,3881,,,63.85106931203298,1296,inf,-0.04,,-138.50003,14.752666,-577.64264,577.64264,0.0009999999
0.0009999999,577.64264,557053.5,0.0016944371,,0.04,,143.49652,247838,0.0009999999,-124.928825,,28903.545701503754,15.247745,-0.12,6.220574e-12,0.0009999999,,11,0.04,3882,98.77659,14.78906,inf,3882,,,63.84286450283359,1296,inf,0.04,,-138.49652,14.752533,-577.64264,577.64264,0.0009999999
0.0009999999,577.64264,557181.6,0.08027292,,0.04,,143.49257,247873,0.0009999999,-123.11407,,28914.062380552292,11.629882,-0.12,6.2173704e-12,0.0009999999,,11,0.04,3883,98.77659,14.788802,inf,3883,,,63.835436518156065,1296,inf,0.12,,-138.49257,14.751474,-577.64264,577.64264,0.0009999999
0.0009999999,577.64264,557310.44,0.15709606,,0.04,,143.48878,247906,0.0009999999,-123.78631,,28924.239748477936,10.00665,-0.12,6.2141694e-12,0.0009999999,,11,0.04,3884,98.77659,14.788545,inf,3884,,,63.827497425334705,1296,inf,0.2,,-138.48878,14.749993,-577.64264,577.64264,0.0009999999
0.0009999999,577.64264,557468.1,-0.15506369,,0.04,,143.49243,247968,0.0009999999,-152.73428,,28934.038607120514,14.607776,-0.04,6.21097e-12,0.0009999999,,11,0.04,3885,98.77659,14.788287,inf,3885,,,63.82702702702703,1296,inf,-0.2,,-138.49243,14.749701,-577.64264,577.64264,0.0009999999
0.0009999999,577.64264,557597.2,-0.081448704,,0.04,,143.48872,248008,0.0009999999,-124.0502,,28944.968402147293,12.486821,-0.04,6.2077743e-12,0.0009999999,,11,0.04,3886,98.77659,14.78803,inf,3886,,,63.82089552238806,1296,inf,-0.12,,-138.48872,14.748859,-577.64264,577.64264,0.0009999999
0.0009999999,577.64264,557725.5,-5.0656497e-05,,0.04,,143.48482,248048,0.0009999999,-123.30616,,28957.145644187927,13.863887,-0.04,6.2045807e-12,0.0009999999,,11,0.04,3887,98.77659,14.787772,inf,3887,,,63.8147671726267,1296,inf,-0.04,,-138.48482,14.748375,-577.64264,577.64264,0.0009999999
0.0009999999,577.64264,557852.06,0.082256034,,0.04,,143.48047,248080,0.0009999999,-121.55902,,28969.753279209137,9.998545,-0.04,6.2013892e-12,0.0009999999,,11,0.04,3888,98.77659,14.787516,inf,3888,,,63.806584362139915,1296,inf,0.04,,-138.48047,14.746898,-577.64264,577.64264,0.0009999999
0.0009999999,577.64264,557970.56,0.16295396,,0.04,,143.47404,248103,0.0009999999,-113.497375,,28982.063234329224,12.242361,-0.04,6.198201e-12,0.0009999999,,11,0.04,3889,98.77659,14.787258,inf,3889,,,63.796091540241704,1296,inf,0.12,,-138.47404,14.7459955,-577.64264,577.64264,0.0009999999
0.0009999999,577.64264,558101.9,0.23776704,,0.04,,143.47092,248133,0.0009999999,-126.31515,,28994.48773956299,14.091175,-0.04,6.195014e-12,0.0009999999,,11,0.04,3890,98.77659,14.787001,inf,3890,,,63.78740359897172,1296,inf,0.2,,-138.47092,14.745569,-577.64264,577.64264,0.0009999999
0.0009999999,577.64264,558228.5,-0.07683782,,0.04,,143.46658,248158,0.0009999999,-121.60176,,29006.28762459755,13.470349,0.04,6.19183e-12,0.0009999999,,11,0.04,3891,98.77659,14.786744,inf,3891,,,63.777435106656384,1296,inf,-0.2,,-138.46658,14.744985,-577.64264,577.64264,0.0009999999
0.0009999999,577.64264,558338.1,0.002610907,,0.04,,143.4579,248176,0.0009999999,-104.631584,,29017.90100669861,12.156636,0.04,6.188649e-12,0.0009999999,,11,0.04,3892,98.77659,14.786487,inf,3892,,,63.76567317574512,1296,inf,-0.12,,-138.4579,14.744064,-577.64264,577.64264,0.0009999999
0.0009999999,577.64264,558464.6,0.07911092,,0.04,,143.45354,248202,0.0009999999,-121.49302,,29028.68253827095,9.874546,0.04,6.1854697e-12,0.0009999999,,11,0.04,3893,98.77659,14.78623,inf,3893,,,63.75597225789879,1296,inf,-0.04,,-138.45354,14.742553,-577.64264,577.64264,0.0009999999
0.0009999999,577.64264,558603.6,0.16131783,,0.04,,143.4524,248240,0.0009999999,-134.03189,,29039.28056049347,11.892283,0.04,6.1822934e-12,0.0009999999,,11,0.04,3894,98.77659,14.785974,inf,3894,,,63.749357986646125,1296,inf,0.04,,-138.4524,14.741568,-577.64264,577.64264,0.0009999999
0.0009999999,577.64264,558738.94,0.23717988,,0.04,,143.4503,248272,0.0009999999,-130.2949,,29049.63764691353,14.047984,0.04,6.179119e-12,0.0009999999,,11,0.04,3895,98.77659,14.785716,inf,3895,,,63.741206675224646,1296,inf,0.12,,-138.4503,14.741129,-577.64264,577.64264,0.0009999999
0.0009999999,577.64264,558895.75,0.31889194,,0.04,,143.45374,248326,0.0009999999,-151.79405,,29060.0578019619,13.32659,0.04,6.1759473e-12,0.0009999999,,11,0.04,3896,98.77659,14.7854595,inf,3896,,,63.73870636550308,1296,inf,0.2,,-138.45374,14.740515,-577.64264,577.64264,0.0009999999
0.0009999999,577.64264,559022.06,-0.0016234368,,0.04,,143.44934,248351,0.0009999999,-121.33181,,29070.15282225609,13.7055235,0.12,6.1727784e-12,0.0009999999,,11,0.04,3897,98.77659,14.785203,inf,3897,,,63.72876571721837,1296,inf,-0.2,,-138.44934,14.739988,-577.64264,577.64264,0.0009999999
0.0009999999,577.64264,559140.25,0.07852315,,0.04,,143.44286,248382,0.0009999999,-113.216545,,29080.978937625885,13.524612,0.12,6.169612e-12,0.0009999999,,11,0.04,3898,98.77659,14.784946,inf,3898,,,63.7203694202155,1296,inf,-0.12,,-138.44286,14.739423,-577.64264,577.64264,0.0009999999
0.0009999999,577.64264,559250.9,0.15916885,,0.04,,143.43443,248400,0.0009999999,-105.599655,,29091.292564868927,15.240369,0.12,6.166447e-12,0.0009999999,,11,0.04,3899,98.77659,14.78469,inf,3899,,,63.70864324185688,1296,inf,-0.04,,-138.43443,14.739291,-577.64264,577.64264,0.0009999999
0.0009999999,577.64264,559370.1,0.24281037,,0.04,,143.42824,248419,0.0009999999,-114.22358,,29101.76346707344,15.3690605,0.12,6.163285e-12,0.0009999999,,11,0.04,3900,98.77659,14.784433,inf,3900,,,63.69717948717949,1296,inf,0.04,,-138.42824,14.739201,-577.64264,577.64264,0.0009999999
0.0009999999,577.64264,559491.9,0.32364327,,0.04,,143.42268,248440,0.0009999999,-116.74794,,29112.011724710464,12.349618,0.12,6.160126e-12,0.0009999999,,11,0.04,3901,98.77659,14.784177,inf,3901,,,63.686234298897716,1296,inf,0.12,,-138.42268,14.738328,-577.64264,577.64264,0.0009999999
0.0009999999,577.64264,559636.9,0.39822125,,0.04,,143.42308,248484,0.0009999999,-140.02881,,29122.06805205345,12.545247,0.12,6.156969e-12,0.0009999999,,11,0.04,3902,98.77659,14.783921,inf,3902,,,63.68118913377755,1296,inf,0.2,,-138.42308,14.737514,-577.64264,577.64264,0.0009999999
0.0009999999,577.64264,559785.9,0.07640098,,0.04,,143.42451,248533,0.0009999999,-144.0373,,29132.9430437088,12.836544,0.2,6.1538144e-12,0.0009999999,,11,0.04,3903,98.77659,14.783665,inf,3903,,,63.67742761977966,1296,inf,-0.2,,-138.42451,14.736767,-577.64264,577.64264,0.0009999999
0.0009999999,577.64264,559906.75,0.1589345,,0.04,,143.41873,248568,0.0009999999,-115.82753,,29145.551121234894,13.078708,0.2,6.1506624e-12,0.0009999999,,11,0.04,3904,98.77659,14.783408,inf,3904,,,63.670081967213115,1296,inf,-0.12,,-138.41873,14.736088,-577.64264,577.64264,0.0009999999
0.0009999999,577.64264,560021.25,0.24123378,,0.04,,143.41133,248586,0.0009999999,-109.44746,,29157.14967608452,14.481687,0.2,6.1475126e-12,0.0009999999,,11,0.04,3905,98.77659,14.783153,inf,3905,,,63.6583866837388,1296,inf,-0.04,,-138.41133,14.735765,-577.64264,577.64264,0.0009999999
0.0009999999,577.64264,560144.5,0.31706697,,0.04,,143.40617,248610,0.0009999999,-118.27705,,29169.390973329544,13.5823,0.2,6.144366e-12,0.0009999999,,11,0.04,3906,98.77659,14.782896,inf,3906,,,63.64823348694316,1296,inf,0.04,,-138.40617,14.735215,-577.64264,577.64264,0.0009999999
0.0009999999,577.64264,560259.25,0.4006063,,0.04,,143.39883,248632,0.0009999999,-109.75563,,29181.512020111084,13.934011,0.2,6.1412203e-12,0.0009999999,,11,0.04,3907,98.77659,14.78264,inf,3907,,,63.637573585871515,1296,inf,0.12,,-138.39883,14.734753,-577.64264,577.64264,0.0009999999
0.0009999999,577.64264,560375.4,0.48246166,,0.04,,143.39186,248648,0.0009999999,-111.08339,,29194.03310918808,14.337846,0.2,6.1380775e-12,0.0009999999,,11,0.04,3908,98.77659,14.782385,inf,3908,,,63.62538382804504,1296,inf,0.2,,-138.39186,14.734397,-577.64264,577.64264,0.0009999999
0.0009999999,577.64264,560503.06,-0.23987965,,0.12,,143.38783,248678,0.0009999999,-122.74254,,29205.44958305359,14.418218,-0.2,6.1349376e-12,0.0009999999,,11,0.04,3909,98.77659,14.782128,inf,3909,,,63.61678178562292,1296,inf,-0.2,,-138.38783,14.734061,-577.64264,577.64264,0.0009999999
0.0009999999,577.64264,560612.9,-0.16260684,,0.12,,143.37926,248692,0.0009999999,-104.83019,,29216.480029821396,12.715959,-0.2,6.1318e-12,0.0009999999,,11,0.04,3910,98.77659,14.781873,inf,3910,,,63.604092071611255,1296,inf,-0.12,,-138.37926,14.733289,-577.64264,577.64264,0.0009999999
0.0009999999,577.64264,560726.06,-0.081183374,,0.12,,143.37154,248709,0.0009999999,-108.155525,,29227.21024465561,13.056176,-0.2,6.128665e-12,0.0009999999,,11,0.04,3911,98.77659,14.781617,inf,3911,,,63.59217591408847,1296,inf,-0.04,,-138.37154,14.732604,-577.64264,577.64264,0.0009999999
0.0009999999,577.64264,560844.1,0.00196743,,0.12,,143.36507,248734,0.0009999999,-113.11395,,29237.75451850891,13.585498,-0.2,6.1255315e-12,0.0009999999,,11,0.04,3912,98.77659,14.781362,inf,3912,,,63.58231083844581,1296,inf,0.04,,-138.36507,14.732055,-577.64264,577.64264,0.0009999999
0.0009999999,577.64264,560963.1,0.0809657,,0.12,,143.35884,248752,0.0009999999,-114.00743,,29247.97987318039,15.153459,-0.2,6.1224008e-12,0.0009999999,,11,0.04,3913,98.77659,14.781106,inf,3913,,,63.570661896243294,1296,inf,0.12,,-138.35884,14.731908,-577.64264,577.64264,0.0009999999
0.0009999999,577.64264,561085.9,0.16180755,,0.12,,143.35358,248778,0.0009999999,-117.691086,,29258.138738632202,10.088771,-0.2,6.119273e-12,0.0009999999,,11,0.04,3914,98.77659,14.78085,inf,3914,,,63.561062851303014,1296,inf,0.2,,-138.35358,14.730463,-577.64264,577.64264,0.0009999999
0.0009999999,577.64264,561202.1,-0.15566805,,0.12,,143.34665,248793,0.0009999999,-111.28318,,29268.617621660233,13.357854,-0.12,6.116148e-12,0.0009999999,,11,0.04,3915,98.77659,14.780595,inf,3915,,,63.54865900383142,1296,inf,-0.2,,-138.34665,14.729859,-577.64264,577.64264,0.0009999999
0.0009999999,577.64264,561314.6,-0.08108114,,0.12,,143.33878,248810,0.0009999999,-107.522835,,29279.25324010849,12.907407,-0.12,6.113024e-12,0.0009999999,,11,0.04,3916,98.77659,14.780339,inf,3916,,,63.5367722165475,1296,inf,-0.12,,-138.33878,14.729136,-577.64264,577.64264,0.0009999999
0.0009999999,577.64264,561442.06,-0.0013162345,,0.12,,143.33472,248838,0.0009999999,-122.4271,,29289.478018045425,14.974145,-0.12,6.109904e-12,0.0009999999,,11,0.04,3917,98.77659,14.780085,inf,3917,,,63.52769977023232,1296,inf,-0.04,,-138.33472,14.728948,-577.64264,577.64264,0.0009999999
0.0009999999,577.64264,561553.0,0.08103053,,0.12,,143.32645,248853,0.0009999999,-105.91411,,29299.745452404022,15.150999,-0.12,6.106785e-12,0.0009999999,,11,0.04,3918,98.77659,14.779829,inf,3918,,,63.51531393568147,1296,inf,0.04,,-138.32645,14.728796,-577.64264,577.64264,0.0009999999
0.0009999999,577.64264,561669.4,0.1580303,,0.12,,143.31956,248872,0.0009999999,-111.32991,,29309.82316660881,14.026278,-0.12,6.1036684e-12,0.0009999999,,11,0.04,3919,98.77659,14.779573,inf,3919,,,63.503955090584334,1296,inf,0.12,,-138.31956,14.728366,-577.64264,577.64264,0.0009999999
0.0009999999,577.64264,561804.5,0.24365969,,0.12,,143.31747,248910,0.0009999999,-130.15051,,29320.152029275894,12.913812,-0.12,6.100555e-12,0.0009999999,,11,0.04,3920,98.77659,14.779319,inf,3920,,,63.49744897959184,1296,inf,0.2,,-138.31747,14.727643,-577.64264,577.64264,0.0009999999
0.0009999999,577.64264,561921.6,-0.08073032,,0.12,,143.31079,248926,0.0009999999,-112.174736,,29332.916993141174,12.910628,-0.04,6.0974437e-12,0.0009999999,,11,0.04,3921,98.77659,14.779063,inf,3921,,,63.48533537362918,1296,inf,-0.2,,-138.31079,14.72693,-577.64264,577.64264,0.0009999999
0.0009999999,577.64264,562037.5,-0.00041379035,,0.12,,143.3038,248952,0.0009999999,-110.78652,,29345.24710702896,14.657764,-0.04,6.0943347e-12,0.0009999999,,11,0.04,3922,98.77659,14.778809,inf,3922,,,63.475777664456906,1296,inf,-0.12,,-138.3038,14.726652,-577.64264,577.64264,0.0009999999
0.0009999999,577.64264,562163.6,0.08155286,,0.12,,143.29942,249003,0.0009999999,-121.15165,,29357.636677742004,15.428995,-0.04,6.091228e-12,0.0009999999,,11,0.04,3923,98.77659,14.778554,inf,3923,,,63.4725975019118,1296,inf,-0.04,,-138.29942,14.726583,-577.64264,577.64264,0.0009999999
0.0009999999,577.64264,562290.06,0.1577761,,0.12,,143.29512,249032,0.0009999999,-121.435394,,29369.443576574326,15.132737,-0.04,6.0881235e-12,0.0009999999,,11,0.04,3924,98.77659,14.778298,inf,3924,,,63.4638124362895,1296,inf,0.04,,-138.29512,14.726427,-577.64264,577.64264,0.0009999999
0.0009999999,577.64264,562434.9,0.23912719,,0.12,,143.29552,249075,0.0009999999,-139.83095,,29381.395166397095,14.706766,-0.04,6.0850227e-12,0.0009999999,,11,0.04,3925,98.77659,14.778044,inf,3925,,,63.45859872611465,1296,inf,0.12,,-138.29552,14.72617,-577.64264,577.64264,0.0009999999
0.0009999999,577.64264,562579.6,0.31833136,,0.12,,143.29588,249117,0.0009999999,-139.75467,,29393.009899377823,14.33228,-0.04,6.081923e-12,0.0009999999,,11,0.04,3926,98.77659,14.777789,inf,3926,,,63.45313295975548,1296,inf,0.2,,-138.29588,14.725813,-577.64264,577.64264,0.0009999999
0.0009999999,577.64264,562705.25,-0.0022600442,,0.12,,143.29138,249141,0.0009999999,-120.60831,,29403.960890054703,14.140854,0.04,6.078826e-12,0.0009999999,,11,0.04,3927,98.77659,14.7775345,inf,3927,,,63.44308632543927,1296,inf,-0.2,,-138.29138,14.725409,-577.64264,577.64264,0.0009999999
0.0009999999,577.64264,562823.8,0.07928962,,0.12,,143.28508,249160,0.0009999999,-113.56138,,29414.98841023445,13.487262,0.04,6.0757306e-12,0.0009999999,,11,0.04,3928,98.77659,14.77728,inf,3928,,,63.431771894093686,1296,inf,-0.12,,-138.28508,14.724839,-577.64264,577.64264,0.0009999999
0.0009999999,577.64264,562935.5,0.16315046,,0.12,,143.27704,249180,0.0009999999,-106.66662,,29425.483938217163,15.042982,0.04,6.0726385e-12,0.0009999999,,11,0.04,3929,98.77659,14.777025,inf,3929,,,63.420717739882924,1296,inf,-0.04,,-138.27704,14.724666,-577.64264,577.64264,0.0009999999
0.0009999999,577.64264,563062.56,0.24212319,,0.12,,143.27292,249208,0.0009999999,-122.082344,,29435.852440595627,14.258752,0.04,6.069549e-12,0.0009999999,,11,0.04,3930,98.77659,14.776771,inf,3930,,,63.4117048346056,1296,inf,0.04,,-138.27292,14.724295,-577.64264,577.64264,0.0009999999
0.0009999999,577.64264,563191.25,0.32211986,,0.12,,143.26921,249241,0.0009999999,-123.683815,,29445.89411187172,15.077312,0.04,6.0664616e-12,0.0009999999,,11,0.04,3931,98.77659,14.776516,inf,3931,,,63.40396845586365,1296,inf,0.12,,-138.26921,14.724128,-577.64264,577.64264,0.0009999999
0.0009999999,577.64264,563336.1,0.40108135,,0.12,,143.2696,249283,0.0009999999,-139.87523,,29455.865145921707,14.185165,0.04,6.0633764e-12,0.0009999999,,11,0.04,3932,98.77659,14.776262,inf,3932,,,63.39852492370295,1296,inf,0.2,,-138.2696,14.723739,-577.64264,577.64264,0.0009999999
0.0009999999,577.64264,563452.2,0.08442335,,0.12,,143.2627,249299,0.0009999999,-111.06524,,29466.179363250732,14.972262,0.12,6.0602933e-12,0.0009999999,,11,0.04,3933,98.77659,14.776008,inf,3933,,,63.38647342995169,1296,inf,-0.2,,-138.2627,14.723546,-577.64264,577.64264,0.0009999999
0.0009999999,577.64264,563572.75,0.16081646,,0.12,,143.25693,249357,0.0009999999,-115.5244,,29476.22964835167,12.974697,0.12,6.057213e-12,0.0009999999,,11,0.04,3934,98.77659,14.775753,inf,3934,,,63.38510421962379,1296,inf,-0.12,,-138.25693,14.722849,-577.64264,577.64264,0.0009999999
0.0009999999,577.64264,563690.4,0.2384991,,0.12,,143.25041,249384,0.0009999999,-112.6758,,29486.46731042862,15.414038,0.12,6.0541346e-12,0.0009999999,,11,0.04,3935,98.77659,14.775499,inf,3935,,,63.375857687420584,1296,inf,-0.04,,-138.25041,14.722768,-577.64264,577.64264,0.0009999999
0.0009999999,577.64264,563823.6,0.32152724,,0.12,,143.24788,249423,0.0009999999,-128.22447,,29496.472512722015,12.477191,0.12,6.051058e-12,0.0009999999,,11,0.04,3936,98.77659,14.775246,inf,3936,,,63.36966463414634,1296,inf,0.04,,-138.24788,14.721946,-577.64264,577.64264,0.0009999999
0.0009999999,577.64264,563938.5,0.39871138,,0.12,,143.24066,249437,0.0009999999,-109.88318,,29506.596635580063,14.26072,0.12,6.0479855e-12,0.0009999999,,11,0.04,3937,98.77659,14.774991,inf,3937,,,63.35712471424943,1296,inf,0.12,,-138.24066,14.721571,-577.64264,577.64264,0.0009999999
0.0009999999,577.64264,564061.5,0.48009485,,0.12,,143.23552,249458,0.0009999999,-118.062,,29518.682010412216,14.690852,0.12,6.044914e-12,0.0009999999,,11,0.04,3938,98.77659,14.774737,inf,3938,,,63.3463687150838,1296,inf,0.2,,-138.23552,14.721313,-577.64264,577.64264,0.0009999999
0.0009999999,577.64264,564182.5,0.15786627,,0.12,,143.22987,249478,0.0009999999,-116.01226,,29530.756308317184,13.174092,0.2,6.0418445e-12,0.0009999999,,11,0.04,3939,98.77659,14.774484,inf,3939,,,63.33536430566134,1296,inf,-0.2,,-138.22987,14.720662,-577.64264,577.64264,0.0009999999
0.0009999999,577.64264,564299.4,0.24163878,,0.12,,143.22319,249499,0.0009999999,-111.78443,,29542.940848827362,9.053574,0.2,6.038779e-12,0.0009999999,,11,0.04,3940,98.77659,14.774229,inf,3940,,,63.3246192893401,1296,inf,-0.12,,-138.22319,14.718976,-577.64264,577.64264,0.0009999999
0.0009999999,577.64264,564410.9,0.3226154,,0.12,,143.21515,249512,0.0009999999,-106.54514,,29554.495365858078,13.297859,0.2,6.0357145e-12,0.0009999999,,11,0.04,3941,98.77659,14.773975,inf,3941,,,63.3118497843187,1296,inf,-0.04,,-138.21515,14.718357,-577.64264,577.64264,0.0009999999
0.0009999999,577.64264,564531.1,0.39747006,,0.12,,143.20932,249531,0.0009999999,-115.25238,,29566.10026860237,14.29921,0.2,6.0326522e-12,0.0009999999,,11,0.04,3942,98.77659,14.773722,inf,3942,,,63.30060882800609,1296,inf,0.04,,-138.20932,14.717999,-577.64264,577.64264,0.0009999999
0.0009999999,577.64264,564645.2,0.4811375,,0.12,,143.20192,249546,0.0009999999,-109.020424,,29577.488721370697,12.668705,0.2,6.0295926e-12,0.0009999999,,11,0.04,3943,98.77659,14.773468,inf,3943,,,63.28835911742328,1296,inf,0.12,,-138.20192,14.717222,-577.64264,577.64264,0.0009999999
0.0009999999,577.64264,564764.0,0.5627166,,0.12,,143.19574,249568,0.0009999999,-113.81286,,29588.692761421204,14.405846,0.2,6.0265356e-12,0.0009999999,,11,0.04,3944,98.77659,14.773214,inf,3944,,,63.27789046653144,1296,inf,0.2,,-138.19574,14.716894,-577.64264,577.64264,0.0009999999
0.0009999999,577.64264,564887.06,-0.16225702,,0.2,,143.19064,249590,0.0009999999,-118.075005,,29599.91088938713,13.8956,-0.2,6.0234808e-12,0.0009999999,,11,0.04,3945,98.77659,14.772962,inf,3945,,,63.26742712294043,1296,inf,-0.2,,-138.19064,14.716429,-577.64264,577.64264,0.0009999999
0.0009999999,577.64264,565000.56,-0.07727392,,0.2,,143.1831,249606,0.0009999999,-108.53417,,29610.528715372086,13.569392,-0.2,6.020428e-12,0.0009999999,,11,0.04,3946,98.77659,14.772708,inf,3946,,,63.25544855549924,1296,inf,-0.12,,-138.1831,14.715891,-577.64264,577.64264,0.0009999999
0.0009999999,577.64264,565110.5,0.0020195171,,0.2,,143.17468,249637,0.0009999999,-104.91799,,29620.612595558167,14.138997,-0.2,6.0173776e-12,0.0009999999,,11,0.04,3947,98.77659,14.772454,inf,3947,,,63.24727641246516,1296,inf,-0.04,,-138.17468,14.715486,-577.64264,577.64264,0.0009999999
0.0009999999,577.64264,565223.8,0.08049166,,0.2,,143.16713,249651,0.0009999999,-108.28074,,29630.68431711197,14.841799,-0.2,6.0143297e-12,0.0009999999,,11,0.04,3948,98.77659,14.772202,inf,3948,,,63.234802431610944,1296,inf,0.04,,-138.16713,14.715268,-577.64264,577.64264,0.0009999999
0.0009999999,577.64264,565338.6,0.15810473,,0.2,,143.15994,249666,0.0009999999,-109.824715,,29640.70969057083,12.996138,-0.2,6.0112844e-12,0.0009999999,,11,0.04,3949,98.77659,14.771948,inf,3949,,,63.22258799696126,1296,inf,0.12,,-138.15994,14.714577,-577.64264,577.64264,0.0009999999
0.0009999999,577.64264,565471.2,0.23840477,,0.2,,143.15726,249704,0.0009999999,-127.56406,,29650.93159556389,13.20438,-0.2,6.008241e-12,0.0009999999,,11,0.04,3950,98.77659,14.771694,inf,3950,,,63.21620253164557,1296,inf,0.2,,-138.15726,14.7139435,-577.64264,577.64264,0.0009999999
0.0009999999,577.64264,565590.7,-0.07929862,,0.2,,143.15128,249723,0.0009999999,-114.51137,,29661.065045118332,15.061397,-0.12,6.0052002e-12,0.0009999999,,11,0.04,3951,98.77659,14.771441,inf,3951,,,63.20501138952164,1296,inf,-0.2,,-138.15128,14.713777,-577.64264,577.64264,0.0009999999
0.0009999999,577.64264,565703.44,-0.0011136681,,0.2,,143.14359,249754,0.0009999999,-107.78168,,29671.61273789406,13.799868,-0.12,6.0021614e-12,0.0009999999,,11,0.04,3952,98.77659,14.771189,inf,3952,,,63.196862348178136,1296,inf,-0.12,,-138.14359,14.713294,-577.64264,577.64264,0.0009999999
0.0009999999,577.64264,565825.4,0.08191204,,0.2,,143.13821,249791,0.0009999999,-116.95049,,29681.753413915634,13.16766,-0.12,5.9991252e-12,0.0009999999,,11,0.04,3953,98.77659,14.770935,inf,3953,,,63.19023526435618,1296,inf,-0.04,,-138.13821,14.712649,-577.64264,577.64264,0.0009999999
0.0009999999,577.64264,565940.6,0.1579924,,0.2,,143.13116,249820,0.0009999999,-110.230415,,29692.006649255753,9.234073,-0.12,5.9960908e-12,0.0009999999,,11,0.04,3954,98.77659,14.770682,inf,3954,,,63.181588265048056,1296,inf,0.04,,-138.13116,14.711011,-577.64264,577.64264,0.0009999999
0.0009999999,577.64264,566064.1,0.23866722,,0.2,,143.1262,249842,0.0009999999,-118.496284,,29702.846991300583,15.104235,-0.12,5.993059e-12,0.0009999999,,11,0.04,3955,98.77659,14.77043,inf,3955,,,63.17117572692794,1296,inf,0.12,,-138.1262,14.710858,-577.64264,577.64264,0.0009999999
0.0009999999,577.64264,566183.0,0.31827283,,0.2,,143.12007,249860,0.0009999999,-113.88549,,29715.336317062378,14.156167,-0.12,5.9900297e-12,0.0009999999,,11,0.04,3956,98.77659,14.770177,inf,3956,,,63.15975733063701,1296,inf,0.2,,-138.12007,14.7104645,-577.64264,577.64264,0.0009999999
0.0009999999,577.64264,566296.9,0.0019792616,,0.2,,143.11269,249875,0.0009999999,-108.88233,,29727.918917179108,14.419006,-0.04,5.987002e-12,0.0009999999,,11,0.04,3957,98.77659,14.769924,inf,3957,,,63.147586555471314,1296,inf,-0.2,,-138.11269,14.710139,-577.64264,577.64264,0.0009999999
0.0009999999,577.64264,566408.1,0.08205041,,0.2,,143.10463,249888,0.0009999999,-106.25199,,29739.68728995323,14.162618,-0.04,5.9839776e-12,0.0009999999,,11,0.04,3958,98.77659,14.769671,inf,3958,,,63.13491662455786,1296,inf,-0.12,,-138.10463,14.709747,-577.64264,577.64264,0.0009999999
0.0009999999,577.64264,566522.25,0.16052654,,0.2,,143.0973,249906,0.0009999999,-109.102066,,29751.497196674347,14.807274,-0.04,5.9809544e-12,0.0009999999,,11,0.04,3959,98.77659,14.769419,inf,3959,,,63.12351603940389,1296,inf,-0.04,,-138.0973,14.70952,-577.64264,577.64264,0.0009999999
0.0009999999,577.64264,566636.25,0.24073635,,0.2,,143.08997,249927,0.0009999999,-108.96146,,29763.640139102936,15.480329,-0.04,5.9779347e-12,0.0009999999,,11,0.04,3960,98.77659,14.769166,inf,3960,,,63.112878787878785,1296,inf,0.04,,-138.08997,14.709461,-577.64264,577.64264,0.0009999999
0.0009999999,577.64264,566762.5,0.31830117,,0.2,,143.08571,249951,0.0009999999,-121.24032,,29775.36808156967,15.168791,-0.04,5.9749163e-12,0.0009999999,,11,0.04,3961,98.77659,14.768913,inf,3961,,,63.103004291845494,1296,inf,0.12,,-138.08571,14.709325,-577.64264,577.64264,0.0009999999
0.0009999999,577.64264,566876.06,0.40255773,,0.2,,143.07826,249965,0.0009999999,-108.616356,,29786.617847681046,13.778469,-0.04,5.9719005e-12,0.0009999999,,11,0.04,3962,98.77659,14.7686615,inf,3962,,,63.09061080262494,1296,inf,0.2,,-138.07826,14.708837,-577.64264,577.64264,0.0009999999
0.0009999999,577.64264,567040.7,0.07800785,,0.2,,143.0837,250028,0.0009999999,-159.62952,,29797.366350650787,12.8274355,0.04,5.9688877e-12,0.0009999999,,11,0.04,3963,98.77659,14.768409,inf,3963,,,63.09058793843048,1296,inf,-0.2,,-138.0837,14.708111,-577.64264,577.64264,0.0009999999
0.0009999999,577.64264,567151.2,0.1594021,,0.2,,143.07547,250041,0.0009999999,-105.48453,,29807.73149251938,14.963994,0.04,5.9658762e-12,0.0009999999,,11,0.04,3964,98.77659,14.768157,inf,3964,,,63.07795156407669,1296,inf,-0.12,,-138.07547,14.70792,-577.64264,577.64264,0.0009999999
0.0009999999,577.64264,567265.5,0.23769863,,0.2,,143.06822,250059,0.0009999999,-109.32857,,29818.12327837944,14.566252,0.04,5.9628674e-12,0.0009999999,,11,0.04,3965,98.77659,14.767904,inf,3965,,,63.06658259773014,1296,inf,-0.04,,-138.06822,14.707636,-577.64264,577.64264,0.0009999999
0.0009999999,577.64264,567402.44,0.3181129,,0.2,,143.06668,250101,0.0009999999,-131.91757,,29828.382309675217,14.423388,0.04,5.959861e-12,0.0009999999,,11,0.04,3966,98.77659,14.7676525,inf,3966,,,63.06127080181543,1296,inf,0.04,,-138.06668,14.707307,-577.64264,577.64264,0.0009999999
0.0009999999,577.64264,567524.75,0.39642078,,0.2,,143.06145,250121,0.0009999999,-117.26205,,29838.518520593643,15.143439,0.04,5.9568565e-12,0.0009999999,,11,0.04,3967,98.77659,14.7674,inf,3967,,,63.05041593143433,1296,inf,0.12,,-138.06145,14.707172,-577.64264,577.64264,0.0009999999
0.0009999999,577.64264,567652.7,0.47911584,,0.2,,143.05763,250149,0.0009999999,-122.94037,,29849.072328805923,11.410468,0.04,5.953854e-12,0.0009999999,,11,0.04,3968,98.77659,14.767148,inf,3968,,,63.04158266129032,1296,inf,0.2,,-138.05763,14.706085,-577.64264,577.64264,0.0009999999
0.0009999999,577.64264,567769.06,0.16080199,,0.2,,143.0509,250166,0.0009999999,-111.40366,,29859.3801510334,13.093394,0.12,5.950854e-12,0.0009999999,,11,0.04,3969,98.77659,14.766896,inf,3969,,,63.029982363315696,1296,inf,-0.2,,-138.0509,14.705431,-577.64264,577.64264,0.0009999999
0.0009999999,577.64264,567894.56,0.23972341,,0.2,,143.0465,250197,0.0009999999,-120.51382,,29869.981122732162,15.402226,0.12,5.947857e-12,0.0009999999,,11,0.04,3970,98.77659,14.7666445,inf,3970,,,63.02191435768262,1296,inf,-0.12,,-138.0465,14.705351,-577.64264,577.64264,0.0009999999
0.0009999999,577.64264,568004.8,0.3196567,,0.2,,143.03822,250213,0.0009999999,-105.2426,,29880.26851129532,14.393818,0.12,5.944862e-12,0.0009999999,,11,0.04,3971,98.77659,14.766393,inf,3971,,,63.01007302946361,1296,inf,-0.04,,-138.03822,14.705023,-577.64264,577.64264,0.0009999999
0.0009999999,577.64264,568126.3,0.40068656,,0.2,,143.0328,250239,0.0009999999,-116.52595,,29891.406215906143,13.612621,0.12,5.941869e-12,0.0009999999,,11,0.04,3972,98.77659,14.76614,inf,3972,,,63.00075528700906,1296,inf,0.04,,-138.0328,14.704492,-577.64264,577.64264,0.0009999999
0.0009999999,577.64264,568247.7,0.47874242,,0.2,,143.02736,250259,0.0009999999,-116.3836,,29903.28724503517,14.1381035,0.12,5.938878e-12,0.0009999999,,11,0.04,3973,98.77659,14.765889,inf,3973,,,62.98993204127863,1296,inf,0.12,,-138.02736,14.7041025,-577.64264,577.64264,0.0009999999
0.0009999999,577.64264,568365.75,0.56194067,,0.2,,143.02107,250276,0.0009999999,-113.03122,,29915.699840545654,14.77596,0.12,5.9358894e-12,0.0009999999,,11,0.04,3974,98.77659,14.765637,inf,3974,,,62.97835933568193,1296,inf,0.2,,-138.02107,14.703864,-577.64264,577.64264,0.0009999999
0.0009999999,577.64264,568504.94,0.24049471,,0.2,,143.02011,250317,0.0009999999,-134.19606,,29927.37136363983,11.93385,0.2,5.9329035e-12,0.0009999999,,11,0.04,3975,98.77659,14.765386,inf,3975,,,62.97283018867925,1296,inf,-0.2,,-138.02011,14.702923,-577.64264,577.64264,0.0009999999
0.0009999999,577.64264,568615.5,0.32209972,,0.2,,143.01195,250333,0.0009999999,-105.54478,,29939.42466688156,11.920623,0.2,5.929919e-12,0.0009999999,,11,0.04,3976,98.77659,14.765134,inf,3976,,,62.96101609657948,1296,inf,-0.12,,-138.01195,14.701965,-577.64264,577.64264,0.0009999999
0.0009999999,577.64264,568723.75,0.40044743,,0.2,,143.0032,250344,0.0009999999,-103.2194,,29951.560024261475,14.628474,0.2,5.926937e-12,0.0009999999,,11,0.04,3977,98.77659,14.764882,inf,3977,,,62.94795071662057,1296,inf,-0.04,,-138.0032,14.701701,-577.64264,577.64264,0.0009999999
0.0009999999,577.64264,568837.2,0.47727454,,0.2,,142.99577,250359,0.0009999999,-108.4424,,29963.324021816254,13.988379,0.2,5.923958e-12,0.0009999999,,11,0.04,3978,98.77659,14.764631,inf,3978,,,62.93589743589744,1296,inf,0.04,,-137.99577,14.701265,-577.64264,577.64264,0.0009999999
0.0009999999,577.64264,568956.2,0.55944186,,0.2,,142.98975,250377,0.0009999999,-114.0005,,29974.807960510254,11.808786,0.2,5.9209807e-12,0.0009999999,,11,0.04,3979,98.77659,14.7643795,inf,3979,,,62.92460417190249,1296,inf,0.12,,-137.98975,14.70029,-577.64264,577.64264,0.0009999999
0.0009999999,577.64264,569077.6,0.6378217,,0.2,,142.98433,250397,0.0009999999,-116.457115,,29985.785123348236,15.038947,0.2,5.9180057e-12,0.0009999999,,11,0.04,3980,98.77659,14.764129,inf,3980,,,62.913819095477386,1296,inf,0.2,,-137.98433,14.700122,-577.64264,577.64264,0.0009999999
0.0009999999,577.64264,569197.1,-0.48145264,,-0.2,,142.97842,250415,0.0009999999,-114.476,,29996.285095453262,11.28453,-0.2,5.9150332e-12,0.0009999999,,11,0.12,3981,98.77659,14.763877,inf,3981,,,62.902537050992215,1296,inf,-0.2,,-137.97842,14.699014,-577.64264,577.64264,0.0009999999
0.0009999999,577.64264,569308.75,-0.3996121,,-0.2,,142.97055,250430,0.0009999999,-106.60276,,30006.770046710968,14.096706,-0.2,5.9120625e-12,0.0009999999,,11,0.12,3982,98.77659,14.763626,inf,3982,,,62.890507282772475,1296,inf,-0.12,,-137.97055,14.69861,-577.64264,577.64264,0.0009999999
0.0009999999,577.64264,569418.1,-0.31829518,,-0.2,,142.96213,250451,0.0009999999,-104.40014,,30016.990306854248,12.536593,-0.2,5.909094e-12,0.0009999999,,11,0.12,3983,98.77659,14.763375,inf,3983,,,62.87998995731861,1296,inf,-0.04,,-137.96213,14.697817,-577.64264,577.64264,0.0009999999
0.0009999999,577.64264,569542.7,-0.24179181,,-0.2,,142.9575,250477,0.0009999999,-119.57653,,30027.197510242462,14.701831,-0.2,5.906128e-12,0.0009999999,,11,0.12,3984,98.77659,14.7631235,inf,3984,,,62.870732931726906,1296,inf,0.04,,-137.9575,14.697566,-577.64264,577.64264,0.0009999999
0.0009999999,577.64264,569660.06,-0.15895244,,-0.2,,142.95108,250494,0.0009999999,-112.41653,,30037.71296453476,14.472586,-0.2,5.903164e-12,0.0009999999,,11,0.12,3985,98.77659,14.762873,inf,3985,,,62.85922208281054,1296,inf,0.12,,-137.95108,14.697259,-577.64264,577.64264,0.0009999999
0.0009999999,577.64264,569773.1,-0.07981771,,-0.2,,142.94359,250508,0.0009999999,-108.068794,,30048.373554229736,15.151736,-0.2,5.900202e-12,0.0009999999,,11,0.12,3986,98.77659,14.762622,inf,3986,,,62.8469643753136,1296,inf,0.2,,-137.94359,14.697122,-577.64264,577.64264,0.0009999999
0.0009999999,577.64264,569893.4,-0.39703923,,-0.2,,142.9379,250527,0.0009999999,-115.22006,,30058.937341213226,15.592058,-0.12,5.897243e-12,0.0009999999,,11,0.12,3987,98.77659,14.762371,inf,3987,,,62.8359668924003,1296,inf,-0.2,,-137.9379,14.697096,-577.64264,577.64264,0.0009999999
0.0009999999,577.64264,570007.1,-0.31986403,,-0.2,,142.93057,250548,0.0009999999,-108.74141,,30069.29595017433,14.5092535,-0.12,5.8942864e-12,0.0009999999,,11,0.12,3988,98.77659,14.76212,inf,3988,,,62.82547642928786,1296,inf,-0.12,,-137.93057,14.696799,-577.64264,577.64264,0.0009999999
0.0009999999,577.64264,570130.8,-0.23800921,,-0.2,,142.92575,250602,0.0009999999,-118.67875,,30079.630748271942,13.561201,-0.12,5.8913313e-12,0.0009999999,,11,0.12,3989,98.77659,14.761869,inf,3989,,,62.82326397593382,1296,inf,-0.04,,-137.92575,14.696263,-577.64264,577.64264,0.0009999999
0.0009999999,577.64264,570261.3,-0.15927446,,-0.2,,142.92264,250642,0.0009999999,-125.48501,,30092.552164316177,14.6647215,-0.12,5.8883788e-12,0.0009999999,,11,0.12,3990,98.77659,14.761619,inf,3990,,,62.81754385964912,1296,inf,0.04,,-137.92264,14.696006,-577.64264,577.64264,0.0009999999
0.0009999999,577.64264,570397.6,-0.078115635,,-0.2,,142.92097,250682,0.0009999999,-131.32333,,30104.678012132645,14.6474695,-0.12,5.885428e-12,0.0009999999,,11,0.12,3991,98.77659,14.761369,inf,3991,,,62.81182660987221,1296,inf,0.12,,-137.92097,14.695743,-577.64264,577.64264,0.0009999999
0.0009999999,577.64264,570528.3,0.00032152236,,-0.2,,142.91791,250712,0.0009999999,-125.71255,,30116.595328330994,12.189306,-0.12,5.88248e-12,0.0009999999,,11,0.12,3992,98.77659,14.761118,inf,3992,,,62.80360721442886,1296,inf,0.2,,-137.91791,14.694864,-577.64264,577.64264,0.0009999999
0.0009999999,577.64264,570664.75,-0.32270157,,-0.2,,142.91629,250757,0.0009999999,-131.45898,,30128.654307603836,15.325015,-0.04,5.8795334e-12,0.0009999999,,11,0.12,3993,98.77659,14.760867,inf,3993,,,62.79914850989231,1296,inf,-0.2,,-137.91629,14.694771,-577.64264,577.64264,0.0009999999
0.0009999999,577.64264,570775.0,-0.24145079,,-0.2,,142.90811,250774,0.0009999999,-105.247696,,30140.877430915833,13.469396,-0.04,5.8765904e-12,0.0009999999,,11,0.12,3994,98.77659,14.760617,inf,3994,,,62.78768152228343,1296,inf,-0.12,,-137.90811,14.694215,-577.64264,577.64264,0.0009999999
0.0009999999,577.64264,570905.75,-0.16198653,,-0.2,,142.90508,250834,0.0009999999,-125.72607,,30152.460752010345,15.248293,-0.04,5.873649e-12,0.0009999999,,11,0.12,3995,98.77659,14.760366,inf,3995,,,62.786983729662076,1296,inf,-0.04,,-137.90508,14.694102,-577.64264,577.64264,0.0009999999
0.0009999999,577.64264,571027.7,-0.081109494,,-0.2,,142.89983,250873,0.0009999999,-116.91134,,30163.580119371414,13.198919,-0.04,5.870709e-12,0.0009999999,,11,0.12,3996,98.77659,14.760117,inf,3996,,,62.781031031031034,1296,inf,0.04,,-137.89983,14.693479,-577.64264,577.64264,0.0009999999
0.0009999999,577.64264,571165.94,0.0008501783,,-0.2,,142.89865,250909,0.0009999999,-133.26457,,30174.223116397858,13.893538,-0.04,5.867772e-12,0.0009999999,,11,0.12,3997,98.77659,14.759866,inf,3997,,,62.77433074806105,1296,inf,0.12,,-137.89865,14.693026,-577.64264,577.64264,0.0009999999
0.0009999999,577.64264,571285.1,0.0827112,,-0.2,,142.89273,250927,0.0009999999,-114.184586,,30184.790347337723,14.651977,-0.04,5.8648364e-12,0.0009999999,,11,0.12,3998,98.77659,14.759616,inf,3998,,,62.76313156578289,1296,inf,0.2,,-137.89273,14.692768,-577.64264,577.64264,0.0009999999
0.0009999999,577.64264,571441.4,-0.23976786,,-0.2,,142.89607,250981,0.0009999999,-151.26527,,30195.025688886642,14.271483,0.04,5.861904e-12,0.0009999999,,11,0.12,3999,98.77659,14.759366,inf,3999,,,62.76094023505876,1296,inf,-0.2,,-137.89607,14.6924095,-577.64264,577.64264,0.0009999999
0.0009999999,577.64264,571561.8,-0.16001941,,-0.2,,142.89046,251046,0.0009999999,-115.47775,,30205.252586126328,13.098399,0.04,5.8589735e-12,0.0009999999,,11,0.12,4000,98.77659,14.759116,inf,4000,,,62.7615,1296,inf,-0.12,,-137.89046,14.691765,-577.64264,577.64264,0.0009999999
0.0009999999,577.64264,571690.8,-0.0799074,,-0.2,,142.88698,251123,0.0009999999,-124.0007,,30215.871938705444,14.153668,0.04,5.856045e-12,0.0009999999,,11,0.12,4001,98.77659,14.758866,inf,4001,,,62.765058735316174,1296,inf,-0.04,,-137.88698,14.691375,-577.64264,577.64264,0.0009999999
0.0009999999,577.64264,571825.56,-0.0046099164,,-0.2,,142.88495,251160,0.0009999999,-129.71715,,30226.44218993187,12.23844,0.04,5.8531188e-12,0.0009999999,,11,0.12,4002,98.77659,14.7586155,inf,4002,,,62.758620689655174,1296,inf,0.04,,-137.88495,14.690518,-577.64264,577.64264,0.0009999999
0.0009999999,577.64264,571975.75,0.085685074,,-0.2,,142.88678,251213,0.0009999999,-145.14233,,30237.05185031891,11.449463,0.04,5.850195e-12,0.0009999999,,11,0.12,4003,98.77659,14.758367,inf,4003,,,62.75618286285286,1296,inf,0.12,,-137.88678,14.689455,-577.64264,577.64264,0.0009999999
0.0009999999,577.64264,572157.0,0.15950803,,-0.2,,142.89635,251298,0.0009999999,-176.32114,,30247.463436365128,11.076404,0.04,5.847273e-12,0.0009999999,,11,0.12,4004,98.77659,14.758117,inf,4004,,,62.76173826173826,1296,inf,0.2,,-137.89635,14.688308,-577.64264,577.64264,0.0009999999
0.0009999999,577.64264,572339.9,-0.16006988,,-0.2,,142.90634,251382,0.0009999999,-177.84198,,30257.81280350685,12.120116,0.12,5.8443528e-12,0.0009999999,,11,0.12,4005,98.77659,14.757867,inf,4005,,,62.76704119850187,1296,inf,-0.2,,-137.90634,14.687413,-577.64264,577.64264,0.0009999999
0.0009999999,577.64264,572461.1,-0.08055488,,-0.2,,142.90092,251419,0.0009999999,-116.25688,,30268.82310461998,13.985354,0.12,5.841436e-12,0.0009999999,,11,0.12,4006,98.77659,14.757617,inf,4006,,,62.760609086370444,1296,inf,-0.12,,-137.90092,14.686991,-577.64264,577.64264,0.0009999999
0.0009999999,577.64264,572576.25,-0.001712162,,-0.2,,142.894,251437,0.0009999999,-110.13044,,30281.336894989014,15.054275,0.12,5.8385206e-12,0.0009999999,,11,0.12,4007,98.77659,14.757367,inf,4007,,,62.74943848265535,1296,inf,-0.04,,-137.894,14.6868305,-577.64264,577.64264,0.0009999999
0.0009999999,577.64264,572708.56,0.077605546,,-0.2,,142.89136,251467,0.0009999999,-127.31518,,30293.729659080505,12.177637,0.12,5.8356076e-12,0.0009999999,,11,0.12,4008,98.77659,14.757118,inf,4008,,,62.74126746506986,1296,inf,0.04,,-137.89136,14.685957,-577.64264,577.64264,0.0009999999
0.0009999999,577.64264,572832.3,0.1586023,,-0.2,,142.88658,251496,0.0009999999,-118.75175,,30305.747747182846,12.987146,0.12,5.8326967e-12,0.0009999999,,11,0.12,4009,98.77659,14.756868,inf,4009,,,62.73285108505862,1296,inf,0.12,,-137.88658,14.685281,-577.64264,577.64264,0.0009999999
0.0009999999,577.64264,572959.94,0.23812613,,-0.2,,142.88278,251522,0.0009999999,-122.616455,,30318.215133666992,15.180639,0.12,5.829788e-12,0.0009999999,,11,0.12,4010,98.77659,14.7566185,inf,4010,,,62.72369077306733,1296,inf,0.2,,-137.88278,14.685157,-577.64264,577.64264,0.0009999999
0.0009999999,577.64264,573088.9,-0.076562025,,-0.2,,142.8793,251552,0.0009999999,-123.96144,,30330.10906791687,13.789176,0.2,5.826881e-12,0.0009999999,,11,0.12,4011,98.77659,14.75637,inf,4011,,,62.71553228621291,1296,inf,-0.2,,-137.8793,14.684683,-577.64264,577.64264,0.0009999999
0.0009999999,577.64264,573200.5,0.00063250214,,-0.2,,142.8715,251569,0.0009999999,-106.559654,,30341.540071249008,11.397472,0.2,5.823977e-12,0.0009999999,,11,0.12,4012,98.77659,14.756121,inf,4012,,,62.704137587238286,1296,inf,-0.12,,-137.8715,14.683619,-577.64264,577.64264,0.0009999999
0.0009999999,577.64264,573312.4,0.077907816,,-0.2,,142.86378,251582,0.0009999999,-106.93163,,30352.458833932877,14.343636,0.2,5.821075e-12,0.0009999999,,11,0.12,4013,98.77659,14.755871,inf,4013,,,62.69175180662846,1296,inf,-0.04,,-137.86378,14.683279,-577.64264,577.64264,0.0009999999
0.0009999999,577.64264,573423.1,0.16426632,,-0.2,,142.85579,251596,0.0009999999,-105.70432,,30363.175122737885,14.947795,0.2,5.818175e-12,0.0009999999,,11,0.12,4014,98.77659,14.755622,inf,4014,,,62.67962132536123,1296,inf,0.04,,-137.85579,14.683102,-577.64264,577.64264,0.0009999999
0.0009999999,577.64264,573548.4,0.24014151,,-0.2,,142.8514,251621,0.0009999999,-120.293,,30373.63847565651,12.747492,0.2,5.8152766e-12,0.0009999999,,11,0.12,4015,98.77659,14.755373,inf,4015,,,62.67023661270237,1296,inf,0.12,,-137.8514,14.682365,-577.64264,577.64264,0.0009999999
0.0009999999,577.64264,573664.25,0.31817985,,-0.2,,142.84468,251639,0.0009999999,-110.8489,,30384.107471704483,15.303685,0.2,5.8123814e-12,0.0009999999,,11,0.12,4016,98.77659,14.755124,inf,4016,,,62.65911354581673,1296,inf,0.2,,-137.84468,14.682277,-577.64264,577.64264,0.0009999999
0.0009999999,577.64264,573788.1,-0.39780962,,-0.12,,142.83997,251662,0.0009999999,-118.85738,,30394.596876621246,14.7798195,-0.2,5.809488e-12,0.0009999999,,11,0.12,4017,98.77659,14.754875,inf,4017,,,62.64924072691063,1296,inf,-0.2,,-137.83997,14.682049,-577.64264,577.64264,0.0009999999
0.0009999999,577.64264,573904.75,-0.32337224,,-0.12,,142.83344,251686,0.0009999999,-111.60744,,30405.211522340775,13.799569,-0.2,5.806596e-12,0.0009999999,,11,0.12,4018,98.77659,14.754626,inf,4018,,,62.639621702339475,1296,inf,-0.12,,-137.83344,14.681583,-577.64264,577.64264,0.0009999999
0.0009999999,577.64264,574020.0,-0.23697373,,-0.12,,142.82657,251711,0.0009999999,-110.222885,,30415.83873152733,13.872644,-0.2,5.8037073e-12,0.0009999999,,11,0.12,4019,98.77659,14.754377,inf,4019,,,62.63025628265738,1296,inf,-0.04,,-137.82657,14.681129,-577.64264,577.64264,0.0009999999
0.0009999999,577.64264,574136.2,-0.15998141,,-0.12,,142.81995,251736,0.0009999999,-111.23384,,30426.439388275146,12.309949,-0.2,5.8008203e-12,0.0009999999,,11,0.12,4020,98.77659,14.754128,inf,4020,,,62.62089552238806,1296,inf,0.04,,-137.81995,14.680294,-577.64264,577.64264,0.0009999999
0.0009999999,577.64264,574252.94,-0.07825578,,-0.12,,142.81346,251752,0.0009999999,-111.768585,,30436.662942886353,13.916515,-0.2,5.797935e-12,0.0009999999,,11,0.12,4021,98.77659,14.75388,inf,4021,,,62.60930116886347,1296,inf,0.12,,-137.81346,14.6798525,-577.64264,577.64264,0.0009999999
0.0009999999,577.64264,574366.4,0.0032701045,,-0.12,,142.80615,251775,0.0009999999,-108.402534,,30446.701162815094,14.568744,-0.2,5.795052e-12,0.0009999999,,11,0.12,4022,98.77659,14.753631,inf,4022,,,62.59945300845351,1296,inf,0.2,,-137.80615,14.679577,-577.64264,577.64264,0.0009999999
0.0009999999,577.64264,574475.1,-0.3203296,,-0.12,,142.7977,251786,0.0009999999,-103.741356,,30457.936839342117,13.2456045,-0.12,5.792172e-12,0.0009999999,,11,0.12,4023,98.77659,14.753383,inf,4023,,,62.58662689535173,1296,inf,-0.2,,-137.7977,14.678973,-577.64264,577.64264,0.0009999999
0.0009999999,577.64264,574590.06,-0.24189298,,-0.12,,142.79077,251803,0.0009999999,-109.955666,,30470.73425221443,14.155077,-0.12,5.789293e-12,0.0009999999,,11,0.12,4024,98.77659,14.753134,inf,4024,,,62.57529821073559,1296,inf,-0.12,,-137.79077,14.678593,-577.64264,577.64264,0.0009999999
0.0009999999,577.64264,574702.4,-0.1603454,,-0.12,,142.7832,251818,0.0009999999,-107.335526,,30483.475274801254,12.532796,-0.12,5.786417e-12,0.0009999999,,11,0.12,4025,98.77659,14.752885,inf,4025,,,62.563478260869566,1296,inf,-0.04,,-137.7832,14.677811,-577.64264,577.64264,0.0009999999
0.0009999999,577.64264,574815.8,-0.081377834,,-0.12,,142.77591,251834,0.0009999999,-108.46195,,30495.822652578354,14.010722,-0.12,5.783543e-12,0.0009999999,,11,0.12,4026,98.77659,14.752637,inf,4026,,,62.55191256830601,1296,inf,0.04,,-137.77591,14.677398,-577.64264,577.64264,0.0009999999
0.0009999999,577.64264,574946.6,-0.003338039,,-0.12,,142.77293,251865,0.0009999999,-125.8035,,30507.864227056503,15.253151,-0.12,5.7806706e-12,0.0009999999,,11,0.12,4027,98.77659,14.752389,inf,4027,,,62.54407747703005,1296,inf,0.12,,-137.77293,14.677291,-577.64264,577.64264,0.0009999999
0.0009999999,577.64264,575073.5,0.07744245,,-0.12,,142.769,251897,0.0009999999,-121.861404,,30520.143442869186,13.008329,-0.12,5.7778005e-12,0.0009999999,,11,0.12,4028,98.77659,14.75214,inf,4028,,,62.536494538232375,1296,inf,0.2,,-137.769,14.676629,-577.64264,577.64264,0.0009999999
0.0009999999,577.64264,575205.3,-0.24021667,,-0.12,,142.76627,251928,0.0009999999,-126.821396,,30531.643193244934,14.784264,-0.04,5.7749326e-12,0.0009999999,,11,0.12,4029,98.77659,14.751892,inf,4029,,,62.52866716306776,1296,inf,-0.2,,-137.76627,14.676407,-577.64264,577.64264,0.0009999999
0.0009999999,577.64264,575316.25,-0.16250041,,-0.12,,142.75838,251951,0.0009999999,-105.9037,,30542.3033554554,13.437908,-0.04,5.7720673e-12,0.0009999999,,11,0.12,4030,98.77659,14.751644,inf,4030,,,62.518858560794044,1296,inf,-0.12,,-137.75838,14.675853,-577.64264,577.64264,0.0009999999
0.0009999999,577.64264,575442.75,-0.07995897,,-0.12,,142.75435,252021,0.0009999999,-121.556015,,30553.19002723694,11.450068,-0.04,5.769204e-12,0.0009999999,,11,0.12,4031,98.77659,14.751396,inf,4031,,,62.52071446291243,1296,inf,-0.04,,-137.75435,14.674804,-577.64264,577.64264,0.0009999999
0.0009999999,577.64264,575555.9,0.0045782626,,-0.12,,142.747,252048,0.0009999999,-108.10924,,30563.739927768707,15.317235,-0.04,5.7663423e-12,0.0009999999,,11,0.12,4032,98.77659,14.751147,inf,4032,,,62.51190476190476,1296,inf,0.04,,-137.747,14.674714,-577.64264,577.64264,0.0009999999
0.0009999999,577.64264,575728.2,0.08071078,,-0.12,,142.75432,252118,0.0009999999,-167.32367,,30574.486026763916,12.647447,-0.04,5.7634834e-12,0.0009999999,,11,0.12,4033,98.77659,14.750899,inf,4033,,,62.51376146788991,1296,inf,0.12,,-137.75432,14.6739645,-577.64264,577.64264,0.0009999999
0.0009999999,577.64264,575870.94,0.16065715,,-0.12,,142.75432,252164,0.0009999999,-137.75047,,30585.231038093567,14.326127,-0.04,5.760626e-12,0.0009999999,,11,0.12,4034,98.77659,14.750651,inf,4034,,,62.50966782350025,1296,inf,0.2,,-137.75432,14.67363,-577.64264,577.64264,0.0009999999
0.0009999999,577.64264,575993.94,-0.15864733,,-0.12,,142.74942,252185,0.0009999999,-118.00224,,30595.758589744568,14.074386,0.04,5.7577714e-12,0.0009999999,,11,0.12,4035,98.77659,14.750404,inf,4035,,,62.499380421313504,1296,inf,-0.2,,-137.74942,14.673234,-577.64264,577.64264,0.0009999999
0.0009999999,577.64264,576104.9,-0.08156604,,-0.12,,142.74155,252203,0.0009999999,-105.96181,,30606.43397974968,12.26087,0.04,5.7549182e-12,0.0009999999,,11,0.12,4036,98.77659,14.750156,inf,4036,,,62.488354806739345,1296,inf,-0.12,,-137.74155,14.672389,-577.64264,577.64264,0.0009999999
0.0009999999,577.64264,576246.0,4.382059e-05,,-0.12,,142.74115,252241,0.0009999999,-136.11328,,30617.138509750366,12.186211,0.04,5.7520672e-12,0.0009999999,,11,0.12,4037,98.77659,14.749908,inf,4037,,,62.48228882833787,1296,inf,-0.04,,-137.74115,14.671525,-577.64264,577.64264,0.0009999999
0.0009999999,577.64264,576368.56,0.07750884,,-0.12,,142.73615,252266,0.0009999999,-117.51156,,30627.425177812576,14.499943,0.04,5.749219e-12,0.0009999999,,11,0.12,4038,98.77659,14.7496605,inf,4038,,,62.473006438831106,1296,inf,0.04,,-137.73615,14.671237,-577.64264,577.64264,0.0009999999
0.0009999999,577.64264,576504.56,0.15698864,,-0.12,,142.73448,252299,0.0009999999,-131.00114,,30637.131181955338,14.230168,0.04,5.7463726e-12,0.0009999999,,11,0.12,4039,98.77659,14.7494135,inf,4039,,,62.465709333993566,1296,inf,0.12,,-137.73448,14.670877,-577.64264,577.64264,0.0009999999
0.0009999999,577.64264,576678.25,0.23966035,,-0.12,,142.74214,252370,0.0009999999,-168.7133,,30646.99303841591,13.59209,0.04,5.7435276e-12,0.0009999999,,11,0.12,4040,98.77659,14.749166,inf,4040,,,62.46782178217822,1296,inf,0.2,,-137.74214,14.670364,-577.64264,577.64264,0.0009999999
0.0009999999,577.64264,576819.5,-0.0766164,,-0.12,,142.74178,252408,0.0009999999,-136.27795,,30660.00110054016,14.33891,0.12,5.7406866e-12,0.0009999999,,11,0.12,4041,98.77659,14.748918,inf,4041,,,62.46176688938382,1296,inf,-0.2,,-137.74178,14.670034,-577.64264,577.64264,0.0009999999
0.0009999999,577.64264,576935.1,-0.0002130568,,-0.12,,142.73506,252436,0.0009999999,-110.53469,,30671.410509824753,13.141708,0.12,5.737847e-12,0.0009999999,,11,0.12,4042,98.77659,14.748671,inf,4042,,,62.453240969816925,1296,inf,-0.12,,-137.73506,14.669409,-577.64264,577.64264,0.0009999999
0.0009999999,577.64264,577058.75,0.080243066,,-0.12,,142.73033,252458,0.0009999999,-118.65744,,30683.477563858032,15.368361,0.12,5.7350084e-12,0.0009999999,,11,0.12,4043,98.77659,14.748424,inf,4043,,,62.44323522137027,1296,inf,-0.04,,-137.73033,14.669336,-577.64264,577.64264,0.0009999999
0.0009999999,577.64264,577195.44,0.15992314,,-0.12,,142.72884,252500,0.0009999999,-131.69478,,30695.50215268135,14.088254,0.12,5.7321725e-12,0.0009999999,,11,0.12,4044,98.77659,14.748176,inf,4044,,,62.43818001978239,1296,inf,0.04,,-137.72884,14.668944,-577.64264,577.64264,0.0009999999
0.0009999999,577.64264,577318.6,0.23675433,,-0.12,,142.72401,252529,0.0009999999,-118.202324,,30707.540155410767,12.158733,0.12,5.729339e-12,0.0009999999,,11,0.12,4045,98.77659,14.747929,inf,4045,,,62.42991347342398,1296,inf,0.12,,-137.72401,14.668076,-577.64264,577.64264,0.0009999999
0.0009999999,577.64264,577449.1,0.32104334,,-0.12,,142.721,252560,0.0009999999,-125.52665,,30719.393986701965,13.610185,0.12,5.726507e-12,0.0009999999,,11,0.12,4046,98.77659,14.747682,inf,4046,,,62.42214532871972,1296,inf,0.2,,-137.721,14.667567,-577.64264,577.64264,0.0009999999
0.0009999999,577.64264,577568.9,0.0006249994,,-0.12,,142.71532,252579,0.0009999999,-114.70347,,30730.395891427994,12.116104,0.2,5.7236767e-12,0.0009999999,,11,0.12,4047,98.77659,14.747435,inf,4047,,,62.41141586360267,1296,inf,-0.2,,-137.71532,14.66669,-577.64264,577.64264,0.0009999999
0.0009999999,577.64264,577683.1,0.078406125,,-0.12,,142.70828,252593,0.0009999999,-109.32077,,30741.030305624008,14.541148,0.2,5.7208496e-12,0.0009999999,,11,0.12,4048,98.77659,14.747188,inf,4048,,,62.39945652173913,1296,inf,-0.12,,-137.70828,14.666411,-577.64264,577.64264,0.0009999999
0.0009999999,577.64264,577802.5,0.1591736,,-0.12,,142.70251,252627,0.0009999999,-114.318054,,30751.897304534912,14.7579155,0.2,5.7180237e-12,0.0009999999,,11,0.12,4049,98.77659,14.746941,inf,4049,,,62.392442578414425,1296,inf,-0.04,,-137.70251,14.666189,-577.64264,577.64264,0.0009999999
0.0009999999,577.64264,577919.5,0.24066357,,-0.12,,142.69617,252646,0.0009999999,-111.987015,,30762.404490709305,13.106801,0.2,5.715201e-12,0.0009999999,,11,0.12,4050,98.77659,14.746694,inf,4050,,,62.38172839506173,1296,inf,0.04,,-137.69617,14.665556,-577.64264,577.64264,0.0009999999
0.0009999999,577.64264,578035.5,0.31731611,,-0.12,,142.68958,252666,0.0009999999,-111.02499,,30773.189885139465,14.238342,0.2,5.7123794e-12,0.0009999999,,11,0.12,4051,98.77659,14.746447,inf,4051,,,62.37126635398667,1296,inf,0.12,,-137.68958,14.665204,-577.64264,577.64264,0.0009999999
0.0009999999,577.64264,578147.6,0.40221396,,-0.12,,142.68204,252684,0.0009999999,-107.152214,,30783.888437747955,14.6654215,0.2,5.7095604e-12,0.0009999999,,11,0.12,4052,98.77659,14.7462,inf,4052,,,62.36031589338598,1296,inf,0.2,,-137.68204,14.664957,-577.64264,577.64264,0.0009999999
0.0009999999,577.64264,578267.9,-0.31810528,,-0.04,,142.6765,252705,0.0009999999,-115.19747,,30794.270883083344,14.597324,-0.2,5.7067432e-12,0.0009999999,,11,0.12,4053,98.77659,14.745953,inf,4053,,,62.3501110288675,1296,inf,-0.2,,-137.6765,14.664693,-577.64264,577.64264,0.0009999999
0.0009999999,577.64264,578380.9,-0.2378368,,-0.04,,142.66919,252720,0.0009999999,-108.04016,,30804.75444626808,14.377675,-0.2,5.7039286e-12,0.0009999999,,11,0.12,4054,98.77659,14.745707,inf,4054,,,62.338431179082384,1296,inf,-0.12,,-137.66919,14.664374,-577.64264,577.64264,0.0009999999
0.0009999999,577.64264,578498.75,-0.15918705,,-0.04,,142.66307,252737,0.0009999999,-112.82955,,30815.15933251381,13.447278,-0.2,5.7011154e-12,0.0009999999,,11,0.12,4055,98.77659,14.74546,inf,4055,,,62.327250308261405,1296,inf,-0.04,,-137.66307,14.66383,-577.64264,577.64264,0.0009999999
0.0009999999,577.64264,578610.7,-0.07883632,,-0.04,,142.6555,252755,0.0009999999,-106.969215,,30825.175327301025,14.205303,-0.2,5.6983042e-12,0.0009999999,,11,0.12,4056,98.77659,14.745213,inf,4056,,,62.31632149901381,1296,inf,0.04,,-137.6555,14.663467,-577.64264,577.64264,0.0009999999
0.0009999999,577.64264,578721.1,-0.002386205,,-0.04,,142.64755,252769,0.0009999999,-105.42606,,30835.022787332535,13.941372,-0.2,5.6954957e-12,0.0009999999,,11,0.12,4057,98.77659,14.7449665,inf,4057,,,62.304412127187575,1296,inf,0.12,,-137.64755,14.663046,-577.64264,577.64264,0.0009999999
0.0009999999,577.64264,578835.75,0.08293377,,-0.04,,142.64066,252793,0.0009999999,-109.663895,,30847.30202484131,14.413146,-0.2,5.6926894e-12,0.0009999999,,11,0.12,4058,98.77659,14.7447195,inf,4058,,,62.29497289305076,1296,inf,0.2,,-137.64066,14.662734,-577.64264,577.64264,0.0009999999
0.0009999999,577.64264,578953.94,-0.23885411,,-0.04,,142.63463,252811,0.0009999999,-113.17574,,30859.812181711197,9.658998,-0.12,5.6898843e-12,0.0009999999,,11,0.12,4059,98.77659,14.744473,inf,4059,,,62.28406011332841,1296,inf,-0.2,,-137.63463,14.661258,-577.64264,577.64264,0.0009999999
0.0009999999,577.64264,579069.1,-0.16268063,,-0.04,,142.62787,252840,0.0009999999,-110.20384,,30871.97238779068,13.033128,-0.12,5.6870823e-12,0.0009999999,,11,0.12,4060,98.77659,14.744227,inf,4060,,,62.275862068965516,1296,inf,-0.12,,-137.62787,14.660608,-577.64264,577.64264,0.0009999999
0.0009999999,577.64264,579181.5,-0.07934845,,-0.04,,142.6204,252854,0.0009999999,-107.37038,,30884.095402240753,10.351048,-0.12,5.684281e-12,0.0009999999,,11,0.12,4061,98.77659,14.743981,inf,4061,,,62.2639743905442,1296,inf,-0.04,,-137.6204,14.659305,-577.64264,577.64264,0.0009999999
0.0009999999,577.64264,579290.8,-0.0013208464,,-0.04,,142.61221,252878,0.0009999999,-104.28353,,30896.389791488647,14.598852,-0.12,5.681483e-12,0.0009999999,,11,0.12,4062,98.77659,14.743734,inf,4062,,,62.25455440669621,1296,inf,0.04,,-137.61221,14.659039,-577.64264,577.64264,0.0009999999
0.0009999999,577.64264,579406.25,0.08052264,,-0.04,,142.60553,252895,0.0009999999,-110.45287,,30907.89248561859,7.8853116,-0.12,5.6786867e-12,0.0009999999,,11,0.12,4063,98.77659,14.743488,inf,4063,,,62.24341619492986,1296,inf,0.12,,-137.60553,14.65713,-577.64264,577.64264,0.0009999999
0.0009999999,577.64264,579535.1,0.15899155,,-0.04,,142.60214,252923,0.0009999999,-123.8673,,30918.975811719894,15.332455,-0.12,5.675892e-12,0.0009999999,,11,0.12,4064,98.77659,14.743242,inf,4064,,,62.23499015748032,1296,inf,0.2,,-137.60214,14.657046,-577.64264,577.64264,0.0009999999
0.0009999999,577.64264,579660.25,-0.16093752,,-0.04,,142.59785,252947,0.0009999999,-120.089195,,30930.484176397324,14.9028015,-0.04,5.6730996e-12,0.0009999999,,11,0.12,4065,98.77659,14.742996,inf,4065,,,62.225584255842556,1296,inf,-0.2,,-137.59785,14.656865,-577.64264,577.64264,0.0009999999
0.0009999999,577.64264,579773.0,-0.0772188,,-0.04,,142.5905,252961,0.0009999999,-107.77972,,30941.38654088974,14.871618,-0.04,5.6703097e-12,0.0009999999,,11,0.12,4066,98.77659,14.74275,inf,4066,,,62.21372356123955,1296,inf,-0.12,,-137.5905,14.656667,-577.64264,577.64264,0.0009999999
0.0009999999,577.64264,579884.25,-0.00069543347,,-0.04,,142.5828,252979,0.0009999999,-106.303314,,30951.921237707138,13.021791,-0.04,5.667522e-12,0.0009999999,,11,0.12,4067,98.77659,14.742504,inf,4067,,,62.20285222522744,1296,inf,-0.04,,-137.5828,14.656024,-577.64264,577.64264,0.0009999999
0.0009999999,577.64264,580017.0,0.08084672,,-0.04,,142.58038,253010,0.0009999999,-127.71486,,30962.248613595963,14.068618,-0.04,5.6647356e-12,0.0009999999,,11,0.12,4068,98.77659,14.742259,inf,4068,,,62.19518190757129,1296,inf,0.04,,-137.58038,14.65563,-577.64264,577.64264,0.0009999999
0.0009999999,577.64264,580163.5,0.15965608,,-0.04,,142.58134,253065,0.0009999999,-141.48918,,30972.9798848629,12.930873,-0.04,5.6619514e-12,0.0009999999,,11,0.12,4069,98.77659,14.742013,inf,4069,,,62.19341361513885,1296,inf,0.12,,-137.58134,14.654964,-577.64264,577.64264,0.0009999999
0.0009999999,577.64264,580282.25,0.24114856,,-0.04,,142.57549,253083,0.0009999999,-113.75386,,30983.47310900688,14.5241995,-0.04,5.6591697e-12,0.0009999999,,11,0.12,4070,98.77659,14.741767,inf,4070,,,62.182555282555285,1296,inf,0.2,,-137.57549,14.654683,-577.64264,577.64264,0.0009999999
0.0009999999,577.64264,580427.3,-0.0785439,,-0.04,,142.5761,253125,0.0009999999,-140.06348,,30993.75279021263,13.958136,0.04,5.65639e-12,0.0009999999,,11,0.12,4071,98.77659,14.741522,inf,4071,,,62.17759764185704,1296,inf,-0.2,,-137.5761,14.654271,-577.64264,577.64264,0.0009999999
0.0009999999,577.64264,580540.06,-0.0058647543,,-0.04,,142.56877,253150,0.0009999999,-107.77947,,31004.05984210968,15.147409,0.04,5.6536117e-12,0.0009999999,,11,0.12,4072,98.77659,14.741276,inf,4072,,,62.168467583497055,1296,inf,-0.12,,-137.56877,14.654142,-577.64264,577.64264,0.0009999999
0.0009999999,577.64264,580697.8,0.08095449,,-0.04,,142.57251,253239,0.0009999999,-152.76085,,31014.073702573776,6.8091283,0.04,5.650836e-12,0.0009999999,,11,0.12,4073,98.77659,14.741031,inf,4073,,,62.17505524183648,1296,inf,-0.04,,-137.57251,14.651977,-577.64264,577.64264,0.0009999999
0.0009999999,577.64264,580833.94,0.1615117,,-0.04,,142.57092,253272,0.0009999999,-131.10674,,31024.691066265106,12.346986,0.04,5.6480623e-12,0.0009999999,,11,0.12,4074,98.77659,14.740785,inf,4074,,,62.167893961708394,1296,inf,0.04,,-137.57092,14.65116,-577.64264,577.64264,0.0009999999
0.0009999999,577.64264,580953.5,0.24168053,,-0.04,,142.56528,253293,0.0009999999,-114.52718,,31037.14703631401,15.084543,0.04,5.6452907e-12,0.0009999999,,11,0.12,4075,98.77659,14.74054,inf,4075,,,62.15779141104294,1296,inf,0.12,,-137.56528,14.651025,-577.64264,577.64264,0.0009999999
0.0009999999,577.64264,581107.9,0.32118797,,-0.04,,142.56818,253345,0.0009999999,-149.40283,,31049.290963172913,15.090613,0.04,5.6425207e-12,0.0009999999,,11,0.12,4076,98.77659,14.740294,inf,4076,,,62.15529931305201,1296,inf,0.2,,-137.56818,14.650885,-577.64264,577.64264,0.0009999999
0.0009999999,577.64264,581225.5,0.0009345412,,-0.04,,142.56206,253362,0.0009999999,-112.59185,,31061.800734996796,12.787688,0.12,5.6397534e-12,0.0009999999,,11,0.12,4077,98.77659,14.740048,inf,4077,,,62.14422369389257,1296,inf,-0.2,,-137.56206,14.650186,-577.64264,577.64264,0.0009999999
0.0009999999,577.64264,581334.3,0.07729703,,-0.04,,142.55377,253384,0.0009999999,-103.84654,,31074.14431619644,14.399969,0.12,5.636988e-12,0.0009999999,,11,0.12,4078,98.77659,14.739803,inf,4078,,,62.13437959784208,1296,inf,-0.12,,-137.55377,14.649877,-577.64264,577.64264,0.0009999999
0.0009999999,577.64264,581461.0,0.16083091,,-0.04,,142.5499,253410,0.0009999999,-121.63743,,31085.75328183174,14.05,0.12,5.634224e-12,0.0009999999,,11,0.12,4079,98.77659,14.739558,inf,4079,,,62.12552096101986,1296,inf,-0.04,,-137.5499,14.649487,-577.64264,577.64264,0.0009999999
0.0009999999,577.64264,581575.5,0.2418555,,-0.04,,142.54301,253435,0.0009999999,-109.52268,,31097.216284513474,12.058113,0.12,5.6314623e-12,0.0009999999,,11,0.12,4080,98.77659,14.739313,inf,4080,,,62.11642156862745,1296,inf,0.04,,-137.54301,14.648604,-577.64264,577.64264,0.0009999999
0.0009999999,577.64264,581696.4,0.31834185,,-0.04,,142.5377,253454,0.0009999999,-115.84798,,31108.575851917267,11.783959,0.12,5.628703e-12,0.0009999999,,11,0.12,4081,98.77659,14.739068,inf,4081,,,62.1058564077432,1296,inf,0.12,,-137.5377,14.64766,-577.64264,577.64264,0.0009999999
0.0009999999,577.64264,581826.5,0.39821196,,-0.04,,142.53467,253484,0.0009999999,-125.150536,,31120.24397301674,15.169228,0.12,5.625946e-12,0.0009999999,,11,0.12,4082,98.77659,14.738823,inf,4082,,,62.09799118079373,1296,inf,0.2,,-137.53467,14.647539,-577.64264,577.64264,0.0009999999
0.0009999999,577.64264,581976.8,0.0777079,,-0.04,,142.53658,253539,0.0009999999,-145.3154,,31131.479216337204,11.676932,0.2,5.62319e-12,0.0009999999,,11,0.12,4083,98.77659,14.738578,inf,4083,,,62.096252755326965,1296,inf,-0.2,,-137.53658,14.64657,-577.64264,577.64264,0.0009999999
0.0009999999,577.64264,582089.75,0.16029958,,-0.04,,142.52933,253553,0.0009999999,-107.962585,,31142.260966300964,13.835441,0.2,5.6204364e-12,0.0009999999,,11,0.12,4084,98.77659,14.738334,inf,4084,,,62.08447600391773,1296,inf,-0.12,,-137.52933,14.646125,-577.64264,577.64264,0.0009999999
0.0009999999,577.64264,582202.5,0.23911136,,-0.04,,142.52203,253575,0.0009999999,-107.73888,,31152.53066277504,15.492283,0.2,5.6176847e-12,0.0009999999,,11,0.12,4085,98.77659,14.738089,inf,4085,,,62.07466340269278,1296,inf,-0.04,,-137.52203,14.646088,-577.64264,577.64264,0.0009999999
0.0009999999,577.64264,582325.9,0.31781703,,-0.04,,142.51735,253602,0.0009999999,-118.3986,,31162.96983718872,12.227677,0.2,5.614936e-12,0.0009999999,,11,0.12,4086,98.77659,14.7378435,inf,4086,,,62.06607929515418,1296,inf,0.04,,-137.51735,14.64525,-577.64264,577.64264,0.0009999999
0.0009999999,577.64264,582445.6,0.39836812,,-0.04,,142.51178,253622,0.0009999999,-114.69798,,31173.223248243332,13.420915,0.2,5.6121882e-12,0.0009999999,,11,0.12,4087,98.77659,14.737599,inf,4087,,,62.05578664056765,1296,inf,0.12,,-137.51178,14.644708,-577.64264,577.64264,0.0009999999
0.0009999999,577.64264,582573.2,0.48071563,,-0.04,,142.50812,253651,0.0009999999,-122.582405,,31183.608644723892,11.710377,0.2,5.609443e-12,0.0009999999,,11,0.12,4088,98.77659,14.737354,inf,4088,,,62.04770058708415,1296,inf,0.2,,-137.50812,14.6437435,-577.64264,577.64264,0.0009999999
0.0009999999,577.64264,582701.7,-0.2447238,,0.04,,142.5047,253680,0.0009999999,-123.47824,,31194.059445858,13.717142,-0.2,5.6067e-12,0.0009999999,,11,0.12,4089,98.77659,14.73711,inf,4089,,,62.03961848862803,1296,inf,-0.2,,-137.5047,14.643273,-577.64264,577.64264,0.0009999999
0.0009999999,577.64264,582815.1,-0.15994617,,0.04,,142.49759,253701,0.0009999999,-108.46196,,31204.57330083847,12.550532,-0.2,5.603958e-12,0.0009999999,,11,0.12,4090,98.77659,14.736865,inf,4090,,,62.02958435207824,1296,inf,-0.12,,-137.49759,14.642516,-577.64264,577.64264,0.0009999999
0.0009999999,577.64264,582934.4,-0.079247355,,0.04,,142.4919,253719,0.0009999999,-114.26542,,31215.256573200226,13.439303,-0.2,5.601219e-12,0.0009999999,,11,0.12,4091,98.77659,14.736621,inf,4091,,,62.01882180395991,1296,inf,-0.04,,-137.4919,14.641979,-577.64264,577.64264,0.0009999999
0.0009999999,577.64264,583046.2,0.0003431812,,0.04,,142.4844,253739,0.0009999999,-106.8029,,31228.234832048416,12.445525,-0.2,5.5984813e-12,0.0009999999,,11,0.12,4092,98.77659,14.736377,inf,4092,,,62.008553274682306,1296,inf,0.04,,-137.4844,14.641196,-577.64264,577.64264,0.0009999999
0.0009999999,577.64264,583157.3,0.078259714,,0.04,,142.47675,253756,0.0009999999,-106.10807,,31240.71892118454,14.627741,-0.2,5.595746e-12,0.0009999999,,11,0.12,4093,98.77659,14.736132,inf,4093,,,61.997556804300025,1296,inf,0.12,,-137.47675,14.64095,-577.64264,577.64264,0.0009999999
0.0009999999,577.64264,583266.25,0.15522534,,0.04,,142.46855,253768,0.0009999999,-103.94826,,31252.8493142128,13.703398,-0.2,5.593013e-12,0.0009999999,,11,0.12,4094,98.77659,14.735888,inf,4094,,,61.98534440644846,1296,inf,0.2,,-137.46855,14.640474,-577.64264,577.64264,0.0009999999
0.0009999999,577.64264,583376.5,-0.1572868,,0.04,,142.46068,253780,0.0009999999,-105.30236,,31265.13045978546,11.77276,-0.12,5.5902817e-12,0.0009999999,,11,0.12,4095,98.77659,14.735643,inf,4095,,,61.97313797313797,1296,inf,-0.2,,-137.46068,14.639533,-577.64264,577.64264,0.0009999999
0.0009999999,577.64264,583488.75,-0.07935572,,0.04,,142.45331,253797,0.0009999999,-107.24345,,31276.926598072052,13.259373,-0.12,5.5875526e-12,0.0009999999,,11,0.12,4096,98.77659,14.735399,inf,4096,,,61.962158203125,1296,inf,-0.12,,-137.45331,14.638948,-577.64264,577.64264,0.0009999999
0.0009999999,577.64264,583607.1,0.0014569387,,0.04,,142.44743,253814,0.0009999999,-113.308525,,31288.95358467102,14.319748,-0.12,5.584825e-12,0.0009999999,,11,0.12,4097,98.77659,14.735155,inf,4097,,,61.95118379301928,1296,inf,-0.04,,-137.44743,14.638631,-577.64264,577.64264,0.0009999999
0.0009999999,577.64264,583717.9,0.0826538,,0.04,,142.4397,253831,0.0009999999,-105.73304,,31300.731117248535,13.615864,-0.12,5.5821e-12,0.0009999999,,11,0.12,4098,98.77659,14.734911,inf,4098,,,61.940214738897026,1296,inf,0.04,,-137.4397,14.638134,-577.64264,577.64264,0.0009999999
0.0009999999,577.64264,583855.5,0.16286859,,0.04,,142.43852,253871,0.0009999999,-132.67853,,31311.894589185715,14.454809,-0.12,5.579377e-12,0.0009999999,,11,0.12,4099,98.77659,14.734667,inf,4099,,,61.93486216150281,1296,inf,0.12,,-137.43852,14.637847,-577.64264,577.64264,0.0009999999
0.0009999999,577.64264,583985.4,0.24074075,,0.04,,142.43546,253907,0.0009999999,-124.855576,,31322.710747241974,13.39475,-0.12,5.5766555e-12,0.0009999999,,11,0.12,4100,98.77659,14.734424,inf,4100,,,61.928536585365855,1296,inf,0.2,,-137.43546,14.637298,-577.64264,577.64264,0.0009999999
0.0009999999,577.64264,584112.3,-0.08088623,,0.04,,142.43167,253935,0.0009999999,-121.90791,,31333.16184091568,13.920939,-0.04,5.573936e-12,0.0009999999,,11,0.12,4101,98.77659,14.7341795,inf,4101,,,61.920263350402344,1296,inf,-0.2,,-137.43167,14.636882,-577.64264,577.64264,0.0009999999
0.0009999999,577.64264,584222.0,-0.003147155,,0.04,,142.42369,253952,0.0009999999,-104.7134,,31343.352219581604,12.328876,-0.04,5.5712184e-12,0.0009999999,,11,0.12,4102,98.77659,14.733935,inf,4102,,,61.90931253047294,1296,inf,-0.12,,-137.42369,14.636073,-577.64264,577.64264,0.0009999999
0.0009999999,577.64264,584369.94,0.07767567,,0.04,,142.42503,254005,0.0009999999,-142.92165,,31353.928333044052,13.669273,-0.04,5.5685036e-12,0.0009999999,,11,0.12,4103,98.77659,14.733692,inf,4103,,,61.9071411162564,1296,inf,-0.04,,-137.42503,14.635596,-577.64264,577.64264,0.0009999999
0.0009999999,577.64264,584500.7,0.15709125,,0.04,,142.4222,254034,0.0009999999,-125.74371,,31364.230962514877,13.218769,-0.04,5.56579e-12,0.0009999999,,11,0.12,4104,98.77659,14.733448,inf,4104,,,61.89912280701754,1296,inf,0.04,,-137.4222,14.635006,-577.64264,577.64264,0.0009999999
0.0009999999,577.64264,584628.4,0.24086946,,0.04,,142.41861,254064,0.0009999999,-122.680214,,31374.489995002747,12.898158,-0.04,5.5630786e-12,0.0009999999,,11,0.12,4105,98.77659,14.733205,inf,4105,,,61.89135200974422,1296,inf,0.12,,-137.41861,14.634341,-577.64264,577.64264,0.0009999999
0.0009999999,577.64264,584746.0,0.32077432,,0.04,,142.41257,254082,0.0009999999,-112.64475,,31385.102653265,14.621499,-0.04,5.5603694e-12,0.0009999999,,11,0.12,4106,98.77659,14.732961,inf,4106,,,61.88066244520214,1296,inf,0.2,,-137.41257,14.634092,-577.64264,577.64264,0.0009999999
0.0009999999,577.64264,584878.9,0.00027787685,,0.04,,142.41025,254115,0.0009999999,-127.87769,,31395.658004760742,14.554867,0.04,5.557662e-12,0.0009999999,,11,0.12,4107,98.77659,14.7327175,inf,4107,,,61.8736303871439,1296,inf,-0.2,,-137.41025,14.633832,-577.64264,577.64264,0.0009999999
0.0009999999,577.64264,584989.75,0.08014,,0.04,,142.40257,254131,0.0009999999,-105.850105,,31406.64689731598,15.27329,0.04,5.5549562e-12,0.0009999999,,11,0.12,4108,98.77659,14.732474,inf,4108,,,61.86246348588121,1296,inf,-0.12,,-137.40257,14.633742,-577.64264,577.64264,0.0009999999
0.0009999999,577.64264,585106.4,0.15836099,,0.04,,142.3963,254148,0.0009999999,-111.67159,,31420.03164458275,13.593085,0.04,5.552253e-12,0.0009999999,,11,0.12,4109,98.77659,14.73223,inf,4109,,,61.851545388172305,1296,inf,-0.04,,-137.3963,14.633246,-577.64264,577.64264,0.0009999999
0.0009999999,577.64264,585226.75,0.23886338,,0.04,,142.39093,254167,0.0009999999,-115.340706,,31432.25232052803,11.352652,0.04,5.5495513e-12,0.0009999999,,11,0.12,4110,98.77659,14.731987,inf,4110,,,61.84111922141119,1296,inf,0.04,,-137.39093,14.632203,-577.64264,577.64264,0.0009999999
0.0009999999,577.64264,585371.94,0.32099926,,0.04,,142.39162,254210,0.0009999999,-140.19612,,31444.129702091217,13.218503,0.04,5.546852e-12,0.0009999999,,11,0.12,4111,98.77659,14.731744,inf,4111,,,61.836536122597906,1296,inf,0.12,,-137.39162,14.631619,-577.64264,577.64264,0.0009999999
0.0009999999,577.64264,585557.25,0.4034196,,0.04,,142.40205,254295,0.0009999999,-180.30568,,31456.399678230286,14.79311,0.04,5.544154e-12,0.0009999999,,11,0.12,4112,98.77659,14.731501,inf,4112,,,61.84216926070039,1296,inf,0.2,,-137.40205,14.6314125,-577.64264,577.64264,0.0009999999
0.0009999999,577.64264,585684.5,0.0759128,,0.04,,142.39838,254320,0.0009999999,-122.3179,,31468.08903002739,13.125743,0.12,5.541459e-12,0.0009999999,,11,0.12,4113,98.77659,14.731257,inf,4113,,,61.833211767566254,1296,inf,-0.2,,-137.39838,14.630806,-577.64264,577.64264,0.0009999999
0.0009999999,577.64264,585797.6,0.15655524,,0.04,,142.39125,254354,0.0009999999,-108.10165,,31479.98636198044,12.356609,0.12,5.5387648e-12,0.0009999999,,11,0.12,4114,98.77659,14.731014,inf,4114,,,61.82644628099174,1296,inf,-0.12,,-137.39125,14.630007,-577.64264,577.64264,0.0009999999
0.0009999999,577.64264,585923.1,0.2378461,,0.04,,142.38715,254385,0.0009999999,-120.47126,,31491.483221769333,12.7274885,0.12,5.5360733e-12,0.0009999999,,11,0.12,4115,98.77659,14.730771,inf,4115,,,61.81895504252734,1296,inf,-0.04,,-137.38715,14.629304,-577.64264,577.64264,0.0009999999
0.0009999999,577.64264,586049.94,0.31973356,,0.04,,142.38336,254411,0.0009999999,-121.833206,,31502.520166158676,11.361209,0.12,5.533383e-12,0.0009999999,,11,0.12,4116,98.77659,14.730529,inf,4116,,,61.81025267249757,1296,inf,0.04,,-137.38336,14.628264,-577.64264,577.64264,0.0009999999
0.0009999999,577.64264,586176.25,0.40224573,,0.04,,142.37947,254441,0.0009999999,-121.27815,,31513.47836613655,14.029781,0.12,5.5306957e-12,0.0009999999,,11,0.12,4117,98.77659,14.730286,inf,4117,,,61.80252611124605,1296,inf,0.12,,-137.37947,14.627881,-577.64264,577.64264,0.0009999999
0.0009999999,577.64264,586296.2,0.4783328,,0.04,,142.37401,254460,0.0009999999,-114.94529,,31524.135898590088,13.539723,0.12,5.52801e-12,0.0009999999,,11,0.12,4118,98.77659,14.730042,inf,4118,,,61.792132102962604,1296,inf,0.2,,-137.37401,14.62737,-577.64264,577.64264,0.0009999999
0.0009999999,577.64264,586423.4,0.16060865,,0.04,,142.37033,254487,0.0009999999,-122.23325,,31534.36654806137,14.002184,0.2,5.525326e-12,0.0009999999,,11,0.12,4119,98.77659,14.7298,inf,4119,,,61.7836853605244,1296,inf,-0.2,,-137.37033,14.626978,-577.64264,577.64264,0.0009999999
0.0009999999,577.64264,586537.5,0.23985189,,0.04,,142.36346,254503,0.0009999999,-109.111,,31544.75456547737,13.7751465,0.2,5.5226444e-12,0.0009999999,,11,0.12,4120,98.77659,14.729557,inf,4120,,,61.772572815533984,1296,inf,-0.12,,-137.36346,14.626524,-577.64264,577.64264,0.0009999999
0.0009999999,577.64264,586660.25,0.32388642,,0.04,,142.35872,254526,0.0009999999,-117.68983,,31555.116453886032,14.060037,0.2,5.5199643e-12,0.0009999999,,11,0.12,4121,98.77659,14.729315,inf,4121,,,61.76316428051444,1296,inf,-0.04,,-137.35872,14.626149,-577.64264,577.64264,0.0009999999
0.0009999999,577.64264,586773.25,0.40076494,,0.04,,142.3516,254540,0.0009999999,-108.06219,,31565.599705934525,13.411496,0.2,5.5172867e-12,0.0009999999,,11,0.12,4122,98.77659,14.729072,inf,4122,,,61.75157690441533,1296,inf,0.04,,-137.3516,14.625607,-577.64264,577.64264,0.0009999999
0.0009999999,577.64264,586883.3,0.48136455,,0.04,,142.34375,254560,0.0009999999,-105.02818,,31576.36501932144,13.557233,0.2,5.5146105e-12,0.0009999999,,11,0.12,4123,98.77659,14.728829,inf,4123,,,61.74145040019403,1296,inf,0.12,,-137.34375,14.625108,-577.64264,577.64264,0.0009999999
0.0009999999,577.64264,586998.6,0.5578169,,0.04,,142.3372,254578,0.0009999999,-110.323944,,31586.28719830513,14.448748,0.2,5.511936e-12,0.0009999999,,11,0.12,4124,98.77659,14.728586,inf,4124,,,61.730843840931136,1296,inf,0.2,,-137.3372,14.624818,-577.64264,577.64264,0.0009999999
0.0009999999,577.64264,587128.5,-0.15984805,,0.12,,142.33418,254608,0.0009999999,-124.82919,,31597.522268772125,13.645355,-0.2,5.509264e-12,0.0009999999,,11,0.12,4125,98.77659,14.728344,inf,4125,,,61.723151515151514,1296,inf,-0.2,,-137.33418,14.624343,-577.64264,577.64264,0.0009999999
0.0009999999,577.64264,587240.4,-0.080874935,,0.12,,142.3268,254624,0.0009999999,-106.901436,,31609.609083414078,13.410627,-0.2,5.506594e-12,0.0009999999,,11,0.12,4126,98.77659,14.728102,inf,4126,,,61.7120698012603,1296,inf,-0.12,,-137.3268,14.623801,-577.64264,577.64264,0.0009999999
0.0009999999,577.64264,587353.94,0.0012945384,,0.12,,142.31982,254643,0.0009999999,-108.571396,,31621.814234018326,14.373291,-0.2,5.503926e-12,0.0009999999,,11,0.12,4127,98.77659,14.7278595,inf,4127,,,61.70172037799855,1296,inf,-0.04,,-137.31982,14.623504,-577.64264,577.64264,0.0009999999
0.0009999999,577.64264,587476.25,0.08014034,,0.12,,142.31499,254666,0.0009999999,-117.32143,,31633.45360684395,14.599447,-0.2,5.501259e-12,0.0009999999,,11,0.12,4128,98.77659,14.727617,inf,4128,,,61.69234496124031,1296,inf,0.04,,-137.31499,14.623251,-577.64264,577.64264,0.0009999999
0.0009999999,577.64264,587587.75,0.16275993,,0.12,,142.30753,254681,0.0009999999,-106.46909,,31645.725019216537,13.545345,-0.2,5.4985946e-12,0.0009999999,,11,0.12,4129,98.77659,14.727375,inf,4129,,,61.68103657059821,1296,inf,0.12,,-137.30753,14.622752,-577.64264,577.64264,0.0009999999
0.0009999999,577.64264,587697.4,0.23711905,,0.12,,142.2996,254694,0.0009999999,-104.682915,,31658.161867141724,14.56288,-0.2,5.4959323e-12,0.0009999999,,11,0.12,4130,98.77659,14.727133,inf,4130,,,61.66924939467312,1296,inf,0.2,,-137.2996,14.622491,-577.64264,577.64264,0.0009999999
0.0009999999,577.64264,587825.9,-0.08242067,,0.12,,142.29626,254727,0.0009999999,-123.44512,,31670.21816945076,13.529869,-0.12,5.4932725e-12,0.0009999999,,11,0.12,4131,98.77659,14.726891,inf,4131,,,61.66230936819172,1296,inf,-0.2,,-137.29626,14.621988,-577.64264,577.64264,0.0009999999
0.0009999999,577.64264,587938.8,0.001574412,,0.12,,142.28915,254745,0.0009999999,-107.96463,,31681.615086078644,14.29328,-0.12,5.4906136e-12,0.0009999999,,11,0.12,4132,98.77659,14.726648,inf,4132,,,61.65174249757987,1296,inf,-0.12,,-137.28915,14.621664,-577.64264,577.64264,0.0009999999
0.0009999999,577.64264,588046.3,0.07812747,,0.12,,142.28075,254756,0.0009999999,-102.520744,,31692.530596971512,14.671353,-0.12,5.4879564e-12,0.0009999999,,11,0.12,4133,98.77659,14.726407,inf,4133,,,61.63948705540769,1296,inf,-0.04,,-137.28075,14.621437,-577.64264,577.64264,0.0009999999
0.0009999999,577.64264,588164.2,0.16666377,,0.12,,142.27484,254773,0.0009999999,-112.8808,,31703.52215027809,11.387801,-0.12,5.4853023e-12,0.0009999999,,11,0.12,4134,98.77659,14.726165,inf,4134,,,61.62868892114175,1296,inf,0.04,,-137.27484,14.62041,-577.64264,577.64264,0.0009999999
0.0009999999,577.64264,588277.44,0.24429545,,0.12,,142.26782,254787,0.0009999999,-108.22261,,31714.15954518318,4.4296494,-0.12,5.482649e-12,0.0009999999,,11,0.12,4135,98.77659,14.725923,inf,4135,,,61.61717049576784,1296,inf,0.12,,-137.26782,14.617706,-577.64264,577.64264,0.0009999999
0.0009999999,577.64264,588412.4,0.32212284,,0.12,,142.26605,254823,0.0009999999,-129.92462,,31724.58266019821,12.388382,-0.12,5.4799984e-12,0.0009999999,,11,0.12,4136,98.77659,14.725681,inf,4136,,,61.61097678916828,1296,inf,0.2,,-137.26605,14.616923,-577.64264,577.64264,0.0009999999
0.0009999999,577.64264,588530.56,-0.00082072616,,0.12,,142.26022,254840,0.0009999999,-113.20852,,31734.609701871872,13.980448,-0.04,5.4773495e-12,0.0009999999,,11,0.12,4137,98.77659,14.725439,inf,4137,,,61.60019337684312,1296,inf,-0.2,,-137.26022,14.61653,-577.64264,577.64264,0.0009999999
0.0009999999,577.64264,588644.2,0.08184984,,0.12,,142.25331,254856,0.0009999999,-108.62128,,31745.47410750389,14.774545,-0.04,5.4747023e-12,0.0009999999,,11,0.12,4138,98.77659,14.725198,inf,4138,,,61.58917351377477,1296,inf,-0.12,,-137.25331,14.616325,-577.64264,577.64264,0.0009999999
0.0009999999,577.64264,588766.2,0.16028328,,0.12,,142.24841,254877,0.0009999999,-117.00417,,31756.209131717682,14.85337,-0.04,5.4720573e-12,0.0009999999,,11,0.12,4139,98.77659,14.724956,inf,4139,,,61.57936699685914,1296,inf,-0.04,,-137.24841,14.616142,-577.64264,577.64264,0.0009999999
0.0009999999,577.64264,588889.7,0.24164172,,0.12,,142.24388,254903,0.0009999999,-118.473434,,31766.971926927567,12.356012,-0.04,5.4694144e-12,0.0009999999,,11,0.12,4140,98.77659,14.724714,inf,4140,,,61.570772946859904,1296,inf,0.04,,-137.24388,14.615354,-577.64264,577.64264,0.0009999999
0.0009999999,577.64264,589000.94,0.31697023,,0.12,,142.2364,254917,0.0009999999,-106.22935,,31777.259487628937,14.676682,-0.04,5.466773e-12,0.0009999999,,11,0.12,4141,98.77659,14.724473,inf,4141,,,61.55928519681236,1296,inf,0.12,,-137.2364,14.615129,-577.64264,577.64264,0.0009999999
0.0009999999,577.64264,589129.1,0.40006363,,0.12,,142.23302,254943,0.0009999999,-123.22738,,31789.57947230339,14.101862,-0.04,5.4641335e-12,0.0009999999,,11,0.12,4142,98.77659,14.724232,inf,4142,,,61.55070014485756,1296,inf,0.2,,-137.23302,14.614762,-577.64264,577.64264,0.0009999999
0.0009999999,577.64264,589259.1,0.07878581,,0.12,,142.23006,254973,0.0009999999,-125.03502,,31801.885190725327,14.474024,0.04,5.4614963e-12,0.0009999999,,11,0.12,4143,98.77659,14.72399,inf,4143,,,61.54308472121651,1296,inf,-0.2,,-137.23006,14.614488,-577.64264,577.64264,0.0009999999
0.0009999999,577.64264,589388.2,0.15944761,,0.12,,142.22688,255006,0.0009999999,-124.05067,,31814.350180387497,14.712465,0.04,5.458861e-12,0.0009999999,,11,0.12,4144,98.77659,14.723749,inf,4144,,,61.53619691119691,1296,inf,-0.12,,-137.22688,14.614269,-577.64264,577.64264,0.0009999999
0.0009999999,577.64264,589504.0,0.23730218,,0.12,,142.2205,255049,0.0009999999,-110.827705,,31825.91482234001,14.887768,0.04,5.456227e-12,0.0009999999,,11,0.12,4145,98.77659,14.723508,inf,4145,,,61.53172496984318,1296,inf,-0.04,,-137.2205,14.614095,-577.64264,577.64264,0.0009999999
0.0009999999,577.64264,589649.0,0.3202129,,0.12,,142.22118,255095,0.0009999999,-139.95369,,31838.863085746765,13.806776,0.04,5.453595e-12,0.0009999999,,11,0.12,4146,98.77659,14.723267,inf,4146,,,61.52797877472263,1296,inf,0.04,,-137.22118,14.613658,-577.64264,577.64264,0.0009999999
0.0009999999,577.64264,589801.1,0.40002483,,0.12,,142.22357,255146,0.0009999999,-147.1927,,31851.047152757645,15.063521,0.04,5.450965e-12,0.0009999999,,11,0.12,4147,98.77659,14.723025,inf,4147,,,61.52544007716421,1296,inf,0.12,,-137.22357,14.613526,-577.64264,577.64264,0.0009999999
0.0009999999,577.64264,589924.25,0.47700673,,0.12,,142.21896,255167,0.0009999999,-118.13494,,31863.070910692215,15.400106,0.04,5.4483375e-12,0.0009999999,,11,0.12,4148,98.77659,14.722784,inf,4148,,,61.51567020250723,1296,inf,0.2,,-137.21896,14.613475,-577.64264,577.64264,0.0009999999
0.0009999999,577.64264,590066.25,0.1616832,,0.12,,142.2189,255206,0.0009999999,-137.00017,,31874.219218492508,12.74495,0.12,5.445711e-12,0.0009999999,,11,0.12,4149,98.77659,14.722543,inf,4149,,,61.51024343215233,1296,inf,-0.2,,-137.2189,14.612783,-577.64264,577.64264,0.0009999999
0.0009999999,577.64264,590181.6,0.24348895,,0.12,,142.21243,255223,0.0009999999,-110.33205,,31885.10779619217,14.142353,0.12,5.4430874e-12,0.0009999999,,11,0.12,4150,98.77659,14.7223015,inf,4150,,,61.499518072289156,1296,inf,-0.12,,-137.21243,14.612429,-577.64264,577.64264,0.0009999999
0.0009999999,577.64264,590293.5,0.31753218,,0.12,,142.20512,255236,0.0009999999,-106.8089,,31895.790847301483,13.408312,0.12,5.4404645e-12,0.0009999999,,11,0.12,4151,98.77659,14.722061,inf,4151,,,61.48783425680559,1296,inf,-0.04,,-137.20512,14.611898,-577.64264,577.64264,0.0009999999
0.0009999999,577.64264,590410.9,0.4031263,,0.12,,142.19916,255253,0.0009999999,-112.43074,,31906.01044178009,14.443538,0.12,5.437845e-12,0.0009999999,,11,0.12,4152,98.77659,14.72182,inf,4152,,,61.477119460500965,1296,inf,0.04,,-137.19916,14.611617,-577.64264,577.64264,0.0009999999
0.0009999999,577.64264,590539.1,0.48278844,,0.12,,142.19579,255286,0.0009999999,-123.26969,,31915.977419376373,11.172923,0.12,5.435227e-12,0.0009999999,,11,0.12,4153,98.77659,14.72158,inf,4153,,,61.47026246087166,1296,inf,0.12,,-137.19579,14.610548,-577.64264,577.64264,0.0009999999
0.0009999999,577.64264,590658.06,0.55692166,,0.12,,142.1902,255309,0.0009999999,-113.89121,,31926.48273563385,10.437159,0.12,5.4326105e-12,0.0009999999,,11,0.12,4154,98.77659,14.721338,inf,4154,,,61.46100144439095,1296,inf,0.2,,-137.1902,14.609303,-577.64264,577.64264,0.0009999999
0.0009999999,577.64264,590782.8,0.23886041,,0.12,,142.18599,255333,0.0009999999,-119.73417,,31937.41503715515,12.379831,0.2,5.429996e-12,0.0009999999,,11,0.12,4155,98.77659,14.721098,inf,4155,,,61.451985559566786,1296,inf,-0.2,,-137.18599,14.608525,-577.64264,577.64264,0.0009999999
0.0009999999,577.64264,590901.25,0.31900522,,0.12,,142.18028,255357,0.0009999999,-113.433334,,31948.065552711487,15.362672,0.2,5.427383e-12,0.0009999999,,11,0.12,4156,98.77659,14.720857,inf,4156,,,61.4429740134745,1296,inf,-0.12,,-137.18028,14.608465,-577.64264,577.64264,0.0009999999
0.0009999999,577.64264,591013.4,0.40025765,,0.12,,142.17305,255377,0.0009999999,-107.10472,,31958.48291707039,14.110726,0.2,5.424772e-12,0.0009999999,,11,0.12,4157,98.77659,14.720616,inf,4157,,,61.4330045706038,1296,inf,-0.04,,-137.17305,14.608107,-577.64264,577.64264,0.0009999999
0.0009999999,577.64264,591125.75,0.48206297,,0.12,,142.16588,255392,0.0009999999,-107.408554,,31968.581351041794,14.936002,0.2,5.422163e-12,0.0009999999,,11,0.12,4158,98.77659,14.720376,inf,4158,,,61.421837421837424,1296,inf,0.04,,-137.16588,14.6079445,-577.64264,577.64264,0.0009999999
0.0009999999,577.64264,591256.06,0.56258225,,0.12,,142.16304,255426,0.0009999999,-125.332214,,31980.857039690018,14.365365,0.2,5.4195563e-12,0.0009999999,,11,0.12,4159,98.77659,14.720136,inf,4159,,,61.41524404905025,1296,inf,0.12,,-137.16304,14.607645,-577.64264,577.64264,0.0009999999
0.0009999999,577.64264,591374.8,0.64286673,,0.12,,142.15741,255446,0.0009999999,-113.72588,,31992.295887231827,14.730275,0.2,5.4169507e-12,0.0009999999,,11,0.12,4160,98.77659,14.719895,inf,4160,,,61.40528846153846,1296,inf,0.2,,-137.15741,14.607435,-577.64264,577.64264,0.0009999999
0.0009999999,577.64264,591490.6,-0.079356015,,0.2,,142.15108,255462,0.0009999999,-110.83213,,32004.771520853043,14.105344,-0.2,5.414347e-12,0.0009999999,,11,0.12,4161,98.77659,14.719655,inf,4161,,,61.3943763518385,1296,inf,-0.2,,-137.15108,14.607071,-577.64264,577.64264,0.0009999999
0.0009999999,577.64264,591608.0,-0.0018929541,,0.2,,142.14513,255479,0.0009999999,-112.38704,,32017.389440059662,15.540034,-0.2,5.4117457e-12,0.0009999999,,11,0.12,4162,98.77659,14.719415,inf,4162,,,61.38370975492552,1296,inf,-0.12,,-137.14513,14.607058,-577.64264,577.64264,0.0009999999
0.0009999999,577.64264,591718.6,0.08000845,,0.2,,142.13756,255494,0.0009999999,-105.6202,,32029.727896928787,12.182214,-0.2,5.4091467e-12,0.0009999999,,11,0.12,4163,98.77659,14.719174,inf,4163,,,61.372567859716554,1296,inf,-0.04,,-137.13756,14.606233,-577.64264,577.64264,0.0009999999
0.0009999999,577.64264,591836.75,0.16213585,,0.2,,142.13179,255514,0.0009999999,-113.0749,,32041.450496435165,14.80687,-0.2,5.4065485e-12,0.0009999999,,11,0.12,4164,98.77659,14.718934,inf,4164,,,61.3626320845341,1296,inf,0.04,,-137.13179,14.606043,-577.64264,577.64264,0.0009999999
0.0009999999,577.64264,591957.9,0.2402608,,0.2,,142.12674,255540,0.0009999999,-116.17393,,32053.17918229103,11.852794,-0.2,5.403952e-12,0.0009999999,,11,0.12,4165,98.77659,14.718694,inf,4165,,,61.35414165666266,1296,inf,0.12,,-137.12674,14.605141,-577.64264,577.64264,0.0009999999
0.0009999999,577.64264,592082.5,0.32221383,,0.2,,142.12254,255567,0.0009999999,-119.66567,,32064.092221975327,12.214814,-0.2,5.401358e-12,0.0009999999,,11,0.12,4166,98.77659,14.718453,inf,4166,,,61.345895343254924,1296,inf,0.2,,-137.12254,14.604327,-577.64264,577.64264,0.0009999999
0.0009999999,577.64264,592194.6,-0.0027617514,,0.2,,142.11534,255580,0.0009999999,-107.061966,,32074.78618311882,14.293812,-0.12,5.3987665e-12,0.0009999999,,11,0.12,4167,98.77659,14.718214,inf,4167,,,61.334293256539475,1296,inf,-0.2,,-137.11534,14.604012,-577.64264,577.64264,0.0009999999
0.0009999999,577.64264,592311.4,0.08370686,,0.2,,142.10925,255599,0.0009999999,-111.77136,,32085.445239067078,13.883394,-0.12,5.396176e-12,0.0009999999,,11,0.12,4168,98.77659,14.717974,inf,4168,,,61.324136276391556,1296,inf,-0.12,,-137.10925,14.603601,-577.64264,577.64264,0.0009999999
0.0009999999,577.64264,592424.8,0.15610078,,0.2,,142.10237,255615,0.0009999999,-108.44772,,32096.31847023964,13.210307,-0.12,5.3935875e-12,0.0009999999,,11,0.12,4169,98.77659,14.717734,inf,4169,,,61.31326457183977,1296,inf,-0.04,,-137.10237,14.603027,-577.64264,577.64264,0.0009999999
0.0009999999,577.64264,592545.06,0.24469137,,0.2,,142.09714,255634,0.0009999999,-115.2138,,32107.1174428463,11.047111,-0.12,5.391001e-12,0.0009999999,,11,0.12,4170,98.77659,14.717494,inf,4170,,,61.3031175059952,1296,inf,0.04,,-137.09714,14.601935,-577.64264,577.64264,0.0009999999
0.0009999999,577.64264,592665.25,0.31752953,,0.2,,142.09189,255653,0.0009999999,-115.22426,,32117.67787528038,12.054321,-0.12,5.3884163e-12,0.0009999999,,11,0.12,4171,98.77659,14.717255,inf,4171,,,61.29297530568209,1296,inf,0.12,,-137.09189,14.601082,-577.64264,577.64264,0.0009999999
0.0009999999,577.64264,592783.4,0.39722878,,0.2,,142.08614,255672,0.0009999999,-113.15513,,32128.356051683426,13.82202,-0.12,5.3858337e-12,0.0009999999,,11,0.12,4172,98.77659,14.717014,inf,4172,,,61.282837967401726,1296,inf,0.2,,-137.08614,14.60066,-577.64264,577.64264,0.0009999999
0.0009999999,577.64264,592901.0,0.080525085,,0.2,,142.08028,255689,0.0009999999,-112.57823,,32138.990077257156,13.149295,-0.04,5.383253e-12,0.0009999999,,11,0.12,4173,98.77659,14.716775,inf,4173,,,61.27222621615145,1296,inf,-0.2,,-137.08028,14.600068,-577.64264,577.64264,0.0009999999
0.0009999999,577.64264,593022.25,0.1575706,,0.2,,142.07529,255714,0.0009999999,-116.23632,,32149.351341962814,14.710283,-0.04,5.3806733e-12,0.0009999999,,11,0.12,4174,98.77659,14.716536,inf,4174,,,61.26353617632966,1296,inf,-0.12,,-137.07529,14.599859,-577.64264,577.64264,0.0009999999
0.0009999999,577.64264,593136.25,0.24136741,,0.2,,142.06856,255738,0.0009999999,-109.02932,,32160.01535797119,13.991374,-0.04,5.3780964e-12,0.0009999999,,11,0.12,4175,98.77659,14.716296,inf,4175,,,61.254610778443116,1296,inf,-0.04,,-137.06856,14.59947,-577.64264,577.64264,0.0009999999
0.0009999999,577.64264,593250.4,0.32284755,,0.2,,142.06187,255765,0.0009999999,-109.154434,,32173.11971640587,15.021277,-0.04,5.375521e-12,0.0009999999,,11,0.12,4176,98.77659,14.716056,inf,4176,,,61.24640804597701,1296,inf,0.04,,-137.06187,14.599337,-577.64264,577.64264,0.0009999999
0.0009999999,577.64264,593386.5,0.39996302,,0.2,,142.06046,255805,0.0009999999,-131.05202,,32185.83767414093,13.448994,-0.04,5.3729473e-12,0.0009999999,,11,0.12,4177,98.77659,14.7158165,inf,4177,,,61.24132152262389,1296,inf,0.12,,-137.06046,14.598816,-577.64264,577.64264,0.0009999999
0.0009999999,577.64264,593497.0,0.4816025,,0.2,,142.0529,255817,0.0009999999,-105.526924,,32197.88298225403,15.320468,-0.04,5.3703756e-12,0.0009999999,,11,0.12,4178,98.77659,14.715577,inf,4178,,,61.229535662996646,1296,inf,0.2,,-137.0529,14.598756,-577.64264,577.64264,0.0009999999
0.0009999999,577.64264,593612.9,0.16260268,,0.2,,142.04663,255833,0.0009999999,-110.826675,,32209.943165302277,15.059225,0.04,5.3678056e-12,0.0009999999,,11,0.12,4179,98.77659,14.715338,inf,4179,,,61.21871261067241,1296,inf,-0.2,,-137.04663,14.59862,-577.64264,577.64264,0.0009999999
0.0009999999,577.64264,593732.5,0.24211803,,0.2,,142.04128,255858,0.0009999999,-114.67408,,32222.210765123367,13.910297,0.04,5.3652378e-12,0.0009999999,,11,0.12,4180,98.77659,14.715099,inf,4180,,,61.21004784688995,1296,inf,-0.12,,-137.04128,14.598223,-577.64264,577.64264,0.0009999999
0.0009999999,577.64264,593851.1,0.320815,,0.2,,142.03566,255877,0.0009999999,-113.62777,,32233.67407488823,13.907401,0.04,5.3626717e-12,0.0009999999,,11,0.12,4181,98.77659,14.71486,inf,4181,,,61.199952164553935,1296,inf,-0.04,,-137.03566,14.597813,-577.64264,577.64264,0.0009999999
0.0009999999,577.64264,593975.75,0.4023298,,0.2,,142.03151,255900,0.0009999999,-119.583855,,32244.77085709572,15.069319,0.04,5.3601073e-12,0.0009999999,,11,0.12,4182,98.77659,14.714621,inf,4182,,,61.19081779053084,1296,inf,0.04,,-137.03151,14.597689,-577.64264,577.64264,0.0009999999
0.0009999999,577.64264,594117.5,0.47997555,,0.2,,142.03143,255945,0.0009999999,-136.79778,,32255.588243484497,12.276731,0.04,5.3575447e-12,0.0009999999,,11,0.12,4183,98.77659,14.714381,inf,4183,,,61.18694716710495,1296,inf,0.12,,-137.03143,14.596891,-577.64264,577.64264,0.0009999999
0.0009999999,577.64264,594242.25,0.56382406,,0.2,,142.02731,255971,0.0009999999,-119.75258,,32266.138158798218,14.578195,0.04,5.3549843e-12,0.0009999999,,11,0.12,4184,98.77659,14.714143,inf,4184,,,61.17853728489484,1296,inf,0.2,,-137.02731,14.596654,-577.64264,577.64264,0.0009999999
0.0009999999,577.64264,594414.6,0.24214403,,0.2,,142.03456,256042,0.0009999999,-167.36163,,32276.96653318405,13.140261,0.12,5.352425e-12,0.0009999999,,11,0.12,4185,98.77659,14.713903,inf,4185,,,61.18088410991637,1296,inf,-0.2,,-137.03456,14.596062,-577.64264,577.64264,0.0009999999
0.0009999999,577.64264,594535.5,0.31848264,,0.2,,142.02951,256062,0.0009999999,-115.901,,32287.768045663834,12.085434,0.12,5.349868e-12,0.0009999999,,11,0.12,4186,98.77659,14.713665,inf,4186,,,61.171046344959386,1296,inf,-0.12,,-137.02951,14.595226,-577.64264,577.64264,0.0009999999
0.0009999999,577.64264,594646.75,0.40134144,,0.2,,142.02216,256076,0.0009999999,-106.21789,,32298.19186282158,14.51999,0.12,5.3473133e-12,0.0009999999,,11,0.12,4187,98.77659,14.713426,inf,4187,,,61.15978027227131,1296,inf,-0.04,,-137.02216,14.594968,-577.64264,577.64264,0.0009999999
0.0009999999,577.64264,594770.56,0.48227996,,0.2,,142.0178,256108,0.0009999999,-118.84767,,32308.404026031494,15.12806,0.12,5.3447594e-12,0.0009999999,,11,0.12,4188,98.77659,14.713187,inf,4188,,,61.152817574021014,1296,inf,0.04,,-137.0178,14.594859,-577.64264,577.64264,0.0009999999
0.0009999999,577.64264,594886.7,0.5600455,,0.2,,142.01163,256124,0.0009999999,-111.09681,,32319.060833454132,14.140554,0.12,5.342208e-12,0.0009999999,,11,0.12,4189,98.77659,14.712948,inf,4189,,,61.14203867271425,1296,inf,0.12,,-137.01163,14.594509,-577.64264,577.64264,0.0009999999
0.0009999999,577.64264,595009.4,0.64200735,,0.2,,142.007,256150,0.0009999999,-117.710106,,32329.515664339066,13.605328,0.12,5.3396584e-12,0.0009999999,,11,0.12,4190,98.77659,14.712709,inf,4190,,,61.133651551312646,1296,inf,0.2,,-137.007,14.594039,-577.64264,577.64264,0.0009999999
0.0009999999,577.64264,595164.0,0.32020307,,0.2,,142.01003,256204,0.0009999999,-149.6148,,32339.776495695114,13.135311,0.2,5.337111e-12,0.0009999999,,11,0.12,4191,98.77659,14.712471,inf,4191,,,61.131949415413985,1296,inf,-0.2,,-137.01003,14.593445,-577.64264,577.64264,0.0009999999
0.0009999999,577.64264,595274.0,0.39704597,,0.2,,142.00238,256217,0.0009999999,-105.05251,,32350.33945775032,12.758104,0.2,5.334565e-12,0.0009999999,,11,0.12,4192,98.77659,14.712233,inf,4192,,,61.12046755725191,1296,inf,-0.12,,-137.00238,14.592774,-577.64264,577.64264,0.0009999999
0.0009999999,577.64264,595390.25,0.47792968,,0.2,,141.99625,256233,0.0009999999,-111.18763,,32363.192977428436,12.847086,0.2,5.33202e-12,0.0009999999,,11,0.12,4193,98.77659,14.711994,inf,4193,,,61.10970665394706,1296,inf,-0.04,,-136.99625,14.592114,-577.64264,577.64264,0.0009999999
0.0009999999,577.64264,595499.9,0.5607081,,0.2,,141.98853,256247,0.0009999999,-104.685196,,32375.461612701416,14.707562,0.2,5.329478e-12,0.0009999999,,11,0.12,4194,98.77659,14.711755,inf,4194,,,61.09847401049118,1296,inf,0.04,,-136.98853,14.591906,-577.64264,577.64264,0.0009999999
0.0009999999,577.64264,595616.0,0.64151067,,0.2,,141.98236,256263,0.0009999999,-111.122086,,32387.503255605698,14.033643,0.2,5.3269377e-12,0.0009999999,,11,0.12,4195,98.77659,14.711516,inf,4195,,,61.08772348033373,1296,inf,0.12,,-136.98236,14.591531,-577.64264,577.64264,0.0009999999
0.0009999999,577.64264,595734.6,0.7197177,,0.2,,141.97679,256282,0.0009999999,-113.54487,,32399.79264855385,14.317698,0.2,5.324399e-12,0.0009999999,,11,0.12,4196,98.77659,14.711279,inf,4196,,,61.07769304099142,1296,inf,0.2,,-136.97679,14.591232,-577.64264,577.64264,0.0009999999
0.0009999999,577.64264,595853.4,-0.31792367,,-0.2,,141.97125,256301,0.0009999999,-113.78517,,32411.52192544937,15.106728,-0.2,5.321862e-12,0.0009999999,,11,0.2,4197,98.77659,14.7110405,inf,4197,,,61.06766738146295,1296,inf,-0.12,,-136.97125,14.591115,-577.64264,577.64264,0.0009999999
0.0009999999,577.64264,595965.75,-0.23652545,,-0.2,,141.9642,256325,0.0009999999,-107.35623,,32422.71585536003,13.560797,-0.2,5.3193266e-12,0.0009999999,,11,0.2,4198,98.77659,14.710802,inf,4198,,,61.058837541686515,1296,inf,-0.04,,-136.9642,14.590633,-577.64264,577.64264,0.0009999999
0.0009999999,577.64264,596083.06,-0.15804645,,-0.2,,141.95834,256348,0.0009999999,-112.27855,,32433.672850370407,12.93672,-0.2,5.3167934e-12,0.0009999999,,11,0.2,4199,98.77659,14.710564,inf,4199,,,61.04977375565611,1296,inf,0.04,,-136.95834,14.589999,-577.64264,577.64264,0.0009999999
0.0009999999,577.64264,596204.75,-0.08080728,,-0.2,,141.9535,256375,0.0009999999,-116.738914,,32444.24647951126,13.987564,-0.2,5.314262e-12,0.0009999999,,11,0.2,4200,98.77659,14.710325,inf,4200,,,61.041666666666664,1296,inf,0.12,,-136.9535,14.58962,-577.64264,577.64264,0.0009999999
0.0009999999,577.64264,596321.25,-0.3172216,,-0.2,,141.94745,256393,0.0009999999,-111.4626,,32455.10381412506,15.08093,-0.12,5.311732e-12,0.0009999999,,11,0.2,4201,98.77659,14.710088,inf,4201,,,61.03142109021662,1296,inf,-0.2,,-136.94745,14.5894985,-577.64264,577.64264,0.0009999999
0.0009999999,577.64264,596445.1,-0.2398131,,-0.2,,141.94315,256415,0.0009999999,-118.89743,,32466.4307847023,10.763198,-0.12,5.309204e-12,0.0009999999,,11,0.2,4202,98.77659,14.709849,inf,4202,,,61.022132317943836,1296,inf,-0.12,,-136.94315,14.58835,-577.64264,577.64264,0.0009999999
0.0009999999,577.64264,596566.5,-0.15838046,,-0.2,,141.93826,256440,0.0009999999,-116.366295,,32477.383215665817,14.257702,-0.12,5.306678e-12,0.0009999999,,11,0.2,4203,98.77659,14.709612,inf,4203,,,61.01356174161313,1296,inf,-0.04,,-136.93826,14.588034,-577.64264,577.64264,0.0009999999
0.0009999999,577.64264,596677.9,-0.07732381,,-0.2,,141.93098,256455,0.0009999999,-106.344864,,32487.971004247665,13.701347,-0.12,5.304154e-12,0.0009999999,,11,0.2,4204,98.77659,14.709373,inf,4204,,,61.00261655566128,1296,inf,0.04,,-136.93098,14.587584,-577.64264,577.64264,0.0009999999
0.0009999999,577.64264,596789.3,0.002202727,,-0.2,,141.92374,256471,0.0009999999,-106.46886,,32498.479697704315,14.65175,-0.12,5.301631e-12,0.0009999999,,11,0.2,4205,98.77659,14.709136,inf,4205,,,60.99191438763377,1296,inf,0.12,,-136.92374,14.587362,-577.64264,577.64264,0.0009999999
0.0009999999,577.64264,596920.6,0.08109595,,-0.2,,141.92122,256506,0.0009999999,-126.29742,,32509.07539319992,14.875429,-0.12,5.2991105e-12,0.0009999999,,11,0.2,4206,98.77659,14.708899,inf,4206,,,60.98573466476462,1296,inf,0.2,,-136.92122,14.587193,-577.64264,577.64264,0.0009999999
0.0009999999,577.64264,597045.25,-0.23836885,,-0.2,,141.9171,256530,0.0009999999,-119.696884,,32519.39901971817,14.559101,-0.04,5.296592e-12,0.0009999999,,11,0.2,4207,98.77659,14.70866,inf,4207,,,60.976943189921556,1296,inf,-0.2,,-136.9171,14.586947,-577.64264,577.64264,0.0009999999
0.0009999999,577.64264,597154.1,-0.15889679,,-0.2,,141.90926,256555,0.0009999999,-103.83369,,32529.677185297012,14.334283,-0.04,5.2940746e-12,0.0009999999,,11,0.2,4208,98.77659,14.708423,inf,4208,,,60.968393536121674,1296,inf,-0.12,,-136.90926,14.586649,-577.64264,577.64264,0.0009999999
0.0009999999,577.64264,597285.75,-0.079285994,,-0.2,,141.9068,256593,0.0009999999,-126.57824,,32542.097103595734,13.086279,-0.04,5.2915597e-12,0.0009999999,,11,0.2,4209,98.77659,14.708185,inf,4209,,,60.96293656450463,1296,inf,-0.04,,-136.9068,14.586057,-577.64264,577.64264,0.0009999999
0.0009999999,577.64264,597430.6,-0.0014112554,,-0.2,,141.90752,256645,0.0009999999,-139.92062,,32554.4111866951,14.095399,-0.04,5.2890457e-12,0.0009999999,,11,0.2,4210,98.77659,14.707948,inf,4210,,,60.96080760095012,1296,inf,0.04,,-136.90752,14.5857,-577.64264,577.64264,0.0009999999
0.0009999999,577.64264,597552.4,0.07768318,,-0.2,,141.90273,256669,0.0009999999,-116.67101,,32566.866358995438,13.916172,-0.04,5.2865342e-12,0.0009999999,,11,0.2,4211,98.77659,14.70771,inf,4211,,,60.95203039658038,1296,inf,0.12,,-136.90273,14.585305,-577.64264,577.64264,0.0009999999
0.0009999999,577.64264,597686.6,0.16113122,,-0.2,,141.90091,256703,0.0009999999,-129.24367,,32579.306154966354,14.68287,-0.04,5.284024e-12,0.0009999999,,11,0.2,4212,98.77659,14.707473,inf,4212,,,60.94563152896486,1296,inf,0.2,,-136.90091,14.58509,-577.64264,577.64264,0.0009999999
0.0009999999,577.64264,597854.7,-0.16071191,,-0.2,,141.90712,256773,0.0009999999,-163.10533,,32591.03700375557,13.977896,0.04,5.2815157e-12,0.0009999999,,11,0.2,4213,98.77659,14.707235,inf,4213,,,60.947780678851174,1296,inf,-0.2,,-136.90712,14.584711,-577.64264,577.64264,0.0009999999
0.0009999999,577.64264,597965.4,-0.07909936,,-0.2,,141.8997,256801,0.0009999999,-105.68273,,32602.33977341652,13.829133,0.04,5.27901e-12,0.0009999999,,11,0.2,4214,98.77659,14.706998,inf,4214,,,60.93996203132416,1296,inf,-0.12,,-136.8997,14.584292,-577.64264,577.64264,0.0009999999
0.0009999999,577.64264,598078.5,-0.0002837628,,-0.2,,141.89288,256818,0.0009999999,-108.16443,,32613.37070441246,15.24148,0.04,5.2765045e-12,0.0009999999,,11,0.2,4215,98.77659,14.70676,inf,4215,,,60.92953736654804,1296,inf,-0.04,,-136.89288,14.584214,-577.64264,577.64264,0.0009999999
0.0009999999,577.64264,598193.94,0.07829334,,-0.2,,141.88661,256839,0.0009999999,-110.41084,,32624.039068698883,15.130729,0.04,5.274002e-12,0.0009999999,,11,0.2,4216,98.77659,14.706523,inf,4216,,,60.92006641366224,1296,inf,0.04,,-136.88661,14.584103,-577.64264,577.64264,0.0009999999
0.0009999999,577.64264,598324.3,0.15921755,,-0.2,,141.88388,256876,0.0009999999,-125.36719,,32634.990170001984,14.163589,0.04,5.271501e-12,0.0009999999,,11,0.2,4217,98.77659,14.706286,inf,4217,,,60.91439411904197,1296,inf,0.12,,-136.88388,14.583771,-577.64264,577.64264,0.0009999999
0.0009999999,577.64264,598457.75,0.23761679,,-0.2,,141.88188,256911,0.0009999999,-128.47845,,32645.8674595356,14.963121,0.04,5.2690022e-12,0.0009999999,,11,0.2,4218,98.77659,14.706049,inf,4218,,,60.908250355618776,1296,inf,0.2,,-136.88188,14.583618,-577.64264,577.64264,0.0009999999
0.0009999999,577.64264,598577.25,-0.081230775,,-0.2,,141.87657,256929,0.0009999999,-114.51185,,32656.596273183823,14.540913,0.12,5.2665042e-12,0.0009999999,,11,0.2,4219,98.77659,14.705812,inf,4219,,,60.89808011377104,1296,inf,-0.2,,-136.87657,14.583378,-577.64264,577.64264,0.0009999999
0.0009999999,577.64264,598690.25,-0.0012739003,,-0.2,,141.86972,256944,0.0009999999,-107.94013,,32667.07356929779,15.318994,0.12,5.2640093e-12,0.0009999999,,11,0.2,4220,98.77659,14.705575,inf,4220,,,60.8872037914692,1296,inf,-0.12,,-136.86972,14.583308,-577.64264,577.64264,0.0009999999
0.0009999999,577.64264,598799.6,0.0785932,,-0.2,,141.86203,256959,0.0009999999,-104.35046,,32677.317083120346,14.546979,0.12,5.2615147e-12,0.0009999999,,11,0.2,4221,98.77659,14.7053385,inf,4221,,,60.87633262260128,1296,inf,-0.04,,-136.86203,14.583067,-577.64264,577.64264,0.0009999999
0.0009999999,577.64264,598911.75,0.15936889,,-0.2,,141.85498,256972,0.0009999999,-107.177635,,32687.681668519974,11.45388,0.12,5.259023e-12,0.0009999999,,11,0.2,4222,98.77659,14.705101,inf,4222,,,60.864992894362864,1296,inf,0.04,,-136.85498,14.582085,-577.64264,577.64264,0.0009999999
0.0009999999,577.64264,599033.75,0.23607275,,-0.2,,141.85028,257002,0.0009999999,-116.97516,,32698.253934144974,14.547388,0.12,5.2565326e-12,0.0009999999,,11,0.2,4223,98.77659,14.7048645,inf,4223,,,60.857684110821694,1296,inf,0.12,,-136.85028,14.581843,-577.64264,577.64264,0.0009999999
0.0009999999,577.64264,599156.6,0.31806728,,-0.2,,141.8458,257028,0.0009999999,-117.852585,,32708.68763279915,11.923964,0.12,5.2540437e-12,0.0009999999,,11,0.2,4224,98.77659,14.704628,inf,4224,,,60.84943181818182,1296,inf,0.2,,-136.8458,14.580976,-577.64264,577.64264,0.0009999999
0.0009999999,577.64264,599284.75,0.0764419,,-0.2,,141.84254,257056,0.0009999999,-123.12512,,32718.53138232231,14.212569,0.2,5.2515566e-12,0.0009999999,,11,0.2,4225,98.77659,14.704391,inf,4225,,,60.84165680473373,1296,inf,-0.12,,-136.84254,14.580653,-577.64264,577.64264,0.0009999999
0.0009999999,577.64264,599399.9,0.15982828,,-0.2,,141.83623,257075,0.0009999999,-110.1453,,32730.048445224762,12.197101,0.2,5.249072e-12,0.0009999999,,11,0.2,4226,98.77659,14.704154,inf,4226,,,60.831755797444394,1296,inf,-0.04,,-136.83623,14.579852,-577.64264,577.64264,0.0009999999
0.0009999999,577.64264,599520.06,0.23938493,,-0.2,,141.8311,257095,0.0009999999,-115.229706,,32742.294956684113,15.550826,0.2,5.2465888e-12,0.0009999999,,11,0.2,4227,98.77659,14.7039175,inf,4227,,,60.822096049207474,1296,inf,0.04,,-136.8311,14.579847,-577.64264,577.64264,0.0009999999
0.0009999999,577.64264,599633.0,0.32340598,,-0.2,,141.82426,257116,0.0009999999,-107.95432,,32754.98943424225,15.321105,0.2,5.244107e-12,0.0009999999,,11,0.2,4228,98.77659,14.703681,inf,4228,,,60.81267738883633,1296,inf,0.12,,-136.82426,14.579782,-577.64264,577.64264,0.0009999999
0.0009999999,577.64264,599757.0,-0.32043034,,-0.12,,141.82005,257144,0.0009999999,-118.99735,,32766.826736450195,13.80833,-0.2,5.2416274e-12,0.0009999999,,11,0.2,4229,98.77659,14.7034445,inf,4229,,,60.80491842043036,1296,inf,-0.2,,-136.82005,14.579367,-577.64264,577.64264,0.0009999999
0.0009999999,577.64264,599875.4,-0.24011746,,-0.12,,141.81451,257163,0.0009999999,-113.326706,,32778.26108646393,15.191554,-0.2,5.2391494e-12,0.0009999999,,11,0.2,4230,98.77659,14.703208,inf,4230,,,60.79503546099291,1296,inf,-0.12,,-136.81451,14.57927,-577.64264,577.64264,0.0009999999
0.0009999999,577.64264,599985.0,-0.16051403,,-0.12,,141.8069,257178,0.0009999999,-104.65227,,32789.74839472771,15.0729475,-0.2,5.236673e-12,0.0009999999,,11,0.2,4231,98.77659,14.702971,inf,4231,,,60.78421177026708,1296,inf,-0.04,,-136.8069,14.579153,-577.64264,577.64264,0.0009999999
0.0009999999,577.64264,600106.5,-0.08086856,,-0.12,,141.80211,257201,0.0009999999,-116.46045,,32800.72943377495,11.983627,-0.2,5.2341985e-12,0.0009999999,,11,0.2,4232,98.77659,14.702736,inf,4232,,,60.775283553875234,1296,inf,0.04,,-136.80211,14.578302,-577.64264,577.64264,0.0009999999
0.0009999999,577.64264,600222.4,-0.0034931153,,-0.12,,141.79597,257223,0.0009999999,-110.948845,,32811.84964466095,14.324123,-0.2,5.231726e-12,0.0009999999,,11,0.2,4233,98.77659,14.702499,inf,4233,,,60.766123316796595,1296,inf,0.12,,-136.79597,14.578009,-577.64264,577.64264,0.0009999999
0.0009999999,577.64264,600339.9,0.07573199,,-0.12,,141.79024,257251,0.0009999999,-112.49846,,32822.90600275993,13.664511,-0.2,5.229255e-12,0.0009999999,,11,0.2,4234,98.77659,14.702263,inf,4234,,,60.75838450637695,1296,inf,0.2,,-136.79024,14.577557,-577.64264,577.64264,0.0009999999
0.0009999999,577.64264,600455.4,-0.24027441,,-0.12,,141.78403,257267,0.0009999999,-110.51034,,32833.56468939781,13.322834,-0.12,5.226785e-12,0.0009999999,,11,0.2,4235,98.77659,14.702027,inf,4235,,,60.747815820543096,1296,inf,-0.2,,-136.78403,14.5770235,-577.64264,577.64264,0.0009999999
0.0009999999,577.64264,600566.25,-0.16028112,,-0.12,,141.77673,257285,0.0009999999,-105.79689,,32844.34484362602,14.359523,-0.12,5.224318e-12,0.0009999999,,11,0.2,4236,98.77659,14.701791,inf,4236,,,60.73772426817752,1296,inf,-0.12,,-136.77673,14.576737,-577.64264,577.64264,0.0009999999
0.0009999999,577.64264,600683.0,-0.07903855,,-0.12,,141.77083,257304,0.0009999999,-111.75659,,32855.09404921532,11.84368,-0.12,5.221852e-12,0.0009999999,,11,0.2,4237,98.77659,14.701554,inf,4237,,,60.72787349539769,1296,inf,-0.04,,-136.77083,14.575855,-577.64264,577.64264,0.0009999999
0.0009999999,577.64264,600797.4,-0.004836954,,-0.12,,141.76436,257324,0.0009999999,-109.39875,,32865.64269518852,14.308319,-0.12,5.2193883e-12,0.0009999999,,11,0.2,4238,98.77659,14.701319,inf,4238,,,60.71826333176026,1296,inf,0.04,,-136.76436,14.575557,-577.64264,577.64264,0.0009999999
0.0009999999,577.64264,600910.06,0.0781596,,-0.12,,141.7575,257338,0.0009999999,-107.688866,,32876.01114320755,12.050536,-0.12,5.216926e-12,0.0009999999,,11,0.2,4239,98.77659,14.701083,inf,4239,,,60.707242274121256,1296,inf,0.12,,-136.7575,14.574724,-577.64264,577.64264,0.0009999999
0.0009999999,577.64264,601026.0,0.16034567,,-0.12,,141.75142,257358,0.0009999999,-110.95625,,32886.34801888466,11.056579,-0.12,5.214465e-12,0.0009999999,,11,0.2,4240,98.77659,14.700847,inf,4240,,,60.697641509433964,1296,inf,0.2,,-136.75142,14.573659,-577.64264,577.64264,0.0009999999
0.0009999999,577.64264,601141.4,-0.15873942,,-0.12,,141.7452,257374,0.0009999999,-110.32506,,32896.79265189171,13.0693245,-0.04,5.2120066e-12,0.0009999999,,11,0.2,4241,98.77659,14.700611,inf,4241,,,60.68710209856166,1296,inf,-0.2,,-136.7452,14.573067,-577.64264,577.64264,0.0009999999
0.0009999999,577.64264,601252.8,-0.07893174,,-0.12,,141.73805,257396,0.0009999999,-106.49081,,32907.301443338394,14.785932,-0.04,5.2095494e-12,0.0009999999,,11,0.2,4242,98.77659,14.700376,inf,4242,,,60.67798208392268,1296,inf,-0.12,,-136.73805,14.572884,-577.64264,577.64264,0.0009999999
0.0009999999,577.64264,601365.8,0.0032994486,,-0.12,,141.73128,257412,0.0009999999,-107.99628,,32919.68101477623,13.132748,-0.04,5.2070943e-12,0.0009999999,,11,0.2,4243,98.77659,14.70014,inf,4243,,,60.667452274334195,1296,inf,-0.04,,-136.73128,14.572307,-577.64264,577.64264,0.0009999999
0.0009999999,577.64264,601482.0,0.081149936,,-0.12,,141.72527,257432,0.0009999999,-111.204765,,32932.411821603775,13.520498,-0.04,5.2046405e-12,0.0009999999,,11,0.2,4244,98.77659,14.699904,inf,4244,,,60.657869934024504,1296,inf,0.04,,-136.72527,14.571826,-577.64264,577.64264,0.0009999999
0.0009999999,577.64264,601618.3,0.15585369,,-0.12,,141.72398,257466,0.0009999999,-131.28647,,32944.84849739075,14.2596445,-0.04,5.2021885e-12,0.0009999999,,11,0.2,4245,98.77659,14.699668,inf,4245,,,60.65159010600707,1296,inf,0.12,,-136.72398,14.571514,-577.64264,577.64264,0.0009999999
0.0009999999,577.64264,601735.0,0.23978968,,-0.12,,141.7181,257483,0.0009999999,-111.70806,,32957.31686592102,13.26849,-0.04,5.1997386e-12,0.0009999999,,11,0.2,4246,98.77659,14.699432,inf,4246,,,60.64130946773434,1296,inf,0.2,,-136.7181,14.570975,-577.64264,577.64264,0.0009999999
0.0009999999,577.64264,601896.4,-0.08182469,,-0.12,,141.72272,257548,0.0009999999,-156.36253,,32969.44308400154,12.497552,0.04,5.1972905e-12,0.0009999999,,11,0.2,4247,98.77659,14.699198,inf,4247,,,60.64233576642336,1296,inf,-0.2,,-136.72272,14.570249,-577.64264,577.64264,0.0009999999
0.0009999999,577.64264,602024.5,-0.0020344704,,-0.12,,141.71951,257579,0.0009999999,-123.08779,,32980.96177816391,15.117652,0.04,5.1948437e-12,0.0009999999,,11,0.2,4248,98.77659,14.698962,inf,4248,,,60.63535781544256,1296,inf,-0.12,,-136.71951,14.570147,-577.64264,577.64264,0.0009999999
0.0009999999,577.64264,602140.6,0.07867336,,-0.12,,141.71349,257601,0.0009999999,-111.12027,,32992.2200152874,14.981037,0.04,5.1923986e-12,0.0009999999,,11,0.2,4249,98.77659,14.698727,inf,4249,,,60.62626500353024,1296,inf,-0.04,,-136.71349,14.570002,-577.64264,577.64264,0.0009999999
0.0009999999,577.64264,602281.1,0.15624784,,-0.12,,141.71321,257638,0.0009999999,-135.5067,,33003.855015039444,15.127221,0.04,5.1899557e-12,0.0009999999,,11,0.2,4250,98.77659,14.698491,inf,4250,,,60.620705882352944,1296,inf,0.04,,-136.71321,14.569905,-577.64264,577.64264,0.0009999999
0.0009999999,577.64264,602408.5,0.23965193,,-0.12,,141.70984,257668,0.0009999999,-122.43036,,33015.08197307587,12.5259285,0.04,5.187514e-12,0.0009999999,,11,0.2,4251,98.77659,14.698256,inf,4251,,,60.61350270524582,1296,inf,0.12,,-136.70984,14.569181,-577.64264,577.64264,0.0009999999
0.0009999999,577.64264,602528.4,0.32014397,,-0.12,,141.7047,257688,0.0009999999,-114.81123,,33025.865552425385,12.964745,0.04,5.1850746e-12,0.0009999999,,11,0.2,4252,98.77659,14.698021,inf,4252,,,60.60395108184384,1296,inf,0.2,,-136.7047,14.568572,-577.64264,577.64264,0.0009999999
0.0009999999,577.64264,602664.25,-0.00045660138,,-0.12,,141.70332,257721,0.0009999999,-130.91225,,33036.72989177704,14.633195,0.12,5.182636e-12,0.0009999999,,11,0.2,4253,98.77659,14.697785,inf,4253,,,60.59746061603574,1296,inf,-0.2,,-136.70332,14.56835,-577.64264,577.64264,0.0009999999
0.0009999999,577.64264,602774.6,0.08074461,,-0.12,,141.69597,257740,0.0009999999,-105.3887,,33047.61516499519,11.884746,0.12,5.1802e-12,0.0009999999,,11,0.2,4254,98.77659,14.697551,inf,4254,,,60.58768218147626,1296,inf,-0.12,,-136.69597,14.567487,-577.64264,577.64264,0.0009999999
0.0009999999,577.64264,602890.3,0.16060916,,-0.12,,141.68985,257758,0.0009999999,-110.635155,,33058.40558028221,14.807211,0.12,5.1777653e-12,0.0009999999,,11,0.2,4255,98.77659,14.697315,inf,4255,,,60.57767332549941,1296,inf,-0.04,,-136.68985,14.567307,-577.64264,577.64264,0.0009999999
0.0009999999,577.64264,603007.1,0.24065638,,-0.12,,141.684,257781,0.0009999999,-111.81695,,33069.01381587982,15.360521,0.12,5.1753324e-12,0.0009999999,,11,0.2,4256,98.77659,14.697081,inf,4256,,,60.568843984962406,1296,inf,0.04,,-136.684,14.567262,-577.64264,577.64264,0.0009999999
0.0009999999,577.64264,603124.1,0.31939858,,-0.12,,141.6782,257803,0.0009999999,-112.03578,,33079.64761924744,13.798148,0.12,5.1729016e-12,0.0009999999,,11,0.2,4257,98.77659,14.696845,inf,4257,,,60.55978388536528,1296,inf,0.12,,-136.6782,14.56684,-577.64264,577.64264,0.0009999999
0.0009999999,577.64264,603248.9,0.4001028,,-0.12,,141.67422,257829,0.0009999999,-119.72047,,33090.434430360794,14.858016,0.12,5.1704717e-12,0.0009999999,,11,0.2,4258,98.77659,14.69661,inf,4258,,,60.55166744950681,1296,inf,0.2,,-136.67422,14.566678,-577.64264,577.64264,0.0009999999
0.0009999999,577.64264,603379.5,0.07920416,,-0.12,,141.67163,257858,0.0009999999,-125.6028,,33102.48196005821,15.213016,0.2,5.1680444e-12,0.0009999999,,11,0.2,4259,98.77659,14.696376,inf,4259,,,60.544259215778354,1296,inf,-0.2,,-136.67163,14.56659,-577.64264,577.64264,0.0009999999
0.0009999999,577.64264,603499.75,0.15969396,,-0.12,,141.66661,257907,0.0009999999,-115.28755,,33114.49122095108,12.62013,0.2,5.1656184e-12,0.0009999999,,11,0.2,4260,98.77659,14.696141,inf,4260,,,60.54154929577465,1296,inf,-0.12,,-136.66661,14.565902,-577.64264,577.64264,0.0009999999
0.0009999999,577.64264,603621.7,0.240793,,-0.12,,141.66197,257935,0.0009999999,-116.93265,,33126.732535123825,12.947965,0.2,5.1631932e-12,0.0009999999,,11,0.2,4261,98.77659,14.695907,inf,4261,,,60.53391222717672,1296,inf,-0.04,,-136.66197,14.565287,-577.64264,577.64264,0.0009999999
0.0009999999,577.64264,603734.0,0.31985208,,-0.12,,141.65509,257949,0.0009999999,-107.313644,,33139.05453634262,15.517804,0.2,5.160771e-12,0.0009999999,,11,0.2,4262,98.77659,14.695672,inf,4262,,,60.52299389957766,1296,inf,0.04,,-136.65509,14.565277,-577.64264,577.64264,0.0009999999
0.0009999999,577.64264,603847.6,0.40017724,,-0.12,,141.64851,257963,0.0009999999,-108.65982,,33150.90840625763,15.367654,0.2,5.1583507e-12,0.0009999999,,11,0.2,4263,98.77659,14.695437,inf,4263,,,60.51208069434671,1296,inf,0.12,,-136.64851,14.56523,-577.64264,577.64264,0.0009999999
0.0009999999,577.64264,603967.2,0.48383397,,-0.12,,141.64334,257982,0.0009999999,-114.53394,,33162.4754948616,14.575292,0.2,5.1559317e-12,0.0009999999,,11,0.2,4264,98.77659,14.695203,inf,4264,,,60.50234521575985,1296,inf,0.2,,-136.64334,14.564998,-577.64264,577.64264,0.0009999999
0.0009999999,577.64264,604087.75,-0.23877642,,-0.04,,141.6384,258002,0.0009999999,-115.53336,,33173.762348890305,12.854608,-0.2,5.1535143e-12,0.0009999999,,11,0.2,4265,98.77659,14.694968,inf,4265,,,60.49284876905041,1296,inf,-0.2,,-136.6384,14.5643635,-577.64264,577.64264,0.0009999999
0.0009999999,577.64264,604198.0,-0.15852089,,-0.04,,141.63104,258014,0.0009999999,-105.26647,,33185.541986227036,12.58434,-0.2,5.151098e-12,0.0009999999,,11,0.2,4266,98.77659,14.694734,inf,4266,,,60.48148148148148,1296,inf,-0.12,,-136.63104,14.563663,-577.64264,577.64264,0.0009999999
0.0009999999,577.64264,604308.75,-0.07907754,,-0.04,,141.6238,258029,0.0009999999,-105.73849,,33196.83774638176,13.750102,-0.2,5.1486844e-12,0.0009999999,,11,0.2,4267,98.77659,14.694499,inf,4267,,,60.470822591985,1296,inf,-0.04,,-136.6238,14.56324,-577.64264,577.64264,0.0009999999
0.0009999999,577.64264,604420.25,-0.00083156675,,-0.04,,141.61674,258051,0.0009999999,-106.5318,,33207.582104444504,12.043254,-0.2,5.146272e-12,0.0009999999,,11,0.2,4268,98.77659,14.694264,inf,4268,,,60.461808809746955,1296,inf,0.04,,-136.61674,14.562412,-577.64264,577.64264,0.0009999999
0.0009999999,577.64264,604538.94,0.08036202,,-0.04,,141.61137,258073,0.0009999999,-113.66934,,33218.61410570145,15.033222,-0.2,5.1438615e-12,0.0009999999,,11,0.2,4269,98.77659,14.694031,inf,4269,,,60.45279925040993,1296,inf,0.12,,-136.61137,14.562289,-577.64264,577.64264,0.0009999999
0.0009999999,577.64264,604650.06,0.16004339,,-0.04,,141.60423,258088,0.0009999999,-106.12628,,33229.31298685074,15.561848,-0.2,5.141452e-12,0.0009999999,,11,0.2,4270,98.77659,14.693796,inf,4270,,,60.44215456674473,1296,inf,0.2,,-136.60423,14.562289,-577.64264,577.64264,0.0009999999
0.0009999999,577.64264,604771.25,-0.15825498,,-0.04,,141.59946,258111,0.0009999999,-116.229614,,33239.90766477585,13.976043,-0.12,5.1390446e-12,0.0009999999,,11,0.2,4271,98.77659,14.6935625,inf,4271,,,60.43338796534769,1296,inf,-0.2,,-136.59946,14.56192,-577.64264,577.64264,0.0009999999
0.0009999999,577.64264,604883.25,-0.07932778,,-0.04,,141.59251,258129,0.0009999999,-106.98443,,33250.253026008606,15.150863,-0.12,5.136639e-12,0.0009999999,,11,0.2,4272,98.77659,14.693328,inf,4272,,,60.423455056179776,1296,inf,-0.12,,-136.59251,14.561822,-577.64264,577.64264,0.0009999999
0.0009999999,577.64264,604991.5,-0.00028071925,,-0.04,,141.58472,258150,0.0009999999,-103.26904,,33260.85030412674,13.682339,-0.12,5.134235e-12,0.0009999999,,11,0.2,4273,98.77659,14.693094,inf,4273,,,60.41422887900772,1296,inf,-0.04,,-136.58472,14.561385,-577.64264,577.64264,0.0009999999
0.0009999999,577.64264,605103.2,0.07730834,,-0.04,,141.57773,258163,0.0009999999,-106.638336,,33271.473573446274,12.314808,-0.12,5.131833e-12,0.0009999999,,11,0.2,4274,98.77659,14.69286,inf,4274,,,60.403135236312586,1296,inf,0.04,,-136.57773,14.560621,-577.64264,577.64264,0.0009999999
0.0009999999,577.64264,605218.5,0.15922229,,-0.04,,141.57158,258178,0.0009999999,-110.312706,,33282.44800686836,12.970513,-0.12,5.1294325e-12,0.0009999999,,11,0.2,4275,98.77659,14.692626,inf,4275,,,60.39251461988304,1296,inf,0.12,,-136.57158,14.560022,-577.64264,577.64264,0.0009999999
0.0009999999,577.64264,605350.1,0.2394761,,-0.04,,141.56926,258210,0.0009999999,-126.584984,,33295.03762674332,13.056078,-0.12,5.1270333e-12,0.0009999999,,11,0.2,4276,98.77659,14.692392,inf,4276,,,60.385874649204865,1296,inf,0.2,,-136.56926,14.559429,-577.64264,577.64264,0.0009999999
0.0009999999,577.64264,605473.6,-0.07971288,,-0.04,,141.56503,258236,0.0009999999,-118.557205,,33307.97045016289,15.500123,-0.04,5.124636e-12,0.0009999999,,11,0.2,4277,98.77659,14.692159,inf,4277,,,60.37783493102642,1296,inf,-0.2,,-136.56503,14.559421,-577.64264,577.64264,0.0009999999
0.0009999999,577.64264,605584.9,-2.4624169e-05,,-0.04,,141.55794,258251,0.0009999999,-106.189865,,33320.73315238953,14.919354,-0.04,5.1222407e-12,0.0009999999,,11,0.2,4278,98.77659,14.691925,inf,4278,,,60.36722767648434,1296,inf,-0.12,,-136.55794,14.559266,-577.64264,577.64264,0.0009999999
0.0009999999,577.64264,605698.5,0.07695113,,-0.04,,141.5514,258266,0.0009999999,-108.65173,,33332.54589343071,13.335459,-0.04,5.1198464e-12,0.0009999999,,11,0.2,4279,98.77659,14.69169,inf,4279,,,60.356625379761624,1296,inf,-0.04,,-136.5514,14.55875,-577.64264,577.64264,0.0009999999
0.0009999999,577.64264,605835.4,0.1598028,,-0.04,,141.55032,258302,0.0009999999,-131.88303,,33344.7457280159,12.464456,-0.04,5.1174546e-12,0.0009999999,,11,0.2,4280,98.77659,14.691457,inf,4280,,,60.350934579439254,1296,inf,0.04,,-136.55032,14.558026,-577.64264,577.64264,0.0009999999
0.0009999999,577.64264,605957.0,0.2408039,,-0.04,,141.54567,258322,0.0009999999,-116.66986,,33356.549092292786,14.953499,-0.04,5.115064e-12,0.0009999999,,11,0.2,4281,98.77659,14.691223,inf,4281,,,60.34150899322588,1296,inf,0.12,,-136.54567,14.557886,-577.64264,577.64264,0.0009999999
0.0009999999,577.64264,606092.1,0.31896108,,-0.04,,141.54417,258357,0.0009999999,-130.111,,33368.1392083168,13.4199505,-0.04,5.1126755e-12,0.0009999999,,11,0.2,4282,98.77659,14.69099,inf,4282,,,60.335590845399345,1296,inf,0.2,,-136.54417,14.557383,-577.64264,577.64264,0.0009999999
0.0009999999,577.64264,606241.4,-0.0026163608,,-0.04,,141.54596,258403,0.0009999999,-144.24174,,33379.47979807854,13.109019,0.04,5.1102885e-12,0.0009999999,,11,0.2,4283,98.77659,14.690757,inf,4283,,,60.33224375437777,1296,inf,-0.2,,-136.54596,14.556814,-577.64264,577.64264,0.0009999999
0.0009999999,577.64264,606349.1,0.07846883,,-0.04,,141.53807,258430,0.0009999999,-102.79404,,33390.514130830765,14.569986,0.04,5.107903e-12,0.0009999999,,11,0.2,4284,98.77659,14.690523,inf,4284,,,60.324463118580766,1296,inf,-0.12,,-136.53807,14.5565815,-577.64264,577.64264,0.0009999999
0.0009999999,577.64264,606470.56,0.15544727,,-0.04,,141.53339,258496,0.0009999999,-116.40317,,33401.20089530945,14.672654,0.04,5.105519e-12,0.0009999999,,11,0.2,4285,98.77659,14.6902895,inf,4285,,,60.32578763127188,1296,inf,-0.04,,-136.53339,14.556376,-577.64264,577.64264,0.0009999999
0.0009999999,577.64264,606580.1,0.24283358,,-0.04,,141.52592,258513,0.0009999999,-104.53487,,33412.159677267075,9.419315,0.04,5.1031367e-12,0.0009999999,,11,0.2,4286,98.77659,14.690056,inf,4286,,,60.31567895473635,1296,inf,0.04,,-136.52592,14.554944,-577.64264,577.64264,0.0009999999
0.0009999999,577.64264,606718.1,0.31997958,,-0.04,,141.5251,258548,0.0009999999,-133.0887,,33422.539236068726,14.444778,0.04,5.1007566e-12,0.0009999999,,11,0.2,4287,98.77659,14.689823,inf,4287,,,60.309773734546305,1296,inf,0.12,,-136.5251,14.5546875,-577.64264,577.64264,0.0009999999
0.0009999999,577.64264,606837.4,0.39943457,,-0.04,,141.51991,258568,0.0009999999,-114.18898,,33433.25464773178,13.050929,0.04,5.098377e-12,0.0009999999,,11,0.2,4288,98.77659,14.6895895,inf,4288,,,60.30037313432836,1296,inf,0.2,,-136.51991,14.554102,-577.64264,577.64264,0.0009999999
0.0009999999,577.64264,606972.25,0.07917024,,-0.04,,141.51836,258602,0.0009999999,-129.84164,,33444.06042575836,14.7575445,0.12,5.0960004e-12,0.0009999999,,11,0.2,4289,98.77659,14.689357,inf,4289,,,60.29424108183726,1296,inf,-0.2,,-136.51836,14.553918,-577.64264,577.64264,0.0009999999
0.0009999999,577.64264,607082.94,0.15918764,,-0.04,,141.51117,258623,0.0009999999,-105.69462,,33454.634536504745,14.693285,0.12,5.0936247e-12,0.0009999999,,11,0.2,4290,98.77659,14.689123,inf,4290,,,60.285081585081585,1296,inf,-0.12,,-136.51117,14.553717,-577.64264,577.64264,0.0009999999
0.0009999999,577.64264,607198.9,0.23727268,,-0.04,,141.50522,258651,0.0009999999,-110.937294,,33465.14913582802,14.284267,0.12,5.0912508e-12,0.0009999999,,11,0.2,4291,98.77659,14.68889,inf,4291,,,60.277557678862735,1296,inf,-0.04,,-136.50522,14.553419,-577.64264,577.64264,0.0009999999
0.0009999999,577.64264,607312.4,0.32013494,,-0.04,,141.49869,258666,0.0009999999,-108.491486,,33475.78777170181,11.393621,0.12,5.0888785e-12,0.0009999999,,11,0.2,4292,98.77659,14.688658,inf,4292,,,60.26700838769804,1296,inf,0.04,,-136.49869,14.55245,-577.64264,577.64264,0.0009999999
0.0009999999,577.64264,607441.44,0.40224165,,-0.04,,141.49579,258701,0.0009999999,-124.09429,,33488.56450366974,12.800757,0.12,5.086508e-12,0.0009999999,,11,0.2,4293,98.77659,14.688424,inf,4293,,,60.26112275797811,1296,inf,0.12,,-136.49579,14.551808,-577.64264,577.64264,0.0009999999
0.0009999999,577.64264,607556.4,0.48265177,,-0.04,,141.48961,258719,0.0009999999,-109.914925,,33501.410855054855,14.681085,0.12,5.0841393e-12,0.0009999999,,11,0.2,4294,98.77659,14.688191,inf,4294,,,60.25128085700978,1296,inf,0.2,,-136.48961,14.551608,-577.64264,577.64264,0.0009999999
0.0009999999,577.64264,607699.0,0.16349587,,-0.04,,141.48987,258763,0.0009999999,-137.60316,,33513.86161875725,13.981088,0.2,5.0817722e-12,0.0009999999,,11,0.2,4295,98.77659,14.687959,inf,4295,,,60.24749708963912,1296,inf,-0.2,,-136.48987,14.551241,-577.64264,577.64264,0.0009999999
0.0009999999,577.64264,607806.75,0.23623496,,-0.04,,141.48203,258788,0.0009999999,-102.79194,,33526.184060812,12.724082,0.2,5.0794065e-12,0.0009999999,,11,0.2,4296,98.77659,14.687726,inf,4296,,,60.23929236499069,1296,inf,-0.12,,-136.48203,14.550587,-577.64264,577.64264,0.0009999999
0.0009999999,577.64264,607920.4,0.322195,,-0.04,,141.47554,258803,0.0009999999,-108.63286,,33538.757761478424,11.479779,0.2,5.077043e-12,0.0009999999,,11,0.2,4297,98.77659,14.687493,inf,4297,,,60.22876425413079,1296,inf,-0.04,,-136.47554,14.549635,-577.64264,577.64264,0.0009999999
0.0009999999,577.64264,608042.2,0.39916644,,-0.04,,141.47096,258823,0.0009999999,-116.8045,,33550.594043016434,12.776761,0.2,5.0746803e-12,0.0009999999,,11,0.2,4298,98.77659,14.687261,inf,4298,,,60.2194043741275,1296,inf,0.04,,-136.47096,14.548996,-577.64264,577.64264,0.0009999999
0.0009999999,577.64264,608156.7,0.4839345,,-0.04,,141.46469,258838,0.0009999999,-109.48241,,33562.20931529999,14.998958,0.2,5.0723197e-12,0.0009999999,,11,0.2,4299,98.77659,14.687028,inf,4299,,,60.20888578739242,1296,inf,0.12,,-136.46469,14.5488615,-577.64264,577.64264,0.0009999999
0.0009999999,577.64264,608273.0,0.5626508,,-0.04,,141.45883,258854,0.0009999999,-111.30994,,33573.97951698303,12.17106,0.2,5.069961e-12,0.0009999999,,11,0.2,4300,98.77659,14.686795,inf,4300,,,60.19860465116279,1296,inf,0.2,,-136.45883,14.5480795,-577.64264,577.64264,0.0009999999
0.0009999999,577.64264,608389.25,-0.16448756,,0.04,,141.45297,258873,0.0009999999,-111.25772,,33584.794165849686,13.244729,-0.2,5.0676035e-12,0.0009999999,,11,0.2,4301,98.77659,14.686563,inf,4301,,,60.18902580795164,1296,inf,-0.2,,-136.45297,14.547542,-577.64264,577.64264,0.0009999999
0.0009999999,577.64264,608501.0,-0.080045685,,0.04,,141.44608,258888,0.0009999999,-106.74373,,33595.64973449707,10.288985,-0.2,5.065248e-12,0.0009999999,,11,0.2,4302,98.77659,14.68633,inf,4302,,,60.17852161785216,1296,inf,-0.12,,-136.44608,14.546323,-577.64264,577.64264,0.0009999999
0.0009999999,577.64264,608624.75,9.381026e-05,,0.04,,141.44196,258923,0.0009999999,-118.74685,,33606.384400844574,14.614979,-0.2,5.062894e-12,0.0009999999,,11,0.2,4303,98.77659,14.686098,inf,4303,,,60.17267023007204,1296,inf,-0.04,,-136.44196,14.546103,-577.64264,577.64264,0.0009999999
0.0009999999,577.64264,608735.56,0.08002761,,0.04,,141.43484,258938,0.0009999999,-105.83155,,33617.31797552109,15.404398,-0.2,5.0605414e-12,0.0009999999,,11,0.2,4304,98.77659,14.685865,inf,4304,,,60.162174721189594,1296,inf,0.04,,-136.43484,14.546072,-577.64264,577.64264,0.0009999999
0.0009999999,577.64264,608846.0,0.16065036,,0.04,,141.42764,258955,0.0009999999,-105.401985,,33628.19204354286,15.20919,-0.2,5.058191e-12,0.0009999999,,11,0.2,4305,98.77659,14.685633,inf,4305,,,60.152148664343784,1296,inf,0.12,,-136.42764,14.545989,-577.64264,577.64264,0.0009999999
0.0009999999,577.64264,608964.5,0.24204658,,0.04,,141.42232,258973,0.0009999999,-113.56294,,33638.937948942184,15.424827,-0.2,5.0558416e-12,0.0009999999,,11,0.2,4306,98.77659,14.685401,inf,4306,,,60.14235949837436,1296,inf,0.2,,-136.42232,14.545964,-577.64264,577.64264,0.0009999999
0.0009999999,577.64264,609086.9,-0.081528135,,0.04,,141.4179,258997,0.0009999999,-117.362434,,33649.74043750763,14.81067,-0.12,5.053494e-12,0.0009999999,,11,0.2,4307,98.77659,14.685168,inf,4307,,,60.13396795913629,1296,inf,-0.2,,-136.4179,14.545792,-577.64264,577.64264,0.0009999999
0.0009999999,577.64264,609196.25,0.0008049682,,0.04,,141.41046,259011,0.0009999999,-104.35916,,33660.44370985031,14.576313,-0.12,5.0511483e-12,0.0009999999,,11,0.2,4308,98.77659,14.684937,inf,4308,,,60.123259052924794,1296,inf,-0.12,,-136.41046,14.545569,-577.64264,577.64264,0.0009999999
0.0009999999,577.64264,609314.1,0.080244556,,0.04,,141.405,259035,0.0009999999,-112.95765,,33672.51607322693,11.770475,-0.12,5.0488043e-12,0.0009999999,,11,0.2,4309,98.77659,14.684705,inf,4309,,,60.114875841262474,1296,inf,-0.04,,-136.405,14.544694,-577.64264,577.64264,0.0009999999
0.0009999999,577.64264,609427.1,0.1620183,,0.04,,141.3984,259050,0.0009999999,-107.96366,,33685.20565032959,14.32977,-0.12,5.0464615e-12,0.0009999999,,11,0.2,4310,98.77659,14.684472,inf,4310,,,60.104408352668216,1296,inf,0.04,,-136.3984,14.544412,-577.64264,577.64264,0.0009999999
0.0009999999,577.64264,609539.8,0.24342102,,0.04,,141.39174,259064,0.0009999999,-107.652954,,33697.53816795349,14.940241,-0.12,5.0441205e-12,0.0009999999,,11,0.2,4311,98.77659,14.68424,inf,4311,,,60.093713755509164,1296,inf,0.12,,-136.39174,14.5442705,-577.64264,577.64264,0.0009999999
0.0009999999,577.64264,609684.75,0.32067186,,0.04,,141.39256,259113,0.0009999999,-139.89388,,33710.03540062904,13.9585905,-0.12,5.0417812e-12,0.0009999999,,11,0.2,4312,98.77659,14.684009,inf,4312,,,60.091141001855284,1296,inf,0.2,,-136.39256,14.543901,-577.64264,577.64264,0.0009999999
0.0009999999,577.64264,609811.75,0.0004208088,,0.04,,141.38924,259143,0.0009999999,-122.08017,,33722.798953294754,14.341766,-0.04,5.039444e-12,0.0009999999,,11,0.2,4313,98.77659,14.683777,inf,4313,,,60.0841641548806,1296,inf,-0.2,,-136.38924,14.543624,-577.64264,577.64264,0.0009999999
0.0009999999,577.64264,609925.5,0.07561314,,0.04,,141.38283,259163,0.0009999999,-108.710724,,33735.16464781761,12.09178,-0.04,5.037108e-12,0.0009999999,,11,0.2,4314,98.77659,14.683545,inf,4314,,,60.07487250811312,1296,inf,-0.12,,-136.38283,14.542822,-577.64264,577.64264,0.0009999999
0.0009999999,577.64264,610048.0,0.16279067,,0.04,,141.37845,259187,0.0009999999,-117.45628,,33746.729170084,9.884786,-0.04,5.0347734e-12,0.0009999999,,11,0.2,4315,98.77659,14.683312,inf,4315,,,60.066512166859795,1296,inf,-0.04,,-136.37845,14.541514,-577.64264,577.64264,0.0009999999
0.0009999999,577.64264,610164.56,0.23864383,,0.04,,141.3727,259207,0.0009999999,-111.596146,,33758.63055539131,14.165533,-0.04,5.03244e-12,0.0009999999,,11,0.2,4316,98.77659,14.683081,inf,4316,,,60.05722891566265,1296,inf,0.04,,-136.3727,14.541193,-577.64264,577.64264,0.0009999999
0.0009999999,577.64264,610343.1,0.31864795,,0.04,,141.38132,259291,0.0009999999,-173.53024,,33769.63067817688,15.183153,-0.04,5.0301096e-12,0.0009999999,,11,0.2,4317,98.77659,14.68285,inf,4317,,,60.06277507528376,1296,inf,0.12,,-136.38132,14.541115,-577.64264,577.64264,0.0009999999
0.0009999999,577.64264,610470.9,0.3954466,,0.04,,141.37816,259319,0.0009999999,-122.78557,,33780.45042204857,9.556451,-0.04,5.02778e-12,0.0009999999,,11,0.2,4318,98.77659,14.682618,inf,4318,,,60.05534969893469,1296,inf,0.2,,-136.37816,14.539722,-577.64264,577.64264,0.0009999999
0.0009999999,577.64264,610586.0,0.08085576,,0.04,,141.37207,259334,0.0009999999,-110.09947,,33791.23974728584,11.132935,0.04,5.025452e-12,0.0009999999,,11,0.2,4319,98.77659,14.682386,inf,4319,,,60.04491780504746,1296,inf,-0.2,,-136.37207,14.538708,-577.64264,577.64264,0.0009999999
0.0009999999,577.64264,610698.75,0.15750739,,0.04,,141.36545,259349,0.0009999999,-107.746506,,33802.257734298706,15.013776,0.04,5.0231256e-12,0.0009999999,,11,0.2,4320,98.77659,14.682155,inf,4320,,,60.03449074074074,1296,inf,-0.12,,-136.36545,14.538583,-577.64264,577.64264,0.0009999999
0.0009999999,577.64264,610821.5,0.23727635,,0.04,,141.36115,259371,0.0009999999,-117.78645,,33813.34112286568,14.781784,0.04,5.020801e-12,0.0009999999,,11,0.2,4321,98.77659,14.681923,inf,4321,,,60.02568849803286,1296,inf,-0.04,,-136.36115,14.53841,-577.64264,577.64264,0.0009999999
0.0009999999,577.64264,610948.94,0.3205788,,0.04,,141.35793,259400,0.0009999999,-122.439445,,33823.98397564888,13.273233,0.04,5.0184774e-12,0.0009999999,,11,0.2,4322,98.77659,14.681692,inf,4322,,,60.01850994909764,1296,inf,0.04,,-136.35793,14.537885,-577.64264,577.64264,0.0009999999
0.0009999999,577.64264,611088.25,0.4007355,,0.04,,141.35745,259438,0.0009999999,-134.30403,,33834.49131536484,15.117551,0.04,5.016156e-12,0.0009999999,,11,0.2,4323,98.77659,14.68146,inf,4323,,,60.01341660883646,1296,inf,0.12,,-136.35745,14.53779,-577.64264,577.64264,0.0009999999
0.0009999999,577.64264,611208.3,0.4805961,,0.04,,141.35252,259456,0.0009999999,-115.084404,,33845.294374227524,14.879909,0.04,5.013836e-12,0.0009999999,,11,0.2,4324,98.77659,14.68123,inf,4324,,,60.003700277520814,1296,inf,0.2,,-136.35252,14.537632,-577.64264,577.64264,0.0009999999
0.0009999999,577.64264,611319.2,0.15710717,,0.04,,141.34547,259469,0.0009999999,-105.876816,,33856.07138943672,15.233068,0.12,5.0115177e-12,0.0009999999,,11,0.2,4325,98.77659,14.680998,inf,4325,,,59.9928323699422,1296,inf,-0.2,,-136.34547,14.537565,-577.64264,577.64264,0.0009999999
0.0009999999,577.64264,611438.5,0.24269697,,0.04,,141.34038,259488,0.0009999999,-114.27149,,33868.237515211105,14.099903,0.12,5.0092014e-12,0.0009999999,,11,0.2,4326,98.77659,14.680767,inf,4326,,,59.98335644937587,1296,inf,-0.12,,-136.34038,14.537231,-577.64264,577.64264,0.0009999999
0.0009999999,577.64264,611547.25,0.3178648,,0.04,,141.33286,259515,0.0009999999,-103.78396,,33880.953808546066,14.076022,0.12,5.006886e-12,0.0009999999,,11,0.2,4327,98.77659,14.680535,inf,4327,,,59.97573376473307,1296,inf,-0.04,,-136.33286,14.536895,-577.64264,577.64264,0.0009999999
0.0009999999,577.64264,611671.3,0.40117085,,0.04,,141.32886,259538,0.0009999999,-119.03714,,33894.1637198925,13.183349,0.12,5.0045727e-12,0.0009999999,,11,0.2,4328,98.77659,14.680305,inf,4328,,,59.96719038817005,1296,inf,0.04,,-136.32886,14.536351,-577.64264,577.64264,0.0009999999
0.0009999999,577.64264,611788.4,0.48169088,,0.04,,141.32326,259559,0.0009999999,-112.02238,,33906.85609078407,14.81594,0.12,5.0022608e-12,0.0009999999,,11,0.2,4329,98.77659,14.680074,inf,4329,,,59.958188958188956,1296,inf,0.12,,-136.32326,14.536186,-577.64264,577.64264,0.0009999999
0.0009999999,577.64264,611908.6,0.5640925,,0.04,,141.31839,259578,0.0009999999,-115.31033,,33919.2726752758,13.375728,0.12,4.9999505e-12,0.0009999999,,11,0.2,4330,98.77659,14.679843,inf,4330,,,59.94872979214781,1296,inf,0.2,,-136.31839,14.5356865,-577.64264,577.64264,0.0009999999
0.0009999999,577.64264,612026.9,0.23980494,,0.04,,141.31306,259598,0.0009999999,-113.22747,,33930.56427001953,10.847127,0.2,4.997642e-12,0.0009999999,,11,0.2,4331,98.77659,14.679612,inf,4331,,,59.93950588778573,1296,inf,-0.2,,-136.31306,14.534601,-577.64264,577.64264,0.0009999999
0.0009999999,577.64264,612139.5,0.31977242,,0.04,,141.30644,259611,0.0009999999,-107.66062,,33941.53141927719,11.965216,0.2,4.995335e-12,0.0009999999,,11,0.2,4332,98.77659,14.67938,inf,4332,,,59.9286703601108,1296,inf,-0.12,,-136.30644,14.533778,-577.64264,577.64264,0.0009999999
0.0009999999,577.64264,612250.9,0.40169257,,0.04,,141.29953,259625,0.0009999999,-106.36307,,33952.368867874146,13.432526,0.2,4.9930294e-12,0.0009999999,,11,0.2,4333,98.77659,14.67915,inf,4333,,,59.918070620816984,1296,inf,-0.04,,-136.29953,14.533292,-577.64264,577.64264,0.0009999999
0.0009999999,577.64264,612363.0,0.4800778,,0.04,,141.2928,259642,0.0009999999,-107.11239,,33962.91227841377,12.839035,0.2,4.9907253e-12,0.0009999999,,11,0.2,4334,98.77659,14.678919,inf,4334,,,59.90816797415782,1296,inf,0.04,,-136.2928,14.532674,-577.64264,577.64264,0.0009999999
0.0009999999,577.64264,612474.4,0.56179696,,0.04,,141.2859,259655,0.0009999999,-106.336426,,33973.80467700958,15.142223,0.2,4.9884233e-12,0.0009999999,,11,0.2,4335,98.77659,14.678689,inf,4335,,,59.897347174163784,1296,inf,0.12,,-136.2859,14.532582,-577.64264,577.64264,0.0009999999
0.0009999999,577.64264,612594.4,0.63935554,,0.04,,141.28099,259683,0.0009999999,-115.01378,,33984.78165602684,14.647014,0.2,4.9861226e-12,0.0009999999,,11,0.2,4336,98.77659,14.678458,inf,4336,,,59.88999077490775,1296,inf,0.2,,-136.28099,14.532382,-577.64264,577.64264,0.0009999999
0.0009999999,577.64264,612709.9,-0.07851958,,0.12,,141.27504,259703,0.0009999999,-110.479965,,33995.76554250717,14.255069,-0.2,4.9838237e-12,0.0009999999,,11,0.2,4337,98.77659,14.678227,inf,4337,,,59.88079317500576,1296,inf,-0.2,,-136.27504,14.532082,-577.64264,577.64264,0.0009999999
0.0009999999,577.64264,612823.6,0.0019572452,,0.12,,141.2687,259718,0.0009999999,-108.83043,,34006.49389052391,15.08995,-0.2,4.981526e-12,0.0009999999,,11,0.2,4338,98.77659,14.677997,inf,4338,,,59.87044721069617,1296,inf,-0.12,,-136.2687,14.531984,-577.64264,577.64264,0.0009999999
0.0009999999,577.64264,612939.8,0.080102354,,0.12,,141.26292,259737,0.0009999999,-111.150856,,34017.15797042847,12.947896,-0.2,4.9792306e-12,0.0009999999,,11,0.2,4339,98.77659,14.677766,inf,4339,,,59.86102788660982,1296,inf,-0.04,,-136.26292,14.531385,-577.64264,577.64264,0.0009999999
0.0009999999,577.64264,613051.25,0.16078392,,0.12,,141.25604,259748,0.0009999999,-106.40783,,34027.584699869156,15.522287,-0.2,4.976936e-12,0.0009999999,,11,0.2,4340,98.77659,14.677536,inf,4340,,,59.849769585253455,1296,inf,0.04,,-136.25604,14.531386,-577.64264,577.64264,0.0009999999
0.0009999999,577.64264,613170.25,0.24151386,,0.12,,141.25092,259766,0.0009999999,-114.05192,,34037.67146015167,14.008265,-0.2,4.974643e-12,0.0009999999,,11,0.2,4341,98.77659,14.677305,inf,4341,,,59.84012900253398,1296,inf,0.12,,-136.25092,14.531033,-577.64264,577.64264,0.0009999999
0.0009999999,577.64264,613285.25,0.3227089,,0.12,,141.24487,259787,0.0009999999,-109.95447,,34049.32138109207,13.28534,-0.2,4.972352e-12,0.0009999999,,11,0.2,4342,98.77659,14.677075,inf,4342,,,59.831183786273606,1296,inf,0.2,,-136.24487,14.530518,-577.64264,577.64264,0.0009999999
0.0009999999,577.64264,613404.56,-0.0011082441,,0.12,,141.23982,259807,0.0009999999,-114.34282,,34061.645718574524,14.097331,-0.12,4.9700626e-12,0.0009999999,,11,0.2,4343,98.77659,14.676845,inf,4343,,,59.82201243380152,1296,inf,-0.2,,-136.23982,14.530183,-577.64264,577.64264,0.0009999999
0.0009999999,577.64264,613516.5,0.080742165,,0.12,,141.23308,259821,0.0009999999,-106.93511,,34073.98112487793,14.6639805,-0.12,4.9677745e-12,0.0009999999,,11,0.2,4344,98.77659,14.676615,inf,4344,,,59.81146408839779,1296,inf,-0.12,,-136.23308,14.529986,-577.64264,577.64264,0.0009999999
0.0009999999,577.64264,613627.3,0.15650915,,0.12,,141.22607,259836,0.0009999999,-105.78821,,34086.3395383358,14.248783,-0.12,4.965488e-12,0.0009999999,,11,0.2,4345,98.77659,14.676384,inf,4345,,,59.80115074798619,1296,inf,-0.04,,-136.22607,14.52969,-577.64264,577.64264,0.0009999999
0.0009999999,577.64264,613735.75,0.23967104,,0.12,,141.21854,259848,0.0009999999,-103.41766,,34098.51119375229,10.735511,-0.12,4.963203e-12,0.0009999999,,11,0.2,4346,98.77659,14.676154,inf,4346,,,59.79015186378279,1296,inf,0.04,,-136.21854,14.528589,-577.64264,577.64264,0.0009999999
0.0009999999,577.64264,613849.1,0.3199864,,0.12,,141.21213,259870,0.0009999999,-108.42206,,34110.4721019268,14.431089,-0.12,4.96092e-12,0.0009999999,,11,0.2,4347,98.77659,14.675924,inf,4347,,,59.781458477110654,1296,inf,0.12,,-136.21213,14.5283375,-577.64264,577.64264,0.0009999999
0.0009999999,577.64264,613964.9,0.3967697,,0.12,,141.20627,259886,0.0009999999,-110.7087,,34121.35810160637,15.178239,-0.12,4.958638e-12,0.0009999999,,11,0.2,4348,98.77659,14.675694,inf,4348,,,59.771389144434224,1296,inf,0.2,,-136.20627,14.528256,-577.64264,577.64264,0.0009999999
0.0009999999,577.64264,614083.4,0.08295855,,0.12,,141.20105,259904,0.0009999999,-113.5169,,34132.55548453331,13.306316,-0.04,4.9563582e-12,0.0009999999,,11,0.2,4349,98.77659,14.675465,inf,4349,,,59.76178431823408,1296,inf,-0.2,,-136.20105,14.527745,-577.64264,577.64264,0.0009999999
0.0009999999,577.64264,614193.9,0.16171274,,0.12,,141.194,259919,0.0009999999,-105.50095,,34143.53046131134,13.938933,-0.04,4.9540797e-12,0.0009999999,,11,0.2,4350,98.77659,14.675235,inf,4350,,,59.75149425287356,1296,inf,-0.12,,-136.194,14.527378,-577.64264,577.64264,0.0009999999
0.0009999999,577.64264,614304.25,0.23996513,,0.12,,141.1869,259933,0.0009999999,-105.419365,,34154.396094083786,14.110982,-0.04,4.9518024e-12,0.0009999999,,11,0.2,4351,98.77659,14.675005,inf,4351,,,59.74097908526775,1296,inf,-0.04,,-136.1869,14.527056,-577.64264,577.64264,0.0009999999
0.0009999999,577.64264,614424.44,0.32098818,,0.12,,141.18208,259953,0.0009999999,-115.19238,,34165.136926651,14.832059,-0.04,4.9495273e-12,0.0009999999,,11,0.2,4352,98.77659,14.674775,inf,4352,,,59.73184742647059,1296,inf,0.04,,-136.18208,14.526894,-577.64264,577.64264,0.0009999999
0.0009999999,577.64264,614548.0,0.40090096,,0.12,,141.17804,259979,0.0009999999,-118.507,,34176.21833848953,12.98468,-0.04,4.947253e-12,0.0009999999,,11,0.2,4353,98.77659,14.674545,inf,4353,,,59.72409832299564,1296,inf,0.12,,-136.17804,14.526315,-577.64264,577.64264,0.0009999999
0.0009999999,577.64264,614685.4,0.47889447,,0.12,,141.17717,260017,0.0009999999,-132.39952,,34186.951385974884,12.946383,-0.04,4.944981e-12,0.0009999999,,11,0.2,4354,98.77659,14.674315,inf,4354,,,59.719108865411116,1296,inf,0.2,,-136.17717,14.525716,-577.64264,577.64264,0.0009999999
0.0009999999,577.64264,614805.75,0.15904784,,0.12,,141.1724,260036,0.0009999999,-115.43976,,34197.25998091698,15.085096,0.04,4.9427103e-12,0.0009999999,,11,0.2,4355,98.77659,14.674086,inf,4355,,,59.7097588978186,1296,inf,-0.2,,-136.1724,14.52562,-577.64264,577.64264,0.0009999999
0.0009999999,577.64264,614917.25,0.24180126,,0.12,,141.16557,260052,0.0009999999,-106.4658,,34207.682299375534,13.203061,0.04,4.9404417e-12,0.0009999999,,11,0.2,4356,98.77659,14.673856,inf,4356,,,59.69972451790633,1296,inf,-0.12,,-136.16557,14.525083,-577.64264,577.64264,0.0009999999
0.0009999999,577.64264,615040.1,0.3211196,,0.12,,141.16138,260073,0.0009999999,-117.81728,,34217.94345355034,14.580933,0.04,4.938174e-12,0.0009999999,,11,0.2,4357,98.77659,14.673627,inf,4357,,,59.690842322699105,1296,inf,-0.04,,-136.16138,14.524868,-577.64264,577.64264,0.0009999999
0.0009999999,577.64264,615152.1,0.40004432,,0.12,,141.1547,260090,0.0009999999,-106.999954,,34228.6738717556,12.0014,0.04,4.935908e-12,0.0009999999,,11,0.2,4358,98.77659,14.673397,inf,4358,,,59.681046351537404,1296,inf,0.04,,-136.1547,14.524057,-577.64264,577.64264,0.0009999999
0.0009999999,577.64264,615294.25,0.47562864,,0.12,,141.1549,260141,0.0009999999,-137.13258,,34241.788465976715,14.805701,0.04,4.9336433e-12,0.0009999999,,11,0.2,4359,98.77659,14.673167,inf,4359,,,59.67905482908924,1296,inf,0.12,,-136.1549,14.523894,-577.64264,577.64264,0.0009999999
0.0009999999,577.64264,615409.8,0.5616996,,0.12,,141.14903,260156,0.0009999999,-110.57819,,34254.68751835823,11.430636,0.04,4.9313804e-12,0.0009999999,,11,0.2,4360,98.77659,14.672938,inf,4360,,,59.66880733944954,1296,inf,0.2,,-136.14903,14.522953,-577.64264,577.64264,0.0009999999
0.0009999999,577.64264,615527.0,0.23863614,,0.12,,141.14354,260173,0.0009999999,-112.18267,,34267.332985162735,13.905104,0.12,4.929119e-12,0.0009999999,,11,0.2,4361,98.77659,14.6727085,inf,4361,,,59.65902315982573,1296,inf,-0.2,,-136.14354,14.522584,-577.64264,577.64264,0.0009999999
0.0009999999,577.64264,615642.06,0.3204399,,0.12,,141.13757,260189,0.0009999999,-110.04718,,34279.14117336273,13.982252,0.12,4.9268593e-12,0.0009999999,,11,0.2,4362,98.77659,14.67248,inf,4362,,,59.649014213663456,1296,inf,-0.12,,-136.13757,14.52223,-577.64264,577.64264,0.0009999999
0.0009999999,577.64264,615752.1,0.3998234,,0.12,,141.13045,260202,0.0009999999,-105.11629,,34291.12889289856,15.23426,0.12,4.924601e-12,0.0009999999,,11,0.2,4363,98.77659,14.672251,inf,4363,,,59.6383222553289,1296,inf,-0.04,,-136.13045,14.522164,-577.64264,577.64264,0.0009999999
0.0009999999,577.64264,615861.8,0.48064315,,0.12,,141.12325,260223,0.0009999999,-104.666824,,34302.296157836914,12.93563,0.12,4.922344e-12,0.0009999999,,11,0.2,4364,98.77659,14.672021,inf,4364,,,59.6294683776352,1296,inf,0.04,,-136.12325,14.521574,-577.64264,577.64264,0.0009999999
0.0009999999,577.64264,615981.75,0.55700177,,0.12,,141.11838,260244,0.0009999999,-114.99303,,34313.177374362946,15.300498,0.12,4.9200895e-12,0.0009999999,,11,0.2,4365,98.77659,14.671792,inf,4365,,,59.62061855670103,1296,inf,0.12,,-136.11838,14.521522,-577.64264,577.64264,0.0009999999
0.0009999999,577.64264,616106.3,0.63613045,,0.12,,141.1146,260269,0.0009999999,-119.52419,,34324.36775803566,13.970384,0.12,4.9178357e-12,0.0009999999,,11,0.2,4366,98.77659,14.671563,inf,4366,,,59.612688960146585,1296,inf,0.2,,-136.1146,14.521167,-577.64264,577.64264,0.0009999999
0.0009999999,577.64264,616223.75,0.31891638,,0.12,,141.10918,260289,0.0009999999,-112.43788,,34335.470480918884,11.245578,0.2,4.915584e-12,0.0009999999,,11,0.2,4367,98.77659,14.671334,inf,4367,,,59.60361804442409,1296,inf,-0.2,,-136.10918,14.520187,-577.64264,577.64264,0.0009999999
0.0009999999,577.64264,616344.75,0.3962824,,0.12,,141.10457,260313,0.0009999999,-116.02947,,34346.63085913658,14.885214,0.2,4.913333e-12,0.0009999999,,11,0.2,4368,98.77659,14.671105,inf,4368,,,59.595467032967036,1296,inf,-0.12,,-136.10457,14.520042,-577.64264,577.64264,0.0009999999
0.0009999999,577.64264,616465.2,0.48098552,,0.12,,141.09984,260342,0.0009999999,-115.438705,,34357.76946568489,13.32263,0.2,4.9110846e-12,0.0009999999,,11,0.2,4369,98.77659,14.6708765,inf,4369,,,59.5884641794461,1296,inf,-0.04,,-136.09984,14.519539,-577.64264,577.64264,0.0009999999
0.0009999999,577.64264,616573.7,0.5613725,,0.12,,141.09238,260354,0.0009999999,-103.47436,,34368.76844000816,13.166111,0.2,4.9088372e-12,0.0009999999,,11,0.2,4370,98.77659,14.670648,inf,4370,,,59.577574370709385,1296,inf,0.04,,-136.09238,14.519005,-577.64264,577.64264,0.0009999999
0.0009999999,577.64264,616688.4,0.64203346,,0.12,,141.08633,260369,0.0009999999,-109.64788,,34379.67881536484,14.538648,0.2,4.906591e-12,0.0009999999,,11,0.2,4371,98.77659,14.670419,inf,4371,,,59.56737588652482,1296,inf,0.12,,-136.08633,14.518776,-577.64264,577.64264,0.0009999999
0.0009999999,577.64264,616804.25,0.71814036,,0.12,,141.08057,260394,0.0009999999,-110.85661,,34390.26997542381,12.521493,0.2,4.904347e-12,0.0009999999,,11,0.2,4372,98.77659,14.67019,inf,4372,,,59.55946935041171,1296,inf,0.2,,-136.08057,14.518093,-577.64264,577.64264,0.0009999999
0.0009999999,577.64264,616934.0,0.07775702,,0.2,,141.07797,260425,0.0009999999,-124.78364,,34400.72868490219,14.400626,-0.2,4.9021048e-12,0.0009999999,,11,0.2,4373,98.77659,14.669961,inf,4373,,,59.552938486165104,1296,inf,-0.12,,-136.07797,14.517835,-577.64264,577.64264,0.0009999999
0.0009999999,577.64264,617046.06,0.15662381,,0.2,,141.07135,260442,0.0009999999,-107.075066,,34410.68850064278,14.513417,-0.2,4.8998635e-12,0.0009999999,,11,0.2,4374,98.77659,14.669732,inf,4374,,,59.54320987654321,1296,inf,-0.04,,-136.07135,14.51761,-577.64264,577.64264,0.0009999999
0.0009999999,577.64264,617161.5,0.24005474,,0.2,,141.06549,260464,0.0009999999,-110.46935,,34422.976868867874,13.684716,-0.2,4.897624e-12,0.0009999999,,11,0.2,4375,98.77659,14.669503,inf,4375,,,59.53462857142857,1296,inf,0.04,,-136.06549,14.517184,-577.64264,577.64264,0.0009999999
0.0009999999,577.64264,617278.0,0.32028747,,0.2,,141.05988,260490,0.0009999999,-111.52683,,34435.28310537338,15.22146,-0.2,4.8953857e-12,0.0009999999,,11,0.2,4376,98.77659,14.669275,inf,4376,,,59.52696526508227,1296,inf,0.12,,-136.05988,14.517119,-577.64264,577.64264,0.0009999999
0.0009999999,577.64264,617393.56,0.07665868,,0.2,,141.05405,260507,0.0009999999,-110.53462,,34447.84049987793,14.236937,-0.12,4.8931493e-12,0.0009999999,,11,0.2,4377,98.77659,14.669046,inf,4377,,,59.51724925748229,1296,inf,-0.2,,-136.05405,14.516827,-577.64264,577.64264,0.0009999999
0.0009999999,577.64264,617510.3,0.15744789,,0.2,,141.0485,260533,0.0009999999,-111.71365,,34460.540566682816,12.755439,-0.12,4.890914e-12,0.0009999999,,11,0.2,4378,98.77659,14.668818,inf,4378,,,59.509593421653726,1296,inf,-0.12,,-136.0485,14.516198,-577.64264,577.64264,0.0009999999
0.0009999999,577.64264,617622.44,0.23760244,,0.2,,141.04189,260550,0.0009999999,-107.10301,,34472.9545686245,14.393136,-0.12,4.8886806e-12,0.0009999999,,11,0.2,4379,98.77659,14.66859,inf,4379,,,59.49988581868006,1296,inf,-0.04,,-136.04189,14.515941,-577.64264,577.64264,0.0009999999
0.0009999999,577.64264,617735.1,0.32035398,,0.2,,141.03542,260567,0.0009999999,-107.67742,,34484.83913445473,10.87199,-0.12,4.8864485e-12,0.0009999999,,11,0.2,4380,98.77659,14.668362,inf,4380,,,59.49018264840183,1296,inf,0.04,,-136.03542,14.514879,-577.64264,577.64264,0.0009999999
0.0009999999,577.64264,617857.6,0.40099257,,0.2,,141.03119,260589,0.0009999999,-117.49407,,34495.66296458244,15.105804,-0.12,4.8842176e-12,0.0009999999,,11,0.2,4381,98.77659,14.668133,inf,4381,,,59.48162519972609,1296,inf,0.12,,-136.03119,14.514785,-577.64264,577.64264,0.0009999999
0.0009999999,577.64264,617971.9,0.48244062,,0.2,,141.02507,260604,0.0009999999,-109.29532,,34506.34782242775,10.930484,-0.12,4.881989e-12,0.0009999999,,11,0.2,4382,98.77659,14.667905,inf,4382,,,59.47147421268827,1296,inf,0.2,,-136.02507,14.513738,-577.64264,577.64264,0.0009999999
0.0009999999,577.64264,618085.4,0.16017482,,0.2,,141.0188,260619,0.0009999999,-108.52128,,34517.63886833191,13.439058,-0.04,4.8797615e-12,0.0009999999,,11,0.2,4383,98.77659,14.667677,inf,4383,,,59.46132785763176,1296,inf,-0.2,,-136.0188,14.513267,-577.64264,577.64264,0.0009999999
0.0009999999,577.64264,618201.7,0.24166018,,0.2,,141.01315,260637,0.0009999999,-111.27717,,34528.84377145767,14.496942,-0.04,4.8775354e-12,0.0009999999,,11,0.2,4384,98.77659,14.667449,inf,4384,,,59.4518704379562,1296,inf,-0.12,,-136.01315,14.513034,-577.64264,577.64264,0.0009999999
0.0009999999,577.64264,618315.5,0.3161348,,0.2,,141.00696,260652,0.0009999999,-108.833984,,34539.93831992149,15.050651,-0.04,4.875311e-12,0.0009999999,,11,0.2,4385,98.77659,14.66722,inf,4385,,,59.44173318129989,1296,inf,-0.04,,-136.00696,14.512931,-577.64264,577.64264,0.0009999999
0.0009999999,577.64264,618426.94,0.4017548,,0.2,,141.00021,260674,0.0009999999,-106.41334,,34551.0691447258,13.582222,-0.04,4.8730885e-12,0.0009999999,,11,0.2,4386,98.77659,14.666992,inf,4386,,,59.43319653442772,1296,inf,0.04,,-136.00021,14.512487,-577.64264,577.64264,0.0009999999
0.0009999999,577.64264,618544.7,0.48170534,,0.2,,140.99492,260691,0.0009999999,-112.73993,,34562.03573703766,14.228871,-0.04,4.870867e-12,0.0009999999,,11,0.2,4387,98.77659,14.666764,inf,4387,,,59.423524048324595,1296,inf,0.12,,-135.99492,14.512198,-577.64264,577.64264,0.0009999999
0.0009999999,577.64264,618665.9,0.56013757,,0.2,,140.9904,260713,0.0009999999,-116.23011,,34572.96339058876,12.483345,-0.04,4.868647e-12,0.0009999999,,11,0.2,4388,98.77659,14.666536,inf,4388,,,59.41499544211486,1296,inf,0.2,,-135.9904,14.511505,-577.64264,577.64264,0.0009999999
0.0009999999,577.64264,618787.4,0.23692991,,0.2,,140.98596,260733,0.0009999999,-116.48921,,34583.63954639435,13.843217,0.04,4.866429e-12,0.0009999999,,11,0.2,4389,98.77659,14.666308,inf,4389,,,59.40601503759399,1296,inf,-0.2,,-135.98596,14.511128,-577.64264,577.64264,0.0009999999
0.0009999999,577.64264,618901.1,0.32073864,,0.2,,140.97975,260747,0.0009999999,-108.76173,,34593.869277477264,12.94623,0.04,4.8642123e-12,0.0009999999,,11,0.2,4390,98.77659,14.666081,inf,4390,,,59.395671981776765,1296,inf,-0.12,,-135.97975,14.510541,-577.64264,577.64264,0.0009999999
0.0009999999,577.64264,619013.0,0.4007079,,0.2,,140.97313,260760,0.0009999999,-106.87835,,34605.92282962799,14.55685,0.04,4.8619967e-12,0.0009999999,,11,0.2,4391,98.77659,14.6658535,inf,4391,,,59.385105898428606,1296,inf,-0.04,,-135.97313,14.510325,-577.64264,577.64264,0.0009999999
0.0009999999,577.64264,619127.4,0.4792032,,0.2,,140.96707,260780,0.0009999999,-109.40276,,34618.84709858894,12.433375,0.04,4.8597827e-12,0.0009999999,,11,0.2,4392,98.77659,14.665626,inf,4392,,,59.376138433515486,1296,inf,0.04,,-135.96707,14.509624,-577.64264,577.64264,0.0009999999
0.0009999999,577.64264,619259.5,0.5595403,,0.2,,140.96506,260812,0.0009999999,-127.08936,,34630.99900531769,12.396431,0.04,4.8575705e-12,0.0009999999,,11,0.2,4393,98.77659,14.665398,inf,4393,,,59.3699066697018,1296,inf,0.12,,-135.96506,14.508917,-577.64264,577.64264,0.0009999999
0.0009999999,577.64264,619420.9,0.63987696,,0.2,,140.9697,260871,0.0009999999,-156.34073,,34643.53610467911,12.2001915,0.04,4.85536e-12,0.0009999999,,11,0.2,4394,98.77659,14.665171,inf,4394,,,59.3698224852071,1296,inf,0.2,,-135.9697,14.508163,-577.64264,577.64264,0.0009999999
0.0009999999,577.64264,619546.4,0.3220663,,0.2,,140.96619,260897,0.0009999999,-120.49243,,34655.907418489456,13.457374,0.12,4.853151e-12,0.0009999999,,11,0.2,4395,98.77659,14.664943,inf,4395,,,59.36222980659841,1296,inf,-0.2,,-135.96619,14.507697,-577.64264,577.64264,0.0009999999
0.0009999999,577.64264,619657.6,0.39862114,,0.2,,140.95943,260911,0.0009999999,-106.24794,,34667.47384381294,12.418489,0.12,4.850943e-12,0.0009999999,,11,0.2,4396,98.77659,14.664715,inf,4396,,,59.35191082802548,1296,inf,-0.12,,-135.95943,14.506993,-577.64264,577.64264,0.0009999999
0.0009999999,577.64264,619771.4,0.47707,,0.2,,140.95323,260926,0.0009999999,-108.77489,,34678.57329583168,13.522852,0.12,4.848737e-12,0.0009999999,,11,0.2,4397,98.77659,14.664488,inf,4397,,,59.341823970889244,1296,inf,-0.04,,-135.95323,14.50654,-577.64264,577.64264,0.0009999999
0.0009999999,577.64264,619883.6,0.559964,,0.2,,140.94672,260938,0.0009999999,-107.26222,,34689.3724834919,12.199458,0.12,4.846532e-12,0.0009999999,,11,0.2,4398,98.77659,14.66426,inf,4398,,,59.33105957253297,1296,inf,0.04,,-135.94672,14.505791,-577.64264,577.64264,0.0009999999
0.0009999999,577.64264,619994.44,0.6408127,,0.2,,140.93987,260950,0.0009999999,-105.796265,,34700.67965054512,13.922248,0.12,4.8443285e-12,0.0009999999,,11,0.2,4399,98.77659,14.664033,inf,4399,,,59.32030006819732,1296,inf,0.12,,-135.93987,14.50543,-577.64264,577.64264,0.0009999999
0.0009999999,577.64264,620116.3,0.7193438,,0.2,,140.93553,260972,0.0009999999,-116.86412,,34711.90419268608,14.711297,0.12,4.8421267e-12,0.0009999999,,11,0.2,4400,98.77659,14.663806,inf,4400,,,59.31181818181818,1296,inf,0.2,,-135.93553,14.505254,-577.64264,577.64264,0.0009999999
0.0009999999,577.64264,620241.25,0.47784472,,0.2,,140.93188,260997,0.0009999999,-119.922585,,34722.90348529816,15.151127,0.2,4.839927e-12,0.0009999999,,11,0.2,4401,98.77659,14.663578,inf,4401,,,59.30402181322427,1296,inf,-0.12,,-135.93188,14.505168,-577.64264,577.64264,0.0009999999
0.0009999999,577.64264,620351.44,0.5585841,,0.2,,140.92491,261011,0.0009999999,-105.227905,,34733.69609665871,13.603319,0.2,4.837728e-12,0.0009999999,,11,0.2,4402,98.77659,14.663351,inf,4402,,,59.29373012267151,1296,inf,-0.04,,-135.92491,14.50474,-577.64264,577.64264,0.0009999999
0.0009999999,577.64264,620462.1,0.6386864,,0.2,,140.91805,261030,0.0009999999,-105.662155,,34744.55402302742,13.919533,0.2,4.835531e-12,0.0009999999,,11,0.2,4403,98.77659,14.663124,inf,4403,,,59.2845786963434,1296,inf,0.04,,-135.91805,14.504376,-577.64264,577.64264,0.0009999999
0.0009999999,577.64264,620579.9,0.7217376,,0.2,,140.91278,261056,0.0009999999,-112.77169,,34755.16705870628,12.930588,0.2,4.833335e-12,0.0009999999,,11,0.2,4404,98.77659,14.662897,inf,4404,,,59.27702089009991,1296,inf,0.12,,-135.91278,14.503797,-577.64264,577.64264,0.0009999999
0.0009999999,577.64264,620698.0,-0.32140893,0.99999976,-0.12,,140.90761,261073,0.0009999999,-113.06447,,34765.83043169975,13.646875,0.04,4.831141e-12,0.0009999999,,11,-0.12,4405,98.77659,14.66267,5225.4575,4405,4404.999,,59.267423382519866,1296,5152.778,-0.12,72.67956,-135.90761,14.503368,-577.64264,577.64264,0.0009999999
0.0009999999,577.64264,620665.1,-0.318624,0.99999976,-0.12,,140.86816,261573,0.0009999999,37.82651,,34776.53069138527,15.561664,-0.04,4.828948e-12,0.0009999999,,11,-0.04,4406,98.77659,14.662443,5201.9365,4406,4405.999,,59.36745347253745,1296,5152.8228,-0.12,49.113792,-135.86816,14.503542,-577.64264,577.64264,0.0009999999
0.0009999999,577.64264,620602.2,-0.47669667,0.99999976,-0.12,,140.82191,262073,0.0009999999,67.911476,,34788.225590229034,15.263286,-0.04,4.826757e-12,0.0009999999,,11,-0.2,4407,98.77659,14.662216,5161.536,4407,4406.999,,59.46743816655321,1296,5152.868,-0.12,8.667731,-135.82191,14.503644,-577.64264,577.64264,0.0009999999
0.0009999999,577.64264,620604.8,-0.5626484,0.9999999,-0.2,,140.79056,262573,0.0009999999,2.3780155,,34801.40480518341,13.793649,-0.04,4.8245674e-12,0.0009999999,,11,-0.2,4408,98.77659,14.661989,5147.329,4408,4407.9995,,59.56737749546279,1296,5152.9126,-0.12,-5.5833206,-135.79056,14.503415,-577.64264,577.64264,0.0009999999
0.0009999999,577.64264,620619.56,-0.39820555,1.0,-0.12,,140.76198,263073,0.0009999999,-9.720851,,34814.89457440376,14.869503,0.04,4.822379e-12,0.0009999999,,11,-0.2,4409,98.77659,14.661762,5118.954,4409,4409.0,,59.667271490133814,1296,5152.9575,-0.12,-34.003246,-135.76198,14.503427,-577.64264,577.64264,0.0009999999
0.0009999999,577.64264,620665.4,-0.4829567,1.0000002,-0.12,,140.74045,263573,0.0009999999,-40.81229,,34828.55027103424,13.460175,0.04,4.8201924e-12,0.0009999999,,11,-0.2,4410,98.77659,14.661535,5110.981,4410,4410.001,,59.76712018140589,1296,5153.0024,-0.2,-42.02131,-135.74045,14.503122,-577.64264,577.64264,0.0009999999
0.0009999999,577.64264,620789.6,-0.47878283,1.0000005,-0.2,,140.73671,263641,0.0009999999,-119.267075,,34840.883328437805,13.943071,0.04,4.818007e-12,0.0009999999,,11,-0.2,4411,98.77659,14.661309,5106.2466,4411,4411.002,,59.76898662434822,1296,5153.047,-0.12,-46.80015,-135.73671,14.502925,-577.64264,577.64264,0.0009999999
0.0009999999,577.64264,620893.0,-0.40039223,0.99999976,-0.04,,140.72824,264141,0.0009999999,-98.37134,,34853.27219557762,15.67465,-0.04,4.815823e-12,0.0009999999,,11,-0.12,4412,98.77659,14.661082,5100.888,4412,4411.999,,59.86876699909338,1296,5153.0923,-0.2,-52.204273,-135.72824,14.50312,-577.64264,577.64264,0.0009999999
0.0009999999,577.64264,621011.0,-0.39955688,1.0000001,-0.2,,140.72308,264200,0.0009999999,-113.01972,,34864.248903512955,13.441472,-0.04,4.813641e-12,0.0009999999,,11,-0.04,4413,98.77659,14.660855,5099.4707,4413,4413.0005,,59.8685701336959,1296,5153.1367,-0.12,-53.665783,-135.72308,14.502814,-577.64264,577.64264,0.0009999999
0.0009999999,577.64264,620960.9,-0.08077376,0.9999996,0.2,,140.67986,264700,0.0009999999,55.147736,,34875.743514060974,15.525601,0.04,4.81146e-12,0.0009999999,,11,-0.12,4414,98.77659,14.660629,5087.1357,4414,4413.998,,59.968282736746715,1296,5153.1816,-0.2,-66.04588,-135.67986,14.502974,-577.64264,577.64264,0.0009999999
0.0009999999,577.64264,621050.9,-0.4817384,1.0,-0.2,,140.66838,264784,0.0009999999,-84.95477,,34886.623324632645,14.952094,0.04,4.8092806e-12,0.0009999999,,11,-0.12,4415,98.77659,14.660402,5082.6836,4415,4415.0,,59.973725934314835,1296,5153.2266,-0.2,-70.54321,-135.66838,14.50301,-577.64264,577.64264,0.0009999999
0.0009999999,577.64264,621169.44,-0.07720364,0.9999996,0.12,,140.66338,264852,0.0009999999,-113.598366,,34897.87764644623,11.369942,0.04,4.8071026e-12,0.0009999999,,11,-0.04,4416,98.77659,14.660176,5082.198,4416,4415.998,,59.97554347826087,1296,5153.2715,-0.2,-71.07349,-135.66338,14.502226,-577.64264,577.64264,0.0009999999
0.0009999999,577.64264,621278.6,-0.3200631,1.0000001,-0.2,,140.65625,264948,0.0009999999,-104.20911,,34908.92624378204,14.488603,0.04,4.804926e-12,0.0009999999,,11,-0.04,4417,98.77659,14.659949,5078.638,4417,4417.0005,,59.98369934344578,1296,5153.316,-0.12,-74.67759,-135.65625,14.502156,-577.64264,577.64264,0.0009999999
0.0009999999,577.64264,621385.56,-0.39937672,0.99999976,-0.12,,140.6486,265041,0.0009999999,-101.90623,,34919.86559128761,15.067138,0.04,4.802751e-12,0.0009999999,,11,-0.12,4418,98.77659,14.659723,5076.472,4418,4417.999,,59.99117247623359,1296,5153.361,-0.2,-76.8887,-135.6486,14.502213,-577.64264,577.64264,0.0009999999
0.0009999999,577.64264,621533.7,-0.6419933,1.0000005,-0.2,,140.6503,265153,0.0009999999,-143.11935,,34930.992282390594,15.7242775,-0.04,4.800578e-12,0.0009999999,,11,-0.2,4419,98.77659,14.659496,5074.5376,4419,4419.002,,60.002941842045715,1296,5153.406,-0.2,-78.86803,-135.6503,14.50242,-577.64264,577.64264,0.0009999999
0.0009999999,577.64264,621642.6,-0.4788099,1.0000002,-0.04,,140.64313,265217,0.0009999999,-103.90185,,34941.78764128685,14.677804,-0.04,4.798406e-12,0.0009999999,,11,-0.2,4420,98.77659,14.65927,5074.2656,4420,4420.001,,60.003846153846155,1296,5153.45,-0.2,-79.1844,-135.64313,14.502388,-577.64264,577.64264,0.0009999999
0.0009999999,577.64264,621751.6,-0.31946617,1.0,-0.12,,140.63597,265293,0.0009999999,-104.05213,,34952.42519044876,15.325892,0.12,4.796235e-12,0.0009999999,,11,-0.12,4421,98.77659,14.659044,5074.098,4421,4421.0,,60.00746437457589,1296,5153.495,-0.2,-79.39692,-135.63597,14.502507,-577.64264,577.64264,0.0009999999
0.0009999999,577.64264,621891.5,-0.15769304,0.99999976,-0.12,,140.6358,265334,0.0009999999,-134.88454,,34962.48348283768,14.416502,0.2,4.794066e-12,0.0009999999,,11,-0.12,4422,98.77659,14.658818,5072.8384,4422,4421.999,,60.00316598824062,1296,5153.54,-0.12,-80.70145,-135.6358,14.5024185,-577.64264,577.64264,0.0009999999
0.0009999999,577.64264,622020.0,-0.24329428,0.99999976,0.2,,140.63306,265364,0.0009999999,-123.513954,,34973.97725534439,12.13561,-0.2,4.791899e-12,0.0009999999,,11,-0.04,4423,98.77659,14.658592,5072.8604,4423,4422.999,,59.996382545783405,1296,5153.584,-0.2,-80.72375,-135.63306,14.501814,-577.64264,577.64264,0.0009999999
0.0009999999,577.64264,622140.5,-0.3988238,0.99999964,-0.12,,140.62851,265385,0.0009999999,-115.46945,,34986.19205880165,13.961824,0.12,4.789733e-12,0.0009999999,,11,-0.2,4424,98.77659,14.658366,5072.9023,4424,4423.9985,,59.9875678119349,1296,5153.629,-0.2,-80.72673,-135.62851,14.501622,-577.64264,577.64264,0.0009999999
0.0009999999,577.64264,622248.8,-0.0013324097,0.99999964,0.12,,140.6212,265463,0.0009999999,-103.329254,,34999.22149825096,14.352246,-0.12,4.787568e-12,0.0009999999,,11,0.12,4425,98.77659,14.65814,5072.862,4425,4424.9985,,59.9916384180791,1296,5153.674,-0.12,-80.811775,-135.6212,14.501517,-577.64264,577.64264,0.0009999999
0.0009999999,577.64264,622360.44,-0.48192793,0.99999976,-0.2,,140.61465,265479,0.0009999999,-106.61254,,35012.0117661953,14.124693,-0.12,4.785405e-12,0.0009999999,,11,0.04,4426,98.77659,14.657914,5072.8926,4426,4425.999,,59.98169905106191,1296,5153.7188,-0.2,-80.8262,-135.61465,14.501367,-577.64264,577.64264,0.0009999999
0.0009999999,577.64264,622468.0,-0.3218596,0.9999999,-0.12,,140.60718,265505,0.0009999999,-102.505356,,35024.25459909439,13.52827,0.2,4.7832432e-12,0.0009999999,,11,-0.2,4427,98.77659,14.657688,5072.8633,4427,4426.9995,,59.9740230404337,1296,5153.763,-0.2,-80.89976,-135.60718,14.501076,-577.64264,577.64264,0.0009999999
0.0009999999,577.64264,622594.25,-0.48206446,1.0,-0.2,,140.60394,265543,0.0009999999,-121.32778,,35036.251047849655,15.337607,-0.2,4.781083e-12,0.0009999999,,11,0.04,4428,98.77659,14.657462,5072.872,4428,4428.0,,59.96906052393857,1296,5153.808,-0.12,-80.9361,-135.60394,14.5012,-577.64264,577.64264,0.0009999999
0.0009999999,577.64264,622704.1,0.15777527,1.0000002,-0.04,,140.597,265560,0.0009999999,-104.80318,,35047.56565499306,15.236792,0.2,4.7789242e-12,0.0009999999,,11,0.2,4429,98.77659,14.657236,5072.827,4429,4429.001,,59.959358771731765,1296,5153.8525,-0.2,-81.025536,-135.597,14.501289,-577.64264,577.64264,0.0009999999
0.0009999999,577.64264,622819.94,0.00050085783,0.9999996,-0.04,,140.59142,265577,0.0009999999,-110.848434,,35058.612406015396,15.188033,0.04,4.776767e-12,0.0009999999,,11,0.2,4430,98.77659,14.657011,5072.8696,4430,4429.998,,59.94966139954853,1296,5153.897,-0.2,-81.02718,-135.59142,14.501379,-577.64264,577.64264,0.0009999999
0.0009999999,577.64264,622929.4,-0.48087585,0.9999999,-0.12,,140.58438,265594,0.0009999999,-104.4933,,35069.4058008194,15.498253,-0.04,4.7746113e-12,0.0009999999,,11,-0.12,4431,98.77659,14.656785,5072.8477,4431,4430.9995,,59.93996840442338,1296,5153.942,-0.2,-81.09442,-135.58438,14.5015335,-577.64264,577.64264,0.0009999999
0.0009999999,577.64264,623035.75,-0.56008124,1.0000002,-0.2,,140.57666,265617,0.0009999999,-101.32765,,35080.21219205856,13.624565,-0.2,4.7724567e-12,0.0009999999,,11,0.04,4432,98.77659,14.656559,5072.844,4432,4432.001,,59.93163357400722,1296,5153.9863,-0.2,-81.14231,-135.57666,14.501269,-577.64264,577.64264,0.0009999999
0.0009999999,577.64264,623149.06,-0.47659492,0.99999964,-0.2,,140.57051,265632,0.0009999999,-108.27689,,35090.9927546978,15.234746,-0.04,4.770304e-12,0.0009999999,,11,-0.04,4433,98.77659,14.656334,5072.82,4433,4432.9985,,59.92149785698173,1296,5154.031,-0.2,-81.21099,-135.57051,14.501361,-577.64264,577.64264,0.0009999999
0.0009999999,577.64264,623258.75,-0.15923646,1.0000001,-0.04,,140.56354,265713,0.0009999999,-104.71313,,35101.79782509804,14.710149,-0.2,4.7681525e-12,0.0009999999,,11,0.04,4434,98.77659,14.656108,5072.798,4434,4434.0005,,59.92625169147497,1296,5154.075,0.04,-81.27732,-135.56354,14.501339,-577.64264,577.64264,0.0009999999
0.0009999999,577.64264,623376.06,-0.40076616,0.99999964,-0.2,,140.5583,265733,0.0009999999,-112.34277,,35112.51889562607,15.906586,-0.04,4.7660023e-12,0.0009999999,,11,0.04,4435,98.77659,14.655883,5072.7666,4435,4434.9985,,59.917249154453216,1296,5154.12,-0.2,-81.35349,-135.5583,14.501588,-577.64264,577.64264,0.0009999999
0.0009999999,577.64264,623490.5,0.31826293,1.0000002,0.2,,140.55241,265752,0.0009999999,-109.44351,,35123.19950938225,15.153254,0.2,4.763854e-12,0.0009999999,,11,0.04,4436,98.77659,14.655657,5072.8022,4436,4436.001,,59.908025247971146,1296,5154.1646,-0.12,-81.36249,-135.55241,14.501666,-577.64264,577.64264,0.0009999999
0.0009999999,577.64264,623600.8,-0.24246542,0.9999999,-0.12,,140.5456,265767,0.0009999999,-105.30215,,35133.98522949219,14.306062,-0.2,4.761707e-12,0.0009999999,,11,0.04,4437,98.77659,14.655432,5072.8193,4437,4436.9995,,59.89790398918188,1296,5154.2095,0.04,-81.39003,-135.5456,14.501553,-577.64264,577.64264,0.0009999999
0.0009999999,577.64264,623721.1,-0.07783468,0.99999964,-0.04,,140.54103,265792,0.0009999999,-115.31877,,35144.02020382881,14.490388,-0.12,4.759561e-12,0.0009999999,,11,0.2,4438,98.77659,14.655207,5072.852,4438,4437.9985,,59.89004055881028,1296,5154.254,-0.12,-81.40162,-135.54103,14.50148,-577.64264,577.64264,0.0009999999
0.0009999999,577.64264,623832.25,-0.23451588,1.0000004,0.12,,140.53441,265808,0.0009999999,-106.10665,,35154.25842452049,14.020326,0.04,4.757417e-12,0.0009999999,,11,-0.2,4439,98.77659,14.654981,5072.813,4439,4439.0015,,59.88015318765488,1296,5154.298,-0.2,-81.48484,-135.53441,14.501304,-577.64264,577.64264,0.0009999999
0.0009999999,577.64264,623914.2,-0.3174631,1.0000002,0.04,,140.52121,265925,0.0009999999,-76.92291,,35167.33311319351,10.230975,0.04,4.7552743e-12,0.0009999999,,11,-0.2,4440,98.77659,14.654756,5072.846,4440,4440.001,,59.89301801801802,1296,5154.343,-0.2,-81.496765,-135.52121,14.500273,-577.64264,577.64264,0.0009999999
0.0009999999,577.64264,624045.25,0.16352776,1.0,0.12,,140.51909,265982,0.0009999999,-126.05278,,35180.29122042656,14.324462,-0.12,4.753133e-12,0.0009999999,,11,0.2,4441,98.77659,14.654531,5072.869,4441,4441.0,,59.89236658410268,1296,5154.3877,-0.04,-81.51876,-135.51909,14.500169,-577.64264,577.64264,0.0009999999
0.0009999999,577.64264,624188.6,0.47910523,1.0,0.12,,140.51973,266037,0.0009999999,-138.3509,,35193.13938856125,13.780157,0.2,4.7509934e-12,0.0009999999,,11,0.2,4442,98.77659,14.654305,5072.868,4442,4442.0,,59.89126519585772,1296,5154.4316,-0.04,-81.563446,-135.51973,14.499931,-577.64264,577.64264,0.0009999999
0.0009999999,577.64264,624306.94,-0.40217644,1.0,-0.04,,140.51472,266057,0.0009999999,-113.332146,,35204.86416578293,15.745831,-0.2,4.748855e-12,0.0009999999,,11,-0.04,4443,98.77659,14.65408,5072.812,4443,4443.0,,59.882286743191536,1296,5154.4766,-0.12,-81.664314,-135.51472,14.500146,-577.64264,577.64264,0.0009999999
0.0009999999,577.64264,624433.25,-0.31946605,1.0,-0.12,,140.51154,266084,0.0009999999,-121.300606,,35217.24650430679,14.741202,-0.04,4.7467178e-12,0.0009999999,,11,0.04,4444,98.77659,14.653855,5072.7847,4444,4444.0,,59.874887488748875,1296,5154.521,-0.2,-81.7364,-135.51154,14.500129,-577.64264,577.64264,0.0009999999
0.0009999999,577.64264,624545.5,-0.47966653,1.0,-0.2,,140.50517,266111,0.0009999999,-107.295,,35228.936202049255,15.2277355,-0.12,4.7445823e-12,0.0009999999,,11,-0.04,4445,98.77659,14.65363,5072.8076,4445,4445.0,,59.86749156355456,1296,5154.566,-0.12,-81.75817,-135.50517,14.500228,-577.64264,577.64264,0.0009999999
0.0009999999,577.64264,624677.0,0.0030204207,1.0000001,-0.12,,140.50314,266160,0.0009999999,-126.43528,,35240.32443737984,15.180772,-0.2,4.7424478e-12,0.0009999999,,11,0.12,4446,98.77659,14.653405,5072.836,4446,4446.0005,,59.86504723346829,1296,5154.61,0.2,-81.77391,-135.50314,14.500307,-577.64264,577.64264,0.0009999999
0.0009999999,577.64264,624793.5,0.239953,1.0000004,0.04,,140.49776,266179,0.0009999999,-111.5314,,35251.218750715256,13.24509,0.12,4.7403158e-12,0.0009999999,,11,0.2,4447,98.77659,14.65318,5072.8467,4447,4447.0015,,59.85585788171801,1296,5154.6543,-0.12,-81.807495,-135.49776,14.499957,-577.64264,577.64264,0.0009999999
0.0009999999,577.64264,624905.6,-0.39763594,0.9999996,-0.12,,140.49138,266198,0.0009999999,-107.080574,,35262.11416530609,15.502496,-0.04,4.7381842e-12,0.0009999999,,11,-0.04,4448,98.77659,14.652956,5072.8857,4448,4447.998,,59.84667266187051,1296,5154.6987,-0.2,-81.8129,-135.49138,14.500114,-577.64264,577.64264,0.0009999999
0.0009999999,577.64264,625008.2,-0.23927422,0.9999999,-0.2,,140.48285,266274,0.0009999999,-97.59677,,35273.10361289978,14.877158,-0.04,4.736055e-12,0.0009999999,,11,0.2,4449,98.77659,14.652731,5072.8965,4449,4448.9995,,59.850303438975054,1296,5154.743,-0.2,-81.846695,-135.48285,14.50013,-577.64264,577.64264,0.0009999999
0.0009999999,577.64264,625123.75,0.0015143454,1.0000002,-0.04,,140.47725,266290,0.0009999999,-110.55607,,35283.95486831665,14.398598,0.12,4.733926e-12,0.0009999999,,11,0.12,4450,98.77659,14.652506,5072.9307,4450,4450.001,,59.84044943820225,1296,5154.7876,-0.2,-81.856834,-135.47725,14.500037,-577.64264,577.64264,0.0009999999
0.0009999999,577.64264,625243.75,0.15855414,0.9999996,0.04,,140.47264,266309,0.0009999999,-115.036156,,35294.756083488464,15.0102825,0.2,4.7317996e-12,0.0009999999,,11,-0.04,4451,98.77659,14.652282,5072.9175,4451,4450.998,,59.83127387104022,1296,5154.832,-0.04,-81.91458,-135.47264,14.500083,-577.64264,577.64264,0.0009999999
0.0009999999,577.64264,625364.1,-0.0012250841,1.0,0.04,,140.46814,266329,0.0009999999,-115.360245,,35305.55076932907,15.71845,0.2,4.7296737e-12,0.0009999999,,11,-0.04,4452,98.77659,14.652057,5072.9565,4452,4452.0,,59.82232704402516,1296,5154.8765,-0.2,-81.9199,-135.46814,14.500289,-577.64264,577.64264,0.0009999999
0.0009999999,577.64264,625473.8,0.07815687,0.9999996,0.04,,140.46123,266344,0.0009999999,-104.68895,,35316.71572613716,15.309171,-0.2,4.72755e-12,0.0009999999,,11,0.12,4453,98.77659,14.651833,5072.984,4453,4452.998,,59.81226139681114,1296,5154.921,0.12,-81.937004,-135.46123,14.500401,-577.64264,577.64264,0.0009999999
0.0009999999,577.64264,625592.6,0.07974293,1.0000001,0.12,,140.45636,266363,0.0009999999,-113.83089,,35327.58589076996,14.540361,0.12,4.725427e-12,0.0009999999,,11,-0.04,4454,98.77659,14.6516075,5073.0073,4454,4454.0005,,59.80309833857207,1296,5154.9653,-0.12,-81.95815,-135.45636,14.500345,-577.64264,577.64264,0.0009999999
0.0009999999,577.64264,625715.4,-0.47946984,0.99999964,0.04,,140.4524,266385,0.0009999999,-117.78695,,35338.16902971268,14.0995865,-0.12,4.723306e-12,0.0009999999,,11,-0.2,4455,98.77659,14.651383,5072.8755,4455,4454.9985,,59.794612794612796,1296,5155.0093,-0.2,-82.13382,-135.4524,14.500181,-577.64264,577.64264,0.0009999999
0.0009999999,577.64264,625834.25,-0.080519855,1.0000004,-0.04,,140.44754,266409,0.0009999999,-113.88203,,35349.92397356033,12.504745,-0.12,4.721186e-12,0.0009999999,,11,0.12,4456,98.77659,14.651158,5072.8525,4456,4456.0015,,59.78657989228007,1296,5155.0537,-0.04,-82.20129,-135.44754,14.499668,-577.64264,577.64264,0.0009999999
0.0009999999,577.64264,625953.6,-0.31863636,1.0,-0.04,,140.44281,266434,0.0009999999,-114.35829,,35362.84217214584,14.532188,-0.12,4.719068e-12,0.0009999999,,11,0.04,4457,98.77659,14.650934,5072.8843,4457,4457.0,,59.77877496073592,1296,5155.0986,-0.2,-82.214584,-135.44281,14.499604,-577.64264,577.64264,0.0009999999
0.0009999999,577.64264,626065.5,0.16419816,0.99999976,0.12,,140.4364,266451,0.0009999999,-106.85914,,35375.48465657234,14.98592,0.2,4.7169512e-12,0.0009999999,,11,-0.04,4458,98.77659,14.65071,5072.9155,4458,4457.999,,59.76917900403768,1296,5155.1426,-0.12,-82.22698,-135.4364,14.499645,-577.64264,577.64264,0.0009999999
0.0009999999,577.64264,626190.75,-0.32062286,0.99999964,-0.04,,140.433,266477,0.0009999999,-120.254616,,35387.89180636406,11.471084,0.12,4.7148357e-12,0.0009999999,,11,-0.2,4459,98.77659,14.650486,5072.9575,4459,4458.9985,,59.76160574119758,1296,5155.187,-0.2,-82.229324,-135.433,14.498895,-577.64264,577.64264,0.0009999999
0.0009999999,577.64264,626325.75,0.0015982464,1.0000005,-0.2,,140.43178,266526,0.0009999999,-129.99472,,35400.008949518204,14.6093235,0.12,4.712722e-12,0.0009999999,,11,0.2,4460,98.77659,14.650262,5072.9775,4460,4460.002,,59.75919282511211,1296,5155.2314,-0.12,-82.25404,-135.43178,14.498852,-577.64264,577.64264,0.0009999999
0.0009999999,577.64264,626454.4,-0.07908073,1.0000005,0.04,,140.42914,266560,0.0009999999,-123.606804,,35412.43241238594,14.697345,-0.12,4.7106086e-12,0.0009999999,,11,0.2,4461,98.77659,14.650037,5073.015,4461,4461.002,,59.7534185160278,1296,5155.276,-0.2,-82.2609,-135.42914,14.498828,-577.64264,577.64264,0.0009999999
0.0009999999,577.64264,626564.0,-0.4014367,1.0000004,-0.2,,140.42223,266572,0.0009999999,-104.57527,,35423.86252951622,13.9608,-0.2,4.708498e-12,0.0009999999,,11,0.12,4462,98.77659,14.649813,5073.027,4462,4462.0015,,59.74271627073061,1296,5155.32,-0.12,-82.2932,-135.42223,14.498639,-577.64264,577.64264,0.0009999999
0.0009999999,577.64264,626681.9,-0.23959994,1.0000005,0.12,,140.41718,266589,0.0009999999,-112.95468,,35434.85800766945,15.636237,-0.04,4.7063876e-12,0.0009999999,,11,-0.12,4463,98.77659,14.649589,5072.991,4463,4463.002,,59.73313914407349,1296,5155.3643,-0.2,-82.373276,-135.41718,14.498824,-577.64264,577.64264,0.0009999999
0.0009999999,577.64264,626817.2,0.15820006,1.0000005,-0.04,,140.41603,266650,0.0009999999,-130.26588,,35445.70984554291,15.690464,0.04,4.7042795e-12,0.0009999999,,11,0.2,4464,98.77659,14.649365,5073.0093,4464,4464.002,,59.7334229390681,1296,5155.4087,-0.04,-82.3994,-135.41603,14.499023,-577.64264,577.64264,0.0009999999
0.0009999999,577.64264,626951.6,-0.15806359,0.99999964,0.04,,140.4147,266691,0.0009999999,-129.40765,,35456.27344274521,14.745957,0.2,4.7021727e-12,0.0009999999,,11,-0.2,4465,98.77659,14.649141,5073.026,4465,4464.9985,,59.72922732362822,1296,5155.4526,-0.2,-82.426544,-135.4147,14.499011,-577.64264,577.64264,0.0009999999
0.0009999999,577.64264,627065.9,-0.08402214,0.99999976,0.04,,140.40884,266709,0.0009999999,-109.29329,,35467.13551735878,14.40893,0.04,4.700067e-12,0.0009999999,,11,0.04,4466,98.77659,14.648917,5073.0215,4466,4465.999,,59.719883564711154,1296,5155.497,-0.2,-82.47564,-135.40884,14.49892,-577.64264,577.64264,0.0009999999
0.0009999999,577.64264,627176.6,-0.24029127,1.0,-0.12,,140.4022,266724,0.0009999999,-105.76001,,35478.00631380081,5.482966,-0.2,4.697963e-12,0.0009999999,,11,0.2,4467,98.77659,14.648693,5073.05,4467,4467.0,,59.70987239758227,1296,5155.5415,-0.12,-82.49194,-135.4022,14.496836,-577.64264,577.64264,0.0009999999
0.0009999999,577.64264,627286.0,-0.0808492,1.0000004,-0.04,,140.39525,266738,0.0009999999,-104.34304,,35488.86227917671,14.014777,0.2,4.6958605e-12,0.0009999999,,11,-0.04,4468,98.77659,14.648469,5073.088,4468,4468.0015,,59.699641897940914,1296,5155.5854,-0.2,-82.49738,-135.39525,14.496656,-577.64264,577.64264,0.0009999999
0.0009999999,577.64264,627396.75,0.4017195,0.9999997,0.12,,140.38863,266752,0.0009999999,-105.77683,,35499.77620768547,14.151072,0.12,4.693759e-12,0.0009999999,,11,0.2,4469,98.77659,14.648246,5073.1265,4469,4468.9985,,59.689415976728576,1296,5155.63,-0.04,-82.50341,-135.38863,14.496514,-577.64264,577.64264,0.0009999999
0.0009999999,577.64264,627512.1,0.16093025,1.0,0.12,,140.38303,266768,0.0009999999,-110.33755,,35510.73078584671,14.823603,-0.2,4.6916594e-12,0.0009999999,,11,0.12,4470,98.77659,14.648022,5073.158,4470,4470.0,,59.67964205816555,1296,5155.6743,0.12,-82.5161,-135.38303,14.496513,-577.64264,577.64264,0.0009999999
0.0009999999,577.64264,627638.5,0.48078895,1.0000005,0.2,,140.3799,266801,0.0009999999,-121.420586,,35521.21858763695,15.072286,0.2,4.689561e-12,0.0009999999,,11,0.12,4471,98.77659,14.647799,5073.2,4471,4471.002,,59.67367479311116,1296,5155.7183,-0.04,-82.51789,-135.3799,14.496577,-577.64264,577.64264,0.0009999999
0.0009999999,577.64264,627762.06,-0.082561046,1.0,0.04,,140.37613,266826,0.0009999999,-118.552605,,35532.6026198864,16.093454,-0.04,4.6874635e-12,0.0009999999,,11,0.12,4472,98.77659,14.647574,5073.222,4472,4472.0,,59.66592128801431,1296,5155.762,-0.2,-82.54013,-135.37613,14.496863,-577.64264,577.64264,0.0009999999
0.0009999999,577.64264,627871.4,-0.0002966076,0.9999996,0.2,,140.36919,266845,0.0009999999,-104.35245,,35545.50040125847,12.964079,0.04,4.685368e-12,0.0009999999,,11,-0.04,4473,98.77659,14.647351,5073.2446,4473,4472.998,,59.656829868097475,1296,5155.8066,-0.2,-82.5621,-135.36919,14.496454,-577.64264,577.64264,0.0009999999
0.0009999999,577.64264,627984.25,-0.24227144,1.0000001,0.12,,140.36304,266864,0.0009999999,-107.8464,,35558.45070171356,15.259041,-0.2,4.6832737e-12,0.0009999999,,11,0.04,4474,98.77659,14.647127,5073.2188,4474,4474.0005,,59.64774251229325,1296,5155.851,-0.2,-82.63219,-135.36304,14.496553,-577.64264,577.64264,0.0009999999
0.0009999999,577.64264,628094.3,0.078763634,0.99999976,0.04,,140.35628,266880,0.0009999999,-105.019875,,35570.98802900314,14.907332,0.2,4.6811804e-12,0.0009999999,,11,-0.04,4475,98.77659,14.646904,5073.249,4475,4474.999,,59.63798882681564,1296,5155.895,-0.12,-82.64621,-135.35628,14.496577,-577.64264,577.64264,0.0009999999
0.0009999999,577.64264,628204.7,0.00019815564,0.9999996,0.2,,140.34958,266898,0.0009999999,-105.371796,,35583.16968727112,13.795285,0.12,4.6790896e-12,0.0009999999,,11,-0.12,4476,98.77659,14.646681,5073.288,4476,4475.998,,59.628686327077745,1296,5155.939,-0.2,-82.65091,-135.34958,14.496354,-577.64264,577.64264,0.0009999999
0.0009999999,577.64264,628323.6,-0.0804506,1.0000002,0.2,,140.34479,266917,0.0009999999,-113.943405,,35595.7547314167,13.912337,-0.2,4.6769992e-12,0.0009999999,,11,0.04,4477,98.77659,14.646457,5073.282,4477,4477.001,,59.61961134688407,1296,5155.9834,-0.12,-82.7014,-135.34479,14.496155,-577.64264,577.64264,0.0009999999
0.0009999999,577.64264,628436.4,-0.5566814,1.0000001,-0.2,,140.33862,266939,0.0009999999,-107.73205,,35607.27962255478,13.031878,-0.12,4.67491e-12,0.0009999999,,11,-0.04,4478,98.77659,14.646234,5073.324,4478,4478.0005,,59.61121036176865,1296,5156.0273,-0.2,-82.70333,-135.33862,14.495762,-577.64264,577.64264,0.0009999999
0.0009999999,577.64264,628543.44,0.0019427612,1.0,-0.04,,140.33119,266964,0.0009999999,-102.110466,,35618.503585100174,13.485321,0.2,4.6728233e-12,0.0009999999,,11,-0.04,4479,98.77659,14.64601,5073.3604,4479,4479.0,,59.60348292029471,1296,5156.072,-0.12,-82.71118,-135.33119,14.495463,-577.64264,577.64264,0.0009999999
0.0009999999,577.64264,628654.6,-0.24114738,0.9999999,-0.04,,140.32469,266981,0.0009999999,-106.17529,,35629.585448503494,14.435656,0.12,4.6707378e-12,0.0009999999,,11,-0.12,4480,98.77659,14.645787,5073.3813,4480,4479.9995,,59.59397321428571,1296,5156.1157,-0.2,-82.734474,-135.32469,14.495385,-577.64264,577.64264,0.0009999999
0.0009999999,577.64264,628764.4,0.4017761,0.9999999,0.04,,140.31787,267006,0.0009999999,-104.759544,,35640.245640039444,15.891472,0.2,4.668653e-12,0.0009999999,,11,0.12,4481,98.77659,14.645564,5073.3716,4481,4480.9995,,59.586253068511496,1296,5156.1597,0.04,-82.78825,-135.31787,14.4956255,-577.64264,577.64264,0.0009999999
0.0009999999,577.64264,628879.9,0.3192308,0.9999999,0.2,,140.31233,267022,0.0009999999,-110.50595,,35650.86750841141,14.563391,0.2,4.6665696e-12,0.0009999999,,11,0.12,4482,98.77659,14.645341,5073.396,4482,4481.9995,,59.57652833556448,1296,5156.2036,-0.2,-82.807434,-135.31233,14.495573,-577.64264,577.64264,0.0009999999
0.0009999999,577.64264,629001.9,0.08136006,0.9999999,0.2,,140.30824,267056,0.0009999999,-117.03963,,35661.779239177704,13.659794,0.2,4.6644884e-12,0.0009999999,,11,-0.12,4483,98.77659,14.645118,5073.413,4483,4482.9995,,59.57082310952487,1296,5156.248,-0.2,-82.83491,-135.30824,14.495316,-577.64264,577.64264,0.0009999999
0.0009999999,577.64264,629123.25,0.32035655,1.0,0.12,,140.30403,267079,0.0009999999,-116.34937,,35672.63043427467,15.047769,0.12,4.662409e-12,0.0009999999,,11,0.2,4484,98.77659,14.644895,5073.4346,4484,4484.0,,59.562667261373775,1296,5156.2925,-0.12,-82.85771,-135.30403,14.495374,-577.64264,577.64264,0.0009999999
0.0009999999,577.64264,629232.6,-0.39768913,1.0000002,-0.12,,140.29713,267099,0.0009999999,-104.38531,,35683.91763496399,15.134454,-0.2,4.66033e-12,0.0009999999,,11,0.04,4485,98.77659,14.644671,5073.435,4485,4485.001,,59.55384615384615,1296,5156.336,-0.12,-82.90109,-135.29713,14.495446,-577.64264,577.64264,0.0009999999
0.0009999999,577.64264,629353.5,0.47948956,1.0000005,0.2,,140.2928,267122,0.0009999999,-115.841286,,35695.20028924942,14.843646,0.2,4.6582525e-12,0.0009999999,,11,0.2,4486,98.77659,14.644449,5073.4346,4486,4486.002,,59.545697726259476,1296,5156.3804,-0.12,-82.94569,-135.2928,14.495457,-577.64264,577.64264,0.0009999999
0.0009999999,577.64264,629464.0,0.23881291,0.99999976,0.2,,140.28616,267139,0.0009999999,-105.45886,,35705.5587990284,16.131945,0.12,4.656176e-12,0.0009999999,,11,0.04,4487,98.77659,14.644226,5073.4673,4487,4486.999,,59.536215734343656,1296,5156.4243,-0.12,-82.95727,-135.28616,14.495752,-577.64264,577.64264,0.0009999999
0.0009999999,577.64264,629589.6,-0.3176458,1.0000001,-0.2,,140.2829,267163,0.0009999999,-120.67315,,35715.89282345772,14.264099,-0.04,4.6541013e-12,0.0009999999,,11,0.12,4488,98.77659,14.644003,5073.507,4488,4488.0005,,59.52829768270945,1296,5156.4683,-0.2,-82.96129,-135.2829,14.495632,-577.64264,577.64264,0.0009999999
0.0009999999,577.64264,629712.7,-0.23849854,1.0000005,-0.04,,140.27905,267242,0.0009999999,-118.08342,,35728.96671414375,14.88291,-0.2,4.6520283e-12,0.0009999999,,11,0.2,4489,98.77659,14.643781,5073.536,4489,4489.002,,59.532635330808645,1296,5156.512,-0.2,-82.97608,-135.27905,14.495652,-577.64264,577.64264,0.0009999999
0.0009999999,577.64264,629826.7,0.1607845,0.9999999,0.04,,140.27321,267256,0.0009999999,-108.97314,,35741.80715060234,12.706024,-0.2,4.649956e-12,0.0009999999,,11,0.12,4490,98.77659,14.643558,5073.5522,4490,4489.9995,,59.52249443207127,1296,5156.5566,0.2,-83.00438,-135.27321,14.495182,-577.64264,577.64264,0.0009999999
0.0009999999,577.64264,629941.5,-0.39884484,1.0000004,-0.12,,140.26753,267271,0.0009999999,-109.794266,,35754.59038686752,13.798316,-0.12,4.647886e-12,0.0009999999,,11,0.04,4491,98.77659,14.643334,5073.5864,4491,4491.0015,,59.51258071698953,1296,5156.6,-0.2,-83.01355,-135.26753,14.494961,-577.64264,577.64264,0.0009999999
0.0009999999,577.64264,630057.44,0.0006888211,0.9999999,-0.12,,140.26212,267287,0.0009999999,-110.94885,,35767.30427789688,14.845721,0.12,4.6458167e-12,0.0009999999,,11,0.2,4492,98.77659,14.643112,5073.572,4492,4491.9995,,59.50289403383793,1296,5156.644,-0.2,-83.07243,-135.26212,14.49497,-577.64264,577.64264,0.0009999999
0.0009999999,577.64264,630167.1,0.07828174,0.9999996,0.04,,140.25531,267305,0.0009999999,-104.66498,,35779.73276376724,15.973637,-0.2,4.6437485e-12,0.0009999999,,11,0.2,4493,98.77659,14.64289,5073.6055,4493,4492.998,,59.49365679946584,1296,5156.6885,0.04,-83.0829,-135.25531,14.495233,-577.64264,577.64264,0.0009999999
0.0009999999,577.64264,630283.5,0.15774965,1.0000002,0.12,,140.25,267334,0.0009999999,-111.416374,,35791.48373126984,14.0639715,-0.04,4.6416824e-12,0.0009999999,,11,0.2,4494,98.77659,14.642667,5073.6357,4494,4494.001,,59.48687138406765,1296,5156.7324,-0.12,-83.0966,-135.25,14.495065,-577.64264,577.64264,0.0009999999
0.0009999999,577.64264,630404.8,-0.077415004,0.9999999,-0.04,,140.24579,267355,0.0009999999,-116.28761,,35803.2102355957,14.689965,-0.2,4.6396172e-12,0.0009999999,,11,0.12,4495,98.77659,14.642445,5073.674,4495,4494.9995,,59.478309232480534,1296,5156.776,0.04,-83.10188,-135.24579,14.495042,-577.64264,577.64264,0.0009999999
0.0009999999,577.64264,630526.7,-0.6369194,0.9999997,-0.2,,140.2417,267376,0.0009999999,-116.90121,,35814.13657450676,13.738663,-0.2,4.637554e-12,0.0009999999,,11,-0.04,4496,98.77659,14.642222,5073.699,4496,4495.9985,,59.469750889679716,1296,5156.8203,-0.2,-83.12107,-135.2417,14.494805,-577.64264,577.64264,0.0009999999
0.0009999999,577.64264,630639.1,0.079914734,1.0000005,0.2,,140.23552,267388,0.0009999999,-107.383415,,35824.90151762962,13.596419,0.04,4.635491e-12,0.0009999999,,11,0.04,4497,98.77659,14.641999,5073.7163,4497,4497.002,,59.45919501890149,1296,5156.8643,-0.2,-83.147964,-135.23552,14.494536,-577.64264,577.64264,0.0009999999
0.0009999999,577.64264,630753.0,0.07864362,1.0000002,0.12,,140.22966,267404,0.0009999999,-108.88266,,35835.51243209839,15.8253765,-0.04,4.6334304e-12,0.0009999999,,11,0.2,4498,98.77659,14.641777,5073.7466,4498,4498.001,,59.4495331258337,1296,5156.9077,-0.2,-83.16092,-135.22966,14.494764,-577.64264,577.64264,0.0009999999
0.0009999999,577.64264,630864.75,-0.16447724,1.0000002,-0.04,,140.22333,267417,0.0009999999,-106.794136,,35846.559551239014,15.198514,0.2,4.631371e-12,0.0009999999,,11,-0.12,4499,98.77659,14.641555,5073.79,4499,4499.001,,59.43920871304734,1296,5156.9517,-0.2,-83.16164,-135.22333,14.494852,-577.64264,577.64264,0.0009999999
0.0009999999,577.64264,630981.25,0.3961175,1.0000001,0.2,,140.21805,267455,0.0009999999,-111.47715,,35857.60301113129,13.539078,-0.04,4.6293126e-12,0.0009999999,,11,0.12,4500,98.77659,14.641333,5073.815,4500,4500.0005,,59.434444444444445,1296,5156.996,0.12,-83.18139,-135.21805,14.494575,-577.64264,577.64264,0.0009999999
0.0009999999,577.64264,631112.4,0.24144927,1.0000001,0.2,,140.21603,267485,0.0009999999,-126.12432,,35868.69948196411,13.2400675,0.2,4.627256e-12,0.0009999999,,11,0.04,4501,98.77659,14.64111,5073.8447,4501,4501.0005,,59.42790491002,1296,5157.04,-0.2,-83.19546,-135.21603,14.4942255,-577.64264,577.64264,0.0009999999
0.0009999999,577.64264,631226.5,-0.15883029,1.0000002,0.2,,140.21024,267500,0.0009999999,-109.153725,,35879.651181697845,14.610626,-0.04,4.6252004e-12,0.0009999999,,11,-0.12,4502,98.77659,14.640888,5073.85,4502,4502.001,,59.41803642825411,1296,5157.0835,-0.2,-83.23349,-135.21024,14.4941845,-577.64264,577.64264,0.0009999999
0.0009999999,577.64264,631354.8,0.07907762,1.0000004,0.04,,140.2076,267545,0.0009999999,-123.26317,,35890.69594860077,15.907502,0.12,4.6231465e-12,0.0009999999,,11,0.04,4503,98.77659,14.640666,5073.8887,4503,4503.0015,,59.41483455474128,1296,5157.1274,-0.12,-83.238716,-135.2076,14.494429,-577.64264,577.64264,0.0009999999
0.0009999999,577.64264,631464.8,-2.4065375e-06,1.0000005,0.2,,140.2009,267560,0.0009999999,-105.012886,,35901.2103934288,10.687382,-0.2,4.621094e-12,0.0009999999,,11,0.12,4504,98.77659,14.640445,5073.9165,4504,4504.002,,59.40497335701598,1296,5157.1714,-0.12,-83.25491,-135.2009,14.493518,-577.64264,577.64264,0.0009999999
0.0009999999,577.64264,631575.25,-0.16245517,0.9999997,0.2,,140.19429,267572,0.0009999999,-105.429855,,35913.16700863838,15.355203,0.04,4.619042e-12,0.0009999999,,11,-0.2,4505,98.77659,14.640223,5073.956,4505,4504.9985,,59.394450610432855,1296,5157.2153,-0.2,-83.25941,-135.19429,14.493637,-577.64264,577.64264,0.0009999999
0.0009999999,577.64264,631654.44,-0.07926418,1.0,0.2,,140.18074,267718,0.0009999999,-74.20023,,35926.172173023224,15.293717,-0.2,4.6169926e-12,0.0009999999,,11,-0.12,4506,98.77659,14.64,5073.9736,4506,4506.0,,59.41367066134043,1296,5157.2593,0.04,-83.28571,-135.18074,14.493748,-577.64264,577.64264,0.0009999999
0.0009999999,577.64264,631769.44,0.561935,1.0000004,0.2,,140.17516,267734,0.0009999999,-109.9999,,35939.37538933754,15.667452,0.2,4.614944e-12,0.0009999999,,11,0.2,4507,98.77659,14.639778,5074.015,4507,4507.0015,,59.40403816285777,1296,5157.303,-0.04,-83.28798,-135.17516,14.49394,-577.64264,577.64264,0.0009999999
0.0009999999,577.64264,631889.8,-0.16354693,0.9999997,-0.2,,140.17076,267756,0.0009999999,-115.38934,,35952.21567940712,14.1715975,0.04,4.612897e-12,0.0009999999,,11,0.2,4508,98.77659,14.639557,5074.0425,4508,4507.9985,,59.39574090505768,1296,5157.3467,-0.2,-83.3042,-135.17076,14.493801,-577.64264,577.64264,0.0009999999
0.0009999999,577.64264,632000.3,0.07835056,1.0000001,-0.04,,140.16418,267773,0.0009999999,-105.490486,,35964.916479587555,14.42151,0.12,4.6108508e-12,0.0009999999,,11,0.2,4509,98.77659,14.639335,5074.077,4509,4509.0005,,59.386338434242624,1296,5157.3906,-0.2,-83.313576,-135.16418,14.493716,-577.64264,577.64264,0.0009999999
0.0009999999,577.64264,632107.6,-0.1596675,0.9999996,0.04,,140.1569,267799,0.0009999999,-102.27823,,35977.05088734627,14.453308,-0.12,4.608806e-12,0.0009999999,,11,0.04,4510,98.77659,14.639113,5074.1177,4510,4509.998,,59.3789356984479,1296,5157.4346,-0.12,-83.31708,-135.1569,14.49364,-577.64264,577.64264,0.0009999999
0.0009999999,577.64264,632238.5,0.07849261,1.0000001,-0.2,,140.15485,267837,0.0009999999,-125.91383,,35989.196613788605,15.151775,0.2,4.6067633e-12,0.0009999999,,11,0.12,4511,98.77659,14.638891,5074.157,4511,4511.0005,,59.374196408778545,1296,5157.4785,-0.04,-83.32122,-135.15485,14.49372,-577.64264,577.64264,0.0009999999
0.0009999999,577.64264,632364.1,-0.0026275069,0.9999997,0.04,,140.15163,267863,0.0009999999,-120.58943,,36000.427615880966,13.550042,-0.12,4.604721e-12,0.0009999999,,11,0.12,4512,98.77659,14.63867,5074.178,4512,4511.9985,,59.366799645390074,1296,5157.522,-0.04,-83.34386,-135.15163,14.493441,-577.64264,577.64264,0.0009999999
0.0009999999,577.64264,632476.4,-0.16113311,1.0000002,-0.04,,140.14545,267876,0.0009999999,-107.273476,,36011.32963371277,14.578195,-0.2,4.602681e-12,0.0009999999,,11,0.2,4513,98.77659,14.638448,5074.218,4513,4513.001,,59.356525592732105,1296,5157.566,-0.12,-83.34815,-135.14545,14.493392,-577.64264,577.64264,0.0009999999
0.0009999999,577.64264,632590.5,-0.47956854,1.0,-0.04,,140.13968,267895,0.0009999999,-109.11943,,36022.06241726875,14.943441,-0.2,4.600642e-12,0.0009999999,,11,-0.12,4514,98.77659,14.6382265,5074.258,4514,4514.0,,59.347585290208244,1296,5157.61,-0.12,-83.352,-135.13968,14.493423,-577.64264,577.64264,0.0009999999
0.0009999999,577.64264,632702.6,-0.07840324,0.9999997,0.2,,140.13347,267915,0.0009999999,-107.12087,,36033.16750597954,15.580732,-0.04,4.598604e-12,0.0009999999,,11,-0.04,4515,98.77659,14.638005,5074.2793,4515,4514.9985,,59.33887043189369,1296,5157.6533,-0.2,-83.37419,-135.13347,14.493599,-577.64264,577.64264,0.0009999999
0.0009999999,577.64264,632812.25,-0.24161367,1.0000005,-0.2,,140.12671,267939,0.0009999999,-104.630226,,36044.415489435196,15.163599,0.12,4.5965675e-12,0.0009999999,,11,0.04,4516,98.77659,14.637784,5074.3193,4516,4516.002,,59.33104517271922,1296,5157.6973,-0.2,-83.37806,-135.12671,14.493675,-577.64264,577.64264,0.0009999999
0.0009999999,577.64264,632922.75,0.07808736,1.0000004,0.12,,140.12016,267954,0.0009999999,-105.47626,,36055.40460920334,15.289381,-0.12,4.5945327e-12,0.0009999999,,11,0.2,4517,98.77659,14.637562,5074.3535,4517,4517.0015,,59.321230905468234,1296,5157.7407,-0.12,-83.387344,-135.12016,14.493786,-577.64264,577.64264,0.0009999999
0.0009999999,577.64264,633048.5,0.0014523044,1.0000002,-0.04,,140.11697,267982,0.0009999999,-120.78768,,36066.280140161514,14.135012,0.12,4.592499e-12,0.0009999999,,11,-0.04,4518,98.77659,14.637341,5074.3955,4518,4518.001,,59.314298362107124,1296,5157.7847,-0.04,-83.3894,-135.11697,14.493636,-577.64264,577.64264,0.0009999999
0.0009999999,577.64264,633175.1,-0.2360498,1.0000001,-0.04,,140.114,268019,0.0009999999,-121.61112,,36077.2297847271,15.740587,-0.12,4.590467e-12,0.0009999999,,11,0.04,4519,98.77659,14.637119,5074.4355,4519,4519.0005,,59.309360477981855,1296,5157.828,-0.12,-83.3924,-135.114,14.493846,-577.64264,577.64264,0.0009999999
0.0009999999,577.64264,633291.0,0.5611224,1.0000001,0.2,,140.10863,268038,0.0009999999,-110.88706,,36087.805641412735,14.241352,0.12,4.588436e-12,0.0009999999,,11,0.2,4520,98.77659,14.636898,5074.4785,4520,4520.0005,,59.3004424778761,1296,5157.872,0.04,-83.39369,-135.10863,14.493721,-577.64264,577.64264,0.0009999999
0.0009999999,577.64264,633403.4,-0.23603114,1.0000002,-0.12,,140.1025,268052,0.0009999999,-107.33795,,36098.9137172699,12.980169,-0.12,4.5864063e-12,0.0009999999,,11,0.2,4521,98.77659,14.636677,5074.522,4521,4521.001,,59.290422472904226,1296,5157.916,-0.2,-83.39419,-135.1025,14.493321,-577.64264,577.64264,0.0009999999
0.0009999999,577.64264,633515.6,-0.3226655,1.0000002,-0.2,,140.09633,268069,0.0009999999,-107.30114,,36112.22792315483,13.470764,0.2,4.584378e-12,0.0009999999,,11,-0.12,4522,98.77659,14.636456,5074.542,4522,4522.001,,59.281070322865986,1296,5157.959,-0.2,-83.41681,-135.09633,14.493027,-577.64264,577.64264,0.0009999999
0.0009999999,577.64264,633641.06,0.0018543564,1.0000005,0.04,,140.0931,268100,0.0009999999,-120.43073,,36125.495277404785,14.771124,-0.2,4.582351e-12,0.0009999999,,11,0.2,4523,98.77659,14.636234,5074.5815,4523,4523.002,,59.27481759893876,1296,5158.003,-0.04,-83.42151,-135.0931,14.493018,-577.64264,577.64264,0.0009999999
0.0009999999,577.64264,633757.0,-0.31693184,0.9999996,0.12,,140.08775,268132,0.0009999999,-110.914894,,36137.88567399979,12.332756,-0.2,4.5803253e-12,0.0009999999,,11,-0.12,4524,98.77659,14.636014,5074.624,4524,4523.998,,59.268788682581786,1296,5158.047,-0.12,-83.422646,-135.08775,14.492475,-577.64264,577.64264,0.0009999999
0.0009999999,577.64264,633881.25,-0.002102539,0.9999999,-0.04,,140.08426,268155,0.0009999999,-119.30639,,36150.89574575424,13.805016,0.2,4.5783013e-12,0.0009999999,,11,0.04,4525,98.77659,14.635793,5074.6675,4525,4524.9995,,59.260773480662984,1296,5158.091,-0.2,-83.42341,-135.08426,14.492255,-577.64264,577.64264,0.0009999999
0.0009999999,577.64264,633994.25,0.0004801005,1.0000001,0.04,,140.07828,268170,0.0009999999,-107.88834,,36163.223746299744,15.267249,0.04,4.576278e-12,0.0009999999,,11,0.12,4526,98.77659,14.6355715,5074.698,4526,4526.0005,,59.25099425541317,1296,5158.1343,-0.2,-83.436134,-135.07828,14.492356,-577.64264,577.64264,0.0009999999
0.0009999999,577.64264,634107.0,-0.15835547,0.99999946,0.2,,140.07224,268183,0.0009999999,-107.815506,,36175.254219293594,15.561784,-0.12,4.5742568e-12,0.0009999999,,11,-0.12,4527,98.77659,14.635351,5074.7334,4527,4526.9976,,59.240777556880936,1296,5158.1777,-0.12,-83.444565,-135.07224,14.492524,-577.64264,577.64264,0.0009999999
0.0009999999,577.64264,634224.75,0.47807103,0.9999999,0.04,,140.0673,268200,0.0009999999,-112.71871,,36186.66774845123,13.741635,0.04,4.5722367e-12,0.0009999999,,11,0.2,4528,98.77659,14.63513,5074.7646,4528,4527.9995,,59.23144876325088,1296,5158.2217,0.2,-83.457184,-135.0673,14.492292,-577.64264,577.64264,0.0009999999
0.0009999999,577.64264,634378.0,-0.23842952,1.0000004,-0.12,,140.07022,268250,0.0009999999,-148.32443,,36197.755501031876,15.501904,-0.04,4.570218e-12,0.0009999999,,11,0.12,4529,98.77659,14.634909,5074.786,4529,4529.0015,,59.22941046588651,1296,5158.2646,-0.2,-83.47838,-135.07022,14.492448,-577.64264,577.64264,0.0009999999
0.0009999999,577.64264,634506.4,-0.0011308081,0.99999976,0.12,,140.06763,268376,0.0009999999,-123.3313,,36208.787984609604,15.404179,-0.12,4.5682e-12,0.0009999999,,11,0.04,4530,98.77659,14.634688,5074.822,4530,4529.999,,59.24415011037527,1296,5158.3086,-0.04,-83.48658,-135.06763,14.49258,-577.64264,577.64264,0.0009999999
0.0009999999,577.64264,634631.0,-0.16053025,1.0000004,-0.12,,140.06422,268408,0.0009999999,-119.63412,,36219.90888309479,14.654912,0.04,4.566184e-12,0.0009999999,,11,0.12,4531,98.77659,14.634467,5074.828,4531,4531.0015,,59.2381372765394,1296,5158.3525,-0.2,-83.52418,-135.06422,14.49255,-577.64264,577.64264,0.0009999999
0.0009999999,577.64264,634748.1,-0.3994262,1.0,-0.2,,140.05916,268427,0.0009999999,-112.13234,,36231.23497414589,14.199845,-0.12,4.5641694e-12,0.0009999999,,11,-0.04,4532,98.77659,14.634247,5074.859,4532,4532.0,,59.2292586054722,1296,5158.396,-0.04,-83.53713,-135.05916,14.492416,-577.64264,577.64264,0.0009999999
0.0009999999,577.64264,634886.1,-0.5604561,0.9999997,-0.2,,140.05872,268469,0.0009999999,-132.94635,,36242.370737314224,15.71595,-0.04,4.5621553e-12,0.0009999999,,11,-0.12,4533,98.77659,14.634027,5074.8945,4533,4532.9985,,59.225457754246634,1296,5158.4395,-0.2,-83.544785,-135.05872,14.492623,-577.64264,577.64264,0.0009999999
0.0009999999,577.64264,634991.9,-0.0017323866,1.0000004,-0.12,,140.05115,268545,0.0009999999,-100.75763,,36253.39343905449,14.9481,0.2,4.5601435e-12,0.0009999999,,11,-0.04,4534,98.77659,14.633805,5074.9287,4534,4534.0015,,59.22915747684164,1296,5158.483,-0.04,-83.55426,-135.05115,14.492653,-577.64264,577.64264,0.0009999999
0.0009999999,577.64264,635123.2,0.002831906,1.0000001,0.04,,140.04921,268574,0.0009999999,-126.29458,,36264.41726231575,15.436062,-0.2,4.5581325e-12,0.0009999999,,11,0.12,4535,98.77659,14.633585,5074.887,4535,4535.0005,,59.222491730981254,1296,5158.527,0.04,-83.63947,-135.04921,14.492794,-577.64264,577.64264,0.0009999999
0.0009999999,577.64264,635233.75,-0.40047374,0.9999999,-0.04,,140.04271,268586,0.0009999999,-105.5922,,36275.02608585358,8.839928,-0.12,4.5561224e-12,0.0009999999,,11,-0.04,4536,98.77659,14.633365,5074.9233,4536,4535.9995,,59.2120811287478,1296,5158.57,-0.2,-83.64657,-135.04271,14.491478,-577.64264,577.64264,0.0009999999
0.0009999999,577.64264,635347.4,0.07992806,0.99999976,-0.04,,140.0369,268603,0.0009999999,-108.61863,,36286.651750564575,13.745933,-0.2,4.554115e-12,0.0009999999,,11,0.2,4537,98.77659,14.633144,5074.96,4537,4536.999,,59.202777165527884,1296,5158.614,0.12,-83.653824,-135.0369,14.491245,-577.64264,577.64264,0.0009999999
0.0009999999,577.64264,635466.5,-0.24102561,0.9999997,-0.04,,140.03229,268622,0.0009999999,-114.13754,,36299.56325721741,16.139223,-0.04,4.552108e-12,0.0009999999,,11,0.04,4538,98.77659,14.632924,5074.974,4538,4537.9985,,59.19391802556192,1296,5158.657,-0.2,-83.683334,-135.03229,14.491542,-577.64264,577.64264,0.0009999999
0.0009999999,577.64264,635579.0,-0.3198444,0.9999997,0.04,,140.02621,268640,0.0009999999,-107.50884,,36312.6729285717,13.578277,-0.12,4.550102e-12,0.0009999999,,11,-0.04,4539,98.77659,14.632704,5075.0127,4539,4538.9985,,59.18484247631637,1296,5158.701,-0.2,-83.688385,-135.02621,14.491274,-577.64264,577.64264,0.0009999999
0.0009999999,577.64264,635693.75,-0.16138539,0.9999997,-0.04,,140.02065,268656,0.0009999999,-109.75065,,36325.112062215805,11.885092,0.12,4.548098e-12,0.0009999999,,11,-0.04,4540,98.77659,14.6324835,5075.0483,4540,4539.9985,,59.17533039647577,1296,5158.744,-0.2,-83.69563,-135.02065,14.49063,-577.64264,577.64264,0.0009999999
0.0009999999,577.64264,635804.1,-0.07880053,0.9999997,-0.04,,140.01411,268669,0.0009999999,-105.39653,,36338.187653541565,15.434003,-0.04,4.5460953e-12,0.0009999999,,11,0.2,4541,98.77659,14.632263,5075.0835,4541,4540.9985,,59.16516185862145,1296,5158.7876,-0.2,-83.70395,-135.01411,14.490771,-577.64264,577.64264,0.0009999999
0.0009999999,577.64264,635914.94,0.3230188,0.99999976,0.2,,140.00769,268687,0.0009999999,-105.788445,,36350.50488328934,15.456076,0.12,4.5440934e-12,0.0009999999,,11,0.12,4542,98.77659,14.632043,5075.1055,4542,4541.999,,59.156098634962575,1296,5158.8315,-0.12,-83.726036,-135.00769,14.490918,-577.64264,577.64264,0.0009999999
0.0009999999,577.64264,636034.0,0.07747798,1.0,0.12,,140.00308,268705,0.0009999999,-114.08609,,36362.6694355011,14.927335,0.2,4.5420933e-12,0.0009999999,,11,-0.04,4543,98.77659,14.631823,5075.145,4543,4543.0,,59.147039401276686,1296,5158.8745,-0.2,-83.72953,-135.00308,14.490946,-577.64264,577.64264,0.0009999999
0.0009999999,577.64264,636148.75,0.2380018,1.0000002,0.12,,139.99753,268720,0.0009999999,-109.684784,,36373.86891722679,14.97696,-0.04,4.5400944e-12,0.0009999999,,11,0.12,4544,98.77659,14.631602,5075.183,4544,4544.001,,59.13732394366197,1296,5158.918,0.04,-83.73507,-134.99753,14.490988,-577.64264,577.64264,0.0009999999
0.0009999999,577.64264,636273.56,0.32337976,1.0000005,0.2,,139.99419,268744,0.0009999999,-119.83492,,36384.98586153984,15.390547,0.12,4.538097e-12,0.0009999999,,11,0.2,4545,98.77659,14.631383,5075.2124,4545,4545.002,,59.12959295929593,1296,5158.962,-0.2,-83.749725,-134.99419,14.491113,-577.64264,577.64264,0.0009999999
0.0009999999,577.64264,636384.3,-0.0016162097,0.99999976,0.2,,139.98775,268759,0.0009999999,-105.74834,,36396.03698563576,13.338273,-0.04,4.5361002e-12,0.0009999999,,11,0.04,4546,98.77659,14.631163,5075.2524,4546,4545.999,,59.11988561372635,1296,5159.0054,-0.2,-83.752914,-134.98775,14.490797,-577.64264,577.64264,0.0009999999
0.0009999999,577.64264,636496.06,-0.078152046,1.0000001,0.12,,139.98154,268788,0.0009999999,-106.777054,,36407.2872364521,15.279916,-0.2,4.5341057e-12,0.0009999999,,11,-0.12,4547,98.77659,14.630942,5075.281,4547,4547.0005,,59.11326149109303,1296,5159.0483,0.12,-83.76763,-134.98154,14.490901,-577.64264,577.64264,0.0009999999
0.0009999999,577.64264,636620.56,-0.23778012,0.9999996,-0.12,,139.97813,268813,0.0009999999,-119.51308,,36418.4606525898,14.360729,0.04,4.5321117e-12,0.0009999999,,11,0.04,4548,98.77659,14.630723,5075.299,4548,4547.998,,59.10576077396658,1296,5159.092,-0.2,-83.79313,-134.97813,14.490805,-577.64264,577.64264,0.0009999999
0.0009999999,577.64264,636730.9,-0.08249103,1.0,-0.04,,139.97162,268831,0.0009999999,-105.306335,,36429.41221451759,14.106876,-0.04,4.5301193e-12,0.0009999999,,11,0.12,4549,98.77659,14.630503,5075.3423,4549,4549.0,,59.09672455484722,1296,5159.1357,-0.12,-83.793365,-134.97162,14.490654,-577.64264,577.64264,0.0009999999
0.0009999999,577.64264,636849.94,-0.6394104,0.9999996,-0.12,,139.96703,268917,0.0009999999,-114.06119,,36440.49027776718,14.903777,-0.2,4.528128e-12,0.0009999999,,11,-0.2,4550,98.77659,14.630283,5075.3657,4550,4549.998,,59.10263736263736,1296,5159.1787,-0.12,-83.813225,-134.96703,14.490677,-577.64264,577.64264,0.0009999999
0.0009999999,577.64264,636983.44,-0.16052495,1.0000001,-0.12,,139.96559,268962,0.0009999999,-128.48381,,36451.25390434265,15.645381,0.2,4.5261386e-12,0.0009999999,,11,-0.04,4551,98.77659,14.630063,5075.407,4551,4551.0005,,59.0995385629532,1296,5159.222,-0.2,-83.81486,-134.96559,14.490862,-577.64264,577.64264,0.0009999999
0.0009999999,577.64264,637094.5,0.47940314,0.99999976,0.04,,139.95924,268981,0.0009999999,-106.06956,,36461.95235109329,15.304089,0.2,4.52415e-12,0.0009999999,,11,0.2,4552,98.77659,14.629844,5075.4463,4552,4551.999,,59.09072934973638,1296,5159.2656,0.04,-83.81947,-134.95924,14.490974,-577.64264,577.64264,0.0009999999
0.0009999999,577.64264,637216.06,-0.1635716,1.0000005,-0.2,,139.95522,269003,0.0009999999,-116.591934,,36472.97634959221,15.740459,-0.12,4.522163e-12,0.0009999999,,11,0.2,4553,98.77659,14.629623,5075.483,4553,4553.002,,59.082582912365474,1296,5159.309,-0.04,-83.826126,-134.95522,14.491183,-577.64264,577.64264,0.0009999999
0.0009999999,577.64264,637343.75,0.323101,1.0000001,0.04,,139.95251,269034,0.0009999999,-122.645515,,36486.29955649376,14.353262,0.2,4.520177e-12,0.0009999999,,11,0.2,4554,98.77659,14.629404,5075.512,4554,4554.0005,,59.076416337285906,1296,5159.3525,-0.12,-83.84048,-134.95251,14.491081,-577.64264,577.64264,0.0009999999
0.0009999999,577.64264,637458.94,0.081949055,0.9999999,0.12,,139.94708,269051,0.0009999999,-110.177185,,36499.4616048336,12.661771,-0.2,4.5181927e-12,0.0009999999,,11,0.2,4555,98.77659,14.629185,5075.52,4555,4554.9995,,59.06717892425905,1296,5159.396,-0.04,-83.87576,-134.94708,14.490615,-577.64264,577.64264,0.0009999999
0.0009999999,577.64264,637570.44,0.31957108,0.99999976,0.2,,139.94083,269063,0.0009999999,-106.49797,,36512.2522957325,15.183911,-0.04,4.5162095e-12,0.0009999999,,11,0.2,4556,98.77659,14.628965,5075.5596,4556,4555.999,,59.05684811237928,1296,5159.4395,-0.04,-83.8801,-134.94083,14.490699,-577.64264,577.64264,0.0009999999
0.0009999999,577.64264,637685.94,0.15666737,0.9999996,0.12,,139.93547,269084,0.0009999999,-110.49525,,36524.95066404343,15.613584,0.04,4.514228e-12,0.0009999999,,11,0.2,4557,98.77659,14.628746,5075.561,4557,4556.998,,59.04849681808207,1296,5159.4824,-0.2,-83.921455,-134.93547,14.490878,-577.64264,577.64264,0.0009999999
0.0009999999,577.64264,637797.8,0.080058165,1.0000005,0.12,,139.92932,269100,0.0009999999,-106.91102,,36536.94081401825,14.297473,-0.2,4.512247e-12,0.0009999999,,11,0.12,4558,98.77659,14.628527,5075.602,4558,4558.0024,,59.03905221588416,1296,5159.526,0.04,-83.92406,-134.92932,14.490768,-577.64264,577.64264,0.0009999999
0.0009999999,577.64264,637910.7,-0.082678065,0.99999946,-0.2,,139.92339,269115,0.0009999999,-107.895744,,36548.62322425842,14.743285,-0.12,4.5102676e-12,0.0009999999,,11,0.2,4559,98.77659,14.628307,5075.6455,4559,4558.9976,,59.02939241061636,1296,5159.5693,0.04,-83.92386,-134.92339,14.490757,-577.64264,577.64264,0.0009999999
0.0009999999,577.64264,638036.5,-0.16139534,1.0000005,-0.12,,139.92029,269144,0.0009999999,-120.788925,,36560.40960144997,14.542365,-0.04,4.50829e-12,0.0009999999,,11,0.2,4560,98.77659,14.628088,5075.6714,4560,4560.0024,,59.02280701754386,1296,5159.613,-0.2,-83.94117,-134.92029,14.490701,-577.64264,577.64264,0.0009999999
0.0009999999,577.64264,638151.06,0.08022164,0.9999996,0.2,,139.91472,269158,0.0009999999,-109.52575,,36571.5823674202,15.518973,0.2,4.5063133e-12,0.0009999999,,11,-0.2,4561,98.77659,14.627869,5075.6934,4561,4560.998,,59.01293575970182,1296,5159.656,-0.12,-83.96241,-134.91472,14.490858,-577.64264,577.64264,0.0009999999
0.0009999999,577.64264,638278.25,-0.07945286,0.9999997,-0.04,,139.91194,269186,0.0009999999,-122.164474,,36582.4757039547,13.321692,-0.2,4.5043374e-12,0.0009999999,,11,0.2,4562,98.77659,14.627649,5075.7256,4562,4561.9985,,59.006137658921524,1296,5159.699,-0.04,-83.97348,-134.91194,14.490537,-577.64264,577.64264,0.0009999999
0.0009999999,577.64264,638399.8,0.23901707,0.9999999,0.12,,139.90791,269207,0.0009999999,-116.58568,,36593.24330878258,10.54617,0.2,4.5023638e-12,0.0009999999,,11,0.04,4563,98.77659,14.62743,5075.759,4563,4562.9995,,58.99780845934692,1296,5159.7427,-0.12,-83.983986,-134.90791,14.489604,-577.64264,577.64264,0.0009999999
0.0009999999,577.64264,638511.2,-0.08000619,1.0000001,-0.2,,139.90166,269222,0.0009999999,-106.387825,,36604.34732508659,15.827139,0.2,4.500391e-12,0.0009999999,,11,0.12,4564,98.77659,14.627211,5075.7905,4564,4564.0005,,58.988168273444344,1296,5159.786,-0.2,-83.99544,-134.90166,14.489832,-577.64264,577.64264,0.0009999999
0.0009999999,577.64264,638622.4,-0.48481897,1.0000004,-0.2,,139.89537,269234,0.0009999999,-106.2164,,36615.5225379467,14.876659,-0.2,4.498419e-12,0.0009999999,,11,0.12,4565,98.77659,14.626991,5075.7993,4565,4565.0015,,58.97787513691128,1296,5159.8286,-0.2,-84.02941,-134.89537,14.489846,-577.64264,577.64264,0.0009999999
0.0009999999,577.64264,638732.06,-0.15962529,0.9999997,0.12,,139.88876,269247,0.0009999999,-104.6779,,36626.70852684975,13.298325,-0.04,4.4964492e-12,0.0009999999,,11,-0.04,4566,98.77659,14.626773,5075.8223,4566,4565.9985,,58.967805519053876,1296,5159.872,-0.2,-84.04956,-134.88876,14.489522,-577.64264,577.64264,0.0009999999
0.0009999999,577.64264,638852.9,-0.00018829852,1.0000001,-0.04,,139.88458,269268,0.0009999999,-115.76442,,36637.699268102646,15.309756,-0.12,4.4944803e-12,0.0009999999,,11,0.2,4567,98.77659,14.626554,5075.858,4567,4567.0005,,58.95949200788264,1296,5159.9155,-0.04,-84.05745,-134.88458,14.48963,-577.64264,577.64264,0.0009999999
0.0009999999,577.64264,638961.75,0.084008574,0.9999996,0.12,,139.87779,269279,0.0009999999,-103.9197,,36648.436119794846,14.080661,0.04,4.4925127e-12,0.0009999999,,11,0.04,4568,98.77659,14.626335,5075.879,4568,4567.998,,58.94899299474606,1296,5159.9585,-0.12,-84.07975,-134.87779,14.489475,-577.64264,577.64264,0.0009999999
0.0009999999,577.64264,639082.1,-0.39844123,1.0,-0.2,,139.87352,269298,0.0009999999,-115.33639,,36659.19727754593,11.2051325,0.12,4.4905464e-12,0.0009999999,,11,-0.2,4569,98.77659,14.626116,5075.873,4569,4569.0,,58.94024950755089,1296,5160.002,-0.12,-84.12912,-134.87352,14.488689,-577.64264,577.64264,0.0009999999
0.0009999999,577.64264,639204.94,-0.15872553,0.9999996,-0.04,,139.8698,269357,0.0009999999,-117.80461,,36672.60605788231,15.503199,0.04,4.4885814e-12,0.0009999999,,11,0.04,4570,98.77659,14.625897,5075.916,4570,4569.998,,58.940262582056896,1296,5160.045,-0.2,-84.12879,-134.8698,14.488844,-577.64264,577.64264,0.0009999999
0.0009999999,577.64264,639315.3,-0.1600105,1.0000001,0.04,,139.86334,269371,0.0009999999,-105.377846,,36685.580250024796,14.772367,-0.2,4.4866177e-12,0.0009999999,,11,0.2,4571,98.77659,14.625678,5075.9478,4571,4571.0005,,58.93043097790418,1296,5160.0884,-0.2,-84.140526,-134.86334,14.488837,-577.64264,577.64264,0.0009999999
0.0009999999,577.64264,639431.5,-0.24029127,0.99999976,-0.2,,139.85815,269387,0.0009999999,-111.18292,,36697.99577283859,14.43534,0.04,4.4846553e-12,0.0009999999,,11,0.04,4572,98.77659,14.62546,5075.9717,4572,4571.999,,58.921041119860014,1296,5160.1313,-0.12,-84.15983,-134.85815,14.48876,-577.64264,577.64264,0.0009999999
0.0009999999,577.64264,639540.4,-0.32040814,1.0000005,-0.12,,139.85138,269412,0.0009999999,-103.89622,,36711.01435184479,15.383902,-0.12,4.482694e-12,0.0009999999,,11,0.04,4573,98.77659,14.62524,5076.011,4573,4573.002,,58.91362344194183,1296,5160.175,-0.12,-84.163765,-134.85138,14.488892,-577.64264,577.64264,0.0009999999
0.0009999999,577.64264,639669.5,-0.07779848,1.0000001,0.04,,139.84904,269445,0.0009999999,-124.08133,,36723.36445236206,15.569726,-0.2,4.480734e-12,0.0009999999,,11,0.12,4574,98.77659,14.625022,5076.0312,4574,4574.0005,,58.90795802361172,1296,5160.2183,-0.04,-84.18717,-134.84904,14.4890585,-577.64264,577.64264,0.0009999999
0.0009999999,577.64264,639781.5,0.24029699,0.9999999,0.12,,139.84296,269457,0.0009999999,-107.00313,,36735.02671003342,14.687362,0.12,4.4787754e-12,0.0009999999,,11,0.12,4575,98.77659,14.624804,5076.069,4575,4574.9995,,58.89770491803279,1296,5160.2607,-0.12,-84.1919,-134.84296,14.489034,-577.64264,577.64264,0.0009999999
0.0009999999,577.64264,639891.2,0.0018413663,0.99999976,0.2,,139.83636,269475,0.0009999999,-104.73908,,36747.191214084625,13.76156,-0.04,4.4768182e-12,0.0009999999,,11,-0.04,4576,98.77659,14.624585,5076.109,4576,4575.999,,58.88876748251748,1296,5160.304,-0.12,-84.19515,-134.83636,14.488806,-577.64264,577.64264,0.0009999999
0.0009999999,577.64264,640043.8,-0.4798078,0.9999997,0.04,,139.83916,269536,0.0009999999,-147.6386,,36758.96424293518,13.856214,-0.2,4.4748623e-12,0.0009999999,,11,-0.2,4577,98.77659,14.624367,5076.1255,4577,4576.9985,,58.88922875245794,1296,5160.347,-0.12,-84.22151,-134.83916,14.488605,-577.64264,577.64264,0.0009999999
0.0009999999,577.64264,640158.56,-0.16522557,0.9999996,0.12,,139.83368,269556,0.0009999999,-109.73963,,36770.03098320961,13.409792,0.04,4.4729077e-12,0.0009999999,,11,-0.12,4578,98.77659,14.624148,5076.157,4578,4577.998,,58.88073394495413,1296,5160.3906,-0.2,-84.23339,-134.83368,14.4883,-577.64264,577.64264,0.0009999999
0.0009999999,577.64264,640295.06,-0.2395949,0.9999996,0.2,,139.83295,269604,0.0009999999,-131.51059,,36781.11115407944,12.183261,-0.2,4.470954e-12,0.0009999999,,11,-0.12,4579,98.77659,14.62393,5076.1885,4579,4578.998,,58.87835772002621,1296,5160.4336,-0.12,-84.24525,-134.83295,14.487729,-577.64264,577.64264,0.0009999999
0.0009999999,577.64264,640412.56,0.3187746,0.9999996,0.2,,139.82806,269627,0.0009999999,-112.48793,,36792.070006132126,10.210764,0.04,4.469002e-12,0.0009999999,,11,0.2,4580,98.77659,14.623712,5076.23,4580,4579.998,,58.87052401746725,1296,5160.4766,-0.12,-84.24664,-134.82806,14.486726,-577.64264,577.64264,0.0009999999
0.0009999999,577.64264,640527.9,-0.15906793,0.9999997,0.12,,139.82272,269643,0.0009999999,-110.27453,,36803.16572380066,14.845145,-0.2,4.4670513e-12,0.0009999999,,11,0.12,4581,98.77659,14.623493,5076.2554,4581,4580.9985,,58.86116568434839,1296,5160.52,-0.2,-84.26485,-134.82272,14.48674,-577.64264,577.64264,0.0009999999
0.0009999999,577.64264,640638.9,4.900992e-05,0.99999976,-0.2,,139.81642,269657,0.0009999999,-105.98873,,36814.39410114288,14.645493,0.2,4.4651015e-12,0.0009999999,,11,0.12,4582,98.77659,14.623275,5076.2744,4582,4581.999,,58.85137494543867,1296,5160.563,-0.12,-84.28865,-134.81642,14.486711,-577.64264,577.64264,0.0009999999
0.0009999999,577.64264,640752.25,-0.0014940798,0.9999999,0.12,,139.81065,269671,0.0009999999,-108.42943,,36825.332929849625,14.166404,-0.12,4.463153e-12,0.0009999999,,11,0.2,4583,98.77659,14.623056,5076.3145,4583,4582.9995,,58.84158847916212,1296,5160.606,-0.2,-84.29139,-134.81065,14.48657,-577.64264,577.64264,0.0009999999
0.0009999999,577.64264,640863.4,-0.16004644,1.0000002,-0.04,,139.8044,269696,0.0009999999,-106.113495,,36835.913810014725,13.423123,-0.2,4.4612057e-12,0.0009999999,,11,0.12,4584,98.77659,14.622838,5076.3306,4584,4584.001,,58.83420593368238,1296,5160.649,-0.04,-84.31827,-134.8044,14.486274,-577.64264,577.64264,0.0009999999
0.0009999999,577.64264,640976.25,-0.16034487,1.0000005,-0.04,,139.79852,269710,0.0009999999,-107.848724,,36847.92361974716,15.250664,-0.12,4.45926e-12,0.0009999999,,11,0.2,4585,98.77659,14.62262,5076.3623,4585,4585.002,,58.82442748091603,1296,5160.6924,-0.2,-84.33026,-134.79852,14.486372,-577.64264,577.64264,0.0009999999
0.0009999999,577.64264,641091.5,0.3205641,0.99999976,0.12,,139.79318,269729,0.0009999999,-110.26276,,36859.42251729965,15.723039,0.04,4.4573156e-12,0.0009999999,,11,0.2,4586,98.77659,14.622402,5076.3926,4586,4585.999,,58.81574356737898,1296,5160.735,-0.04,-84.3425,-134.79318,14.486574,-577.64264,577.64264,0.0009999999
0.0009999999,577.64264,641205.94,-0.3996277,1.0000001,0.04,,139.78764,269753,0.0009999999,-109.44566,,36872.27590966225,13.950166,-0.2,4.4553727e-12,0.0009999999,,11,-0.12,4587,98.77659,14.622184,5076.391,4587,4587.0005,,58.80815347721823,1296,5160.778,-0.12,-84.38682,-134.78764,14.48639,-577.64264,577.64264,0.0009999999
0.0009999999,577.64264,641329.9,0.32514608,0.9999996,0.2,,139.7842,269777,0.0009999999,-118.915504,,36885.03315806389,16.050484,-0.2,4.4534302e-12,0.0009999999,,11,0.12,4588,98.77659,14.621966,5076.4297,4588,4587.998,,58.80056669572799,1296,5160.8213,0.2,-84.39138,-134.7842,14.486664,-577.64264,577.64264,0.0009999999
0.0009999999,577.64264,641458.0,0.0763224,1.0,0.2,,139.78165,269811,0.0009999999,-123.10277,,36897.88413763046,8.176156,-0.2,4.45149e-12,0.0009999999,,11,0.2,4589,98.77659,14.621748,5076.463,4589,4589.0,,58.79516234473741,1296,5160.8647,-0.12,-84.40171,-134.78165,14.485221,-577.64264,577.64264,0.0009999999
0.0009999999,577.64264,641569.1,0.16227026,0.9999996,0.2,,139.7754,269824,0.0009999999,-106.185745,,36910.35944867134,14.023601,-0.12,4.44955e-12,0.0009999999,,11,0.2,4590,98.77659,14.621531,5076.4834,4590,4589.998,,58.785185185185185,1296,5160.907,-0.12,-84.42374,-134.7754,14.485054,-577.64264,577.64264,0.0009999999
0.0009999999,577.64264,641702.25,0.31994683,1.0000001,0.12,,139.77396,269863,0.0009999999,-128.05501,,36922.81263780594,14.703753,0.2,4.447612e-12,0.0009999999,,11,0.12,4591,98.77659,14.621312,5076.525,4591,4591.0005,,58.780875626225225,1296,5160.95,-0.12,-84.42508,-134.77396,14.485039,-577.64264,577.64264,0.0009999999
0.0009999999,577.64264,641824.25,0.3991885,0.99999976,0.04,,139.7701,269885,0.0009999999,-117.02005,,36934.97243356705,15.9413395,0.2,4.445675e-12,0.0009999999,,11,0.2,4592,98.77659,14.621095,5076.5625,4592,4591.999,,58.77286585365854,1296,5160.9937,-0.04,-84.43112,-134.7701,14.485284,-577.64264,577.64264,0.0009999999
0.0009999999,577.64264,641947.9,-0.3250125,1.0000005,0.12,,139.76657,269913,0.0009999999,-118.65467,,36946.31679725647,14.655155,-0.12,4.4437396e-12,0.0009999999,,11,-0.12,4593,98.77659,14.620877,5076.584,4593,4593.002,,58.76616590463749,1296,5161.0366,-0.2,-84.45253,-134.76657,14.485256,-577.64264,577.64264,0.0009999999
0.0009999999,577.64264,642057.7,0.32205516,1.0000002,-0.12,,139.76006,269930,0.0009999999,-104.81117,,36957.38292527199,11.546103,0.2,4.4418054e-12,0.0009999999,,11,0.12,4594,98.77659,14.620659,5076.6167,4594,4594.001,,58.757074444928165,1296,5161.079,0.12,-84.46251,-134.76006,14.48455,-577.64264,577.64264,0.0009999999
0.0009999999,577.64264,642177.56,0.40078855,1.0,0.2,,139.75572,269949,0.0009999999,-114.88364,,36968.459149837494,15.3651285,0.12,4.4398725e-12,0.0009999999,,11,-0.12,4595,98.77659,14.620441,5076.643,4595,4595.0,,58.74842219804135,1296,5161.1226,0.2,-84.47938,-134.75572,14.484676,-577.64264,577.64264,0.0009999999
0.0009999999,577.64264,642298.06,0.076074466,0.99999976,-0.2,,139.75154,269967,0.0009999999,-115.49048,,36979.51998806,14.521358,0.12,4.437941e-12,0.0009999999,,11,0.2,4596,98.77659,14.620224,5076.683,4596,4595.999,,58.739556135770236,1296,5161.1655,-0.04,-84.48256,-134.75154,14.484616,-577.64264,577.64264,0.0009999999
0.0009999999,577.64264,642414.25,-0.16202755,0.9999997,0.04,,139.74641,269987,0.0009999999,-111.15883,,36990.53916978836,12.929027,-0.12,4.43601e-12,0.0009999999,,11,0.12,4597,98.77659,14.620007,5076.674,4597,4596.9985,,58.73112899717207,1296,5161.2085,-0.2,-84.53443,-134.74641,14.484212,-577.64264,577.64264,0.0009999999
0.0009999999,577.64264,642525.9,0.48128387,0.9999996,0.2,,139.7403,270002,0.0009999999,-106.64912,,37001.58192157745,15.636191,0.12,4.434081e-12,0.0009999999,,11,0.2,4598,98.77659,14.619789,5076.7017,4598,4597.998,,58.72161809482384,1296,5161.251,-0.04,-84.54923,-134.7403,14.484392,-577.64264,577.64264,0.0009999999
0.0009999999,577.64264,642660.8,-0.07987479,0.9999996,0.12,,139.73926,270044,0.0009999999,-129.97346,,37012.43537783623,14.365695,-0.04,4.432153e-12,0.0009999999,,11,-0.04,4599,98.77659,14.619572,5076.7285,4599,4598.998,,58.71798217003696,1296,5161.294,-0.12,-84.56536,-134.73926,14.484301,-577.64264,577.64264,0.0009999999
0.0009999999,577.64264,642787.6,0.2381117,0.9999996,-0.12,,139.73643,270072,0.0009999999,-121.80202,,37023.32044172287,15.315169,0.2,4.4302257e-12,0.0009999999,,11,0.2,4600,98.77659,14.619354,5076.747,4600,4599.998,,58.711304347826086,1296,5161.337,-0.04,-84.58977,-134.73643,14.484419,-577.64264,577.64264,0.0009999999
0.0009999999,577.64264,642895.6,-0.24234933,0.9999997,-0.12,,139.72954,270093,0.0009999999,-102.99541,,37036.17219257355,14.983592,-0.12,4.4283006e-12,0.0009999999,,11,0.12,4601,98.77659,14.619137,5076.773,4601,4600.9985,,58.70310801999565,1296,5161.38,-0.12,-84.60702,-134.72954,14.484458,-577.64264,577.64264,0.0009999999
0.0009999999,577.64264,643014.56,-0.2376217,0.99999976,0.04,,139.72502,270111,0.0009999999,-113.946236,,37048.14320349693,15.156735,-0.12,4.4263764e-12,0.0009999999,,11,-0.04,4602,98.77659,14.618919,5076.803,4602,4601.999,,58.69426336375489,1296,5161.423,-0.12,-84.6194,-134.72502,14.484538,-577.64264,577.64264,0.0009999999
0.0009999999,577.64264,643142.5,-0.32118472,1.0,-0.2,,139.72246,270137,0.0009999999,-122.95236,,37060.94008016586,14.609006,-0.2,4.424453e-12,0.0009999999,,11,0.2,4603,98.77659,14.618702,5076.8423,4603,4603.0,,58.68716054746904,1296,5161.466,-0.12,-84.62333,-134.72246,14.484497,-577.64264,577.64264,0.0009999999
0.0009999999,577.64264,643253.5,-0.55857325,1.0000002,-0.04,,139.71623,270157,0.0009999999,-105.97798,,37073.11642193794,15.328688,-0.12,4.4225314e-12,0.0009999999,,11,-0.2,4604,98.77659,14.6184845,5076.876,4604,4604.001,,58.67875760208514,1296,5161.509,-0.2,-84.63272,-134.71623,14.484616,-577.64264,577.64264,0.0009999999
0.0009999999,577.64264,643402.1,-0.1631931,1.0000005,-0.04,,139.71815,270213,0.0009999999,-143.6243,,37085.678488731384,14.65234,-0.12,4.4206106e-12,0.0009999999,,11,0.12,4605,98.77659,14.618267,5076.917,4605,4605.002,,58.67817589576547,1296,5161.5513,-0.12,-84.63448,-134.71815,14.484586,-577.64264,577.64264,0.0009999999
0.0009999999,577.64264,643516.94,0.4016954,0.99999976,0.12,,139.71275,270229,0.0009999999,-109.78696,,37097.98899626732,7.5214934,0.2,4.4186915e-12,0.0009999999,,11,0.12,4606,98.77659,14.618051,5076.9297,4606,4605.999,,58.66891011723838,1296,5161.594,-0.04,-84.66458,-134.71275,14.483007,-577.64264,577.64264,0.0009999999
0.0009999999,577.64264,643627.94,0.079587474,1.0000001,0.2,,139.70651,270242,0.0009999999,-106.01041,,37110.28538227081,14.794337,-0.2,4.4167734e-12,0.0009999999,,11,-0.04,4607,98.77659,14.617833,5076.893,4607,4607.0005,,58.65899717820707,1296,5161.637,0.12,-84.744225,-134.70651,14.483005,-577.64264,577.64264,0.0009999999
0.0009999999,577.64264,643742.5,-0.15556782,0.9999996,0.12,,139.70107,270257,0.0009999999,-109.593315,,37122.39313054085,14.877439,-0.12,4.4148565e-12,0.0009999999,,11,0.04,4608,98.77659,14.617617,5076.9253,4608,4607.998,,58.64952256944444,1296,5161.68,-0.2,-84.75466,-134.70107,14.483026,-577.64264,577.64264,0.0009999999
0.0009999999,577.64264,643854.0,-0.562502,1.0,-0.04,,139.69495,270270,0.0009999999,-106.49025,,37133.64420104027,13.509125,-0.2,4.412941e-12,0.0009999999,,11,-0.12,4609,98.77659,14.617399,5076.961,4609,4609.0,,58.63961813842482,1296,5161.7227,-0.2,-84.76164,-134.69495,14.482751,-577.64264,577.64264,0.0009999999
0.0009999999,577.64264,643962.44,-0.079034366,0.9999996,-0.12,,139.68817,270297,0.0009999999,-103.414,,37144.74773645401,14.015949,0.12,4.4110267e-12,0.0009999999,,11,0.04,4610,98.77659,14.617183,5076.9814,4610,4609.998,,58.632754880694144,1296,5161.7656,-0.12,-84.78413,-134.68817,14.48258,-577.64264,577.64264,0.0009999999
0.0009999999,577.64264,644082.6,-0.32162902,1.0000001,0.04,,139.68393,270334,0.0009999999,-115.15054,,37155.81803894043,15.7091,-0.2,4.4091137e-12,0.0009999999,,11,-0.04,4611,98.77659,14.616965,5077.0093,4611,4611.0005,,58.62806332682715,1296,5161.8086,-0.12,-84.79913,-134.68393,14.48278,-577.64264,577.64264,0.0009999999
0.0009999999,577.64264,644192.94,0.1576281,0.99999976,0.04,,139.67757,270347,0.0009999999,-105.319824,,37166.68618249893,13.983815,-0.12,4.407202e-12,0.0009999999,,11,0.2,4612,98.77659,14.616749,5076.994,4612,4611.999,,58.61816999132697,1296,5161.8516,0.04,-84.85722,-134.67757,14.482607,-577.64264,577.64264,0.0009999999
0.0009999999,577.64264,644301.8,0.24053147,1.0000005,0.04,,139.67088,270358,0.0009999999,-103.87495,,37177.581483364105,13.131142,0.2,4.4052912e-12,0.0009999999,,11,0.2,4613,98.77659,14.616531,5077.031,4613,4613.002,,58.60784738781704,1296,5161.894,-0.2,-84.863266,-134.67088,14.4822445,-577.64264,577.64264,0.0009999999
0.0009999999,577.64264,644424.06,0.23719215,1.0000001,0.2,,139.66711,270400,0.0009999999,-117.251526,,37188.83622288704,13.94712,-0.12,4.4033817e-12,0.0009999999,,11,0.2,4614,98.77659,14.616315,5077.0605,4614,4614.0005,,58.60424794104898,1296,5161.937,-0.04,-84.87651,-134.66711,14.482065,-577.64264,577.64264,0.0009999999
0.0009999999,577.64264,644542.2,-0.00041772053,0.9999999,-0.12,,139.66245,270419,0.0009999999,-113.143166,,37199.77620601654,13.42133,-0.12,4.401474e-12,0.0009999999,,11,0.2,4615,98.77659,14.616098,5077.094,4615,4614.9995,,58.59566630552546,1296,5161.98,0.04,-84.88553,-134.66245,14.481768,-577.64264,577.64264,0.0009999999
0.0009999999,577.64264,644658.9,0.15995884,0.9999997,-0.04,,139.65747,270439,0.0009999999,-111.68096,,37210.71301651001,15.410206,0.2,4.399567e-12,0.0009999999,,11,0.12,4616,98.77659,14.615882,5077.098,4616,4615.9985,,58.587305025996535,1296,5162.023,-0.12,-84.92496,-134.65747,14.4819,-577.64264,577.64264,0.0009999999
0.0009999999,577.64264,644780.5,0.079838276,0.9999996,0.04,,139.65356,270463,0.0009999999,-116.67723,,37223.15747046471,13.386533,0.04,4.397661e-12,0.0009999999,,11,0.2,4617,98.77659,14.615665,5077.134,4617,4616.998,,58.57981373186052,1296,5162.065,-0.2,-84.93096,-134.65356,14.481597,-577.64264,577.64264,0.0009999999
0.0009999999,577.64264,644894.5,-0.400168,1.0000005,-0.2,,139.64801,270479,0.0009999999,-108.99687,,37236.61050224304,15.566454,-0.2,4.395757e-12,0.0009999999,,11,0.04,4618,98.77659,14.615449,5077.173,4618,4618.002,,58.57059333044608,1296,5162.108,-0.04,-84.935135,-134.64801,14.481768,-577.64264,577.64264,0.0009999999
0.0009999999,577.64264,645005.1,-0.15590052,1.0000005,-0.04,,139.64172,270498,0.0009999999,-105.55204,,37249.48168182373,13.480197,-0.04,4.3938538e-12,0.0009999999,,11,0.12,4619,98.77659,14.6152315,5077.194,4619,4619.002,,58.56202641264343,1296,5162.151,-0.2,-84.957146,-134.64172,14.4814825,-577.64264,577.64264,0.0009999999
0.0009999999,577.64264,645116.2,-0.07817072,1.0000005,-0.04,,139.63554,270515,0.0009999999,-106.079056,,37261.91826891899,8.4261875,0.04,4.391952e-12,0.0009999999,,11,0.12,4620,98.77659,14.615015,5077.2363,4620,4620.002,,58.553030303030305,1296,5162.1934,-0.2,-84.956955,-134.63554,14.480107,-577.64264,577.64264,0.0009999999
0.0009999999,577.64264,645226.25,-0.07926188,0.9999996,0.2,,139.62914,270532,0.0009999999,-105.04866,,37274.24804520607,14.001609,-0.12,4.3900513e-12,0.0009999999,,11,0.04,4621,98.77659,14.6147995,5077.2773,4621,4620.998,,58.544038086994156,1296,5162.236,-0.2,-84.95869,-134.62914,14.479936,-577.64264,577.64264,0.0009999999
0.0009999999,577.64264,645338.7,-0.40249237,0.9999996,-0.2,,139.62326,270561,0.0009999999,-107.47041,,37286.75742697716,12.833437,-0.12,4.3881517e-12,0.0009999999,,11,0.04,4622,98.77659,14.614583,5077.2617,4622,4621.998,,58.537646040675035,1296,5162.279,-0.12,-85.01697,-134.62326,14.479514,-577.64264,577.64264,0.0009999999
0.0009999999,577.64264,645449.75,-0.24101964,0.99999976,0.04,,139.61708,270578,0.0009999999,-106.06298,,37298.85527062416,14.663283,-0.04,4.3862535e-12,0.0009999999,,11,-0.04,4623,98.77659,14.614367,5077.2485,4623,4622.999,,58.528661042613024,1296,5162.322,-0.2,-85.073235,-134.61708,14.479487,-577.64264,577.64264,0.0009999999
0.0009999999,577.64264,645548.9,-0.32207167,1.0,-0.12,,139.60832,270677,0.0009999999,-94.14842,,37310.56380939484,15.688949,-0.2,4.3843566e-12,0.0009999999,,11,0.04,4624,98.77659,14.61415,5077.2886,4624,4624.0,,58.53741349480969,1296,5162.3643,-0.04,-85.07558,-134.60832,14.479683,-577.64264,577.64264,0.0009999999
0.0009999999,577.64264,645664.0,-0.08025414,1.0000002,-0.2,,139.60303,270701,0.0009999999,-110.05418,,37321.910059928894,14.158077,0.12,4.382461e-12,0.0009999999,,11,0.2,4625,98.77659,14.613934,5077.323,4625,4625.001,,58.52994594594595,1296,5162.4067,-0.2,-85.083595,-134.60303,14.479544,-577.64264,577.64264,0.0009999999
0.0009999999,577.64264,645775.9,0.24044952,0.9999996,-0.2,,139.59703,270716,0.0009999999,-106.949356,,37333.20176959038,14.423448,0.2,4.3805667e-12,0.0009999999,,11,0.2,4626,98.77659,14.613718,5077.355,4626,4625.998,,58.520536100302635,1296,5162.4497,0.04,-85.09478,-134.59703,14.479467,-577.64264,577.64264,0.0009999999
0.0009999999,577.64264,645894.8,0.08081028,0.9999999,-0.04,,139.59258,270734,0.0009999999,-113.90114,,37344.35648107529,15.515768,0.2,4.378673e-12,0.0009999999,,11,0.12,4627,98.77659,14.613502,5077.3916,4627,4626.9995,,58.51177869029609,1296,5162.4927,-0.2,-85.10129,-134.59258,14.479627,-577.64264,577.64264,0.0009999999
0.0009999999,577.64264,646018.56,0.07825621,1.0000004,0.04,,139.58914,270757,0.0009999999,-118.74022,,37355.227123737335,15.023207,-0.12,4.376781e-12,0.0009999999,,11,0.2,4628,98.77659,14.613285,5077.4326,4628,4628.0015,,58.50410544511668,1296,5162.5347,-0.04,-85.102135,-134.58914,14.479675,-577.64264,577.64264,0.0009999999
0.0009999999,577.64264,646128.6,-0.0822844,0.99999976,0.12,,139.58276,270776,0.0009999999,-105.09732,,37366.18326091766,14.159247,-0.12,4.37489e-12,0.0009999999,,11,0.12,4629,98.77659,14.61307,5077.4746,4629,4628.999,,58.49557139771009,1296,5162.5776,-0.2,-85.102905,-134.58276,14.479545,-577.64264,577.64264,0.0009999999
0.0009999999,577.64264,646236.9,-0.47640607,1.0000002,-0.12,,139.576,270788,0.0009999999,-103.20251,,37377.10515117645,14.749574,-0.2,4.3730007e-12,0.0009999999,,11,0.04,4630,98.77659,14.612853,5077.5127,4630,4630.001,,58.485529157667386,1296,5162.62,-0.2,-85.107475,-134.576,14.479532,-577.64264,577.64264,0.0009999999
0.0009999999,577.64264,646346.94,-0.078064054,0.99999976,-0.12,,139.56963,270808,0.0009999999,-105.089294,,37388.381560087204,13.466932,-0.04,4.3711124e-12,0.0009999999,,11,0.2,4631,98.77659,14.6126375,5077.535,4631,4630.999,,58.477218743251996,1296,5162.663,-0.12,-85.127846,-134.56963,14.479248,-577.64264,577.64264,0.0009999999
0.0009999999,577.64264,646467.2,-0.32453397,1.0000005,-0.04,,139.56546,270842,0.0009999999,-115.241104,,37399.384479522705,12.976238,-0.2,4.369225e-12,0.0009999999,,11,0.12,4632,98.77659,14.612421,5077.5425,4632,4632.002,,58.471934369602764,1296,5162.705,-0.2,-85.162445,-134.56546,14.478858,-577.64264,577.64264,0.0009999999
0.0009999999,577.64264,646580.3,-0.47690082,1.0,-0.04,,139.55975,270859,0.0009999999,-108.14096,,37411.49545645714,13.015087,-0.12,4.367339e-12,0.0009999999,,11,-0.12,4633,98.77659,14.6122055,5077.571,4633,4633.0,,58.462982948413554,1296,5162.748,-0.2,-85.17726,-134.55975,14.478477,-577.64264,577.64264,0.0009999999
0.0009999999,577.64264,646690.4,0.3198857,0.99999976,0.04,,139.55338,270879,0.0009999999,-105.096825,,37424.4290368557,14.120475,0.2,4.3654546e-12,0.0009999999,,11,0.12,4634,98.77659,14.61199,5077.6113,4634,4633.999,,58.45468277945619,1296,5162.791,-0.04,-85.1798,-134.55338,14.47833,-577.64264,577.64264,0.0009999999
0.0009999999,577.64264,646801.5,-0.16040453,1.0000005,-0.2,,139.54726,270891,0.0009999999,-106.07452,,37437.35111069679,12.729665,-0.2,4.363571e-12,0.0009999999,,11,0.12,4635,98.77659,14.611774,5077.6484,4635,4635.002,,58.44466019417476,1296,5162.8335,0.12,-85.185005,-134.54726,14.477889,-577.64264,577.64264,0.0009999999
0.0009999999,577.64264,646916.94,0.07962294,1.0000002,0.04,,139.54205,270906,0.0009999999,-110.47595,,37449.69317960739,15.920569,0.12,4.3616885e-12,0.0009999999,,11,0.12,4636,98.77659,14.611558,5077.6646,4636,4636.001,,58.43528904227782,1296,5162.8755,-0.2,-85.21091,-134.54205,14.478136,-577.64264,577.64264,0.0009999999
0.0009999999,577.64264,647030.6,-0.08071166,1.0000001,-0.12,,139.53647,270920,0.0009999999,-108.66785,,37462.37977600098,15.767621,-0.04,4.3598077e-12,0.0009999999,,11,0.12,4637,98.77659,14.611342,5077.7017,4637,4637.0005,,58.42570627560923,1296,5162.9185,-0.04,-85.21689,-134.53647,14.478345,-577.64264,577.64264,0.0009999999
0.0009999999,577.64264,647177.56,-0.15951067,1.0,0.12,,139.53807,270969,0.0009999999,-141.92494,,37474.88705444336,15.93204,-0.2,4.3579276e-12,0.0009999999,,11,0.04,4638,98.77659,14.611127,5077.7075,4638,4638.0,,58.42367399741268,1296,5162.961,-0.12,-85.25337,-134.53807,14.478594,-577.64264,577.64264,0.0009999999
0.0009999999,577.64264,647286.56,-0.08240098,1.0,-0.2,,139.53148,270992,0.0009999999,-103.98873,,37487.11959505081,15.389519,0.04,4.3560494e-12,0.0009999999,,11,0.2,4639,98.77659,14.610911,5077.7437,4639,4639.0,,58.41603793921104,1296,5163.004,-0.12,-85.26039,-134.53148,14.47872,-577.64264,577.64264,0.0009999999
0.0009999999,577.64264,647432.6,-0.0826513,1.0,0.12,,139.5329,271053,0.0009999999,-141.0522,,37499.216765642166,8.852901,-0.2,4.354172e-12,0.0009999999,,11,-0.2,4640,98.77659,14.610696,5077.745,4640,4640.0,,58.41659482758621,1296,5163.046,0.2,-85.30084,-134.5329,14.477445,-577.64264,577.64264,0.0009999999
0.0009999999,577.64264,647554.25,0.1603016,1.0,0.12,,139.52904,271073,0.0009999999,-116.617645,,37510.69735074043,14.9796915,-0.12,4.352296e-12,0.0009999999,,11,0.12,4641,98.77659,14.61048,5077.7827,4641,4641.0,,58.40831717302306,1296,5163.089,0.04,-85.30625,-134.52904,14.4774885,-577.64264,577.64264,0.0009999999
0.0009999999,577.64264,647677.0,0.399046,1.0000001,0.12,,139.52542,271095,0.0009999999,-117.79586,,37521.890003204346,14.841922,0.2,4.3504206e-12,0.0009999999,,11,-0.04,4642,98.77659,14.610265,5077.817,4642,4642.0005,,58.40047393364929,1296,5163.1313,0.12,-85.31435,-134.52542,14.477498,-577.64264,577.64264,0.0009999999
0.0009999999,577.64264,647807.6,-0.24023952,1.0000002,0.2,,139.5235,271127,0.0009999999,-125.64778,,37533.04259848595,14.603393,-0.12,4.3485467e-12,0.0009999999,,11,-0.12,4643,98.77659,14.610049,5077.841,4643,4643.001,,58.39478785268145,1296,5163.174,-0.2,-85.33285,-134.5235,14.477459,-577.64264,577.64264,0.0009999999
0.0009999999,577.64264,647919.0,-0.08012965,1.0000005,0.2,,139.51744,271144,0.0009999999,-106.35644,,37543.95114898682,14.450025,-0.2,4.346674e-12,0.0009999999,,11,-0.04,4644,98.77659,14.609834,5077.8755,4644,4644.002,,58.38587424633936,1296,5163.216,-0.04,-85.34054,-134.51744,14.47739,-577.64264,577.64264,0.0009999999
0.0009999999,577.64264,648041.1,0.0018374585,0.9999997,0.2,,139.5137,271171,0.0009999999,-117.09926,,37555.154494047165,11.842736,-0.2,4.3448027e-12,0.0009999999,,11,0.04,4645,98.77659,14.609619,5077.9067,4645,4644.9985,,58.37911733046286,1296,5163.259,-0.04,-85.35207,-134.5137,14.476759,-577.64264,577.64264,0.0009999999
0.0009999999,577.64264,648152.5,-0.07807673,0.9999999,-0.12,,139.50764,271184,0.0009999999,-106.35642,,37566.34508037567,14.842553,-0.2,4.3429327e-12,0.0009999999,,11,0.12,4646,98.77659,14.609404,5077.853,4646,4645.9995,,58.36934997847611,1296,5163.3013,0.12,-85.44808,-134.50764,14.476768,-577.64264,577.64264,0.0009999999
0.0009999999,577.64264,648278.06,0.0011188313,1.0000002,-0.2,,139.50464,271210,0.0009999999,-120.5813,,37577.831526994705,13.325224,0.2,4.341064e-12,0.0009999999,,11,0.04,4647,98.77659,14.609188,5077.882,4647,4647.001,,58.36238433397891,1296,5163.3438,-0.04,-85.46192,-134.50464,14.476457,-577.64264,577.64264,0.0009999999
0.0009999999,577.64264,648406.2,0.23944744,0.9999997,0.12,,139.5022,271237,0.0009999999,-123.148285,,37588.83574581146,15.325649,-0.12,4.339196e-12,0.0009999999,,11,0.2,4648,98.77659,14.6089735,5077.9224,4648,4647.9985,,58.355636833046475,1296,5163.3857,0.04,-85.46347,-134.5022,14.476569,-577.64264,577.64264,0.0009999999
0.0009999999,577.64264,648530.7,-0.39776796,1.0,-0.12,,139.49896,271262,0.0009999999,-119.53404,,37601.96229791641,14.115218,-0.12,4.3373295e-12,0.0009999999,,11,-0.04,4649,98.77659,14.608758,5077.9604,4649,4649.0,,58.3484620348462,1296,5163.4287,-0.12,-85.46816,-134.49896,14.476428,-577.64264,577.64264,0.0009999999
0.0009999999,577.64264,648657.4,-0.16164672,0.9999996,-0.12,,139.49622,271300,0.0009999999,-121.63994,,37615.035781145096,14.462317,0.12,4.3354643e-12,0.0009999999,,11,-0.04,4650,98.77659,14.608543,5077.9956,4650,4649.998,,58.344086021505376,1296,5163.471,-0.12,-85.47547,-134.49622,14.476357,-577.64264,577.64264,0.0009999999
0.0009999999,577.64264,648779.6,0.40308514,1.0,0.2,,139.49251,271336,0.0009999999,-117.248795,,37627.67137885094,15.1092,0.2,4.3336e-12,0.0009999999,,11,0.04,4651,98.77659,14.608328,5078.034,4651,4651.0,,58.33928187486562,1296,5163.5137,-0.04,-85.4795,-134.49251,14.476428,-577.64264,577.64264,0.0009999999
0.0009999999,577.64264,648894.3,0.08259159,0.9999997,0.2,,139.48717,271355,0.0009999999,-109.73027,,37639.65567827225,14.296141,-0.12,4.3317372e-12,0.0009999999,,11,0.12,4652,98.77659,14.608113,5078.072,4652,4651.9985,,58.33082545141875,1296,5163.5557,-0.12,-85.4837,-134.48717,14.476324,-577.64264,577.64264,0.0009999999
0.0009999999,577.64264,649017.5,-0.16048045,1.0000002,-0.12,,139.48367,271390,0.0009999999,-118.19912,,37652.624074459076,14.3051195,-0.12,4.3298754e-12,0.0009999999,,11,0.12,4653,98.77659,14.607898,5078.103,4653,4653.001,,58.32581130453471,1296,5163.598,-0.04,-85.49492,-134.48367,14.476218,-577.64264,577.64264,0.0009999999
0.0009999999,577.64264,649129.6,-0.23815309,0.9999999,0.04,,139.47778,271406,0.0009999999,-107.04641,,37665.0317504406,13.273658,-0.2,4.328015e-12,0.0009999999,,11,0.12,4654,98.77659,14.607683,5078.1455,4654,4653.9995,,58.31671680275032,1296,5163.6406,-0.2,-85.49493,-134.47778,14.475898,-577.64264,577.64264,0.0009999999
0.0009999999,577.64264,649243.44,0.24013327,0.9999997,-0.04,,139.47227,271424,0.0009999999,-108.85186,,37677.09862089157,13.123426,0.12,4.3261558e-12,0.0009999999,,11,0.2,4655,98.77659,14.607469,5078.165,4655,4654.9985,,58.308055853920514,1296,5163.683,-0.04,-85.518196,-134.47227,14.47554,-577.64264,577.64264,0.0009999999
0.0009999999,577.64264,649357.0,-0.3211307,1.0000005,0.12,,139.4667,271444,0.0009999999,-108.533615,,37688.70617890358,15.326734,-0.2,4.324298e-12,0.0009999999,,11,-0.04,4656,98.77659,14.607253,5078.204,4656,4656.002,,58.299828178694156,1296,5163.725,-0.2,-85.52121,-134.4667,14.475658,-577.64264,577.64264,0.0009999999
0.0009999999,577.64264,649468.1,0.48041755,1.0000002,0.2,,139.46062,271458,0.0009999999,-106.11725,,37699.80385971069,14.802385,-0.12,4.3224404e-12,0.0009999999,,11,0.2,4657,98.77659,14.6070385,5078.226,4657,4657.001,,58.290315653854414,1296,5163.7676,0.2,-85.54168,-134.46062,14.475661,-577.64264,577.64264,0.0009999999
0.0009999999,577.64264,649584.4,-0.1609995,1.0000001,0.2,,139.45564,271474,0.0009999999,-111.312744,,37710.477612257004,14.822772,-0.2,4.3205847e-12,0.0009999999,,11,0.04,4658,98.77659,14.606824,5078.259,4658,4658.0005,,58.28123658222413,1296,5163.8105,-0.2,-85.55185,-134.45564,14.47567,-577.64264,577.64264,0.0009999999
0.0009999999,577.64264,649693.25,-0.40105146,1.0,-0.04,,139.44908,271486,0.0009999999,-103.83843,,37721.26019525528,15.565892,-0.2,4.3187307e-12,0.0009999999,,11,0.04,4659,98.77659,14.606609,5078.2812,4659,4659.0,,58.27130285468985,1296,5163.853,-0.2,-85.57197,-134.44908,14.475837,-577.64264,577.64264,0.0009999999
0.0009999999,577.64264,649806.9,-0.07877782,1.0,0.12,,139.44354,271514,0.0009999999,-108.62906,,37732.124638319016,13.639845,-0.2,4.316877e-12,0.0009999999,,11,0.12,4660,98.77659,14.606395,5078.314,4660,4660.0,,58.26480686695279,1296,5163.895,-0.12,-85.581184,-134.44354,14.475592,-577.64264,577.64264,0.0009999999
0.0009999999,577.64264,649922.75,0.3210436,1.0,0.2,,139.43848,271531,0.0009999999,-110.87824,,37743.07500934601,14.699681,-0.04,4.315025e-12,0.0009999999,,11,0.04,4661,98.77659,14.60618,5078.321,4661,4661.0,,58.255953658013304,1296,5163.9375,0.12,-85.61662,-134.43848,14.475577,-577.64264,577.64264,0.0009999999
0.0009999999,577.64264,650047.94,0.003929019,1.0,0.12,,139.43542,271555,0.0009999999,-120.219574,,37754.21687459946,15.911353,-0.04,4.313174e-12,0.0009999999,,11,0.12,4662,98.77659,14.605966,5078.3594,4662,4662.0,,58.24860574860575,1296,5163.98,-0.2,-85.62051,-134.43542,14.475815,-577.64264,577.64264,0.0009999999
0.0009999999,577.64264,650159.3,0.24122661,1.0000001,-0.04,,139.4294,271570,0.0009999999,-106.35408,,37765.10416483879,13.63233,0.2,4.3113243e-12,0.0009999999,,11,0.2,4663,98.77659,14.605751,5078.393,4663,4663.0005,,58.23933090285224,1296,5164.0225,-0.12,-85.62963,-134.4294,14.475573,-577.64264,577.64264,0.0009999999
0.0009999999,577.64264,650268.75,-0.0010546744,1.0000002,-0.04,,139.42297,271587,0.0009999999,-104.43914,,37775.899369716644,15.191268,-0.04,4.3094755e-12,0.0009999999,,11,0.2,4664,98.77659,14.605536,5078.4194,4664,4664.001,,58.23048885077187,1296,5164.064,-0.12,-85.64451,-134.42297,14.4756565,-577.64264,577.64264,0.0009999999
0.0009999999,577.64264,650398.0,0.31931674,1.0000005,-0.12,,139.42079,271625,0.0009999999,-124.24058,,37789.412429094315,15.597752,0.2,4.3076285e-12,0.0009999999,,11,0.2,4665,98.77659,14.605323,5078.4556,4665,4665.002,,58.22615219721329,1296,5164.1064,0.04,-85.65089,-134.42079,14.475834,-577.64264,577.64264,0.0009999999
0.0009999999,577.64264,650516.75,-0.16497572,0.9999997,0.2,,139.41637,271643,0.0009999999,-113.7442,,37802.000108242035,15.122775,-0.2,4.3057823e-12,0.0009999999,,11,-0.04,4666,98.77659,14.605108,5078.4595,4666,4665.9985,,58.21753107586798,1296,5164.149,-0.12,-85.68925,-134.41637,14.475906,-577.64264,577.64264,0.0009999999
0.0009999999,577.64264,650628.6,-0.00053329766,1.0,0.04,,139.41046,271661,0.0009999999,-106.93107,,37814.53527069092,11.90608,-0.04,4.303937e-12,0.0009999999,,11,0.2,4667,98.77659,14.604894,5078.5005,4667,4667.0,,58.20891364902507,1296,5164.1914,-0.2,-85.69101,-134.41046,14.475288,-577.64264,577.64264,0.0009999999
0.0009999999,577.64264,650741.4,-0.2401769,1.0000004,-0.2,,139.40475,271677,0.0009999999,-107.72772,,37826.615653038025,15.096827,0.2,4.3020934e-12,0.0009999999,,11,-0.04,4668,98.77659,14.604679,5078.528,4668,4668.0015,,58.19987146529563,1296,5164.2334,-0.2,-85.705635,-134.40475,14.475356,-577.64264,577.64264,0.0009999999
0.0009999999,577.64264,650868.0,-0.4021796,0.99999976,-0.2,,139.40201,271710,0.0009999999,-121.648,,37839.28791689873,15.402095,-0.12,4.3002507e-12,0.0009999999,,11,0.12,4669,98.77659,14.6044655,5078.5605,4669,4668.999,,58.19447419147569,1296,5164.276,-0.2,-85.715195,-134.40201,14.47549,-577.64264,577.64264,0.0009999999
0.0009999999,577.64264,650991.1,0.23847431,1.0000002,0.2,,139.39853,271762,0.0009999999,-118.08058,,37851.43730831146,15.090478,0.04,4.298409e-12,0.0009999999,,11,0.2,4670,98.77659,14.604251,5078.5864,4670,4670.001,,58.193147751606,1296,5164.318,-0.2,-85.73122,-134.39853,14.475558,-577.64264,577.64264,0.0009999999
0.0009999999,577.64264,651125.2,0.40066692,0.9999997,0.2,,139.39738,271794,0.0009999999,-129.06198,,37863.31127619743,13.971983,0.12,4.2965687e-12,0.0009999999,,11,0.2,4671,98.77659,14.604037,5078.6187,4671,4670.9985,,58.18754014129737,1296,5164.3604,-0.12,-85.741585,-134.39738,14.47538,-577.64264,577.64264,0.0009999999
0.0009999999,577.64264,651243.75,-0.0768363,1.0000002,0.12,,139.39293,271815,0.0009999999,-113.58063,,37875.03934288025,9.420895,-0.2,4.2947295e-12,0.0009999999,,11,0.2,4672,98.77659,14.603823,5078.617,4672,4672.001,,58.179580479452056,1296,5164.4023,-0.2,-85.78536,-134.39293,14.474238,-577.64264,577.64264,0.0009999999
0.0009999999,577.64264,651357.06,0.23980263,0.99999976,0.2,,139.38734,271832,0.0009999999,-108.313156,,37886.179227113724,14.025487,-0.04,4.2928916e-12,0.0009999999,,11,0.2,4673,98.77659,14.603609,5078.6567,4673,4672.999,,58.17076824309865,1296,5164.445,-0.12,-85.78817,-134.38734,14.474073,-577.64264,577.64264,0.0009999999
0.0009999999,577.64264,651471.8,-0.16115,1.0000005,0.04,,139.38208,271848,0.0009999999,-109.72693,,37897.0997774601,15.036771,-0.2,4.291055e-12,0.0009999999,,11,-0.04,4674,98.77659,14.6033945,5078.6733,4674,4674.002,,58.161745827984596,1296,5164.487,0.04,-85.81361,-134.38208,14.474129,-577.64264,577.64264,0.0009999999
0.0009999999,577.64264,651591.9,0.32194513,1.0000001,0.2,,139.37794,271884,0.0009999999,-115.06176,,37908.20036697388,15.649674,-0.12,4.2892196e-12,0.0009999999,,11,0.04,4675,98.77659,14.603181,5078.703,4675,4675.0005,,58.15700534759358,1296,5164.5293,0.2,-85.82628,-134.37794,14.474312,-577.64264,577.64264,0.0009999999
0.0009999999,577.64264,651726.4,0.15858592,0.9999999,0.2,,139.37689,271916,0.0009999999,-129.55338,,37919.259578228,14.697851,-0.04,4.287385e-12,0.0009999999,,11,0.04,4676,98.77659,14.602967,5078.6826,4676,4675.9995,,58.15141146278871,1296,5164.5713,-0.04,-85.88866,-134.37689,14.474294,-577.64264,577.64264,0.0009999999
0.0009999999,577.64264,651857.75,-0.3161878,0.9999997,0.12,,139.37518,271949,0.0009999999,-126.34617,,37930.262899160385,10.251995,-0.04,4.285552e-12,0.0009999999,,11,-0.2,4677,98.77659,14.602754,5078.7173,4677,4676.9985,,58.1460337823391,1296,5164.6133,-0.2,-85.896034,-134.37518,14.4733305,-577.64264,577.64264,0.0009999999
0.0009999999,577.64264,651967.9,0.39909372,1.0000005,0.12,,139.36893,272027,0.0009999999,-105.099014,,37941.3158094883,13.603098,0.2,4.2837196e-12,0.0009999999,,11,0.04,4678,98.77659,14.602539,5078.7207,4678,4678.002,,58.150277896536984,1296,5164.656,0.04,-85.93513,-134.36893,14.473076,-577.64264,577.64264,0.0009999999
0.0009999999,577.64264,652081.2,0.15866244,1.0000004,0.2,,139.36337,272054,0.0009999999,-108.33863,,37952.43240714073,14.679041,-0.04,4.281889e-12,0.0009999999,,11,0.12,4679,98.77659,14.602325,5078.756,4679,4679.0015,,58.14362043171618,1296,5164.6978,-0.12,-85.94214,-134.36337,14.473056,-577.64264,577.64264,0.0009999999
0.0009999999,577.64264,652190.9,0.07568991,1.0000002,0.2,,139.35703,272069,0.0009999999,-104.64753,,37964.519213438034,14.572161,-0.04,4.2800594e-12,0.0009999999,,11,0.04,4680,98.77659,14.602112,5078.74,4680,4680.001,,58.13440170940171,1296,5164.7397,-0.12,-85.99949,-134.35703,14.473008,-577.64264,577.64264,0.0009999999
0.0009999999,577.64264,652317.25,0.15836385,1.0000002,0.04,,139.35425,272093,0.0009999999,-121.3564,,37977.36600327492,12.753096,0.2,4.278231e-12,0.0009999999,,11,0.12,4681,98.77659,14.601898,5078.776,4681,4681.001,,58.12710959196753,1296,5164.782,-0.2,-86.00653,-134.35425,14.472579,-577.64264,577.64264,0.0009999999
0.0009999999,577.64264,652429.0,0.23912206,1.0000002,0.2,,139.34836,272107,0.0009999999,-106.79119,,37989.97229194641,13.945864,-0.04,4.2764035e-12,0.0009999999,,11,0.12,4682,98.77659,14.601685,5078.783,4682,4682.001,,58.11768475010679,1296,5164.824,-0.04,-86.04077,-134.34836,14.4724,-577.64264,577.64264,0.0009999999
0.0009999999,577.64264,652540.0,-0.3988794,1.0000004,-0.2,,139.3423,272126,0.0009999999,-106.019585,,38002.606182575226,10.071466,0.12,4.2745772e-12,0.0009999999,,11,-0.12,4683,98.77659,14.601471,5078.716,4683,4683.0015,,58.10933162502669,1296,5164.8667,-0.2,-86.1509,-134.3423,14.471395,-577.64264,577.64264,0.0009999999
0.0009999999,577.64264,652642.1,0.4008527,1.0000004,0.2,,139.33435,272207,0.0009999999,-97.078026,,38015.377074718475,12.123617,-0.12,4.272752e-12,0.0009999999,,11,0.2,4684,98.77659,14.601257,5078.7563,4684,4684.002,,58.11421861656704,1296,5164.908,0.12,-86.15181,-134.33435,14.470825,-577.64264,577.64264,0.0009999999
0.0009999999,577.64264,652764.6,0.0019665956,0.9999996,-0.12,,139.33076,272227,0.0009999999,-117.493904,,38027.630885601044,14.058504,0.2,4.2709287e-12,0.0009999999,,11,0.12,4685,98.77659,14.601045,5078.779,4685,4684.998,,58.10608324439701,1296,5164.9507,-0.2,-86.171875,-134.33076,14.4706745,-577.64264,577.64264,0.0009999999
0.0009999999,577.64264,652873.06,0.16003293,0.9999998,0.2,,139.32417,272245,0.0009999999,-103.47176,,38039.627913951874,14.71599,0.04,4.269106e-12,0.0009999999,,11,0.04,4686,98.77659,14.600831,5078.8145,4686,4685.999,,58.097524541186516,1296,5164.9927,-0.12,-86.178024,-134.32417,14.470664,-577.64264,577.64264,0.0009999999
0.0009999999,577.64264,653008.25,-0.082196,1.0,-0.12,,139.32329,272281,0.0009999999,-130.1766,,38051.8047440052,14.233062,-0.12,4.2672844e-12,0.0009999999,,11,0.2,4687,98.77659,14.600617,5078.802,4687,4687.0,,58.09280989972264,1296,5165.035,-0.04,-86.233345,-134.32329,14.470544,-577.64264,577.64264,0.0009999999
0.0009999999,577.64264,653138.7,0.39614868,1.0000004,0.2,,139.3214,272319,0.0009999999,-125.46605,,38063.7622294426,14.084508,0.04,4.2654643e-12,0.0009999999,,11,0.2,4688,98.77659,14.600404,5078.8403,4688,4688.0015,,58.088523890784984,1296,5165.0767,-0.04,-86.23651,-134.3214,14.4704,-577.64264,577.64264,0.0009999999
0.0009999999,577.64264,653250.5,0.16293171,0.9999997,0.04,,139.31552,272336,0.0009999999,-106.76602,,38075.052468538284,13.912332,0.2,4.263645e-12,0.0009999999,,11,0.04,4689,98.77659,14.600191,5078.847,4689,4688.9985,,58.079761143100875,1296,5165.119,-0.12,-86.271736,-134.31552,14.470209,-577.64264,577.64264,0.0009999999
0.0009999999,577.64264,653368.3,0.40190816,1.0000001,-0.04,,139.31094,272356,0.0009999999,-112.83935,,38086.01273202896,14.750746,0.2,4.261827e-12,0.0009999999,,11,0.2,4690,98.77659,14.5999775,5078.862,4690,4690.0005,,58.071641791044776,1296,5165.161,0.04,-86.299286,-134.31094,14.470207,-577.64264,577.64264,0.0009999999
0.0009999999,577.64264,653480.7,0.15745373,0.9999996,-0.04,,139.3052,272372,0.0009999999,-107.377625,,38096.664304971695,15.136847,0.12,4.26001e-12,0.0009999999,,11,0.12,4691,98.77659,14.599765,5078.872,4691,4690.998,,58.06267320400767,1296,5165.203,-0.04,-86.33103,-134.3052,14.470283,-577.64264,577.64264,0.0009999999
0.0009999999,577.64264,653603.4,-0.24142307,1.0,-0.12,,139.30165,272393,0.0009999999,-117.709076,,38107.85187602043,14.694921,0.12,4.2581945e-12,0.0009999999,,11,-0.04,4692,98.77659,14.599551,5078.9043,4692,4692.0,,58.05477408354646,1296,5165.245,-0.2,-86.3407,-134.30165,14.470265,-577.64264,577.64264,0.0009999999
0.0009999999,577.64264,653742.2,-0.32157373,0.9999996,0.04,,139.30156,272435,0.0009999999,-133.83188,,38119.20037031174,14.220433,-0.2,4.2563795e-12,0.0009999999,,11,-0.2,4693,98.77659,14.599339,5078.922,4693,4692.998,,58.05135307905391,1296,5165.287,0.04,-86.36535,-134.30156,14.470148,-577.64264,577.64264,0.0009999999
0.0009999999,577.64264,653872.6,-0.56243205,1.0000002,-0.2,,139.29967,272467,0.0009999999,-125.45229,,38130.11915445328,14.384256,0.04,4.2545663e-12,0.0009999999,,11,-0.2,4694,98.77659,14.599125,5078.944,4694,4694.001,,58.04580315296123,1296,5165.3296,-0.2,-86.38552,-134.29967,14.470061,-577.64264,577.64264,0.0009999999
0.0009999999,577.64264,653989.0,0.56050354,0.9999998,0.12,,139.29478,272533,0.0009999999,-111.3527,,38141.263783454895,15.101009,0.2,4.252754e-12,0.0009999999,,11,0.2,4695,98.77659,14.598912,5078.942,4695,4694.999,,58.047497337593185,1296,5165.3716,0.04,-86.42972,-134.29478,14.470135,-577.64264,577.64264,0.0009999999
0.0009999999,577.64264,654112.7,-9.581447e-06,1.0000004,-0.04,,139.29146,272561,0.0009999999,-118.66792,,38154.614043712616,14.976401,-0.2,4.2509433e-12,0.0009999999,,11,0.12,4696,98.77659,14.5987,5078.9707,4696,4696.002,,58.04109880749574,1296,5165.413,0.12,-86.442345,-134.29146,14.470174,-577.64264,577.64264,0.0009999999
0.0009999999,577.64264,654231.4,-0.0763443,1.0000002,0.04,,139.28708,272579,0.0009999999,-113.7215,,38166.989478588104,13.363955,-0.2,4.2491336e-12,0.0009999999,,11,0.04,4697,98.77659,14.598486,5078.9814,4697,4697.001,,58.032573983393654,1296,5165.455,0.04,-86.47381,-134.28708,14.469877,-577.64264,577.64264,0.0009999999
0.0009999999,577.64264,654349.1,-0.3209929,1.0,-0.2,,139.28249,272601,0.0009999999,-112.74858,,38180.18423748016,12.674595,0.04,4.2473247e-12,0.0009999999,,11,0.04,4698,98.77659,14.598273,5078.9917,4698,4698.0,,58.024904214559385,1296,5165.4976,-0.2,-86.505684,-134.28249,14.469427,-577.64264,577.64264,0.0009999999
0.0009999999,577.64264,654458.25,0.31654736,0.9999998,0.04,,139.27606,272617,0.0009999999,-104.14146,,38192.8700633049,14.218553,0.2,4.2455176e-12,0.0009999999,,11,0.04,4699,98.77659,14.598061,5079.025,4699,4698.999,,58.0159608427325,1296,5165.5396,0.04,-86.514656,-134.27606,14.469305,-577.64264,577.64264,0.0009999999
0.0009999999,577.64264,654582.25,-0.1620412,0.9999997,-0.04,,139.27281,272640,0.0009999999,-119.002975,,38205.507496118546,12.690731,-0.12,4.243711e-12,0.0009999999,,11,0.04,4700,98.77659,14.597848,5079.055,4700,4699.9985,,58.00851063829787,1296,5165.5815,-0.04,-86.526375,-134.27281,14.468864,-577.64264,577.64264,0.0009999999
0.0009999999,577.64264,654692.5,0.08304435,0.9999996,0.2,,139.26665,272656,0.0009999999,-105.23315,,38217.5218539238,13.385932,-0.2,4.2419054e-12,0.0009999999,,11,0.04,4701,98.77659,14.597635,5079.0537,4701,4700.998,,57.99957455860455,1296,5165.623,0.04,-86.56911,-134.26665,14.468569,-577.64264,577.64264,0.0009999999
0.0009999999,577.64264,654809.25,-0.1595567,0.9999996,-0.2,,139.26186,272672,0.0009999999,-111.737076,,38229.50841522217,14.692865,0.2,4.2401013e-12,0.0009999999,,11,0.04,4702,98.77659,14.597423,5079.0635,4702,4701.998,,57.9906422798809,1296,5165.665,-0.2,-86.60135,-134.26186,14.468554,-577.64264,577.64264,0.0009999999
0.0009999999,577.64264,654920.25,0.3200962,0.9999996,0.12,,139.25584,272692,0.0009999999,-105.9893,,38241.47957491875,15.090405,0.12,4.2382985e-12,0.0009999999,,11,0.04,4703,98.77659,14.59721,5079.092,4703,4702.998,,57.9825643206464,1296,5165.707,0.04,-86.6152,-134.25584,14.468617,-577.64264,577.64264,0.0009999999
0.0009999999,577.64264,655040.3,0.40269786,0.9999997,-0.04,,139.25177,272712,0.0009999999,-115.03873,,38253.07512617111,15.256948,0.12,4.2364966e-12,0.0009999999,,11,0.2,4704,98.77659,14.596997,5079.1094,4704,4703.9985,,57.974489795918366,1296,5165.7495,0.12,-86.64021,-134.25177,14.468721,-577.64264,577.64264,0.0009999999
0.0009999999,577.64264,655153.7,-0.5616471,0.9999998,-0.04,,139.24626,272726,0.0009999999,-108.38348,,38264.27469134331,13.877608,-0.2,4.2346964e-12,0.0009999999,,11,-0.2,4705,98.77659,14.596785,5079.144,4705,4704.999,,57.965143464399574,1296,5165.791,-0.12,-86.64701,-134.24626,14.468531,-577.64264,577.64264,0.0009999999
0.0009999999,577.64264,655276.0,0.24419063,1.0,0.12,,139.24268,272755,0.0009999999,-117.27111,,38275.355763196945,14.009029,-0.2,4.232897e-12,0.0009999999,,11,0.2,4706,98.77659,14.596572,5079.1616,4706,4706.0,,57.95898852528687,1296,5165.833,0.12,-86.67139,-134.24268,14.468369,-577.64264,577.64264,0.0009999999
0.0009999999,577.64264,655388.1,-0.31961066,1.0000001,-0.12,,139.23691,272772,0.0009999999,-107.15939,,38286.50371694565,13.658712,-0.12,4.231099e-12,0.0009999999,,11,0.12,4707,98.77659,14.596359,5079.2026,4707,4707.0005,,57.95028680688336,1296,5165.875,-0.2,-86.67233,-134.23691,14.468129,-577.64264,577.64264,0.0009999999
0.0009999999,577.64264,655503.25,-0.56216383,1.0000004,-0.12,,139.23178,272792,0.0009999999,-110.15911,,38297.61637020111,14.911763,-0.2,4.2293014e-12,0.0009999999,,11,-0.04,4708,98.77659,14.596147,5079.22,4708,4708.002,,57.94222599830076,1296,5165.917,-0.2,-86.696945,-134.23178,14.46816,-577.64264,577.64264,0.0009999999
0.0009999999,577.64264,655627.25,-0.40365294,0.9999997,-0.12,,139.22855,272816,0.0009999999,-118.981415,,38309.02477931976,14.026684,-0.04,4.2275055e-12,0.0009999999,,11,-0.12,4709,98.77659,14.595935,5079.2524,4709,4708.9985,,57.935018050541515,1296,5165.9585,-0.12,-86.70589,-134.22855,14.468001,-577.64264,577.64264,0.0009999999
0.0009999999,577.64264,655725.25,0.0013831556,1.0,0.04,,139.2198,272988,0.0009999999,-92.93549,,38320.190660238266,12.07535,0.12,4.22571e-12,0.0009999999,,11,-0.04,4710,98.77659,14.595722,5079.263,4710,4710.0,,57.95923566878981,1296,5166.0005,-0.12,-86.73745,-134.2198,14.467426,-577.64264,577.64264,0.0009999999
0.0009999999,577.64264,655860.4,0.23792349,1.0000004,0.12,,139.21893,273029,0.0009999999,-130.23473,,38331.20217251778,15.567622,0.12,4.223917e-12,0.0009999999,,11,0.2,4711,98.77659,14.59551,5079.298,4711,4711.002,,57.955635746126084,1296,5166.0425,-0.2,-86.74447,-134.21893,14.467599,-577.64264,577.64264,0.0009999999
0.0009999999,577.64264,655974.6,0.15849091,0.9999999,0.2,,139.21362,273046,0.0009999999,-109.200226,,38344.43133497238,12.970802,0.2,4.222124e-12,0.0009999999,,11,-0.12,4712,98.77659,14.595298,5079.3296,4712,4711.9995,,57.946943972835314,1296,5166.0845,-0.12,-86.75477,-134.21362,14.46721,-577.64264,577.64264,0.0009999999
0.0009999999,577.64264,656086.4,-0.39678586,1.0000004,-0.04,,139.20781,273059,0.0009999999,-106.754425,,38357.30585360527,12.478748,-0.2,4.2203324e-12,0.0009999999,,11,-0.12,4713,98.77659,14.595085,5079.342,4713,4713.002,,57.93740717165287,1296,5166.126,-0.04,-86.78407,-134.20781,14.466726,-577.64264,577.64264,0.0009999999
0.0009999999,577.64264,656201.6,0.39876318,0.9999999,0.04,,139.20271,273084,0.0009999999,-110.27093,,38370.6274266243,13.497859,-0.04,4.2185417e-12,0.0009999999,,11,0.2,4714,98.77659,14.594873,5079.3823,4714,4713.9995,,57.93042002545609,1296,5166.168,0.2,-86.78568,-134.20271,14.466456,-577.64264,577.64264,0.0009999999
0.0009999999,577.64264,656316.7,-0.082419895,0.9999996,-0.2,,139.1976,273097,0.0009999999,-110.01316,,38383.7804582119,15.426715,0.12,4.216753e-12,0.0009999999,,11,0.12,4715,98.77659,14.594662,5079.4,4715,4714.998,,57.920890774125134,1296,5166.21,-0.12,-86.810104,-134.1976,14.466593,-577.64264,577.64264,0.0009999999
0.0009999999,577.64264,656441.5,0.15941553,1.0000001,0.2,,139.19455,273125,0.0009999999,-119.82343,,38396.35439682007,13.395745,0.2,4.2149643e-12,0.0009999999,,11,-0.04,4716,98.77659,14.594449,5079.4375,4716,4716.0005,,57.91454622561493,1296,5166.252,-0.2,-86.81424,-134.19455,14.466302,-577.64264,577.64264,0.0009999999
0.0009999999,577.64264,656566.7,0.0778473,0.9999998,-0.2,,139.19157,273151,0.0009999999,-120.17656,,38407.84159326553,15.2403145,0.2,4.2131775e-12,0.0009999999,,11,0.2,4717,98.77659,14.594237,5079.4717,4717,4716.999,,57.90778036887853,1296,5166.2935,-0.12,-86.821815,-134.19157,14.466398,-577.64264,577.64264,0.0009999999
0.0009999999,577.64264,656688.9,-0.23987785,0.9999996,-0.04,,139.18797,273171,0.0009999999,-117.14465,,38419.37509226799,15.286081,-0.12,4.2113917e-12,0.0009999999,,11,0.12,4718,98.77659,14.594026,5079.467,4718,4717.998,,57.899745654938535,1296,5166.335,-0.2,-86.86796,-134.18797,14.466511,-577.64264,577.64264,0.0009999999
0.0009999999,577.64264,656799.25,-0.4814669,1.0000004,-0.12,,139.18187,273183,0.0009999999,-105.39029,,38431.19484949112,15.48358,-0.2,4.209607e-12,0.0009999999,,11,-0.04,4719,98.77659,14.593813,5079.494,4719,4719.0015,,57.89001907183725,1296,5166.377,-0.12,-86.882645,-134.18187,14.4666605,-577.64264,577.64264,0.0009999999
0.0009999999,577.64264,656927.2,-0.3224422,1.0000001,-0.12,,139.17949,273210,0.0009999999,-122.94776,,38442.2740778923,14.062616,-0.2,4.2078238e-12,0.0009999999,,11,0.12,4720,98.77659,14.593601,5079.536,4720,4720.0005,,57.88347457627118,1296,5166.419,-0.12,-86.882965,-134.17949,14.466512,-577.64264,577.64264,0.0009999999
0.0009999999,577.64264,657036.4,0.081796944,1.0,0.2,,139.17314,273233,0.0009999999,-104.19508,,38453.52287840843,14.215553,-0.12,4.2060413e-12,0.0009999999,,11,0.04,4721,98.77659,14.5933895,5079.5723,4721,4721.0,,57.87608557509002,1296,5166.461,-0.04,-86.8889,-134.17314,14.466392,-577.64264,577.64264,0.0009999999
0.0009999999,577.64264,657160.8,0.082645044,0.9999999,-0.04,,139.17001,273256,0.0009999999,-119.44257,,38464.78775501251,13.594953,-0.12,4.20426e-12,0.0009999999,,11,0.2,4722,98.77659,14.593178,5079.549,4722,4721.9995,,57.86869970351546,1296,5166.5024,0.04,-86.95377,-134.17001,14.466139,-577.64264,577.64264,0.0009999999
0.0009999999,577.64264,657286.5,0.4772708,0.9999999,0.04,,139.16716,273282,0.0009999999,-120.710594,,38476.24650359154,12.493306,0.2,4.20248e-12,0.0009999999,,11,0.12,4723,98.77659,14.592966,5079.5815,4723,4722.9995,,57.8619521490578,1296,5166.544,0.12,-86.96263,-134.16716,14.46566,-577.64264,577.64264,0.0009999999
0.0009999999,577.64264,657410.1,0.15691969,0.9999999,-0.12,,139.16386,273306,0.0009999999,-118.65047,,38487.610198020935,14.075416,-0.12,4.200701e-12,0.0009999999,,11,0.2,4724,98.77659,14.592754,5079.6226,4724,4723.9995,,57.85478408128704,1296,5166.586,0.2,-86.9635,-134.16386,14.465512,-577.64264,577.64264,0.0009999999
0.0009999999,577.64264,657529.06,0.1597858,1.0,0.12,,139.15959,273327,0.0009999999,-113.89719,,38498.56135702133,14.141986,0.12,4.198923e-12,0.0009999999,,11,0.12,4725,98.77659,14.592543,5079.6587,4725,4725.0,,57.846984126984125,1296,5166.628,-0.2,-86.96902,-134.15959,14.465381,-577.64264,577.64264,0.0009999999
0.0009999999,577.64264,657641.4,-0.15895925,1.0,0.04,,139.15392,273346,0.0009999999,-107.27466,,38509.19306921959,14.076181,-0.04,4.197146e-12,0.0009999999,,11,-0.04,4726,98.77659,14.592331,5079.661,4726,4726.0,,57.83876428269149,1296,5166.6694,-0.12,-87.008514,-134.15392,14.465232,-577.64264,577.64264,0.0009999999
0.0009999999,577.64264,657773.9,0.0008765757,1.0000002,0.12,,139.1525,273390,0.0009999999,-127.53179,,38520.33963727951,15.875416,0.2,4.1953706e-12,0.0009999999,,11,-0.12,4727,98.77659,14.592119,5079.682,4727,4727.001,,57.83583668288555,1296,5166.711,-0.2,-87.02879,-134.1525,14.465463,-577.64264,577.64264,0.0009999999
0.0009999999,577.64264,657884.1,0.0007585846,1.0000004,-0.2,,139.1464,273406,0.0009999999,-105.25135,,38532.82710123062,14.567949,0.04,4.1935964e-12,0.0009999999,,11,0.2,4728,98.77659,14.5919075,5079.7217,4728,4728.002,,57.82698815566836,1296,5166.753,-0.04,-87.03113,-134.1464,14.465422,-577.64264,577.64264,0.0009999999
0.0009999999,577.64264,657998.9,-0.32161975,0.9999997,0.2,,139.14124,273428,0.0009999999,-109.76837,,38545.75964951515,16.04685,-0.2,4.1918227e-12,0.0009999999,,11,-0.2,4729,98.77659,14.591697,5079.7603,4729,4728.9985,,57.8194121378727,1296,5166.795,-0.12,-87.034645,-134.14124,14.4656925,-577.64264,577.64264,0.0009999999
0.0009999999,577.64264,658122.9,0.00019640476,0.9999999,-0.04,,139.13803,273450,0.0009999999,-119.01361,,38559.14631032944,15.046446,-0.12,4.19005e-12,0.0009999999,,11,0.12,4730,98.77659,14.591485,5079.7715,4730,4729.9995,,57.81183932346723,1296,5166.836,0.04,-87.064255,-134.13803,14.465747,-577.64264,577.64264,0.0009999999
0.0009999999,577.64264,658238.3,0.15824999,1.0000002,0.2,,139.13303,273466,0.0009999999,-110.413536,,38571.94813466072,15.886598,-0.2,4.188279e-12,0.0009999999,,11,0.2,4731,98.77659,14.591273,5079.801,4731,4731.001,,57.80300147960262,1296,5166.878,-0.04,-87.07724,-134.13303,14.465984,-577.64264,577.64264,0.0009999999
0.0009999999,577.64264,658354.94,-0.07848091,0.9999997,-0.2,,139.12827,273486,0.0009999999,-111.62239,,38584.10585951805,15.04094,0.2,4.186509e-12,0.0009999999,,11,0.04,4732,98.77659,14.591063,5079.837,4732,4731.9985,,57.795012679628066,1296,5166.9194,-0.12,-87.08256,-134.12827,14.4660425,-577.64264,577.64264,0.0009999999
0.0009999999,577.64264,658464.94,0.63921374,1.0000001,0.04,,139.1221,273502,0.0009999999,-104.99863,,38595.830879211426,13.900246,0.2,4.1847407e-12,0.0009999999,,11,0.2,4733,98.77659,14.590851,5079.876,4733,4733.0005,,57.786182125501796,1296,5166.9614,0.2,-87.08561,-134.1221,14.465857,-577.64264,577.64264,0.0009999999
0.0009999999,577.64264,658583.7,0.08181413,0.9999996,-0.12,,139.1178,273520,0.0009999999,-113.78205,,38607.287316799164,14.36891,-0.2,4.182973e-12,0.0009999999,,11,0.2,4734,98.77659,14.59064,5079.8936,4734,4733.998,,57.77777777777778,1296,5167.003,0.2,-87.10955,-134.1178,14.465773,-577.64264,577.64264,0.0009999999
0.0009999999,577.64264,658700.7,-0.07792736,1.0000001,0.12,,139.11313,273542,0.0009999999,-112.005066,,38618.7781291008,14.18443,0.12,4.181206e-12,0.0009999999,,11,-0.12,4735,98.77659,14.590428,5079.9277,4735,4735.0005,,57.77022175290391,1296,5167.0444,-0.2,-87.11649,-134.11313,14.465645,-577.64264,577.64264,0.0009999999
0.0009999999,577.64264,658818.0,-0.07740689,0.9999997,-0.12,,139.10854,273587,0.0009999999,-112.330055,,38630.268726587296,15.405818,0.12,4.17944e-12,0.0009999999,,11,0.12,4736,98.77659,14.590218,5079.9575,4736,4735.9985,,57.76752533783784,1296,5167.0864,-0.2,-87.128746,-134.10854,14.46578,-577.64264,577.64264,0.0009999999
0.0009999999,577.64264,658932.0,0.31777853,1.0000004,0.2,,139.10323,273608,0.0009999999,-108.98681,,38641.3896112442,14.635809,-0.2,4.177676e-12,0.0009999999,,11,0.2,4737,98.77659,14.590006,5079.999,4737,4737.0015,,57.75976356343678,1296,5167.128,0.12,-87.12869,-134.10323,14.465752,-577.64264,577.64264,0.0009999999
0.0009999999,577.64264,659053.6,-0.3223182,1.0,0.04,,139.09955,273632,0.0009999999,-116.560486,,38652.71896481514,13.3912945,-0.04,4.1759127e-12,0.0009999999,,11,-0.12,4738,98.77659,14.589795,5080.0312,4738,4738.0,,57.752638243984805,1296,5167.17,-0.2,-87.1386,-134.09955,14.465462,-577.64264,577.64264,0.0009999999
0.0009999999,577.64264,659165.1,0.4803965,0.9999997,0.12,,139.09372,273651,0.0009999999,-106.526375,,38663.871019124985,14.220017,0.04,4.1741506e-12,0.0009999999,,11,0.2,4739,98.77659,14.589584,5080.048,4739,4738.9985,,57.74446085672083,1296,5167.211,0.12,-87.16303,-134.09372,14.465345,-577.64264,577.64264,0.0009999999
0.0009999999,577.64264,659286.0,0.081119396,1.0000004,-0.12,,139.08987,273673,0.0009999999,-115.91582,,38674.92798256874,15.428577,0.12,4.1723894e-12,0.0009999999,,11,0.2,4740,98.77659,14.589373,5080.0444,4740,4740.002,,57.73691983122363,1296,5167.2524,-0.12,-87.20794,-134.08987,14.46548,-577.64264,577.64264,0.0009999999
0.0009999999,577.64264,659396.2,-0.48130697,1.0000002,-0.2,,139.08377,273684,0.0009999999,-105.176575,,38685.881143808365,15.148089,-0.2,4.1706296e-12,0.0009999999,,11,-0.04,4741,98.77659,14.589162,5080.0776,4741,4741.001,,57.72706180130774,1296,5167.2944,-0.04,-87.21689,-134.08377,14.465563,-577.64264,577.64264,0.0009999999
0.0009999999,577.64264,659518.6,-0.1607952,1.0000001,0.04,,139.08026,273705,0.0009999999,-117.444176,,38696.48929858208,8.820711,-0.2,4.168871e-12,0.0009999999,,11,0.04,4742,98.77659,14.588951,5080.0796,4742,4742.0005,,57.71931674398988,1296,5167.336,-0.04,-87.256424,-134.08026,14.464305,-577.64264,577.64264,0.0009999999
0.0009999999,577.64264,659641.6,0.32042235,1.0,0.12,,139.07687,273727,0.0009999999,-117.98798,,38708.91761517525,14.554787,-0.12,4.167113e-12,0.0009999999,,11,0.2,4743,98.77659,14.58874,5080.112,4743,4743.0,,57.71178578958465,1296,5167.378,0.12,-87.265915,-134.07687,14.464263,-577.64264,577.64264,0.0009999999
0.0009999999,577.64264,659773.75,0.16262837,0.9999999,-0.04,,139.07541,273761,0.0009999999,-127.1194,,38721.64578413963,15.457141,0.12,4.165356e-12,0.0009999999,,11,-0.12,4744,98.77659,14.58853,5080.093,4744,4743.9995,,57.70678752107926,1296,5167.419,0.2,-87.326164,-134.07541,14.464404,-577.64264,577.64264,0.0009999999
0.0009999999,577.64264,659920.3,-0.07972334,0.9999999,0.12,,139.077,273808,0.0009999999,-141.56212,,38735.693074941635,13.9709,-0.04,4.1636005e-12,0.0009999999,,11,0.04,4745,98.77659,14.588319,5080.1333,4745,4744.9995,,57.704531085353004,1296,5167.4604,-0.2,-87.327255,-134.077,14.464235,-577.64264,577.64264,0.0009999999
0.0009999999,577.64264,660043.7,0.4767617,1.0,0.2,,139.07368,273832,0.0009999999,-118.35277,,38748.38215589523,14.628051,-0.04,4.1618466e-12,0.0009999999,,11,0.12,4746,98.77659,14.588108,5080.1436,4746,4746.0,,57.69742941424357,1296,5167.5024,0.2,-87.3589,-134.07368,14.464207,-577.64264,577.64264,0.0009999999
0.0009999999,577.64264,660157.5,0.16077545,1.0,0.12,,139.06836,273847,0.0009999999,-108.82799,,38761.237181186676,13.193826,0.04,4.160093e-12,0.0009999999,,11,0.12,4747,98.77659,14.587897,5080.184,4747,4747.0,,57.6884348009269,1296,5167.544,-0.12,-87.35971,-134.06836,14.463875,-577.64264,577.64264,0.0009999999
0.0009999999,577.64264,660277.3,0.64210606,1.0000002,0.12,,139.0643,273876,0.0009999999,-114.85336,,38773.17110157013,11.6364155,0.2,4.1583408e-12,0.0009999999,,11,0.12,4748,98.77659,14.587687,5080.222,4748,4748.001,,57.68239258635215,1296,5167.5854,0.2,-87.363205,-134.0643,14.463218,-577.64264,577.64264,0.0009999999
0.0009999999,577.64264,660402.75,-0.001992777,1.0000004,0.04,,139.06143,273902,0.0009999999,-120.39849,,38784.54883646965,14.006904,-0.2,4.15659e-12,0.0009999999,,11,0.04,4749,98.77659,14.587476,5080.251,4749,4749.0015,,57.6757212044641,1296,5167.6265,0.12,-87.37526,-134.06143,14.46305,-577.64264,577.64264,0.0009999999
0.0009999999,577.64264,660521.9,0.23601532,1.0000005,-0.2,,139.05724,273920,0.0009999999,-114.15408,,38795.91246032715,14.048288,0.2,4.1548397e-12,0.0009999999,,11,0.12,4750,98.77659,14.587266,5080.292,4750,4750.0024,,57.66736842105263,1296,5167.6685,0.12,-87.37642,-134.05724,14.462901,-577.64264,577.64264,0.0009999999
0.0009999999,577.64264,660637.6,0.15733168,0.9999998,-0.04,,139.05234,273939,0.0009999999,-110.682556,,38807.54324746132,13.672109,0.12,4.1530906e-12,0.0009999999,,11,0.04,4751,98.77659,14.587055,5080.328,4751,4750.999,,57.65922963586613,1296,5167.71,0.04,-87.38195,-134.05234,14.46267,-577.64264,577.64264,0.0009999999
0.0009999999,577.64264,660761.0,0.64314556,1.0000001,0.12,,139.04903,273961,0.0009999999,-118.46262,,38819.26405596733,13.346728,0.2,4.1513433e-12,0.0009999999,,11,0.2,4752,98.77659,14.586844,5080.3687,4752,4752.0005,,57.65172558922559,1296,5167.751,0.12,-87.38251,-134.04903,14.462371,-577.64264,577.64264,0.0009999999
0.0009999999,577.64264,660873.94,0.16198674,0.99999946,-0.04,,139.04353,273975,0.0009999999,-107.907936,,38831.084595918655,12.985363,0.12,4.1495965e-12,0.0009999999,,11,0.2,4753,98.77659,14.586635,5080.346,4753,4752.9976,,57.642541552703555,1296,5167.7925,-0.12,-87.4461,-134.04353,14.461998,-577.64264,577.64264,0.0009999999
0.0009999999,577.64264,660991.1,-0.08139674,0.9999999,-0.12,,139.03894,273992,0.0009999999,-112.187904,,38842.499935388565,15.337291,-0.2,4.147851e-12,0.0009999999,,11,0.2,4754,98.77659,14.586424,5080.3794,4754,4753.9995,,57.63399242742953,1296,5167.8345,0.04,-87.45521,-134.03894,14.462114,-577.64264,577.64264,0.0009999999
0.0009999999,577.64264,661110.9,0.08339607,1.0000004,-0.12,,139.03488,274011,0.0009999999,-114.74293,,38853.869359731674,14.628867,-0.12,4.1461066e-12,0.0009999999,,11,0.2,4755,98.77659,14.586213,5080.415,4755,4755.002,,57.62586750788643,1296,5167.876,0.12,-87.461044,-134.03488,14.462086,-577.64264,577.64264,0.0009999999
0.0009999999,577.64264,661232.75,-0.3206498,0.9999999,0.2,,139.03128,274035,0.0009999999,-116.86454,,38865.02487421036,14.132507,-0.2,4.1443632e-12,0.0009999999,,11,-0.12,4756,98.77659,14.586003,5080.406,4756,4755.9995,,57.61879730866274,1296,5167.9175,-0.2,-87.51148,-134.03128,14.461951,-577.64264,577.64264,0.0009999999
0.0009999999,577.64264,661359.2,0.24324931,1.0000004,-0.12,,139.02863,274059,0.0009999999,-121.444275,,38875.878465652466,14.861988,0.2,4.142621e-12,0.0009999999,,11,0.12,4757,98.77659,14.585793,5080.4434,4757,4757.002,,57.61173008198445,1296,5167.9585,0.04,-87.51523,-134.02863,14.461974,-577.64264,577.64264,0.0009999999
0.0009999999,577.64264,661470.7,0.39995033,1.0,0.12,,139.02284,274082,0.0009999999,-106.47828,,38886.20015954971,14.0787115,0.04,4.1408803e-12,0.0009999999,,11,0.04,4758,98.77659,14.585583,5080.453,4758,4758.0,,57.60445565363598,1296,5168.0,0.2,-87.54694,-134.02284,14.461827,-577.64264,577.64264,0.0009999999
0.0009999999,577.64264,661592.6,0.40050703,0.9999997,0.04,,139.01926,274103,0.0009999999,-116.96948,,38898.211025476456,13.746858,0.2,4.13914e-12,0.0009999999,,11,0.04,4759,98.77659,14.585373,5080.4805,4759,4758.9985,,57.596764026055894,1296,5168.0415,0.12,-87.56126,-134.01926,14.461612,-577.64264,577.64264,0.0009999999
0.0009999999,577.64264,661718.6,0.47901556,1.0000004,0.2,,139.01653,274129,0.0009999999,-121.01889,,38911.062469005585,12.741807,0.12,4.137401e-12,0.0009999999,,11,0.12,4760,98.77659,14.585162,5080.511,4760,4760.0015,,57.59012605042017,1296,5168.083,0.04,-87.57184,-134.01653,14.461185,-577.64264,577.64264,0.0009999999
0.0009999999,577.64264,661852.44,-0.48200652,1.0000001,-0.12,,139.01543,274166,0.0009999999,-128.78198,,38923.90212750435,15.426572,-0.2,4.135663e-12,0.0009999999,,11,-0.12,4761,98.77659,14.584952,5080.5513,4761,4761.0005,,57.585801302247425,1296,5168.1245,-0.04,-87.57344,-134.01543,14.461327,-577.64264,577.64264,0.0009999999
0.0009999999,577.64264,661974.2,0.3180788,0.9999999,0.12,,139.0118,274191,0.0009999999,-116.762314,,38936.862904548645,14.862957,0.2,4.1339267e-12,0.0009999999,,11,-0.12,4762,98.77659,14.584743,5080.584,4762,4761.9995,,57.57895842083158,1296,5168.1655,0.12,-87.5813,-134.0118,14.461346,-577.64264,577.64264,0.0009999999
0.0009999999,577.64264,662099.2,-0.0014566779,0.9999997,-0.12,,139.00885,274219,0.0009999999,-120.00764,,38949.62016534805,15.160576,0.04,4.1321907e-12,0.0009999999,,11,0.2,4763,98.77659,14.584533,5080.6167,4763,4762.9985,,57.57274826789838,1296,5168.207,-0.12,-87.590324,-134.00885,14.461428,-577.64264,577.64264,0.0009999999
0.0009999999,577.64264,662231.25,0.5630656,0.9999996,0.2,,139.0074,274251,0.0009999999,-127.01599,,38961.579795360565,14.562904,0.2,4.130456e-12,0.0009999999,,11,0.12,4764,98.77659,14.584323,5080.6567,4764,4763.998,,57.56738035264484,1296,5168.2485,0.04,-87.59176,-134.0074,14.461384,-577.64264,577.64264,0.0009999999
0.0009999999,577.64264,662348.3,-0.00083043426,1.0000004,0.12,,139.00279,274271,0.0009999999,-112.09307,,38973.13483166695,11.477791,-0.2,4.1287225e-12,0.0009999999,,11,0.2,4765,98.77659,14.584113,5080.676,4765,4765.002,,57.5594963273872,1296,5168.29,-0.12,-87.61444,-134.00279,14.460695,-577.64264,577.64264,0.0009999999
0.0009999999,577.64264,662461.2,0.40156484,1.0000004,0.2,,138.99731,274289,0.0009999999,-107.87244,,38984.51967668533,15.506031,0.2,4.1269904e-12,0.0009999999,,11,0.12,4766,98.77659,14.583902,5080.6875,4766,4766.002,,57.55119597146454,1296,5168.331,-0.12,-87.64343,-133.99731,14.460849,-577.64264,577.64264,0.0009999999
0.0009999999,577.64264,662583.75,0.00046731532,1.0000004,-0.12,,138.99387,274311,0.0009999999,-117.52086,,38996.13317298889,14.625004,-0.04,4.1252587e-12,0.0009999999,,11,0.2,4767,98.77659,14.583693,5080.716,4767,4767.002,,57.543738200125865,1296,5168.3726,-0.04,-87.65693,-133.99387,14.460818,-577.64264,577.64264,0.0009999999
0.0009999999,577.64264,662694.9,-0.23992406,1.0000005,-0.12,,138.98802,274330,0.0009999999,-106.17712,,39008.178220033646,14.87627,-0.2,4.1235288e-12,0.0009999999,,11,0.12,4768,98.77659,14.583484,5080.7344,4768,4768.0024,,57.53565436241611,1296,5168.414,-0.04,-87.67985,-133.98802,14.460839,-577.64264,577.64264,0.0009999999
0.0009999999,577.64264,662809.9,0.5594544,0.9999996,-0.04,,138.98299,274352,0.0009999999,-110.00906,,39019.803926467896,14.748081,0.2,4.1217997e-12,0.0009999999,,11,0.2,4769,98.77659,14.583274,5080.757,4769,4768.998,,57.52820297756343,1296,5168.4556,0.2,-87.69868,-133.98299,14.460837,-577.64264,577.64264,0.0009999999
0.0009999999,577.64264,662939.56,0.3172986,0.9999998,-0.04,,138.98103,274386,0.0009999999,-124.68288,,39031.2252407074,15.967266,0.2,4.1200715e-12,0.0009999999,,11,0.04,4770,98.77659,14.583064,5080.7827,4770,4769.999,,57.52327044025157,1296,5168.4966,0.12,-87.71402,-133.98103,14.461088,-577.64264,577.64264,0.0009999999
0.0009999999,577.64264,663057.6,0.15912026,1.0,0.2,,138.97665,274403,0.0009999999,-113.066185,,39042.48968577385,14.6227455,-0.04,4.1183446e-12,0.0009999999,,11,0.2,4771,98.77659,14.582854,5080.824,4771,4771.0,,57.51477677635716,1296,5168.538,-0.2,-87.714005,-133.97665,14.461061,-577.64264,577.64264,0.0009999999
0.0009999999,577.64264,663168.3,0.16082738,1.0000002,0.12,,138.97073,274429,0.0009999999,-105.66656,,39053.302059412,11.332793,-0.2,4.1166185e-12,0.0009999999,,11,0.04,4772,98.77659,14.582644,5080.8604,4772,4772.001,,57.50817267393126,1296,5168.579,0.2,-87.71874,-133.97073,14.460339,-577.64264,577.64264,0.0009999999
0.0009999999,577.64264,663293.1,0.16534692,1.0000005,-0.2,,138.96776,274454,0.0009999999,-119.79478,,39064.10475707054,15.317716,0.2,4.1148938e-12,0.0009999999,,11,0.04,4773,98.77659,14.582436,5080.89,4773,4773.0024,,57.501361826943224,1296,5168.6206,0.12,-87.73037,-133.96776,14.460453,-577.64264,577.64264,0.0009999999
0.0009999999,577.64264,663413.5,0.48052156,0.9999998,-0.04,,138.96387,274478,0.0009999999,-115.38337,,39074.69150018692,11.907582,0.2,4.11317e-12,0.0009999999,,11,0.2,4774,98.77659,14.582226,5080.9224,4774,4773.999,,57.49434436531211,1296,5168.662,0.12,-87.73984,-133.96387,14.459854,-577.64264,577.64264,0.0009999999
0.0009999999,577.64264,663525.75,0.079964,1.0000002,0.12,,138.95827,274501,0.0009999999,-107.254,,39085.74133467674,14.839626,-0.12,4.1114477e-12,0.0009999999,,11,0.04,4775,98.77659,14.582016,5080.9478,4775,4775.001,,57.487120418848164,1296,5168.703,0.04,-87.755585,-133.95827,14.459869,-577.64264,577.64264,0.0009999999
0.0009999999,577.64264,663660.8,0.0013296083,0.9999997,0.2,,138.95746,274536,0.0009999999,-130.07478,,39097.50126051903,14.736351,-0.12,4.109726e-12,0.0009999999,,11,-0.2,4776,98.77659,14.581807,5080.9336,4776,4775.9985,,57.482412060301506,1296,5168.7446,0.12,-87.81125,-133.95746,14.4598675,-577.64264,577.64264,0.0009999999
0.0009999999,577.64264,663789.8,0.4832855,1.0000001,0.2,,138.95537,274563,0.0009999999,-124.00585,,39110.77132034302,13.349008,0.04,4.1080056e-12,0.0009999999,,11,0.04,4777,98.77659,14.581597,5080.9727,4777,4777.0005,,57.47603098178773,1296,5168.786,0.2,-87.81371,-133.95537,14.459565,-577.64264,577.64264,0.0009999999
0.0009999999,577.64264,663928.0,-0.08327973,0.9999996,-0.2,,138.95522,274599,0.0009999999,-133.17628,,39123.85609960556,12.246238,-0.2,4.106286e-12,0.0009999999,,11,0.2,4778,98.77659,14.581388,5080.967,4778,4777.998,,57.47153620761825,1296,5168.827,0.12,-87.860176,-133.95522,14.459039,-577.64264,577.64264,0.0009999999
0.0009999999,577.64264,664047.7,-0.6411977,1.0000002,-0.04,,138.95119,274622,0.0009999999,-114.6725,,39136.81443357468,14.656975,-0.2,4.104568e-12,0.0009999999,,11,-0.2,4779,98.77659,14.581179,5080.9736,4779,4779.001,,57.464323080142286,1296,5168.8687,-0.2,-87.895004,-133.95119,14.459019,-577.64264,577.64264,0.0009999999
0.0009999999,577.64264,664179.8,0.2404604,0.9999998,0.2,,138.94975,274655,0.0009999999,-127.10062,,39149.20569682121,15.490959,-0.2,4.102851e-12,0.0009999999,,11,0.2,4780,98.77659,14.58097,5080.999,4780,4779.999,,57.4592050209205,1296,5168.9097,0.04,-87.9108,-133.94975,14.459169,-577.64264,577.64264,0.0009999999
0.0009999999,577.64264,664295.25,-0.3206269,1.0000004,-0.12,,138.94484,274676,0.0009999999,-110.429504,,39160.43298959732,12.689921,-0.2,4.1011344e-12,0.0009999999,,11,-0.12,4781,98.77659,14.58076,5081.002,4781,4781.002,,57.45157916753817,1296,5168.9507,0.12,-87.948654,-133.94484,14.4587345,-577.64264,577.64264,0.0009999999
0.0009999999,577.64264,664422.94,0.23891804,1.0000002,0.2,,138.94247,274701,0.0009999999,-122.68332,,39171.9615547657,15.839033,0.2,4.0994196e-12,0.0009999999,,11,-0.12,4782,98.77659,14.580551,5081.0356,4782,4782.001,,57.44479297365119,1296,5168.992,-0.04,-87.95653,-133.94247,14.458958,-577.64264,577.64264,0.0009999999
0.0009999999,577.64264,664538.0,-0.24015509,0.9999999,0.12,,138.93748,274718,0.0009999999,-110.10602,,39183.81116914749,15.138813,-0.2,4.0977052e-12,0.0009999999,,11,-0.04,4783,98.77659,14.580342,5081.073,4783,4782.9995,,57.43633702697052,1296,5169.0337,-0.12,-87.9605,-133.93748,14.459038,-577.64264,577.64264,0.0009999999
0.0009999999,577.64264,664652.9,0.15961826,0.9999997,0.04,,138.93246,274736,0.0009999999,-109.841,,39195.627732753754,15.731923,-0.04,4.0959926e-12,0.0009999999,,11,0.2,4784,98.77659,14.580133,5081.109,4784,4783.9985,,57.42809364548495,1296,5169.074,-0.04,-87.96543,-133.93246,14.459239,-577.64264,577.64264,0.0009999999
0.0009999999,577.64264,664789.75,-0.4018022,0.9999996,-0.12,,138.93202,274774,0.0009999999,-131.89517,,39207.114099025726,14.345451,-0.2,4.094281e-12,0.0009999999,,11,0.12,4785,98.77659,14.579925,5081.1416,4785,4784.998,,57.424033437826544,1296,5169.1157,-0.2,-87.97434,-133.93202,14.459153,-577.64264,577.64264,0.0009999999
0.0009999999,577.64264,664909.75,-0.2396478,1.0000004,-0.04,,138.92807,274796,0.0009999999,-114.99839,,39218.45554256439,14.609124,0.04,4.09257e-12,0.0009999999,,11,-0.12,4786,98.77659,14.579715,5081.161,4786,4786.002,,57.416631842875056,1296,5169.1567,-0.12,-87.99557,-133.92807,14.459119,-577.64264,577.64264,0.0009999999
0.0009999999,577.64264,665060.56,0.0818329,1.0000004,0.04,,138.93056,274882,0.0009999999,-145.82483,,39229.92934703827,15.748535,0.04,4.0908605e-12,0.0009999999,,11,0.12,4787,98.77659,14.579506,5081.1733,4787,4787.0015,,57.4226028828076,1296,5169.198,-0.12,-88.0249,-133.93056,14.459322,-577.64264,577.64264,0.0009999999
0.0009999999,577.64264,665178.94,0.15981169,1.0000004,-0.12,,138.92625,274907,0.0009999999,-113.35667,,39241.14459681511,14.491815,-0.04,4.0891518e-12,0.0009999999,,11,0.2,4788,98.77659,14.579297,5081.1855,4788,4788.0015,,57.415831244778616,1296,5169.2393,0.12,-88.05366,-133.92625,14.459267,-577.64264,577.64264,0.0009999999
0.0009999999,577.64264,665296.7,0.07998891,1.0000004,0.2,,138.92184,274924,0.0009999999,-112.74925,,39252.21181702614,15.364101,-0.12,4.087444e-12,0.0009999999,,11,0.2,4789,98.77659,14.579088,5081.222,4789,4789.0015,,57.40739193986219,1296,5169.2803,-0.2,-88.05806,-133.92184,14.459393,-577.64264,577.64264,0.0009999999
0.0009999999,577.64264,665411.5,-0.16317834,1.0000004,-0.12,,138.91681,274938,0.0009999999,-109.86276,,39263.01317715645,15.34649,-0.12,4.0857374e-12,0.0009999999,,11,0.2,4790,98.77659,14.578879,5081.23,4790,4790.002,,57.398329853862215,1296,5169.322,-0.12,-88.0919,-133.91681,14.459516,-577.64264,577.64264,0.0009999999
0.0009999999,577.64264,665523.6,-0.16145307,1.0000005,-0.12,,138.91121,274952,0.0009999999,-107.07374,,39274.757334947586,12.736458,-0.2,4.084032e-12,0.0009999999,,11,0.12,4791,98.77659,14.578671,5081.261,4791,4791.0024,,57.38927155082446,1296,5169.363,0.04,-88.101364,-133.91121,14.459088,-577.64264,577.64264,0.0009999999
0.0009999999,577.64264,665632.75,0.00017002225,0.9999997,0.2,,138.905,274965,0.0009999999,-104.12835,,39287.33018898964,14.408259,-0.12,4.0823282e-12,0.0009999999,,11,0.12,4792,98.77659,14.578463,5081.301,4792,4791.9985,,57.38000834724541,1296,5169.4043,-0.2,-88.10355,-133.905,14.459014,-577.64264,577.64264,0.0009999999
0.0009999999,577.64264,665745.94,0.16018297,0.9999999,0.12,,138.89963,274979,0.0009999999,-108.197044,,39300.35104560852,15.505623,0.2,4.0806243e-12,0.0009999999,,11,0.04,4793,98.77659,14.578254,5081.3315,4793,4792.9995,,57.37095764656791,1296,5169.4453,-0.2,-88.11385,-133.89963,14.459169,-577.64264,577.64264,0.0009999999
0.0009999999,577.64264,665859.75,0.15738954,1.0000001,-0.12,,138.8944,274996,0.0009999999,-108.77844,,39313.36909508705,13.970243,0.12,4.0789225e-12,0.0009999999,,11,0.2,4794,98.77659,14.578045,5081.3467,4794,4794.0005,,57.362536503963284,1296,5169.4863,-0.04,-88.13948,-133.8944,14.459004,-577.64264,577.64264,0.0009999999
0.0009999999,577.64264,665985.75,-0.08225033,1.0000004,-0.12,,138.89171,275029,0.0009999999,-121.068886,,39325.774264097214,13.397155,0.2,4.077221e-12,0.0009999999,,11,-0.04,4795,98.77659,14.577836,5081.379,4795,4795.002,,57.35745568300313,1296,5169.5273,-0.12,-88.14832,-133.89171,14.458718,-577.64264,577.64264,0.0009999999
0.0009999999,577.64264,666094.5,0.0826122,0.9999998,0.2,,138.88542,275045,0.0009999999,-103.73432,,39337.482083797455,14.507715,-0.04,4.075521e-12,0.0009999999,,11,-0.04,4796,98.77659,14.577628,5081.403,4796,4795.999,,57.34883236030025,1296,5169.5684,-0.04,-88.16565,-133.88542,14.458662,-577.64264,577.64264,0.0009999999
0.0009999999,577.64264,666234.4,-0.39826941,1.0000002,-0.04,,138.88564,275082,0.0009999999,-134.8687,,39348.97702598572,11.018274,0.04,4.073822e-12,0.0009999999,,11,-0.2,4797,98.77659,14.577419,5081.4404,4797,4797.001,,57.34459036898061,1296,5169.6094,-0.2,-88.16871,-133.88564,14.457881,-577.64264,577.64264,0.0009999999
0.0009999999,577.64264,666340.6,-0.55652845,0.9999996,0.04,,138.87883,275134,0.0009999999,-101.284935,,39360.79648423195,14.912745,-0.2,4.072124e-12,0.0009999999,,11,-0.2,4798,98.77659,14.577211,5081.437,4798,4797.998,,57.343476448520214,1296,5169.6504,-0.2,-88.213394,-133.87883,14.457912,-577.64264,577.64264,0.0009999999
0.0009999999,577.64264,666450.75,0.1638024,1.0000001,-0.12,,138.87283,275151,0.0009999999,-105.10305,,39372.51281237602,12.487689,0.2,4.070427e-12,0.0009999999,,11,0.12,4799,98.77659,14.577003,5081.418,4799,4799.0005,,57.335069806209624,1296,5169.6914,-0.04,-88.27354,-133.87283,14.45744,-577.64264,577.64264,0.0009999999
0.0009999999,577.64264,666561.8,-0.39690134,0.9999996,-0.12,,138.86705,275166,0.0009999999,-106.02855,,39383.61929512024,14.180204,-0.2,4.068731e-12,0.0009999999,,11,-0.04,4800,98.77659,14.576795,5081.455,4800,4799.998,,57.32625,1296,5169.733,-0.04,-88.27764,-133.86705,14.457317,-577.64264,577.64264,0.0009999999
0.0009999999,577.64264,666690.4,0.39744756,1.0000002,0.04,,138.8649,275194,0.0009999999,-123.58088,,39394.71449017525,13.464949,0.12,4.0670366e-12,0.0009999999,,11,0.2,4801,98.77659,14.576586,5081.4727,4801,4801.001,,57.320141637158926,1296,5169.774,0.04,-88.301414,-133.8649,14.457046,-577.64264,577.64264,0.0009999999
0.0009999999,577.64264,666804.4,0.23920742,0.9999998,-0.12,,138.85973,275213,0.0009999999,-109.033516,,39405.76347112656,14.2379465,0.12,4.0653427e-12,0.0009999999,,11,0.2,4802,98.77659,14.576378,5081.503,4802,4801.999,,57.31216159933361,1296,5169.815,0.04,-88.31198,-133.85973,14.456935,-577.64264,577.64264,0.0009999999
0.0009999999,577.64264,666932.7,0.24034283,1.0000004,0.2,,138.85753,275245,0.0009999999,-123.31927,,39416.70101737976,15.098422,-0.04,4.06365e-12,0.0009999999,,11,-0.04,4803,98.77659,14.576169,5081.503,4803,4803.002,,57.306891526129505,1296,5169.8555,0.12,-88.352295,-133.85753,14.457006,-577.64264,577.64264,0.0009999999
0.0009999999,577.64264,667061.1,0.32301155,1.0000001,0.2,,138.85536,275271,0.0009999999,-123.41758,,39427.59713315964,15.758542,0.2,4.0619587e-12,0.0009999999,,11,-0.2,4804,98.77659,14.575961,5081.5244,4804,4804.0005,,57.3003746877602,1296,5169.897,0.12,-88.3727,-133.85536,14.457216,-577.64264,577.64264,0.0009999999
0.0009999999,577.64264,667184.6,-0.23934706,0.9999999,0.04,,138.85216,275294,0.0009999999,-118.44167,,39438.412185907364,14.217119,-0.2,4.0602677e-12,0.0009999999,,11,-0.04,4805,98.77659,14.575753,5081.5483,4805,4804.9995,,57.29323621227888,1296,5169.938,-0.04,-88.38964,-133.85216,14.457095,-577.64264,577.64264,0.0009999999
0.0009999999,577.64264,667299.44,-0.07917446,0.9999997,-0.12,,138.84715,275310,0.0009999999,-109.84251,,39449.4303252697,15.683823,-0.2,4.0585786e-12,0.0009999999,,11,0.04,4806,98.77659,14.575545,5081.5835,4806,4805.9985,,57.28464419475655,1296,5169.979,0.2,-88.395706,-133.84715,14.45729,-577.64264,577.64264,0.0009999999
0.0009999999,577.64264,667414.1,0.32190654,0.9999996,0.2,,138.84213,275326,0.0009999999,-109.73144,,39462.4944627285,15.370228,0.2,4.0568902e-12,0.0009999999,,11,-0.04,4807,98.77659,14.575337,5081.6226,4807,4806.998,,57.27605575202829,1296,5170.02,-0.04,-88.39744,-133.84213,14.457418,-577.64264,577.64264,0.0009999999
0.0009999999,577.64264,667532.44,0.23960218,1.0000004,0.12,,138.83786,275343,0.0009999999,-113.28601,,39475.06309771538,15.106422,-0.12,4.055203e-12,0.0009999999,,11,0.04,4808,98.77659,14.575129,5081.639,4808,4808.002,,57.267678868552416,1296,5170.0605,0.2,-88.42151,-133.83786,14.457488,-577.64264,577.64264,0.0009999999
0.0009999999,577.64264,667659.8,-0.07767827,1.0000004,-0.04,,138.83548,275369,0.0009999999,-122.35895,,39488.03489089012,15.097483,-0.04,4.053516e-12,0.0009999999,,11,-0.12,4809,98.77659,14.574921,5081.675,4809,4809.0015,,57.261176959866916,1296,5170.102,0.12,-88.427124,-133.83548,14.457559,-577.64264,577.64264,0.0009999999
0.0009999999,577.64264,667949.6,0.5611302,1.0000004,0.12,,138.86687,275555,0.0009999999,-284.78043,,39501.07583975792,11.838291,0.04,4.0518314e-12,0.0009999999,,11,0.2,4810,98.77659,14.574713,5081.7153,4810,4810.0015,,57.28794178794179,1296,5170.143,0.2,-88.427765,-133.86687,14.456948,-577.64264,577.64264,0.0009999999
0.0009999999,577.64264,668085.9,-0.72125256,1.0000004,-0.2,,138.86632,275590,0.0009999999,-131.2601,,39513.26761341095,14.826254,-0.2,4.050147e-12,0.0009999999,,11,-0.12,4811,98.77659,14.574505,5081.7456,4811,4811.002,,57.28330908335065,1296,5170.184,-0.2,-88.438385,-133.86632,14.456963,-577.64264,577.64264,0.0009999999
0.0009999999,577.64264,668210.5,-0.24199143,1.0000004,-0.04,,138.86336,275637,0.0009999999,-119.64398,,39525.01818108559,15.020325,-0.2,4.048464e-12,0.0009999999,,11,0.04,4812,98.77659,14.574297,5081.767,4812,4812.002,,57.28117206982544,1296,5170.225,-0.04,-88.45824,-133.86336,14.457015,-577.64264,577.64264,0.0009999999
0.0009999999,577.64264,668332.5,-0.081103556,0.9999996,-0.04,,138.85986,275660,0.0009999999,-117.02913,,39536.906708717346,13.716629,0.12,4.0467816e-12,0.0009999999,,11,0.04,4813,98.77659,14.57409,5081.8037,4813,4812.998,,57.274049449407855,1296,5170.2656,-0.2,-88.461975,-133.85986,14.456801,-577.64264,577.64264,0.0009999999
0.0009999999,577.64264,668442.25,-0.24397495,0.9999997,-0.2,,138.8538,275675,0.0009999999,-104.780304,,39548.94118189812,14.142418,-0.2,4.0451006e-12,0.0009999999,,11,0.2,4814,98.77659,14.573882,5081.803,4814,4813.9985,,57.26526796842543,1296,5170.3066,-0.04,-88.50334,-133.8538,14.456668,-577.64264,577.64264,0.0009999999
0.0009999999,577.64264,668556.9,-0.39988562,0.9999999,-0.12,,138.84879,275690,0.0009999999,-109.55163,,39560.91480970383,9.588964,-0.12,4.0434205e-12,0.0009999999,,11,-0.12,4815,98.77659,14.573674,5081.832,4815,4814.9995,,57.256490134994806,1296,5170.3477,-0.04,-88.51541,-133.84879,14.455593,-577.64264,577.64264,0.0009999999
0.0009999999,577.64264,668695.44,-0.08019985,1.0000002,0.2,,138.84872,275732,0.0009999999,-133.57495,,39572.434661865234,15.888005,-0.2,4.041742e-12,0.0009999999,,11,0.12,4816,98.77659,14.573466,5081.8,4816,4816.001,,57.25332225913621,1296,5170.3887,-0.2,-88.58886,-133.84872,14.455828,-577.64264,577.64264,0.0009999999
0.0009999999,577.64264,668805.75,-0.16318323,1.0000004,0.12,,138.8428,275750,0.0009999999,-105.32629,,39583.73406791687,14.628156,-0.2,4.0400643e-12,0.0009999999,,11,-0.04,4817,98.77659,14.573258,5081.821,4817,4817.002,,57.24517334440523,1296,5170.429,-0.04,-88.60842,-133.8428,14.455799,-577.64264,577.64264,0.0009999999
0.0009999999,577.64264,668917.9,-0.23964618,0.9999998,-0.2,,138.83725,275765,0.0009999999,-107.08611,,39595.01303124428,13.023204,-0.2,4.0383872e-12,0.0009999999,,11,0.12,4818,98.77659,14.573051,5081.858,4818,4817.999,,57.23640514736405,1296,5170.47,0.04,-88.6121,-133.83725,14.455443,-577.64264,577.64264,0.0009999999
0.0009999999,577.64264,669038.56,0.31803176,1.0000002,0.12,,138.83348,275784,0.0009999999,-115.676956,,39605.9602355957,12.2654,0.12,4.0367115e-12,0.0009999999,,11,0.12,4819,98.77659,14.572844,5081.8877,4819,4819.001,,57.22847063706163,1296,5170.511,-0.04,-88.62331,-133.83348,14.454918,-577.64264,577.64264,0.0009999999
0.0009999999,577.64264,669169.4,0.6382789,0.9999996,0.12,,138.83182,275817,0.0009999999,-125.82812,,39617.00593018532,14.343164,0.12,4.0350366e-12,0.0009999999,,11,0.2,4820,98.77659,14.572637,5081.9233,4820,4819.998,,57.22344398340249,1296,5170.5522,0.2,-88.62893,-133.83182,14.454833,-577.64264,577.64264,0.0009999999
0.0009999999,577.64264,669283.5,-0.48290354,1.0000001,-0.04,,138.82669,275831,0.0009999999,-109.169525,,39628.08116054535,15.378917,-0.2,4.0333626e-12,0.0009999999,,11,-0.04,4821,98.77659,14.572429,5081.9507,4821,4821.0005,,57.21447832399917,1296,5170.5933,-0.2,-88.642494,-133.82669,14.454963,-577.64264,577.64264,0.0009999999
0.0009999999,577.64264,669393.25,0.0021042675,0.9999996,-0.12,,138.82066,275850,0.0009999999,-104.70925,,39638.84400677681,14.742345,-0.2,4.0316895e-12,0.0009999999,,11,0.2,4822,98.77659,14.572222,5081.957,4822,4821.998,,57.206553297386975,1296,5170.634,0.12,-88.67668,-133.82066,14.454963,-577.64264,577.64264,0.0009999999
0.0009999999,577.64264,669504.75,0.08072327,1.0000002,0.04,,138.815,275865,0.0009999999,-106.453,,39651.23287820816,13.564659,-0.2,4.0300185e-12,0.0009999999,,11,0.04,4823,98.77659,14.572014,5081.9595,4823,4823.001,,57.1978021978022,1296,5170.675,0.2,-88.71543,-133.815,14.454713,-577.64264,577.64264,0.0009999999
0.0009999999,577.64264,669620.25,-0.24114494,0.9999998,0.04,,138.81017,275880,0.0009999999,-110.51758,,39663.57324552536,15.684309,-0.12,4.0283475e-12,0.0009999999,,11,0.04,4824,98.77659,14.571807,5081.988,4824,4823.999,,57.18905472636816,1296,5170.716,-0.2,-88.72817,-133.81017,14.4549,-577.64264,577.64264,0.0009999999
0.0009999999,577.64264,669737.75,0.4001155,1.0000004,0.2,,138.80576,275962,0.0009999999,-112.54284,,39676.6242082119,15.12415,-0.12,4.0266783e-12,0.0009999999,,11,0.12,4825,98.77659,14.571599,5082.017,4825,4825.002,,57.19419689119171,1296,5170.757,0.2,-88.73956,-133.80576,14.454977,-577.64264,577.64264,0.0009999999
0.0009999999,577.64264,669886.56,0.31743908,1.0000001,-0.04,,138.80783,276012,0.0009999999,-143.81198,,39689.2872736454,13.487602,0.04,4.0250095e-12,0.0009999999,,11,0.12,4826,98.77659,14.571392,5082.047,4826,4826.0005,,57.192706174886034,1296,5170.7974,0.2,-88.750305,-133.80783,14.454715,-577.64264,577.64264,0.0009999999
0.0009999999,577.64264,670030.3,-0.16141286,0.9999999,-0.12,,138.80885,276055,0.0009999999,-138.72433,,39701.628861904144,14.4591465,0.12,4.0233416e-12,0.0009999999,,11,0.04,4827,98.77659,14.571185,5082.0747,4827,4826.9995,,57.18976590014502,1296,5170.838,-0.2,-88.76338,-133.80885,14.454653,-577.64264,577.64264,0.0009999999
0.0009999999,577.64264,670149.94,0.24201001,0.9999997,0.04,,138.80487,276079,0.0009999999,-114.63106,,39713.95128154755,14.614085,-0.04,4.0216754e-12,0.0009999999,,11,0.12,4828,98.77659,14.570978,5082.087,4828,4827.9985,,57.18289146644573,1296,5170.879,0.12,-88.792,-133.80487,14.454618,-577.64264,577.64264,0.0009999999
0.0009999999,577.64264,670301.1,0.16197994,0.9999996,0.12,,138.80743,276128,0.0009999999,-146.16823,,39725.621018886566,14.709269,0.12,4.02001e-12,0.0009999999,,11,0.04,4829,98.77659,14.570771,5082.1035,4829,4828.998,,57.181196935183266,1296,5170.92,-0.12,-88.81647,-133.80743,14.454609,-577.64264,577.64264,0.0009999999
0.0009999999,577.64264,670416.75,0.31989616,1.0000004,0.12,,138.80264,276146,0.0009999999,-110.65627,,39737.69747328758,14.930537,0.12,4.0183456e-12,0.0009999999,,11,-0.04,4830,98.77659,14.570563,5082.118,4830,4830.002,,57.173084886128365,1296,5170.961,0.12,-88.84256,-133.80264,14.454645,-577.64264,577.64264,0.0009999999
0.0009999999,577.64264,670546.4,0.40054742,1.0000004,0.2,,138.80074,276174,0.0009999999,-124.59455,,39749.61187839508,15.239958,-0.04,4.016682e-12,0.0009999999,,11,0.2,4831,98.77659,14.570356,5082.1343,4831,4831.0015,,57.16704616021528,1296,5171.0015,0.04,-88.86702,-133.80074,14.454743,-577.64264,577.64264,0.0009999999
0.0009999999,577.64264,670659.2,-0.31718084,1.0000004,-0.04,,138.79536,276186,0.0009999999,-107.84439,,39761.32588386536,14.495622,-0.2,4.0150197e-12,0.0009999999,,11,-0.12,4832,98.77659,14.570149,5082.1597,4832,4832.0015,,57.15769867549669,1296,5171.042,0.04,-88.88236,-133.79536,14.45469,-577.64264,577.64264,0.0009999999
0.0009999999,577.64264,670782.2,0.64102536,1.0000004,0.2,,138.7921,276210,0.0009999999,-117.966125,,39772.87772798538,15.112539,0.2,4.0133587e-12,0.0009999999,,11,0.2,4833,98.77659,14.569942,5082.191,4833,4833.0015,,57.150837988826815,1296,5171.083,0.04,-88.89206,-133.7921,14.454761,-577.64264,577.64264,0.0009999999
0.0009999999,577.64264,670896.06,-0.24147712,1.0000004,-0.04,,138.78694,276225,0.0009999999,-108.87886,,39783.91548538208,14.978299,-0.2,4.011698e-12,0.0009999999,,11,0.12,4834,98.77659,14.569736,5082.1865,4834,4834.002,,57.14211832850641,1296,5171.124,-0.12,-88.93767,-133.78694,14.4548025,-577.64264,577.64264,0.0009999999
0.0009999999,577.64264,671013.5,0.07983792,1.0000004,-0.04,,138.78252,276244,0.0009999999,-112.44217,,39794.844624996185,15.698353,0.2,4.010039e-12,0.0009999999,,11,-0.04,4835,98.77659,14.56953,5082.226,4835,4835.002,,57.13422957600827,1296,5171.1646,-0.04,-88.93837,-133.78252,14.454999,-577.64264,577.64264,0.0009999999
0.0009999999,577.64264,671126.4,0.08278467,0.9999996,0.12,,138.77716,276261,0.0009999999,-107.89083,,39806.25348377228,15.86185,-0.12,4.008381e-12,0.0009999999,,11,0.12,4836,98.77659,14.569323,5082.2275,4836,4835.998,,57.12593052109181,1296,5171.2056,-0.04,-88.97806,-133.77716,14.455229,-577.64264,577.64264,0.0009999999
0.0009999999,577.64264,671239.75,-0.08108654,0.9999998,0.2,,138.77191,276276,0.0009999999,-108.349594,,39817.26474690437,14.457367,0.12,4.0067233e-12,0.0009999999,,11,-0.2,4837,98.77659,14.569116,5082.2456,4837,4836.999,,57.11722141823444,1296,5171.246,-0.2,-89.00027,-133.77191,14.455167,-577.64264,577.64264,0.0009999999
0.0009999999,577.64264,671372.25,0.0029014647,1.0000001,0.04,,138.77061,276311,0.0009999999,-127.51894,,39828.07634305954,15.167974,-0.12,4.0050675e-12,0.0009999999,,11,0.2,4838,98.77659,14.568909,5082.248,4838,4838.0005,,57.112649855312114,1296,5171.2866,-0.12,-89.03864,-133.77061,14.455247,-577.64264,577.64264,0.0009999999
0.0009999999,577.64264,671482.4,-0.400846,1.0000004,0.04,,138.7647,276327,0.0009999999,-105.18112,,39842.0454852581,14.085708,-0.12,4.003412e-12,0.0009999999,,11,-0.2,4839,98.77659,14.568702,5082.2856,4839,4839.0015,,57.104153750774955,1296,5171.3276,-0.12,-89.04204,-133.7647,14.455108,-577.64264,577.64264,0.0009999999
0.0009999999,577.64264,671603.5,0.4784826,0.9999997,0.2,,138.76105,276366,0.0009999999,-116.061554,,39855.12082505226,14.929108,0.12,4.001758e-12,0.0009999999,,11,0.04,4840,98.77659,14.568496,5082.2715,4840,4839.9985,,57.10041322314049,1296,5171.368,0.12,-89.096634,-133.76105,14.455143,-577.64264,577.64264,0.0009999999
0.0009999999,577.64264,671730.94,0.72132975,1.0,0.2,,138.75871,276393,0.0009999999,-122.45509,,39868.10228610039,13.615913,0.2,4.000105e-12,0.0009999999,,11,0.2,4841,98.77659,14.568289,5082.286,4841,4841.0,,57.09419541417063,1296,5171.409,0.12,-89.12284,-133.75871,14.454906,-577.64264,577.64264,0.0009999999
0.0009999999,577.64264,671857.8,0.0803335,0.9999995,0.2,,138.75626,276422,0.0009999999,-121.863976,,39880.87475442886,15.525985,-0.2,3.9984526e-12,0.0009999999,,11,0.12,4842,98.77659,14.568083,5082.3184,4842,4841.9976,,57.0883932259397,1296,5171.449,-0.04,-89.13106,-133.75626,14.455065,-577.64264,577.64264,0.0009999999
0.0009999999,577.64264,671975.9,-0.07909779,0.9999999,0.12,,138.75198,276451,0.0009999999,-113.03234,,39894.07311797142,13.766844,-0.2,3.9968016e-12,0.0009999999,,11,0.04,4843,98.77659,14.567876,5082.3286,4843,4842.9995,,57.08259343382201,1296,5171.49,-0.04,-89.16185,-133.75198,14.454856,-577.64264,577.64264,0.0009999999
0.0009999999,577.64264,672099.0,-0.15996861,1.0000004,0.04,,138.74876,276474,0.0009999999,-118.15955,,39906.29403305054,13.482584,0.04,3.995152e-12,0.0009999999,,11,-0.04,4844,98.77659,14.567669,5082.35,4844,4844.002,,57.07555739058629,1296,5171.5312,-0.2,-89.18133,-133.74876,14.454593,-577.64264,577.64264,0.0009999999
0.0009999999,577.64264,672201.4,0.32025528,1.0,0.2,,138.74126,276547,0.0009999999,-97.36922,,39918.14177656174,15.3263445,-0.12,3.9935026e-12,0.0009999999,,11,0.12,4845,98.77659,14.567463,5082.3774,4845,4845.0,,57.07884416924664,1296,5171.572,0.12,-89.194305,-133.74126,14.45471,-577.64264,577.64264,0.0009999999
0.0009999999,577.64264,672338.4,0.07837819,0.9999996,-0.04,,138.74089,276583,0.0009999999,-132.02762,,39930.20624232292,14.369767,-0.2,3.9918546e-12,0.0009999999,,11,0.12,4846,98.77659,14.567257,5082.4023,4846,4845.998,,57.07449442839455,1296,5171.613,0.2,-89.210556,-133.74089,14.454634,-577.64264,577.64264,0.0009999999
0.0009999999,577.64264,672449.5,0.31864172,1.0000002,0.12,,138.7352,276596,0.0009999999,-106.12266,,39941.99892091751,14.867772,-0.12,3.9902075e-12,0.0009999999,,11,0.12,4847,98.77659,14.56705,5082.4165,4847,4847.001,,57.06540127914174,1296,5171.653,0.2,-89.23638,-133.7352,14.45465,-577.64264,577.64264,0.0009999999
0.0009999999,577.64264,672600.1,-0.6381694,0.9999999,-0.12,,138.73766,276650,0.0009999999,-145.63197,,39953.62385106087,12.691452,-0.2,3.9885617e-12,0.0009999999,,11,-0.12,4848,98.77659,14.566844,5082.455,4848,4847.9995,,57.06476897689769,1296,5171.694,-0.2,-89.23886,-133.73766,14.454224,-577.64264,577.64264,0.0009999999
0.0009999999,577.64264,672715.9,0.00038601458,0.9999997,0.04,,138.73291,276666,0.0009999999,-110.69573,,39965.01592040062,13.448877,0.12,3.9869167e-12,0.0009999999,,11,0.04,4849,98.77659,14.566638,5082.4917,4849,4848.9985,,57.056300268096514,1296,5171.7344,-0.2,-89.242714,-133.73291,14.453955,-577.64264,577.64264,0.0009999999
0.0009999999,577.64264,672827.94,0.55668676,1.0000004,0.04,,138.72742,276679,0.0009999999,-107.10009,,39976.195439100266,13.197746,0.12,3.985273e-12,0.0009999999,,11,0.2,4850,98.77659,14.566431,5082.5234,4850,4850.002,,57.04721649484536,1296,5171.775,0.2,-89.25133,-133.72742,14.453632,-577.64264,577.64264,0.0009999999
0.0009999999,577.64264,672946.7,-0.07871882,1.0000002,0.04,,138.7233,276697,0.0009999999,-113.73596,,39987.71604514122,13.6463585,-0.12,3.98363e-12,0.0009999999,,11,0.12,4851,98.77659,14.566225,5082.5005,4851,4851.001,,57.03916718202432,1296,5171.816,-0.12,-89.315216,-133.7233,14.453405,-577.64264,577.64264,0.0009999999
0.0009999999,577.64264,673068.4,-0.15760294,1.0000001,0.04,,138.71979,276732,0.0009999999,-116.701126,,39999.07047915459,15.667385,-0.12,3.9819884e-12,0.0009999999,,11,-0.2,4852,98.77659,14.566019,5082.5327,4852,4852.0005,,57.03462489694971,1296,5171.856,0.12,-89.3233,-133.71979,14.4535885,-577.64264,577.64264,0.0009999999
0.0009999999,577.64264,673200.06,-0.31795248,1.0,-0.12,,138.71834,276761,0.0009999999,-126.70134,,40010.08540725708,14.358717,-0.2,3.980347e-12,0.0009999999,,11,0.2,4853,98.77659,14.565813,5082.5674,4853,4853.0,,57.02884813517412,1296,5171.897,-0.2,-89.329544,-133.71834,14.453505,-577.64264,577.64264,0.0009999999
0.0009999999,577.64264,673314.7,-0.32389683,1.0,0.2,,138.71336,276776,0.0009999999,-109.62064,,40022.71387767792,14.376496,-0.12,3.978707e-12,0.0009999999,,11,-0.2,4854,98.77659,14.565607,5082.57,4854,4854.0,,57.020189534404615,1296,5171.9375,-0.2,-89.36782,-133.71336,14.453427,-577.64264,577.64264,0.0009999999
0.0009999999,577.64264,673429.25,0.39451736,1.0,0.2,,138.70839,276800,0.0009999999,-109.589745,,40035.73139548302,7.8738923,0.12,3.9770682e-12,0.0009999999,,11,-0.04,4855,98.77659,14.565401,5082.6045,4855,4855.0,,57.01338825952626,1296,5171.978,0.12,-89.37373,-133.70839,14.452011,-577.64264,577.64264,0.0009999999
0.0009999999,577.64264,673552.25,-0.15726212,1.0,0.12,,138.70515,276822,0.0009999999,-117.997025,,40048.67551064491,11.40218,-0.2,3.9754307e-12,0.0009999999,,11,-0.12,4856,98.77659,14.565195,5082.643,4856,4856.0,,57.00617792421746,1296,5172.019,0.04,-89.376,-133.70515,14.4513235,-577.64264,577.64264,0.0009999999
0.0009999999,577.64264,673674.25,-0.397829,1.0000001,-0.04,,138.70172,276842,0.0009999999,-117.00836,,40061.74602437019,14.469418,-0.12,3.9737935e-12,0.0009999999,,11,-0.12,4857,98.77659,14.564989,5082.6465,4857,4857.0005,,56.99855878114062,1296,5172.059,-0.12,-89.41256,-133.70172,14.45126,-577.64264,577.64264,0.0009999999
0.0009999999,577.64264,673793.6,0.23566735,1.0000002,0.12,,138.69774,276891,0.0009999999,-114.37736,,40074.84284210205,14.993919,0.2,3.972158e-12,0.0009999999,,11,0.12,4858,98.77659,14.564783,5082.686,4858,4858.001,,56.996912309592425,1296,5172.0996,-0.2,-89.413605,-133.69774,14.451304,-577.64264,577.64264,0.0009999999
0.0009999999,577.64264,673912.25,0.0839165,1.0000004,0.12,,138.6936,276919,0.0009999999,-113.61851,,40087.64889574051,13.794609,0.04,3.970523e-12,0.0009999999,,11,-0.04,4859,98.77659,14.564577,5082.7246,4859,4859.002,,56.99094463881457,1296,5172.14,-0.04,-89.41549,-133.6936,14.451112,-577.64264,577.64264,0.0009999999
0.0009999999,577.64264,674049.44,0.4009898,0.9999997,0.2,,138.6933,276982,0.0009999999,-132.18297,,40099.570300102234,12.03175,0.2,3.9688895e-12,0.0009999999,,11,-0.04,4860,98.77659,14.564372,5082.7285,4860,4859.9985,,56.992181069958846,1296,5172.1807,0.04,-89.452126,-133.6933,14.45055,-577.64264,577.64264,0.0009999999
0.0009999999,577.64264,674183.2,0.07938349,0.9999999,0.04,,138.69228,277017,0.0009999999,-128.72574,,40111.39849066734,15.829208,-0.04,3.9672566e-12,0.0009999999,,11,0.04,4861,98.77659,14.564166,5082.758,4861,4860.9995,,56.987656860728244,1296,5172.2217,0.04,-89.46407,-133.69228,14.450768,-577.64264,577.64264,0.0009999999
0.0009999999,577.64264,674318.75,0.47719502,1.0000002,0.2,,138.69164,277055,0.0009999999,-130.57274,,40123.27329850197,15.4877825,0.12,3.965625e-12,0.0009999999,,11,-0.04,4862,98.77659,14.56396,5082.7886,4862,4862.001,,56.98375154257507,1296,5172.2617,0.2,-89.47298,-133.69164,14.450917,-577.64264,577.64264,0.0009999999
0.0009999999,577.64264,674443.7,0.3990088,0.9999996,0.12,,138.68881,277078,0.0009999999,-119.93099,,40134.980432748795,14.134442,-0.12,3.963994e-12,0.0009999999,,11,0.2,4863,98.77659,14.563755,5082.8228,4863,4862.998,,56.976763314826236,1296,5172.3022,0.2,-89.47947,-133.68881,14.45079,-577.64264,577.64264,0.0009999999
0.0009999999,577.64264,674567.0,0.63860035,1.0,0.2,,138.68565,277101,0.0009999999,-118.27268,,40146.51489114761,15.376264,0.2,3.9623643e-12,0.0009999999,,11,0.12,4864,98.77659,14.563549,5082.8413,4864,4864.0,,56.969777960526315,1296,5172.343,0.12,-89.50152,-133.68565,14.450915,-577.64264,577.64264,0.0009999999
0.0009999999,577.64264,674689.75,0.079906106,1.0000004,0.12,,138.68237,277124,0.0009999999,-117.78996,,40158.09430336952,12.773319,-0.2,3.9607354e-12,0.0009999999,,11,-0.04,4865,98.77659,14.563343,5082.8794,4865,4865.002,,56.96279547790339,1296,5172.3833,0.2,-89.504036,-133.68237,14.450514,-577.64264,577.64264,0.0009999999
0.0009999999,577.64264,674809.1,-0.320146,0.9999999,-0.2,,138.6784,277143,0.0009999999,-114.34149,,40169.72540450096,13.461138,-0.04,3.9591078e-12,0.0009999999,,11,0.04,4866,98.77659,14.563138,5082.912,4866,4865.9995,,56.954993834771884,1296,5172.4243,-0.12,-89.512085,-133.6784,14.450241,-577.64264,577.64264,0.0009999999
0.0009999999,577.64264,674918.25,0.005212888,1.0000004,0.12,,138.67233,277173,0.0009999999,-104.18129,,40181.19762635231,14.804269,0.04,3.957481e-12,0.0009999999,,11,0.04,4867,98.77659,14.562932,5082.949,4867,4867.002,,56.94945551674543,1296,5172.464,-0.2,-89.514534,-133.67233,14.450252,-577.64264,577.64264,0.0009999999
0.0009999999,577.64264,675026.3,0.1601998,1.0,0.04,,138.66605,277196,0.0009999999,-103.0217,,40192.14718532562,12.083108,-0.2,3.955855e-12,0.0009999999,,11,0.2,4868,98.77659,14.562727,5082.9893,4868,4868.0,,56.94248151191454,1296,5172.505,0.12,-89.51577,-133.66605,14.449703,-577.64264,577.64264,0.0009999999
0.0009999999,577.64264,675141.7,0.24180031,0.9999996,0.2,,138.66127,277216,0.0009999999,-110.39373,,40202.94486474991,16.060726,0.04,3.95423e-12,0.0009999999,,11,0.12,4869,98.77659,14.562522,5082.9785,4869,4868.998,,56.93489422879441,1296,5172.5454,-0.12,-89.566864,-133.66127,14.44997,-577.64264,577.64264,0.0009999999
0.0009999999,577.64264,675252.9,-0.24188194,1.0000004,-0.04,,138.65562,277235,0.0009999999,-106.13135,,40216.15947985649,13.318864,-0.12,3.952607e-12,0.0009999999,,11,-0.04,4870,98.77659,14.562316,5083.0127,4870,4870.0015,,56.927104722792606,1296,5172.586,-0.04,-89.57309,-133.65562,14.449679,-577.64264,577.64264,0.0009999999
0.0009999999,577.64264,675382.44,-0.0012002289,1.0,-0.04,,138.65375,277263,0.0009999999,-124.58597,,40227.764993429184,14.233632,-0.2,3.9509836e-12,0.0009999999,,11,0.2,4871,98.77659,14.562111,5083.027,4871,4871.0,,56.92116608499281,1296,5172.6265,0.04,-89.599625,-133.65375,14.449568,-577.64264,577.64264,0.0009999999
0.0009999999,577.64264,675496.5,-0.31826368,0.9999998,-0.12,,138.64871,277287,0.0009999999,-109.09086,,40241.27685499191,14.431669,0.04,3.949362e-12,0.0009999999,,11,-0.04,4872,98.77659,14.561906,5083.057,4872,4871.999,,56.914408866995075,1296,5172.6665,-0.2,-89.60918,-133.64871,14.449501,-577.64264,577.64264,0.0009999999
0.0009999999,577.64264,675606.56,-0.080992274,0.9999996,-0.04,,138.64284,277304,0.0009999999,-105.03702,,40254.727533340454,13.312032,0.12,3.9477414e-12,0.0009999999,,11,-0.04,4873,98.77659,14.561701,5083.094,4873,4872.998,,56.906217935563305,1296,5172.707,-0.12,-89.61293,-133.64284,14.449205,-577.64264,577.64264,0.0009999999
0.0009999999,577.64264,675743.3,-0.079118356,1.0000004,-0.12,,138.64246,277340,0.0009999999,-131.74573,,40267.73576140404,14.034317,0.2,3.946121e-12,0.0009999999,,11,0.04,4874,98.77659,14.561495,5083.1255,4874,4874.002,,56.901928600738614,1296,5172.7476,-0.2,-89.62217,-133.64246,14.44906,-577.64264,577.64264,0.0009999999
0.0009999999,577.64264,675856.25,0.5604931,1.0000004,0.12,,138.63718,277358,0.0009999999,-107.988365,,40279.84987163544,16.026512,0.2,3.9445027e-12,0.0009999999,,11,0.12,4875,98.77659,14.56129,5083.144,4875,4875.0015,,56.89394871794872,1296,5172.788,0.12,-89.644196,-133.63718,14.449321,-577.64264,577.64264,0.0009999999
0.0009999999,577.64264,675972.4,0.15873602,1.0000002,-0.04,,138.63257,277374,0.0009999999,-111.06011,,40291.17462468147,13.175627,-0.04,3.942885e-12,0.0009999999,,11,0.12,4876,98.77659,14.561085,5083.162,4876,4876.001,,56.885561936013126,1296,5172.828,0.12,-89.66625,-133.63257,14.448995,-577.64264,577.64264,0.0009999999
0.0009999999,577.64264,676110.3,0.2375133,1.0000002,0.04,,138.63242,277410,0.0009999999,-132.94254,,40302.79874038696,14.939935,0.2,3.9412683e-12,0.0009999999,,11,-0.04,4877,98.77659,14.56088,5083.198,4877,4877.001,,56.88127947508714,1296,5172.8687,0.04,-89.67023,-133.63242,14.449031,-577.64264,577.64264,0.0009999999
0.0009999999,577.64264,676225.4,0.7220254,1.0000002,0.2,,138.6276,277430,0.0009999999,-110.03424,,40314.45182824135,15.058851,0.2,3.9396524e-12,0.0009999999,,11,0.12,4878,98.77659,14.560675,5083.218,4878,4878.001,,56.873718737187374,1296,5172.9087,0.2,-89.69093,-133.6276,14.449096,-577.64264,577.64264,0.0009999999
0.0009999999,577.64264,676347.1,0.47800335,1.0000002,0.12,,138.62413,277452,0.0009999999,-116.842636,,40326.065935611725,14.039582,0.2,3.938038e-12,0.0009999999,,11,0.04,4879,98.77659,14.56047,5083.2363,4879,4879.001,,56.86657101865136,1296,5172.949,0.12,-89.71275,-133.62413,14.448949,-577.64264,577.64264,0.0009999999
0.0009999999,577.64264,676466.1,0.32162365,1.0000004,0.12,,138.6201,277470,0.0009999999,-114.01675,,40337.63199853897,12.562265,0.2,3.936424e-12,0.0009999999,,11,-0.04,4880,98.77659,14.560265,5083.2534,4880,4880.002,,56.85860655737705,1296,5172.9897,0.04,-89.73611,-133.6201,14.448499,-577.64264,577.64264,0.0009999999
0.0009999999,577.64264,676587.5,0.24072765,1.0000005,0.2,,138.61658,277494,0.0009999999,-116.30629,,40349.31885933876,12.253371,-0.12,3.9348112e-12,0.0009999999,,11,0.04,4881,98.77659,14.5600605,5083.2603,4881,4881.0024,,56.851874615857405,1296,5173.0303,0.12,-89.770004,-133.61658,14.447984,-577.64264,577.64264,0.0009999999
0.0009999999,577.64264,676709.06,0.48117247,0.9999997,0.12,,138.61308,277514,0.0009999999,-116.57458,,40360.70155763626,12.870882,0.12,3.9331993e-12,0.0009999999,,11,0.12,4882,98.77659,14.559855,5083.2964,4882,4881.9985,,56.84432609586235,1296,5173.071,0.12,-89.77452,-133.61308,14.4475975,-577.64264,577.64264,0.0009999999
0.0009999999,577.64264,676821.6,-0.16052307,1.0,-0.12,,138.60774,277528,0.0009999999,-107.57959,,40372.051375865936,15.033839,0.04,3.9315886e-12,0.0009999999,,11,0.04,4883,98.77659,14.55965,5083.334,4883,4883.0,,56.83555191480647,1296,5173.111,-0.12,-89.776825,-133.60774,14.447657,-577.64264,577.64264,0.0009999999
0.0009999999,577.64264,676931.44,-0.15907812,1.0000002,-0.12,,138.60185,277618,0.0009999999,-104.813675,,40382.94820857048,15.726069,-0.2,3.9299787e-12,0.0009999999,,11,0.04,4884,98.77659,14.559445,5083.3677,4884,4884.001,,56.84234234234234,1296,5173.151,0.12,-89.78332,-133.60185,14.447859,-577.64264,577.64264,0.0009999999
0.0009999999,577.64264,677050.1,-0.3203544,0.9999996,0.04,,138.59778,277636,0.0009999999,-113.63044,,40393.92319107056,14.049011,-0.2,3.9283698e-12,0.0009999999,,11,0.04,4885,98.77659,14.559241,5083.3916,4885,4884.998,,56.83439099283521,1296,5173.1914,-0.2,-89.79956,-133.59778,14.44771,-577.64264,577.64264,0.0009999999
0.0009999999,577.64264,677162.7,-0.08177107,0.9999999,0.12,,138.59244,277651,0.0009999999,-107.59932,,40408.067999362946,15.501893,-0.12,3.926762e-12,0.0009999999,,11,-0.2,4886,98.77659,14.559036,5083.424,4886,4885.9995,,56.8258288988948,1296,5173.232,0.12,-89.80829,-133.59244,14.447865,-577.64264,577.64264,0.0009999999
0.0009999999,577.64264,677326.3,0.4834314,1.0000004,0.2,,138.59756,277723,0.0009999999,-158.63269,,40421.62020111084,15.22833,0.2,3.925155e-12,0.0009999999,,11,0.04,4887,98.77659,14.558831,5083.4116,4887,4887.0015,,56.828933906281975,1296,5173.2725,0.04,-89.86067,-133.59756,14.447962,-577.64264,577.64264,0.0009999999
0.0009999999,577.64264,677439.6,-0.0016261451,0.9999998,0.12,,138.59239,277746,0.0009999999,-108.34615,,40435.24088263512,13.500063,-0.2,3.9235494e-12,0.0009999999,,11,0.04,4888,98.77659,14.558627,5083.4463,4888,4887.999,,56.82201309328969,1296,5173.3125,0.04,-89.866135,-133.59239,14.447707,-577.64264,577.64264,0.0009999999
0.0009999999,577.64264,677564.5,0.16164112,1.0000004,0.12,,138.58958,277783,0.0009999999,-119.8579,,40448.22347950935,15.55604,-0.2,3.921945e-12,0.0009999999,,11,0.2,4889,98.77659,14.558422,5083.451,4889,4889.0015,,56.81795868275721,1296,5173.3525,0.04,-89.90119,-133.58958,14.447869,-577.64264,577.64264,0.0009999999
0.0009999999,577.64264,677683.75,0.0015183687,0.9999999,0.12,,138.58563,277804,0.0009999999,-114.27688,,40461.02179098129,14.77896,-0.2,3.92034e-12,0.0009999999,,11,-0.04,4890,98.77659,14.558218,5083.465,4890,4889.9995,,56.810633946830265,1296,5173.393,0.12,-89.92823,-133.58563,14.447875,-577.64264,577.64264,0.0009999999
0.0009999999,577.64264,677802.5,0.07998048,1.0000004,-0.2,,138.58157,277822,0.0009999999,-113.71122,,40472.80100226402,14.5024,0.2,3.9187373e-12,0.0009999999,,11,-0.12,4891,98.77659,14.558013,5083.4863,4891,4891.002,,56.80269883459415,1296,5173.4336,0.2,-89.947044,-133.58157,14.447821,-577.64264,577.64264,0.0009999999
0.0009999999,577.64264,677929.25,0.0012945011,1.0000001,-0.2,,138.57916,277847,0.0009999999,-121.732666,,40484.26527380943,13.162059,-0.04,3.9171353e-12,0.0009999999,,11,0.12,4892,98.77659,14.557809,5083.468,4892,4892.0005,,56.79619787408013,1296,5173.4736,0.12,-90.00577,-133.57916,14.447497,-577.64264,577.64264,0.0009999999
0.0009999999,577.64264,678068.5,0.31762356,0.9999998,-0.04,,138.5793,277884,0.0009999999,-134.20944,,40495.84901881218,15.349947,0.04,3.9155346e-12,0.0009999999,,11,0.2,4893,98.77659,14.557605,5083.5044,4893,4892.999,,56.79215205395463,1296,5173.5137,0.12,-90.00923,-133.5793,14.447619,-577.64264,577.64264,0.0009999999
0.0009999999,577.64264,678221.5,-0.24077702,1.0000004,-0.12,,138.58224,277937,0.0009999999,-148.0548,,40507.400332927704,14.401175,-0.04,3.9139347e-12,0.0009999999,,11,0.04,4894,98.77659,14.557401,5083.5225,4894,4894.002,,56.791377196567225,1296,5173.5537,-0.12,-90.03111,-133.58224,14.447547,-577.64264,577.64264,0.0009999999
0.0009999999,577.64264,678371.5,0.158454,1.0000002,0.04,,138.58458,277999,0.0009999999,-145.03177,,40518.8660838604,15.795593,0.12,3.9123357e-12,0.0009999999,,11,0.04,4895,98.77659,14.557196,5083.5576,4895,4895.001,,56.79244126659857,1296,5173.594,-0.04,-90.03651,-133.58458,14.447758,-577.64264,577.64264,0.0009999999
0.0009999999,577.64264,678492.25,-0.39781412,1.0,-0.2,,138.58093,278020,0.0009999999,-115.72681,,40530.45837473869,15.12664,0.04,3.9107376e-12,0.0009999999,,11,-0.12,4896,98.77659,14.556992,5083.5903,4896,4896.0,,56.78513071895425,1296,5173.635,-0.12,-90.04421,-133.58093,14.447834,-577.64264,577.64264,0.0009999999
0.0009999999,577.64264,678607.75,-0.1628987,0.9999999,0.04,,138.57622,278247,0.0009999999,-110.5039,,40542.19665598869,12.144633,-0.2,3.909141e-12,0.0009999999,,11,0.12,4897,98.77659,14.5567875,5083.6055,4897,4896.9995,,56.819889728405144,1296,5173.675,-0.12,-90.06948,-133.57622,14.447302,-577.64264,577.64264,0.0009999999
0.0009999999,577.64264,678727.4,0.16016671,0.9999998,0.04,,138.57236,278265,0.0009999999,-114.61426,,40553.80506110191,14.672389,0.12,3.9075444e-12,0.0009999999,,11,0.2,4898,98.77659,14.556583,5083.641,4898,4897.999,,56.811964066966105,1296,5173.7153,-0.2,-90.07428,-133.57236,14.447288,-577.64264,577.64264,0.0009999999
0.0009999999,577.64264,678847.44,0.080971256,0.9999997,-0.12,,138.56857,278301,0.0009999999,-115.07289,,40564.98223114014,15.963439,0.2,3.9059493e-12,0.0009999999,,11,0.12,4899,98.77659,14.556379,5083.644,4899,4898.9985,,56.807715860379666,1296,5173.755,-0.12,-90.11098,-133.56857,14.447533,-577.64264,577.64264,0.0009999999
0.0009999999,577.64264,678966.25,0.31787664,0.9999997,0.12,,138.56454,278319,0.0009999999,-113.82213,,40575.86739683151,13.997088,-0.2,3.9043556e-12,0.0009999999,,11,0.2,4900,98.77659,14.556175,5083.665,4900,4899.9985,,56.799795918367344,1296,5173.7954,0.2,-90.1305,-133.56454,14.447375,-577.64264,577.64264,0.0009999999
0.0009999999,577.64264,679086.9,-0.32133585,0.9999998,-0.2,,138.56088,278340,0.0009999999,-115.63969,,40589.000668525696,13.486152,-0.2,3.9027622e-12,0.0009999999,,11,0.04,4901,98.77659,14.555971,5083.7007,4901,4900.999,,56.79249132830034,1296,5173.8354,0.04,-90.134674,-133.56088,14.447119,-577.64264,577.64264,0.0009999999
0.0009999999,577.64264,679209.1,0.0013735443,0.9999998,0.2,,138.55756,278361,0.0009999999,-117.24358,,40603.2253947258,15.223882,0.12,3.90117e-12,0.0009999999,,11,-0.2,4902,98.77659,14.555767,5083.713,4902,4901.999,,56.78518971848225,1296,5173.876,-0.12,-90.16291,-133.55756,14.447215,-577.64264,577.64264,0.0009999999
0.0009999999,577.64264,679336.4,-0.07984626,0.9999999,0.12,,138.55525,278389,0.0009999999,-122.2572,,40617.03964281082,14.467404,0.2,3.899579e-12,0.0009999999,,11,-0.2,4903,98.77659,14.555563,5083.708,4903,4902.9995,,56.779318784417704,1296,5173.916,-0.2,-90.208176,-133.55525,14.447156,-577.64264,577.64264,0.0009999999
0.0009999999,577.64264,679456.5,0.63880676,1.0000001,0.2,,138.55148,278423,0.0009999999,-115.09176,,40630.11306786537,14.99188,0.2,3.8979887e-12,0.0009999999,,11,0.04,4904,98.77659,14.555359,5083.7207,4904,4904.0005,,56.77467373572594,1296,5173.956,0.2,-90.23547,-133.55148,14.447206,-577.64264,577.64264,0.0009999999
0.0009999999,577.64264,679571.2,0.24116248,1.0000004,0.2,,138.54663,278439,0.0009999999,-109.68281,,40643.193948984146,14.841366,-0.2,3.8963993e-12,0.0009999999,,11,0.04,4905,98.77659,14.555155,5083.733,4905,4905.0015,,56.76636085626912,1296,5173.996,0.2,-90.26335,-133.54663,14.447222,-577.64264,577.64264,0.0009999999
0.0009999999,577.64264,679694.4,0.2353842,0.9999996,-0.2,,138.54349,278462,0.0009999999,-118.21867,,40655.109328985214,15.669832,0.04,3.894811e-12,0.0009999999,,11,0.2,4906,98.77659,14.554952,5083.773,4906,4905.998,,56.75947818997146,1296,5174.0366,0.2,-90.26374,-133.54349,14.447408,-577.64264,577.64264,0.0009999999
0.0009999999,577.64264,679831.5,0.15589622,0.9999998,-0.04,,138.5432,278499,0.0009999999,-132.10616,,40666.570006132126,13.067905,0.04,3.893224e-12,0.0009999999,,11,0.12,4907,98.77659,14.554748,5083.801,4907,4906.999,,56.75545139596495,1296,5174.0767,0.04,-90.275826,-133.5432,14.447067,-577.64264,577.64264,0.0009999999
0.0009999999,577.64264,679992.25,0.40077403,1.0000001,-0.12,,138.54773,278561,0.0009999999,-155.74675,,40678.152742385864,12.26323,0.2,3.8916374e-12,0.0009999999,,11,0.2,4908,98.77659,14.5545435,5083.836,4908,4908.0005,,56.756519967400166,1296,5174.117,0.12,-90.28115,-133.54773,14.446561,-577.64264,577.64264,0.0009999999
0.0009999999,577.64264,680115.0,-0.3236285,1.0000005,-0.12,,138.54451,278585,0.0009999999,-117.70634,,40689.672973394394,15.198941,-0.2,3.8900523e-12,0.0009999999,,11,-0.04,4909,98.77659,14.55434,5083.8745,4909,4909.0024,,56.749847219392954,1296,5174.1567,0.04,-90.28243,-133.54451,14.446648,-577.64264,577.64264,0.0009999999
0.0009999999,577.64264,680230.75,-0.23815334,1.0,0.04,,138.53987,278613,0.0009999999,-110.793846,,40701.57805848122,14.073247,-0.04,3.8884677e-12,0.0009999999,,11,-0.12,4910,98.77659,14.554136,5083.9062,4910,4910.0,,56.74399185336049,1296,5174.197,-0.12,-90.290764,-133.53987,14.446509,-577.64264,577.64264,0.0009999999
0.0009999999,577.64264,680352.44,-0.3962741,1.0000004,-0.2,,138.53644,278698,0.0009999999,-116.68616,,40713.55783367157,11.723082,0.04,3.8868847e-12,0.0009999999,,11,-0.04,4911,98.77659,14.553932,5083.931,4911,4911.002,,56.74974546935451,1296,5174.237,-0.2,-90.30577,-133.53644,14.445891,-577.64264,577.64264,0.0009999999
0.0009999999,577.64264,680477.6,0.07843483,0.9999999,-0.12,,138.53372,278763,0.0009999999,-120.14005,,40724.757385492325,10.274775,0.12,3.885302e-12,0.0009999999,,11,0.04,4912,98.77659,14.553729,5083.937,4912,4911.9995,,56.751425081433226,1296,5174.2773,0.04,-90.34054,-133.53372,14.444982,-577.64264,577.64264,0.0009999999
0.0009999999,577.64264,680609.44,-0.4800116,1.0000004,-0.2,,138.53235,278792,0.0009999999,-126.81147,,40736.135830163956,14.262921,-0.2,3.8837206e-12,0.0009999999,,11,-0.12,4913,98.77659,14.553525,5083.9546,4913,4913.002,,56.74577651129656,1296,5174.3174,0.04,-90.36277,-133.53235,14.444884,-577.64264,577.64264,0.0009999999
0.0009999999,577.64264,680730.75,-0.31856385,1.0,-0.12,,138.52884,278813,0.0009999999,-116.288956,,40747.170561790466,15.493801,-0.12,3.8821403e-12,0.0009999999,,11,-0.04,4914,98.77659,14.553322,5083.991,4914,4914.0,,56.738502238502235,1296,5174.3574,-0.04,-90.366,-133.52884,14.445033,-577.64264,577.64264,0.0009999999
0.0009999999,577.64264,680865.1,0.16319172,0.9999997,0.2,,138.528,278844,0.0009999999,-129.36096,,40757.801857471466,15.333675,0.04,3.880561e-12,0.0009999999,,11,0.12,4915,98.77659,14.553119,5084.0054,4915,4914.9985,,56.73326551373347,1296,5174.397,-0.2,-90.39162,-133.528,14.445152,-577.64264,577.64264,0.0009999999
0.0009999999,577.64264,680992.5,0.16017531,1.0000004,-0.2,,138.52573,278873,0.0009999999,-122.38353,,40768.55531644821,14.0017,0.12,3.8789818e-12,0.0009999999,,11,0.04,4916,98.77659,14.552915,5084.0347,4916,4916.002,,56.727624084621645,1296,5174.4375,0.2,-90.40303,-133.52573,14.444998,-577.64264,577.64264,0.0009999999
0.0009999999,577.64264,681114.9,0.31844443,1.0000001,-0.04,,138.52245,278895,0.0009999999,-117.39843,,40782.90490484238,15.171328,0.2,3.8774045e-12,0.0009999999,,11,0.12,4917,98.77659,14.5527115,5084.067,4917,4917.0005,,56.72056131787675,1296,5174.4775,0.04,-90.41045,-133.52245,14.445086,-577.64264,577.64264,0.0009999999
0.0009999999,577.64264,681225.0,0.32060304,0.9999999,-0.12,,138.51668,278910,0.0009999999,-105.133545,,40795.3434176445,15.136742,0.12,3.8758276e-12,0.0009999999,,11,0.12,4918,98.77659,14.552508,5084.103,4918,4917.9995,,56.712078080520534,1296,5174.5176,0.2,-90.41479,-133.51668,14.445167,-577.64264,577.64264,0.0009999999
0.0009999999,577.64264,681373.25,-0.3209008,0.9999997,-0.04,,138.51865,278961,0.0009999999,-143.27301,,40808.16278743744,15.145627,-0.2,3.874252e-12,0.0009999999,,11,-0.04,4919,98.77659,14.552305,5084.1064,4919,4918.9985,,56.71091685301891,1296,5174.5576,-0.04,-90.451225,-133.51865,14.445243,-577.64264,577.64264,0.0009999999
0.0009999999,577.64264,681484.1,-0.4794639,0.9999995,-0.04,,138.51303,278981,0.0009999999,-105.93511,,40821.52676653862,14.536448,-0.12,3.872677e-12,0.0009999999,,11,-0.2,4920,98.77659,14.552102,5084.1304,4920,4919.9976,,56.703455284552845,1296,5174.5977,-0.12,-90.46718,-133.51303,14.445198,-577.64264,577.64264,0.0009999999
0.0009999999,577.64264,681615.75,-0.15887664,1.0000004,-0.12,,138.51163,279020,0.0009999999,-126.60685,,40834.538860321045,14.527179,-0.2,3.871103e-12,0.0009999999,,11,-0.04,4921,98.77659,14.551898,5084.1655,4921,4921.002,,56.69985775248933,1296,5174.637,0.2,-90.47168,-133.51163,14.445154,-577.64264,577.64264,0.0009999999
0.0009999999,577.64264,681730.0,0.24221209,1.0000004,-0.12,,138.5067,279035,0.0009999999,-109.20558,,40846.33569216728,14.639694,0.04,3.8695306e-12,0.0009999999,,11,0.2,4922,98.77659,14.551695,5084.178,4922,4922.002,,56.691385615603416,1296,5174.6777,0.12,-90.49972,-133.5067,14.445131,-577.64264,577.64264,0.0009999999
0.0009999999,577.64264,681846.94,0.077706955,1.0000002,-0.04,,138.50232,279053,0.0009999999,-111.93907,,40857.84760594368,14.793342,0.2,3.867959e-12,0.0009999999,,11,-0.12,4923,98.77659,14.551492,5084.195,4923,4923.0015,,56.68352630509852,1296,5174.718,0.04,-90.52294,-133.50232,14.44514,-577.64264,577.64264,0.0009999999
0.0009999999,577.64264,681975.9,-0.23660666,1.0000004,-0.12,,138.50038,279080,0.0009999999,-123.97812,,40869.714539051056,13.625017,0.2,3.8663877e-12,0.0009999999,,11,-0.12,4924,98.77659,14.551289,5084.2173,4924,4924.002,,56.67749796913079,1296,5174.758,-0.2,-90.5407,-133.50038,14.444909,-577.64264,577.64264,0.0009999999
0.0009999999,577.64264,682086.25,0.0037824735,1.0000004,0.2,,138.49467,279094,0.0009999999,-105.40784,,40881.412355184555,12.131837,-0.2,3.8648178e-12,0.0009999999,,11,-0.12,4925,98.77659,14.551085,5084.2554,4925,4925.002,,56.66883248730964,1296,5174.798,0.12,-90.54262,-133.49467,14.444378,-577.64264,577.64264,0.0009999999
0.0009999999,577.64264,682205.5,0.3194789,0.9999996,0.12,,138.49077,279116,0.0009999999,-114.2434,,40893.52554297447,13.384953,0.2,3.8632487e-12,0.0009999999,,11,-0.2,4926,98.77659,14.550883,5084.2783,4926,4925.998,,56.661794559480306,1296,5174.8374,0.2,-90.55886,-133.49077,14.4441,-577.64264,577.64264,0.0009999999
0.0009999999,577.64264,682330.06,0.40250957,0.9999997,0.04,,138.48793,279138,0.0009999999,-119.52928,,40905.35495400429,15.742841,0.12,3.8616814e-12,0.0009999999,,11,0.12,4927,98.77659,14.55068,5084.272,4927,4926.9985,,56.65475948853258,1296,5174.8774,0.12,-90.60539,-133.48793,14.444303,-577.64264,577.64264,0.0009999999
0.0009999999,577.64264,682448.25,-0.0025651418,0.9999999,-0.04,,138.48381,279155,0.0009999999,-113.16031,,40916.71722984314,14.068823,0.2,3.860114e-12,0.0009999999,,11,-0.12,4928,98.77659,14.550477,5084.3,4928,4927.9995,,56.64671266233766,1296,5174.9175,-0.04,-90.61753,-133.48381,14.444161,-577.64264,577.64264,0.0009999999
0.0009999999,577.64264,682566.1,0.48082396,1.0000001,0.12,,138.47963,279177,0.0009999999,-112.90382,,40928.18681430817,14.526876,0.12,3.8585476e-12,0.0009999999,,11,0.2,4929,98.77659,14.550274,5084.3145,4929,4929.0005,,56.63968350578211,1296,5174.9575,0.04,-90.64303,-133.47963,14.444119,-577.64264,577.64264,0.0009999999
0.0009999999,577.64264,682694.0,0.56194025,1.0000004,0.04,,138.47748,279206,0.0009999999,-122.814224,,40939.37568473816,14.704583,0.2,3.856983e-12,0.0009999999,,11,0.2,4930,98.77659,14.550071,5084.3384,4930,4930.002,,56.634077079107506,1296,5174.9976,0.12,-90.65938,-133.47748,14.444108,-577.64264,577.64264,0.0009999999
0.0009999999,577.64264,682807.4,-0.3176666,0.9999998,0.12,,138.4724,279224,0.0009999999,-108.37285,,40949.938225746155,13.769566,-0.12,3.8554186e-12,0.0009999999,,11,-0.2,4931,98.77659,14.549869,5084.378,4931,4930.999,,56.62624214155344,1296,5175.0376,-0.12,-90.6596,-133.4724,14.443911,-577.64264,577.64264,0.0009999999
0.0009999999,577.64264,682926.75,-0.317434,1.0000001,-0.04,,138.46852,279255,0.0009999999,-114.43775,,40963.68413591385,11.308693,-0.2,3.8538556e-12,0.0009999999,,11,0.04,4932,98.77659,14.549665,5084.3823,4932,4932.0005,,56.62104622871046,1296,5175.077,-0.12,-90.69463,-133.46852,14.443215,-577.64264,577.64264,0.0009999999
0.0009999999,577.64264,683039.4,0.4010349,0.9999996,0.04,,138.46329,279278,0.0009999999,-107.55285,,40978.08253097534,14.483075,0.04,3.852293e-12,0.0009999999,,11,0.2,4933,98.77659,14.549463,5084.4023,4933,4932.998,,56.614230691262925,1296,5175.117,0.12,-90.71505,-133.46329,14.443157,-577.64264,577.64264,0.0009999999
0.0009999999,577.64264,683154.5,-0.39604825,1.0,0.12,,138.45856,279293,0.0009999999,-110.126724,,40991.29821062088,15.650395,-0.2,3.8507314e-12,0.0009999999,,11,-0.12,4934,98.77659,14.54926,5084.362,4934,4934.0,,56.60579651398459,1296,5175.157,-0.2,-90.79537,-133.45856,14.443339,-577.64264,577.64264,0.0009999999
0.0009999999,577.64264,683267.56,0.23590198,0.9999995,0.12,,138.4534,279311,0.0009999999,-108.086555,,41004.61471223831,13.398581,-0.04,3.849171e-12,0.0009999999,,11,0.2,4935,98.77659,14.549058,5084.397,4935,4934.9976,,56.597973657548124,1296,5175.1973,-0.04,-90.80016,-133.4534,14.443065,-577.64264,577.64264,0.0009999999
0.0009999999,577.64264,683379.7,0.39967692,1.0,-0.12,,138.44807,279324,0.0009999999,-107.13294,,41017.32961130142,13.970968,0.2,3.847612e-12,0.0009999999,,11,0.12,4936,98.77659,14.548855,5084.433,4936,4936.0,,56.589141004862235,1296,5175.2373,0.2,-90.80418,-133.44807,14.44291,-577.64264,577.64264,0.0009999999
0.0009999999,577.64264,683498.4,0.16121867,0.9999996,0.2,,138.44408,279344,0.0009999999,-113.722496,,41029.18424797058,12.327764,-0.12,3.8460533e-12,0.0009999999,,11,0.12,4937,98.77659,14.548653,5084.4595,4937,4936.998,,56.58172979542232,1296,5175.2764,-0.04,-90.81705,-133.44408,14.442421,-577.64264,577.64264,0.0009999999
0.0009999999,577.64264,683630.44,-0.07620205,1.0000002,-0.2,,138.44278,279378,0.0009999999,-127.01467,,41040.87447118759,15.455817,-0.2,3.8444955e-12,0.0009999999,,11,0.12,4938,98.77659,14.5484495,5084.4946,4938,4938.0015,,56.5771567436209,1296,5175.3164,0.2,-90.82198,-133.44278,14.442563,-577.64264,577.64264,0.0009999999
0.0009999999,577.64264,683753.9,-0.31711516,1.0,-0.2,,138.43974,279400,0.0009999999,-118.44396,,41052.52567028999,12.772942,-0.12,3.842939e-12,0.0009999999,,11,0.04,4939,98.77659,14.548247,5084.5312,4939,4939.0,,56.57015590200445,1296,5175.3564,-0.04,-90.82496,-133.43974,14.442159,-577.64264,577.64264,0.0009999999
0.0009999999,577.64264,683872.75,0.24221754,0.9999997,0.2,,138.43578,279421,0.0009999999,-113.92138,,41064.4161837101,13.989914,-0.12,3.8413834e-12,0.0009999999,,11,0.12,4940,98.77659,14.548045,5084.5713,4940,4939.9985,,56.562955465587045,1296,5175.3965,0.04,-90.825294,-133.43578,14.442005,-577.64264,577.64264,0.0009999999
0.0009999999,577.64264,684000.6,0.15866874,1.0000004,-0.2,,138.43364,279450,0.0009999999,-122.83551,,41076.6026930809,15.075142,0.2,3.839828e-12,0.0009999999,,11,0.2,4941,98.77659,14.547842,5084.607,4941,4941.002,,56.557377049180324,1296,5175.4365,-0.04,-90.82958,-133.43364,14.442073,-577.64264,577.64264,0.0009999999
0.0009999999,577.64264,684111.4,0.32007462,1.0000002,0.12,,138.42804,279468,0.0009999999,-105.76352,,41088.25426340103,15.629723,0.2,3.8382748e-12,0.0009999999,,11,0.04,4942,98.77659,14.54764,5084.6284,4942,4942.001,,56.54957507082153,1296,5175.476,-0.04,-90.847466,-133.42804,14.442255,-577.64264,577.64264,0.0009999999
0.0009999999,577.64264,684220.5,0.08084795,1.0000001,-0.12,,138.42212,279483,0.0009999999,-104.11272,,41099.95049452782,15.426977,0.2,3.8367217e-12,0.0009999999,,11,0.2,4943,98.77659,14.547438,5084.6406,4943,4943.0005,,56.54116933036617,1296,5175.5156,-0.2,-90.87518,-133.42212,14.442386,-577.64264,577.64264,0.0009999999
0.0009999999,577.64264,684339.6,-0.3207036,1.0,-0.04,,138.41821,279502,0.0009999999,-114.144394,,41111.211084127426,14.951169,0.04,3.83517e-12,0.0009999999,,11,-0.12,4944,98.77659,14.5472355,5084.679,4944,4944.0,,56.53357605177994,1296,5175.5557,-0.2,-90.876595,-133.41821,14.4424305,-577.64264,577.64264,0.0009999999
0.0009999999,577.64264,684429.0,0.48235,0.9999999,0.04,,138.4083,279591,0.0009999999,-84.345436,,41122.43199753761,15.601037,0.12,3.833619e-12,0.0009999999,,11,0.2,4945,98.77659,14.547033,5084.7026,4945,4944.9995,,56.540141557128415,1296,5175.5957,0.12,-90.893135,-133.4083,14.442601,-577.64264,577.64264,0.0009999999
0.0009999999,577.64264,684547.44,0.15815744,0.9999999,0.04,,138.40425,279609,0.0009999999,-113.44457,,41133.20741891861,12.257152,0.04,3.8320688e-12,0.0009999999,,11,0.12,4946,98.77659,14.546831,5084.7188,4946,4945.9995,,56.53234937323089,1296,5175.6357,-0.04,-90.917076,-133.40425,14.4421015,-577.64264,577.64264,0.0009999999
0.0009999999,577.64264,684667.4,-0.47786468,0.9999999,-0.12,,138.40053,279633,0.0009999999,-114.913605,,41145.67651796341,14.454003,-0.12,3.8305197e-12,0.0009999999,,11,-0.04,4947,98.77659,14.546629,5084.7476,4947,4946.9995,,56.52577319587629,1296,5175.6753,-0.2,-90.92797,-133.40053,14.442042,-577.64264,577.64264,0.0009999999
0.0009999999,577.64264,684780.75,0.39871135,0.9999999,0.12,,138.39546,279712,0.0009999999,-108.4,,41159.040909051895,14.851666,0.2,3.8289714e-12,0.0009999999,,11,0.2,4948,98.77659,14.546427,5084.721,4948,4947.9995,,56.53031527890057,1296,5175.7153,-0.12,-90.99433,-133.39546,14.442059,-577.64264,577.64264,0.0009999999
0.0009999999,577.64264,684905.1,0.4809358,1.0,0.12,,138.39262,279747,0.0009999999,-119.415115,,41171.99926137924,12.234157,-0.04,3.8274245e-12,0.0009999999,,11,0.2,4949,98.77659,14.546225,5084.76,4949,4949.0,,56.5259648413821,1296,5175.755,0.2,-90.995155,-133.39262,14.441547,-577.64264,577.64264,0.0009999999
0.0009999999,577.64264,685026.5,-0.24056311,1.0000002,-0.2,,138.38919,279767,0.0009999999,-116.388275,,41185.35886120796,11.87361,0.04,3.825878e-12,0.0009999999,,11,0.12,4950,98.77659,14.546022,5084.7695,4950,4950.001,,56.51858585858586,1296,5175.7944,-0.2,-91.02511,-133.38919,14.44097,-577.64264,577.64264,0.0009999999
0.0009999999,577.64264,685140.25,0.23913756,1.0000004,0.04,,138.38422,279788,0.0009999999,-108.755684,,41198.104519844055,15.637745,0.2,3.8243328e-12,0.0009999999,,11,-0.12,4951,98.77659,14.54582,5084.7915,4951,4951.002,,56.51141183599273,1296,5175.8345,0.12,-91.04306,-133.38422,14.441152,-577.64264,577.64264,0.0009999999
0.0009999999,577.64264,685278.56,-0.23673876,0.9999996,0.12,,138.3842,279825,0.0009999999,-133.2614,,41210.38944649696,14.757845,-0.2,3.8227884e-12,0.0009999999,,11,-0.12,4952,98.77659,14.545619,5084.823,4952,4951.998,,56.50747172859451,1296,5175.874,-0.04,-91.05069,-133.3842,14.441154,-577.64264,577.64264,0.0009999999
0.0009999999,577.64264,685391.5,0.07901387,0.9999999,0.12,,138.37906,279845,0.0009999999,-107.919014,,41221.90055680275,14.151062,0.12,3.821245e-12,0.0009999999,,11,0.04,4953,98.77659,14.545417,5084.852,4953,4952.9995,,56.500100948919844,1296,5175.914,-0.2,-91.06187,-133.37906,14.4410305,-577.64264,577.64264,0.0009999999
0.0009999999,577.64264,685504.0,0.47989377,1.0000002,-0.12,,138.37384,279859,0.0009999999,-107.51624,,41233.488094091415,15.796866,0.2,3.8197024e-12,0.0009999999,,11,0.2,4954,98.77659,14.545215,5084.8843,4954,4954.001,,56.491522002422286,1296,5175.953,0.2,-91.06894,-133.37384,14.441242,-577.64264,577.64264,0.0009999999
0.0009999999,577.64264,685629.25,-0.32335413,0.9999996,-0.2,,138.37119,279889,0.0009999999,-120.27826,,41245.198223114014,15.057332,0.12,3.8181606e-12,0.0009999999,,11,-0.04,4955,98.77659,14.545013,5084.89,4955,4954.998,,56.486175580221996,1296,5175.993,-0.2,-91.10296,-133.37119,14.441306,-577.64264,577.64264,0.0009999999
0.0009999999,577.64264,685747.5,-0.23794733,1.0,-0.04,,138.36713,279940,0.0009999999,-113.186165,,41257.33037352562,14.408677,0.04,3.81662e-12,0.0009999999,,11,-0.04,4956,98.77659,14.544811,5084.8247,4956,4956.0,,56.48506860371267,1296,5176.033,-0.2,-91.20863,-133.36713,14.441239,-577.64264,577.64264,0.0009999999
0.0009999999,577.64264,685868.4,0.1618191,1.0000004,-0.04,,138.3636,280015,0.0009999999,-115.893364,,41269.35180807114,11.363619,0.2,3.8150806e-12,0.0009999999,,11,0.04,4957,98.77659,14.544609,5084.849,4957,4957.002,,56.488803711922536,1296,5176.0728,-0.04,-91.22378,-133.3636,14.440553,-577.64264,577.64264,0.0009999999
0.0009999999,577.64264,685993.2,-0.63576764,0.9999999,-0.2,,138.36087,280039,0.0009999999,-119.81083,,41281.044075250626,14.891275,-0.12,3.813542e-12,0.0009999999,,11,-0.12,4958,98.77659,14.544408,5084.821,4958,4957.9995,,56.48225090762404,1296,5176.113,-0.2,-91.292015,-133.36087,14.440585,-577.64264,577.64264,0.0009999999
0.0009999999,577.64264,686104.1,0.07800317,1.0000004,0.04,,138.35533,280058,0.0009999999,-105.89539,,41292.54741978645,9.442681,0.2,3.8120037e-12,0.0009999999,,11,0.04,4959,98.77659,14.544206,5084.8516,4959,4959.002,,56.47469247832224,1296,5176.1523,-0.2,-91.30082,-133.35533,14.439513,-577.64264,577.64264,0.0009999999
0.0009999999,577.64264,686218.25,0.23990971,1.0,-0.04,,138.35045,280075,0.0009999999,-109.21176,,41303.88522171974,15.476271,0.12,3.8104667e-12,0.0009999999,,11,0.12,4960,98.77659,14.544004,5084.875,4960,4960.0,,56.466733870967744,1296,5176.192,0.04,-91.31694,-133.35045,14.439661,-577.64264,577.64264,0.0009999999
0.0009999999,577.64264,686343.2,0.23883893,0.9999996,0.2,,138.34775,280110,0.0009999999,-119.90835,,41314.753605127335,14.783485,0.12,3.808931e-12,0.0009999999,,11,0.12,4961,98.77659,14.543803,5084.8726,4961,4960.998,,56.46240677282806,1296,5176.2314,-0.2,-91.35873,-133.34775,14.4396715,-577.64264,577.64264,0.0009999999
0.0009999999,577.64264,686463.5,0.16332734,1.0000002,0.04,,138.34412,280130,0.0009999999,-115.3445,,41325.68804860115,15.292174,0.2,3.8073954e-12,0.0009999999,,11,-0.12,4962,98.77659,14.543601,5084.9,4962,4962.001,,56.455058444175734,1296,5176.271,0.04,-91.371124,-133.34412,14.439776,-577.64264,577.64264,0.0009999999
0.0009999999,577.64264,686586.25,-0.15899158,1.0,-0.04,,138.34097,280158,0.0009999999,-117.696724,,41339.6514043808,14.243169,0.2,3.8058614e-12,0.0009999999,,11,-0.2,4963,98.77659,14.5434,5084.9277,4963,4963.0,,56.449325005037274,1296,5176.311,-0.12,-91.383446,-133.34097,14.439675,-577.64264,577.64264,0.0009999999
0.0009999999,577.64264,686707.5,0.242853,0.9999997,0.2,,138.33752,280195,0.0009999999,-116.281624,,41353.80096936226,15.671473,0.2,3.8043284e-12,0.0009999999,,11,-0.2,4964,98.77659,14.543199,5084.9404,4964,4963.9985,,56.44540692989525,1296,5176.3506,0.04,-91.41027,-133.33752,14.439862,-577.64264,577.64264,0.0009999999
0.0009999999,577.64264,686832.0,0.47813454,0.9999995,0.12,,138.33475,280218,0.0009999999,-119.52107,,41367.24593400955,14.848981,0.12,3.8027958e-12,0.0009999999,,11,0.04,4965,98.77659,14.542997,5084.9443,4965,4964.9976,,56.43867069486405,1296,5176.3906,0.2,-91.44643,-133.33475,14.439884,-577.64264,577.64264,0.0009999999
0.0009999999,577.64264,686959.1,0.31963277,1.0000002,0.12,,138.33249,280245,0.0009999999,-122.15975,,41379.94100642204,14.5334835,0.2,3.801265e-12,0.0009999999,,11,0.2,4966,98.77659,14.542795,5084.9697,4966,4966.0015,,56.43274265002014,1296,5176.4297,-0.2,-91.46,-133.33249,14.439842,-577.64264,577.64264,0.0009999999
0.0009999999,577.64264,687076.9,-0.15910284,1.0000002,0.2,,138.32834,280269,0.0009999999,-112.64137,,41392.44221162796,15.878753,-0.2,3.799734e-12,0.0009999999,,11,-0.12,4967,98.77659,14.542594,5084.978,4967,4967.001,,56.426213005838534,1296,5176.469,-0.04,-91.4912,-133.32834,14.44007,-577.64264,577.64264,0.0009999999
0.0009999999,577.64264,687189.25,0.15724482,1.0000001,0.2,,138.32312,280282,0.0009999999,-107.41487,,41403.98704600334,13.620569,-0.2,3.7982044e-12,0.0009999999,,11,0.12,4968,98.77659,14.542393,5084.9355,4968,4968.0005,,56.41747181964573,1296,5176.5093,0.04,-91.57387,-133.32312,14.43984,-577.64264,577.64264,0.0009999999
0.0009999999,577.64264,687299.75,0.55723035,1.0,0.2,,138.31752,280295,0.0009999999,-105.53547,,41415.473486185074,14.022601,0.2,3.7966756e-12,0.0009999999,,11,-0.04,4969,98.77659,14.5421915,5084.9346,4969,4969.0,,56.408734151740795,1296,5176.549,0.2,-91.61428,-133.31752,14.439696,-577.64264,577.64264,0.0009999999
0.0009999999,577.64264,687424.7,0.1567481,1.0,-0.04,,138.31482,280319,0.0009999999,-119.89779,,41427.008400678635,15.0303135,-0.2,3.7951482e-12,0.0009999999,,11,0.2,4970,98.77659,14.54199,5084.9707,4970,4970.0,,56.402213279678065,1296,5176.5884,0.2,-91.61776,-133.31482,14.4397545,-577.64264,577.64264,0.0009999999
0.0009999999,577.64264,687560.75,0.47892576,1.0000001,0.2,,138.31438,280360,0.0009999999,-131.08531,,41438.31528568268,14.07034,-0.04,3.7936217e-12,0.0009999999,,11,0.2,4971,98.77659,14.541789,5085.0103,4971,4971.0005,,56.3991148662241,1296,5176.6284,0.12,-91.61816,-133.31438,14.439618,-577.64264,577.64264,0.0009999999
0.0009999999,577.64264,687680.6,0.08211824,1.0000002,0.2,,138.31067,280379,0.0009999999,-114.853065,,41449.97404742241,13.541288,-0.04,3.7920955e-12,0.0009999999,,11,0.12,4972,98.77659,14.541588,5085.0444,4972,4972.001,,56.39159292035398,1296,5176.6675,-0.2,-91.62305,-133.31067,14.439373,-577.64264,577.64264,0.0009999999
0.0009999999,577.64264,687790.8,-0.15950248,1.0000002,-0.2,,138.30501,280395,0.0009999999,-105.21152,,41461.34423875809,15.233617,0.12,3.7905707e-12,0.0009999999,,11,0.12,4973,98.77659,14.541387,5085.068,4973,4973.0015,,56.383470742006836,1296,5176.707,-0.2,-91.63925,-133.30501,14.439473,-577.64264,577.64264,0.0009999999
0.0009999999,577.64264,687914.6,-0.32255703,1.0000004,0.04,,138.3021,280444,0.0009999999,-118.77589,,41472.866324186325,15.004463,-0.2,3.7890468e-12,0.0009999999,,11,-0.12,4974,98.77659,14.541185,5085.032,4974,4974.002,,56.38198632891034,1296,5176.7466,-0.04,-91.71444,-133.3021,14.439527,-577.64264,577.64264,0.0009999999
0.0009999999,577.64264,688026.25,0.08128044,0.9999997,-0.12,,138.29674,280466,0.0009999999,-106.67368,,41484.17804837227,10.803258,0.2,3.7875237e-12,0.0009999999,,11,-0.12,4975,98.77659,14.540985,5085.061,4975,4974.9985,,56.375075376884425,1296,5176.786,0.12,-91.72509,-133.29674,14.438736,-577.64264,577.64264,0.0009999999
0.0009999999,577.64264,688153.44,-0.24209583,0.9999999,-0.2,,138.2945,280491,0.0009999999,-122.16934,,41495.120030879974,15.902975,-0.12,3.7860015e-12,0.0009999999,,11,0.2,4976,98.77659,14.540784,5085.1006,4976,4975.9995,,56.368770096463024,1296,5176.826,-0.12,-91.7255,-133.2945,14.438968,-577.64264,577.64264,0.0009999999
0.0009999999,577.64264,688265.2,0.39906055,1.0000002,0.2,,138.28917,280505,0.0009999999,-106.76044,,41506.02581191063,13.805597,0.12,3.78448e-12,0.0009999999,,11,0.04,4977,98.77659,14.540583,5085.1265,4977,4977.001,,56.360257183041995,1296,5176.8657,0.04,-91.739136,-133.28917,14.438776,-577.64264,577.64264,0.0009999999
0.0009999999,577.64264,688389.6,0.08080582,0.9999996,-0.04,,138.28639,280534,0.0009999999,-119.44325,,41518.12435221672,14.891997,0.04,3.78296e-12,0.0009999999,,11,0.2,4978,98.77659,14.540382,5085.1504,4978,4977.998,,56.35476094817196,1296,5176.905,-0.12,-91.75457,-133.28639,14.438806,-577.64264,577.64264,0.0009999999
0.0009999999,577.64264,688500.3,-0.08206343,0.9999999,0.12,,138.28084,280550,0.0009999999,-105.70093,,41531.64544439316,14.345917,0.04,3.7814404e-12,0.0009999999,,11,-0.12,4979,98.77659,14.540181,5085.156,4979,4978.9995,,56.346655955011045,1296,5176.9443,-0.12,-91.788574,-133.28084,14.438727,-577.64264,577.64264,0.0009999999
0.0009999999,577.64264,688624.44,0.55620795,1.0000004,0.2,,138.278,280634,0.0009999999,-119.118034,,41544.2168738842,14.237011,0.2,3.779922e-12,0.0009999999,,11,0.04,4980,98.77659,14.53998,5085.187,4980,4980.002,,56.352208835341365,1296,5176.984,0.12,-91.79709,-133.278,14.438626,-577.64264,577.64264,0.0009999999
0.0009999999,577.64264,688744.7,-0.15757135,0.9999998,-0.12,,138.27438,280654,0.0009999999,-115.25196,,41557.20971655846,14.20696,-0.2,3.7784042e-12,0.0009999999,,11,0.2,4981,98.77659,14.53978,5085.2236,4981,4980.999,,56.34491066050994,1296,5177.0234,-0.04,-91.79971,-133.27438,14.438517,-577.64264,577.64264,0.0009999999
0.0009999999,577.64264,688859.4,0.56102276,1.0000002,0.2,,138.26965,280669,0.0009999999,-109.71455,,41570.07483649254,13.05012,-0.04,3.7768877e-12,0.0009999999,,11,0.2,4982,98.77659,14.539578,5085.2407,4982,4982.0015,,56.33661180248896,1296,5177.063,0.2,-91.82239,-133.26965,14.438174,-577.64264,577.64264,0.0009999999
0.0009999999,577.64264,688972.1,-0.39841294,0.9999999,-0.2,,138.26453,280684,0.0009999999,-107.7538,,41582.02810692787,13.348276,-0.2,3.7753724e-12,0.0009999999,,11,-0.04,4983,98.77659,14.539378,5085.2705,4983,4982.9995,,56.32831627533614,1296,5177.103,0.04,-91.83248,-133.26453,14.437894,-577.64264,577.64264,0.0009999999
0.0009999999,577.64264,689096.1,-0.23823859,1.0000004,0.12,,138.26166,280711,0.0009999999,-118.94322,,41593.620166778564,15.465105,-0.12,3.7738567e-12,0.0009999999,,11,-0.04,4984,98.77659,14.539177,5085.3027,4984,4984.002,,56.32243178170145,1296,5177.142,-0.2,-91.8393,-133.26166,14.438043,-577.64264,577.64264,0.0009999999
0.0009999999,577.64264,689219.75,0.16018915,1.0000001,-0.12,,138.25873,280754,0.0009999999,-118.639595,,41605.01709604263,14.967819,0.2,3.772343e-12,0.0009999999,,11,0.04,4985,98.77659,14.538977,5085.341,4985,4985.0005,,56.3197592778335,1296,5177.1816,0.04,-91.8409,-133.25873,14.438085,-577.64264,577.64264,0.0009999999
0.0009999999,577.64264,689341.06,0.08230154,0.9999998,0.2,,138.25533,280774,0.0009999999,-116.304565,,41616.37469959259,13.888585,-0.2,3.77083e-12,0.0009999999,,11,-0.12,4986,98.77659,14.538776,5085.379,4986,4985.999,,56.31247492980345,1296,5177.221,0.2,-91.84243,-133.25533,14.43791,-577.64264,577.64264,0.0009999999
0.0009999999,577.64264,689464.1,0.3167268,1.0000005,0.2,,138.25227,280795,0.0009999999,-118.053955,,41627.90867090225,13.639754,0.12,3.7693178e-12,0.0009999999,,11,0.04,4987,98.77659,14.538576,5085.409,4987,4987.0024,,56.3053940244636,1296,5177.2607,-0.04,-91.85134,-133.25227,14.437691,-577.64264,577.64264,0.0009999999
0.0009999999,577.64264,689578.4,-0.24196942,1.0000002,-0.12,,138.24747,280818,0.0009999999,-109.22865,,41639.29733276367,13.132493,0.12,3.767807e-12,0.0009999999,,11,-0.12,4988,98.77659,14.538375,5085.354,4988,4988.001,,56.298716920609465,1296,5177.3,-0.12,-91.94557,-133.24747,14.4373665,-577.64264,577.64264,0.0009999999
0.0009999999,577.64264,689693.1,0.24189368,1.0,0.12,,138.24275,280866,0.0009999999,-109.797005,,41650.48161268234,14.304048,0.2,3.7662967e-12,0.0009999999,,11,-0.04,4989,98.77659,14.538175,5085.3887,4989,4989.0,,56.29705351773902,1296,5177.34,-0.04,-91.95112,-133.24275,14.437281,-577.64264,577.64264,0.0009999999
0.0009999999,577.64264,689804.6,0.15949796,0.9999999,-0.04,,138.2374,280880,0.0009999999,-106.483055,,41661.28716659546,15.168394,-0.04,3.764787e-12,0.0009999999,,11,0.2,4990,98.77659,14.537974,5085.414,4990,4989.9995,,56.28857715430862,1296,5177.379,0.04,-91.96478,-133.2374,14.437366,-577.64264,577.64264,0.0009999999
0.0009999999,577.64264,689924.8,0.0005463213,0.9999998,-0.2,,138.23378,280899,0.0009999999,-115.19675,,41672.298491477966,15.673939,-0.04,3.7632788e-12,0.0009999999,,11,0.2,4991,98.77659,14.537774,5085.4526,4991,4990.999,,56.28110599078341,1296,5177.4185,0.04,-91.9657,-133.23378,14.437549,-577.64264,577.64264,0.0009999999
0.0009999999,577.64264,690048.5,-0.15826644,0.9999997,-0.2,,138.23087,280926,0.0009999999,-118.66184,,41682.75547719002,15.57132,-0.2,3.7617713e-12,0.0009999999,,11,0.2,4992,98.77659,14.537574,5085.4385,4992,4991.9985,,56.27524038461539,1296,5177.4575,0.04,-92.01922,-133.23087,14.437719,-577.64264,577.64264,0.0009999999
0.0009999999,577.64264,690161.0,0.24091971,0.9999997,0.04,,138.22572,280950,0.0009999999,-107.469666,,41693.59610128403,13.439466,0.12,3.7602647e-12,0.0009999999,,11,0.04,4993,98.77659,14.537374,5085.4707,4993,4992.9985,,56.268776286801526,1296,5177.497,0.04,-92.02633,-133.22572,14.437453,-577.64264,577.64264,0.0009999999
0.0009999999,577.64264,690294.1,0.3971818,0.9999997,0.04,,138.2247,280984,0.0009999999,-128.14548,,41706.70538163185,15.807718,0.2,3.7587585e-12,0.0009999999,,11,-0.04,4994,98.77659,14.537173,5085.4795,4994,4993.9985,,56.26431718061674,1296,5177.5366,0.2,-92.05727,-133.2247,14.437669,-577.64264,577.64264,0.0009999999
0.0009999999,577.64264,690419.25,0.3228062,0.9999998,-0.04,,138.22208,281007,0.0009999999,-120.15148,,41718.71516132355,14.768608,0.2,3.7572536e-12,0.0009999999,,11,0.2,4995,98.77659,14.536973,5085.5054,4995,4994.999,,56.25765765765766,1296,5177.576,-0.04,-92.07091,-133.22208,14.437675,-577.64264,577.64264,0.0009999999
0.0009999999,577.64264,690529.75,0.638861,0.9999998,0.2,,138.21652,281024,0.0009999999,-105.45955,,41731.23290514946,13.281975,0.12,3.7557496e-12,0.0009999999,,11,0.2,4996,98.77659,14.536773,5085.4976,4996,4995.999,,56.2497998398719,1296,5177.615,0.12,-92.117905,-133.21652,14.437378,-577.64264,577.64264,0.0009999999
0.0009999999,577.64264,690645.1,-0.15755229,1.0,-0.2,,138.21194,281041,0.0009999999,-110.37847,,41744.1047706604,14.896666,-0.04,3.7542465e-12,0.0009999999,,11,0.12,4997,98.77659,14.536572,5085.4995,4997,4997.0,,56.24194516710026,1296,5177.655,-0.04,-92.15513,-133.21194,14.437412,-577.64264,577.64264,0.0009999999
0.0009999999,577.64264,690784.5,0.16334093,1.0000002,-0.12,,138.21219,281087,0.0009999999,-134.36996,,41756.60740661621,15.095571,0.2,3.7527446e-12,0.0009999999,,11,0.2,4998,98.77659,14.536372,5085.522,4998,4998.001,,56.23989595838335,1296,5177.694,-0.12,-92.17193,-133.21219,14.43748,-577.64264,577.64264,0.0009999999
0.0009999999,577.64264,690903.0,-0.001151681,1.0000004,0.2,,138.20824,281125,0.0009999999,-113.491806,,41768.61489224434,13.79425,-0.12,3.7512432e-12,0.0009999999,,11,0.04,4999,98.77659,14.536172,5085.5474,4999,4999.002,,56.23624724944989,1296,5177.7334,-0.12,-92.18599,-133.20824,14.43729,-577.64264,577.64264,0.0009999999
0.0009999999,577.64264,691018.1,-0.001151681,0.9999996,0.2,,138.20363,281145,0.0009999999,-110.14746,,41780.002442359924,15.139916,0.2,3.7497427e-12,0.0009999999,,11,-0.2,5000,98.77659,14.535973,5085.582,5000,4999.998,,56.229,1296,5177.773,-0.04,-92.19091,-133.20363,14.437372,-577.64264,577.64264,0.0009999999
